0.0010219978922 	 0
0.0020219978922 	 0.0
0.0030219978922 	 0.0
0.0040219978922 	 0.0
0.0050219978922 	 0.0
0.0060219978922 	 0.0
0.0070219978922 	 0.0
0.0080219978922 	 0.0
0.009021997892200002 	 0.0
0.010021997892200003 	 0.0
0.011021997892200004 	 0.0
0.012021997892200004 	 0.0
0.013021997892200005 	 0.0
0.014021997892200006 	 0.0
0.015021997892200007 	 0.0
0.016021997892200008 	 0.0
0.01702199789220001 	 0.0
0.01802199789220001 	 0.0
0.01902199789220001 	 0.0
0.02002199789220001 	 0.0
0.021021997892200012 	 0.0
0.022021997892200013 	 0.0
0.023021997892200014 	 0.0
0.024021997892200015 	 0.0
0.025021997892200016 	 0.0
0.026021997892200017 	 0.0
0.027021997892200018 	 0.0
0.02802199789220002 	 0.0
0.02902199789220002 	 0.0
0.03002199789220002 	 0.0
0.03102199789220002 	 0.0
0.03202199789220002 	 0.0
0.03302199789220002 	 0.0
0.03402199789220002 	 0.0
0.03502199789220002 	 0.0
0.03602199789220002 	 0.0
0.03702199789220002 	 0.0
0.038021997892200024 	 0.0
0.039021997892200025 	 0.0
0.040021997892200026 	 0.0
0.04102199789220003 	 0.0
0.04202199789220003 	 0.0
0.04302199789220003 	 0.0
0.04402199789220003 	 0.0
0.04502199789220003 	 0.0
0.04602199789220003 	 0.0
0.04702199789220003 	 0.0
0.04802199789220003 	 0.0
0.049021997892200034 	 0.0
0.050021997892200035 	 0.0
0.051021997892200036 	 0.0
0.052021997892200036 	 0.0
0.05302199789220004 	 0.0
0.05402199789220004 	 0.0
0.05502199789220004 	 0.0
0.05602199789220004 	 0.0
0.05702199789220004 	 0.0
0.05802199789220004 	 0.0
0.05902199789220004 	 0.0
0.060021997892200044 	 0.0
0.061021997892200044 	 0.0
0.062021997892200045 	 0.0
0.06302199789220005 	 0.0
0.06402199789220005 	 0.0
0.06502199789220005 	 0.0
0.06602199789220005 	 0.0
0.06702199789220005 	 0.0
0.06802199789220005 	 0.0
0.06902199789220005 	 0.0
0.07002199789220005 	 0.0
0.07102199789220005 	 0.0
0.07202199789220005 	 0.0
0.07302199789220006 	 0.0
0.07402199789220006 	 0.0
0.07502199789220006 	 0.0
0.07602199789220006 	 0.0
0.07702199789220006 	 0.0
0.07802199789220006 	 0.0
0.07902199789220006 	 0.0
0.08002199789220006 	 0.0
0.08102199789220006 	 0.0
0.08202199789220006 	 0.0
0.08302199789220006 	 0.0
0.08402199789220006 	 0.0
0.08502199789220007 	 0.0
0.08602199789220007 	 0.0
0.08702199789220007 	 0.0
0.08802199789220007 	 0.0
0.08902199789220007 	 0.0
0.09002199789220007 	 0.0
0.09102199789220007 	 0.0
0.09202199789220007 	 0.0
0.09302199789220007 	 0.0
0.09402199789220007 	 0.0
0.09502199789220007 	 0.0
0.09602199789220008 	 0.0
0.09702199789220008 	 0.0
0.09802199789220008 	 0.0
0.09902199789220008 	 0.0
0.10002199789220008 	 0.0
0.10102199789220008 	 0.0
0.10202199789220008 	 0.0
0.10302199789220008 	 0.0
0.10402199789220008 	 0.0
0.10502199789220008 	 0.0
0.10602199789220008 	 0.0
0.10702199789220009 	 0.0
0.10802199789220009 	 0.0
0.10902199789220009 	 0.0
0.11002199789220009 	 0.0
0.11102199789220009 	 0.0
0.11202199789220009 	 0.0
0.11302199789220009 	 0.0
0.11402199789220009 	 0.0
0.11502199789220009 	 0.0
0.1160219978922001 	 0.0
0.1170219978922001 	 0.0
0.1180219978922001 	 0.0
0.1190219978922001 	 0.0
0.1200219978922001 	 0.0
0.1210219978922001 	 0.0
0.1220219978922001 	 0.0
0.1230219978922001 	 0.0
0.1240219978922001 	 0.0
0.1250219978922001 	 0.0
0.1260219978922001 	 0.0
0.1270219978922001 	 0.0
0.1280219978922001 	 0.0
0.1290219978922001 	 0.0
0.1300219978922001 	 0.0
0.1310219978922001 	 0.0
0.1320219978922001 	 0.0
0.1330219978922001 	 0.0
0.1340219978922001 	 0.0
0.1350219978922001 	 0.0
0.1360219978922001 	 0.0
0.1370219978922001 	 0.0
0.1380219978922001 	 0.0
0.1390219978922001 	 0.0
0.1400219978922001 	 0.0
0.1410219978922001 	 0.0
0.1420219978922001 	 0.0
0.1430219978922001 	 0.0
0.1440219978922001 	 0.0
0.1450219978922001 	 0.0
0.1460219978922001 	 0.0
0.1470219978922001 	 0.0
0.1480219978922001 	 0.0
0.1490219978922001 	 0.0
0.1500219978922001 	 0.0
0.1510219978922001 	 0.0
0.1520219978922001 	 0.0
0.1530219978922001 	 0.0
0.1540219978922001 	 0.0
0.15502199789220011 	 0.0
0.15602199789220011 	 0.0
0.15702199789220012 	 0.0
0.15802199789220012 	 0.0
0.15902199789220012 	 0.0
0.16002199789220012 	 0.0
0.16102199789220012 	 0.0
0.16202199789220012 	 0.0
0.16302199789220012 	 0.0
0.16402199789220012 	 0.0
0.16502199789220012 	 0.0
0.16602199789220012 	 0.0
0.16702199789220012 	 0.0
0.16802199789220013 	 0.0
0.16902199789220013 	 0.0
0.17002199789220013 	 0.0
0.17102199789220013 	 0.0
0.17202199789220013 	 0.0
0.17302199789220013 	 0.0
0.17402199789220013 	 0.0
0.17502199789220013 	 0.0
0.17602199789220013 	 0.0
0.17702199789220013 	 0.0
0.17802199789220013 	 0.0
0.17902199789220014 	 0.0
0.18002199789220014 	 0.0
0.18102199789220014 	 0.0
0.18202199789220014 	 0.0
0.18302199789220014 	 0.0
0.18402199789220014 	 0.0
0.18502199789220014 	 0.0
0.18602199789220014 	 0.0
0.18702199789220014 	 0.0
0.18802199789220014 	 0.0
0.18902199789220014 	 0.0
0.19002199789220015 	 0.0
0.19102199789220015 	 0.0
0.19202199789220015 	 0.0
0.19302199789220015 	 0.0
0.19402199789220015 	 0.0
0.19502199789220015 	 0.0
0.19602199789220015 	 0.0
0.19702199789220015 	 0.0
0.19802199789220015 	 0.0
0.19902199789220015 	 0.0
0.20002199789220015 	 0.0
0.20102199789220015 	 0.0
0.20202199789220016 	 0.0
0.20302199789220016 	 0.0
0.20402199789220016 	 0.0
0.20502199789220016 	 0.0
0.20602199789220016 	 0.0
0.20702199789220016 	 0.0
0.20802199789220016 	 0.0
0.20902199789220016 	 0.0
0.21002199789220016 	 0.0
0.21102199789220016 	 0.0
0.21202199789220016 	 0.0
0.21302199789220017 	 0.0
0.21402199789220017 	 0.0
0.21502199789220017 	 0.0
0.21602199789220017 	 0.0
0.21702199789220017 	 0.0
0.21802199789220017 	 0.0
0.21902199789220017 	 0.0
0.22002199789220017 	 0.0
0.22102199789220017 	 0.0
0.22202199789220017 	 0.0
0.22302199789220017 	 0.0
0.22402199789220018 	 0.0
0.22502199789220018 	 0.0
0.22602199789220018 	 0.0
0.22702199789220018 	 0.0
0.22802199789220018 	 0.0
0.22902199789220018 	 0.0
0.23002199789220018 	 0.0
0.23102199789220018 	 0.0
0.23202199789220018 	 0.0
0.23302199789220018 	 0.0
0.23402199789220018 	 0.0
0.23502199789220019 	 0.0
0.23602199789220019 	 0.0
0.2370219978922002 	 0.0
0.2380219978922002 	 0.0
0.2390219978922002 	 0.0
0.2400219978922002 	 0.0
0.2410219978922002 	 0.0
0.2420219978922002 	 0.0
0.2430219978922002 	 0.0
0.2440219978922002 	 0.0
0.2450219978922002 	 0.0
0.2460219978922002 	 0.0
0.2470219978922002 	 0.0
0.2480219978922002 	 0.0
0.2490219978922002 	 0.0
0.2500219978922002 	 0.0
0.2510219978922002 	 0.0
0.2520219978922002 	 0.0
0.2530219978922002 	 0.0
0.2540219978922002 	 0.0
0.2550219978922002 	 0.0
0.2560219978922002 	 0.0
0.2570219978922002 	 0.0
0.2580219978922002 	 0.0
0.2590219978922002 	 0.0
0.2600219978922002 	 0.0
0.2610219978922002 	 0.0
0.2620219978922002 	 0.0
0.2630219978922002 	 0.0
0.2640219978922002 	 0.0
0.2650219978922002 	 0.0
0.2660219978922002 	 0.0
0.2670219978922002 	 0.0
0.2680219978922002 	 0.0
0.2690219978922002 	 0.0
0.2700219978922002 	 0.0
0.2710219978922002 	 0.0
0.2720219978922002 	 0.0
0.2730219978922002 	 0.0
0.2740219978922002 	 0.0
0.2750219978922002 	 0.0
0.2760219978922002 	 0.0
0.2770219978922002 	 0.0
0.2780219978922002 	 0.0
0.2790219978922002 	 0.0
0.2800219978922002 	 0.0
0.2810219978922002 	 0.0
0.2820219978922002 	 0.0
0.2830219978922002 	 0.0
0.28402199789220023 	 0.0
0.28502199789220023 	 0.0
0.28602199789220023 	 0.0
0.28702199789220023 	 0.0
0.28802199789220023 	 0.0
0.28902199789220023 	 0.0
0.29002199789220023 	 0.0
0.29102199789220023 	 0.0
0.29202199789220024 	 0.0
0.29302199789220024 	 0.0
0.29402199789220024 	 0.0
0.29502199789220024 	 0.0
0.29602199789220024 	 0.0
0.29702199789220024 	 0.0
0.29802199789220024 	 0.0
0.29902199789220024 	 0.0
0.30002199789220024 	 0.0
0.30102199789220024 	 0.0
0.30202199789220024 	 0.0
0.30302199789220025 	 0.0
0.30402199789220025 	 0.0
0.30502199789220025 	 0.0
0.30602199789220025 	 0.0
0.30702199789220025 	 0.0
0.30802199789220025 	 0.0
0.30902199789220025 	 0.0
0.31002199789220025 	 0.0
0.31102199789220025 	 0.0
0.31202199789220025 	 0.0
0.31302199789220025 	 0.0
0.31402199789220026 	 0.0
0.31502199789220026 	 0.0
0.31602199789220026 	 0.0
0.31702199789220026 	 0.0
0.31802199789220026 	 0.0
0.31902199789220026 	 0.0
0.32002199789220026 	 0.0
0.32102199789220026 	 0.0
0.32202199789220026 	 0.0
0.32302199789220026 	 0.0
0.32402199789220026 	 0.0
0.32502199789220027 	 0.0
0.32602199789220027 	 0.0
0.32702199789220027 	 0.0
0.32802199789220027 	 0.0
0.32902199789220027 	 0.0
0.33002199789220027 	 0.0
0.33102199789220027 	 0.0
0.33202199789220027 	 0.0
0.33302199789220027 	 0.0
0.3340219978922003 	 0.0
0.3350219978922003 	 0.0
0.3360219978922003 	 0.0
0.3370219978922003 	 0.0
0.3380219978922003 	 0.0
0.3390219978922003 	 0.0
0.3400219978922003 	 0.0
0.3410219978922003 	 0.0
0.3420219978922003 	 0.0
0.3430219978922003 	 0.0
0.3440219978922003 	 0.0
0.3450219978922003 	 0.0
0.3460219978922003 	 0.0
0.3470219978922003 	 0.0
0.3480219978922003 	 0.0
0.3490219978922003 	 0.0
0.3500219978922003 	 0.0
0.3510219978922003 	 0.0
0.3520219978922003 	 0.0
0.3530219978922003 	 0.0
0.3540219978922003 	 0.0
0.3550219978922003 	 0.0
0.3560219978922003 	 0.0
0.3570219978922003 	 0.0
0.3580219978922003 	 0.0
0.3590219978922003 	 0.0
0.3600219978922003 	 0.0
0.3610219978922003 	 0.0
0.3620219978922003 	 0.0
0.3630219978922003 	 0.0
0.3640219978922003 	 0.0
0.3650219978922003 	 0.0
0.3660219978922003 	 0.0
0.3670219978922003 	 0.0
0.3680219978922003 	 0.0
0.3690219978922003 	 0.0
0.3700219978922003 	 0.0
0.3710219978922003 	 0.0
0.3720219978922003 	 0.0
0.3730219978922003 	 0.0
0.3740219978922003 	 0.0
0.3750219978922003 	 0.0
0.3760219978922003 	 0.0
0.3770219978922003 	 0.0
0.3780219978922003 	 0.0
0.3790219978922003 	 0.0
0.3800219978922003 	 0.0
0.3810219978922003 	 0.0
0.3820219978922003 	 0.0
0.3830219978922003 	 0.0
0.3840219978922003 	 0.0
0.3850219978922003 	 0.0
0.3860219978922003 	 0.0
0.3870219978922003 	 0.0
0.3880219978922003 	 0.0
0.3890219978922003 	 0.0
0.3900219978922003 	 0.0
0.3910219978922003 	 0.0
0.3920219978922003 	 0.0
0.3930219978922003 	 0.0
0.3940219978922003 	 0.0
0.3950219978922003 	 0.0
0.39602199789220033 	 0.0
0.39702199789220033 	 0.0
0.39802199789220033 	 0.0
0.39902199789220033 	 0.0
0.40002199789220033 	 0.0
0.40102199789220033 	 0.0
0.40202199789220033 	 0.0
0.40302199789220033 	 0.0
0.40402199789220034 	 0.0
0.40502199789220034 	 0.0
0.40602199789220034 	 0.0
0.40702199789220034 	 0.0
0.40802199789220034 	 0.0
0.40902199789220034 	 0.0
0.41002199789220034 	 0.0
0.41102199789220034 	 0.0
0.41202199789220034 	 0.0
0.41302199789220034 	 0.0
0.41402199789220034 	 0.0
0.41502199789220034 	 0.0
0.41602199789220035 	 0.0
0.41702199789220035 	 0.0
0.41802199789220035 	 0.0
0.41902199789220035 	 0.0
0.42002199789220035 	 0.0
0.42102199789220035 	 0.0
0.42202199789220035 	 0.0
0.42302199789220035 	 0.0
0.42402199789220035 	 0.0
0.42502199789220035 	 0.0
0.42602199789220035 	 0.0
0.42702199789220036 	 0.0
0.42802199789220036 	 0.0
0.42902199789220036 	 0.0
0.43002199789220036 	 0.0
0.43102199789220036 	 0.0
0.43202199789220036 	 0.0
0.43302199789220036 	 0.0
0.43402199789220036 	 0.0
0.43502199789220036 	 0.0
0.43602199789220036 	 0.0
0.43702199789220036 	 0.0
0.43802199789220037 	 0.0
0.43902199789220037 	 0.0
0.44002199789220037 	 0.0
0.44102199789220037 	 0.0
0.44202199789220037 	 0.0
0.44302199789220037 	 0.0
0.44402199789220037 	 0.0
0.44502199789220037 	 0.0
0.4460219978922004 	 0.0
0.4470219978922004 	 0.0
0.4480219978922004 	 0.0
0.4490219978922004 	 0.0
0.4500219978922004 	 0.0
0.4510219978922004 	 0.0
0.4520219978922004 	 0.0
0.4530219978922004 	 0.0
0.4540219978922004 	 0.0
0.4550219978922004 	 0.0
0.4560219978922004 	 0.0
0.4570219978922004 	 0.0
0.4580219978922004 	 0.0
0.4590219978922004 	 0.0
0.4600219978922004 	 0.0
0.4610219978922004 	 0.0
0.4620219978922004 	 0.0
0.4630219978922004 	 0.0
0.4640219978922004 	 0.0
0.4650219978922004 	 0.0
0.4660219978922004 	 0.0
0.4670219978922004 	 0.0
0.4680219978922004 	 0.0
0.4690219978922004 	 0.0
0.4700219978922004 	 0.0
0.4710219978922004 	 0.0
0.4720219978922004 	 0.0
0.4730219978922004 	 0.0
0.4740219978922004 	 0.0
0.4750219978922004 	 0.0
0.4760219978922004 	 0.0
0.4770219978922004 	 0.0
0.4780219978922004 	 0.0
0.4790219978922004 	 0.0
0.4800219978922004 	 0.0
0.4810219978922004 	 0.0
0.4820219978922004 	 0.0
0.4830219978922004 	 0.0
0.4840219978922004 	 0.0
0.4850219978922004 	 0.0
0.4860219978922004 	 0.0
0.4870219978922004 	 0.0
0.4880219978922004 	 0.0
0.4890219978922004 	 0.0
0.4900219978922004 	 0.0
0.4910219978922004 	 0.0
0.4920219978922004 	 0.0
0.4930219978922004 	 0.0
0.4940219978922004 	 0.0
0.4950219978922004 	 0.0
0.4960219978922004 	 0.0
0.4970219978922004 	 0.0
0.4980219978922004 	 0.0
0.4990219978922004 	 0.0
0.5000219978922004 	 0.0
0.5010219978922004 	 0.0
0.5020219978922004 	 0.0
0.5030219978922004 	 0.0
0.5040219978922004 	 0.0
0.5050219978922004 	 0.0
0.5060219978922004 	 0.0
0.5070219978922004 	 0.0
0.5080219978922004 	 0.0
0.5090219978922004 	 0.0
0.5100219978922004 	 0.0
0.5110219978922004 	 0.0
0.5120219978922004 	 0.0
0.5130219978922004 	 0.0
0.5140219978922004 	 0.0
0.5150219978922004 	 0.0
0.5160219978922004 	 0.0
0.5170219978922004 	 0.0
0.5180219978922004 	 0.0
0.5190219978922004 	 0.0
0.5200219978922004 	 0.0
0.5210219978922004 	 0.0
0.5220219978922004 	 0.0
0.5230219978922004 	 0.0
0.5240219978922004 	 0.0
0.5250219978922004 	 0.0
0.5260219978922004 	 0.0
0.5270219978922004 	 0.0
0.5280219978922004 	 0.0
0.5290219978922004 	 0.0
0.5300219978922004 	 0.0
0.5310219978922004 	 0.0
0.5320219978922004 	 0.0
0.5330219978922004 	 0.0
0.5340219978922004 	 0.0
0.5350219978922004 	 0.0
0.5360219978922004 	 0.0
0.5370219978922004 	 0.0
0.5380219978922004 	 0.0
0.5390219978922004 	 0.0
0.5400219978922004 	 0.0
0.5410219978922004 	 0.0
0.5420219978922004 	 0.0
0.5430219978922004 	 0.0
0.5440219978922004 	 0.0
0.5450219978922004 	 0.0
0.5460219978922004 	 0.0
0.5470219978922004 	 0.0
0.5480219978922004 	 0.0
0.5490219978922004 	 0.0
0.5500219978922004 	 0.0
0.5510219978922004 	 0.0
0.5520219978922004 	 0.0
0.5530219978922004 	 0.0
0.5540219978922004 	 0.0
0.5550219978922004 	 0.0
0.5560219978922004 	 0.0
0.5570219978922004 	 0.0
0.5580219978922004 	 0.0
0.5590219978922004 	 0.0
0.5600219978922004 	 0.0
0.5610219978922004 	 0.0
0.5620219978922004 	 0.0
0.5630219978922004 	 0.0
0.5640219978922004 	 0.0
0.5650219978922004 	 0.0
0.5660219978922004 	 0.0
0.5670219978922004 	 0.0
0.5680219978922004 	 0.0
0.5690219978922004 	 0.0
0.5700219978922004 	 0.0
0.5710219978922004 	 0.0
0.5720219978922004 	 0.0
0.5730219978922004 	 0.0
0.5740219978922004 	 0.0
0.5750219978922004 	 0.0
0.5760219978922004 	 0.0
0.5770219978922004 	 0.0
0.5780219978922004 	 0.0
0.5790219978922004 	 0.0
0.5800219978922004 	 0.0
0.5810219978922004 	 0.0
0.5820219978922004 	 0.0
0.5830219978922004 	 0.0
0.5840219978922004 	 0.0
0.5850219978922004 	 0.0
0.5860219978922004 	 0.0
0.5870219978922004 	 0.0
0.5880219978922004 	 0.0
0.5890219978922004 	 0.0
0.5900219978922004 	 0.0
0.5910219978922004 	 0.0
0.5920219978922004 	 0.0
0.5930219978922004 	 0.0
0.5940219978922004 	 0.0
0.5950219978922004 	 0.0
0.5960219978922005 	 0.0
0.5970219978922005 	 0.0
0.5980219978922005 	 0.0
0.5990219978922005 	 0.0
0.6000219978922005 	 0.0
0.6010219978922005 	 0.0
0.6020219978922005 	 0.0
0.6030219978922005 	 0.0
0.6040219978922005 	 0.0
0.6050219978922005 	 0.0
0.6060219978922005 	 0.0
0.6070219978922005 	 0.0
0.6080219978922005 	 0.0
0.6090219978922005 	 0.0
0.6100219978922005 	 0.0
0.6110219978922005 	 0.0
0.6120219978922005 	 0.0
0.6130219978922005 	 0.0
0.6140219978922005 	 0.0
0.6150219978922005 	 0.0
0.6160219978922005 	 0.0
0.6170219978922005 	 0.0
0.6180219978922005 	 0.0
0.6190219978922005 	 0.0
0.6200219978922005 	 0.0
0.6210219978922005 	 0.0
0.6220219978922005 	 0.0
0.6230219978922005 	 0.0
0.6240219978922005 	 0.0
0.6250219978922005 	 0.0
0.6260219978922005 	 0.0
0.6270219978922005 	 0.0
0.6280219978922005 	 0.0
0.6290219978922005 	 0.0
0.6300219978922005 	 0.0
0.6310219978922005 	 0.0
0.6320219978922005 	 0.0
0.6330219978922005 	 0.0
0.6340219978922005 	 0.0
0.6350219978922005 	 0.0
0.6360219978922005 	 0.0
0.6370219978922005 	 0.0
0.6380219978922005 	 0.0
0.6390219978922005 	 0.0
0.6400219978922005 	 0.0
0.6410219978922005 	 0.0
0.6420219978922005 	 0.0
0.6430219978922005 	 0.0
0.6440219978922005 	 0.0
0.6450219978922005 	 0.0
0.6460219978922005 	 0.0
0.6470219978922005 	 0.0
0.6480219978922005 	 0.0
0.6490219978922005 	 0.0
0.6500219978922005 	 0.0
0.6510219978922005 	 0.0
0.6520219978922005 	 0.0
0.6530219978922005 	 0.0
0.6540219978922005 	 0.0
0.6550219978922005 	 0.0
0.6560219978922005 	 0.0
0.6570219978922005 	 0.0
0.6580219978922005 	 0.0
0.6590219978922005 	 0.0
0.6600219978922005 	 0.0
0.6610219978922005 	 0.0
0.6620219978922005 	 0.0
0.6630219978922005 	 0.0
0.6640219978922005 	 0.0
0.6650219978922005 	 0.0
0.6660219978922005 	 0.0
0.6670219978922005 	 0.0
0.6680219978922005 	 0.0
0.6690219978922005 	 0.0
0.6700219978922005 	 0.0
0.6710219978922005 	 0.0
0.6720219978922005 	 0.0
0.6730219978922005 	 0.0
0.6740219978922005 	 0.0
0.6750219978922005 	 0.0
0.6760219978922005 	 0.0
0.6770219978922005 	 0.0
0.6780219978922005 	 0.0
0.6790219978922005 	 0.0
0.6800219978922005 	 0.0
0.6810219978922005 	 0.0
0.6820219978922005 	 0.0
0.6830219978922005 	 0.0
0.6840219978922005 	 0.0
0.6850219978922005 	 0.0
0.6860219978922005 	 0.0
0.6870219978922005 	 0.0
0.6880219978922005 	 0.0
0.6890219978922005 	 0.0
0.6900219978922005 	 0.0
0.6910219978922005 	 0.0
0.6920219978922005 	 0.0
0.6930219978922005 	 0.0
0.6940219978922005 	 0.0
0.6950219978922005 	 0.0
0.6960219978922005 	 0.0
0.6970219978922005 	 0.0
0.6980219978922005 	 0.0
0.6990219978922005 	 0.0
0.7000219978922005 	 0.0
0.7010219978922005 	 0.0
0.7020219978922005 	 0.0
0.7030219978922005 	 0.0
0.7040219978922005 	 0.0
0.7050219978922005 	 0.0
0.7060219978922005 	 0.0
0.7070219978922005 	 0.0
0.7080219978922005 	 0.0
0.7090219978922006 	 0.0
0.7100219978922006 	 0.0
0.7110219978922006 	 0.0
0.7120219978922006 	 0.0
0.7130219978922006 	 0.0
0.7140219978922006 	 0.0
0.7150219978922006 	 0.0
0.7160219978922006 	 0.0
0.7170219978922006 	 0.0
0.7180219978922006 	 0.0
0.7190219978922006 	 0.0
0.7200219978922006 	 0.0
0.7210219978922006 	 0.0
0.7220219978922006 	 0.0
0.7230219978922006 	 0.0
0.7240219978922006 	 0.0
0.7250219978922006 	 0.0
0.7260219978922006 	 0.0
0.7270219978922006 	 0.0
0.7280219978922006 	 0.0
0.7290219978922006 	 0.0
0.7300219978922006 	 0.0
0.7310219978922006 	 0.0
0.7320219978922006 	 0.0
0.7330219978922006 	 0.0
0.7340219978922006 	 0.0
0.7350219978922006 	 0.0
0.7360219978922006 	 0.0
0.7370219978922006 	 0.0
0.7380219978922006 	 0.0
0.7390219978922006 	 0.0
0.7400219978922006 	 0.0
0.7410219978922006 	 0.0
0.7420219978922006 	 0.0
0.7430219978922006 	 0.0
0.7440219978922006 	 0.0
0.7450219978922006 	 0.0
0.7460219978922006 	 0.0
0.7470219978922006 	 0.0
0.7480219978922006 	 0.0
0.7490219978922006 	 0.0
0.7500219978922006 	 0.0
0.7510219978922006 	 0.0
0.7520219978922006 	 0.0
0.7530219978922006 	 0.0
0.7540219978922006 	 0.0
0.7550219978922006 	 0.0
0.7560219978922006 	 0.0
0.7570219978922006 	 0.0
0.7580219978922006 	 0.0
0.7590219978922006 	 0.0
0.7600219978922006 	 0.0
0.7610219978922006 	 0.0
0.7620219978922006 	 0.0
0.7630219978922006 	 0.0
0.7640219978922006 	 0.0
0.7650219978922006 	 0.0
0.7660219978922006 	 0.0
0.7670219978922006 	 0.0
0.7680219978922006 	 0.0
0.7690219978922006 	 0.0
0.7700219978922006 	 0.0
0.7710219978922006 	 0.0
0.7720219978922006 	 0.0
0.7730219978922006 	 0.0
0.7740219978922006 	 0.0
0.7750219978922006 	 0.0
0.7760219978922006 	 0.0
0.7770219978922006 	 0.0
0.7780219978922006 	 0.0
0.7790219978922006 	 0.0
0.7800219978922006 	 0.0
0.7810219978922006 	 0.0
0.7820219978922006 	 0.0
0.7830219978922006 	 0.0
0.7840219978922006 	 0.0
0.7850219978922006 	 0.0
0.7860219978922006 	 0.0
0.7870219978922006 	 0.0
0.7880219978922006 	 0.0
0.7890219978922006 	 0.0
0.7900219978922006 	 0.0
0.7910219978922006 	 0.0
0.7920219978922006 	 0.0
0.7930219978922006 	 0.0
0.7940219978922006 	 0.0
0.7950219978922006 	 0.0
0.7960219978922006 	 0.0
0.7970219978922006 	 0.0
0.7980219978922006 	 0.0
0.7990219978922006 	 0.0
0.8000219978922006 	 0.0
0.8010219978922006 	 0.0
0.8020219978922006 	 0.0
0.8030219978922006 	 0.0
0.8040219978922006 	 0.0
0.8050219978922006 	 0.0
0.8060219978922006 	 0.0
0.8070219978922006 	 0.0
0.8080219978922006 	 0.0
0.8090219978922006 	 0.0
0.8100219978922006 	 0.0
0.8110219978922006 	 0.0
0.8120219978922006 	 0.0
0.8130219978922006 	 0.0
0.8140219978922006 	 0.0
0.8150219978922006 	 0.0
0.8160219978922006 	 0.0
0.8170219978922006 	 0.0
0.8180219978922006 	 0.0
0.8190219978922006 	 0.0
0.8200219978922006 	 0.0
0.8210219978922007 	 0.0
0.8220219978922007 	 0.0
0.8230219978922007 	 0.0
0.8240219978922007 	 0.0
0.8250219978922007 	 0.0
0.8260219978922007 	 0.0
0.8270219978922007 	 0.0
0.8280219978922007 	 0.0
0.8290219978922007 	 0.0
0.8300219978922007 	 0.0
0.8310219978922007 	 0.0
0.8320219978922007 	 0.0
0.8330219978922007 	 0.0
0.8340219978922007 	 0.0
0.8350219978922007 	 0.0
0.8360219978922007 	 0.0
0.8370219978922007 	 0.0
0.8380219978922007 	 0.0
0.8390219978922007 	 0.0
0.8400219978922007 	 0.0
0.8410219978922007 	 0.0
0.8420219978922007 	 0.0
0.8430219978922007 	 0.0
0.8440219978922007 	 0.0
0.8450219978922007 	 0.0
0.8460219978922007 	 0.0
0.8470219978922007 	 0.0
0.8480219978922007 	 0.0
0.8490219978922007 	 0.0
0.8500219978922007 	 0.0
0.8510219978922007 	 0.0
0.8520219978922007 	 0.0
0.8530219978922007 	 0.0
0.8540219978922007 	 0.0
0.8550219978922007 	 0.0
0.8560219978922007 	 0.0
0.8570219978922007 	 0.0
0.8580219978922007 	 0.0
0.8590219978922007 	 0.0
0.8600219978922007 	 0.0
0.8610219978922007 	 0.0
0.8620219978922007 	 0.0
0.8630219978922007 	 0.0
0.8640219978922007 	 0.0
0.8650219978922007 	 0.0
0.8660219978922007 	 0.0
0.8670219978922007 	 0.0
0.8680219978922007 	 0.0
0.8690219978922007 	 0.0
0.8700219978922007 	 0.0
0.8710219978922007 	 0.0
0.8720219978922007 	 0.0
0.8730219978922007 	 0.0
0.8740219978922007 	 0.0
0.8750219978922007 	 0.0
0.8760219978922007 	 0.0
0.8770219978922007 	 0.0
0.8780219978922007 	 0.0
0.8790219978922007 	 0.0
0.8800219978922007 	 0.0
0.8810219978922007 	 0.0
0.8820219978922007 	 0.0
0.8830219978922007 	 0.0
0.8840219978922007 	 0.0
0.8850219978922007 	 0.0
0.8860219978922007 	 0.0
0.8870219978922007 	 0.0
0.8880219978922007 	 0.0
0.8890219978922007 	 0.0
0.8900219978922007 	 0.0
0.8910219978922007 	 0.0
0.8920219978922007 	 0.0
0.8930219978922007 	 0.0
0.8940219978922007 	 0.0
0.8950219978922007 	 0.0
0.8960219978922007 	 0.0
0.8970219978922007 	 0.0
0.8980219978922007 	 0.0
0.8990219978922007 	 0.0
0.9000219978922007 	 0.0
0.9010219978922007 	 0.0
0.9020219978922007 	 0.0
0.9030219978922007 	 0.0
0.9040219978922007 	 0.0
0.9050219978922007 	 0.0
0.9060219978922007 	 0.0
0.9070219978922007 	 0.0
0.9080219978922007 	 0.0
0.9090219978922007 	 0.0
0.9100219978922007 	 0.0
0.9110219978922007 	 0.0
0.9120219978922007 	 0.0
0.9130219978922007 	 0.0
0.9140219978922007 	 0.0
0.9150219978922007 	 0.0
0.9160219978922007 	 0.0
0.9170219978922007 	 0.0
0.9180219978922007 	 0.0
0.9190219978922007 	 0.0
0.9200219978922007 	 0.0
0.9210219978922007 	 0.0
0.9220219978922007 	 0.0
0.9230219978922007 	 0.0
0.9240219978922007 	 0.0
0.9250219978922007 	 0.0
0.9260219978922007 	 0.0
0.9270219978922007 	 0.0
0.9280219978922007 	 0.0
0.9290219978922007 	 0.0
0.9300219978922007 	 0.0
0.9310219978922007 	 0.0
0.9320219978922007 	 0.0
0.9330219978922007 	 0.0
0.9340219978922008 	 0.0
0.9350219978922008 	 0.0
0.9360219978922008 	 0.0
0.9370219978922008 	 0.0
0.9380219978922008 	 0.0
0.9390219978922008 	 0.0
0.9400219978922008 	 0.0
0.9410219978922008 	 0.0
0.9420219978922008 	 0.0
0.9430219978922008 	 0.0
0.9440219978922008 	 0.0
0.9450219978922008 	 0.0
0.9460219978922008 	 0.0
0.9470219978922008 	 0.0
0.9480219978922008 	 0.0
0.9490219978922008 	 0.0
0.9500219978922008 	 0.0
0.9510219978922008 	 0.0
0.9520219978922008 	 0.0
0.9530219978922008 	 0.0
0.9540219978922008 	 0.0
0.9550219978922008 	 0.0
0.9560219978922008 	 0.0
0.9570219978922008 	 0.0
0.9580219978922008 	 0.0
0.9590219978922008 	 0.0
0.9600219978922008 	 0.0
0.9610219978922008 	 0.0
0.9620219978922008 	 0.0
0.9630219978922008 	 0.0
0.9640219978922008 	 0.0
0.9650219978922008 	 0.0
0.9660219978922008 	 0.0
0.9670219978922008 	 0.0
0.9680219978922008 	 0.0
0.9690219978922008 	 0.0
0.9700219978922008 	 0.0
0.9710219978922008 	 0.0
0.9720219978922008 	 0.0
0.9730219978922008 	 0.0
0.9740219978922008 	 0.0
0.9750219978922008 	 0.0
0.9760219978922008 	 0.0
0.9770219978922008 	 0.0
0.9780219978922008 	 0.0
0.9790219978922008 	 0.0
0.9800219978922008 	 0.0
0.9810219978922008 	 0.0
0.9820219978922008 	 0.0
0.9830219978922008 	 0.0
0.9840219978922008 	 0.0
0.9850219978922008 	 0.0
0.9860219978922008 	 0.0
0.9870219978922008 	 0.0
0.9880219978922008 	 0.0
0.9890219978922008 	 0.0
0.9900219978922008 	 0.0
0.9910219978922008 	 0.0
0.9920219978922008 	 0.0
0.9930219978922008 	 0.0
0.9940219978922008 	 0.0
0.9950219978922008 	 0.0
0.9960219978922008 	 0.0
0.9970219978922008 	 0.0
0.9980219978922008 	 0.0
0.9990219978922008 	 0.0
1.0000219978922007 	 0.0
1.0010219978922006 	 0.0
1.0020219978922005 	 0.0
1.0030219978922004 	 0.0
1.0040219978922003 	 0.0
1.0050219978922001 	 0.0
1.0060219978922 	 0.0
1.0070219978922 	 0.0
1.0080219978921998 	 0.0
1.0090219978921997 	 0.0
1.0100219978921996 	 0.0
1.0110219978921995 	 0.0
1.0120219978921994 	 0.0
1.0130219978921993 	 0.0
1.0140219978921992 	 0.0
1.015021997892199 	 0.0
1.016021997892199 	 0.0
1.0170219978921988 	 0.0
1.0180219978921987 	 0.0
1.0190219978921986 	 0.0
1.0200219978921985 	 0.0
1.0210219978921984 	 0.0
1.0220219978921983 	 0.0
1.0230219978921982 	 0.0
1.024021997892198 	 0.0
1.025021997892198 	 0.0
1.0260219978921978 	 0.0
1.0270219978921977 	 0.0
1.0280219978921976 	 0.0
1.0290219978921975 	 0.0
1.0300219978921974 	 0.0
1.0310219978921973 	 0.0
1.0320219978921972 	 0.0
1.033021997892197 	 0.0
1.034021997892197 	 0.0
1.0350219978921968 	 0.0
1.0360219978921967 	 0.0
1.0370219978921966 	 0.0
1.0380219978921965 	 0.0
1.0390219978921964 	 0.0
1.0400219978921963 	 0.0
1.0410219978921962 	 0.0
1.042021997892196 	 0.0
1.043021997892196 	 0.0
1.0440219978921959 	 0.0
1.0450219978921957 	 0.0
1.0460219978921956 	 0.0
1.0470219978921955 	 0.0
1.0480219978921954 	 0.0
1.0490219978921953 	 0.0
1.0500219978921952 	 0.0
1.051021997892195 	 0.0
1.052021997892195 	 0.0
1.0530219978921949 	 0.0
1.0540219978921948 	 0.0
1.0550219978921946 	 0.0
1.0560219978921945 	 0.0
1.0570219978921944 	 0.0
1.0580219978921943 	 0.0
1.0590219978921942 	 0.0
1.060021997892194 	 0.0
1.061021997892194 	 0.0
1.0620219978921939 	 0.0
1.0630219978921938 	 0.0
1.0640219978921936 	 0.0
1.0650219978921935 	 0.0
1.0660219978921934 	 0.0
1.0670219978921933 	 0.0
1.0680219978921932 	 0.0
1.069021997892193 	 0.0
1.070021997892193 	 0.0
1.0710219978921929 	 0.0
1.0720219978921928 	 0.0
1.0730219978921927 	 0.0
1.0740219978921925 	 0.0
1.0750219978921924 	 0.0
1.0760219978921923 	 0.0
1.0770219978921922 	 0.0
1.078021997892192 	 0.0
1.079021997892192 	 0.0
1.0800219978921919 	 0.0
1.0810219978921918 	 0.0
1.0820219978921917 	 0.0
1.0830219978921916 	 0.0
1.0840219978921914 	 0.0
1.0850219978921913 	 0.0
1.0860219978921912 	 0.0
1.0870219978921911 	 0.0
1.088021997892191 	 0.0
1.089021997892191 	 0.0
1.0900219978921908 	 0.0
1.0910219978921907 	 0.0
1.0920219978921906 	 0.0
1.0930219978921905 	 0.0
1.0940219978921903 	 0.0
1.0950219978921902 	 0.0
1.0960219978921901 	 0.0
1.09702199789219 	 0.0
1.09802199789219 	 0.0
1.0990219978921898 	 0.0
1.1000219978921897 	 0.0
1.1010219978921896 	 0.0
1.1020219978921895 	 0.0
1.1030219978921894 	 0.0
1.1040219978921892 	 0.0
1.1050219978921891 	 0.0
1.106021997892189 	 0.0
1.107021997892189 	 0.0
1.1080219978921888 	 0.0
1.1090219978921887 	 0.0
1.1100219978921886 	 0.0
1.1110219978921885 	 0.0
1.1120219978921884 	 0.0
1.1130219978921883 	 0.0
1.1140219978921881 	 0.0
1.115021997892188 	 0.0
1.116021997892188 	 0.0
1.1170219978921878 	 0.0
1.1180219978921877 	 0.0
1.1190219978921876 	 0.0
1.1200219978921875 	 0.0
1.1210219978921874 	 0.0
1.1220219978921873 	 0.0
1.1230219978921872 	 0.0
1.124021997892187 	 0.0
1.125021997892187 	 0.0
1.1260219978921868 	 0.0
1.1270219978921867 	 0.0
1.1280219978921866 	 0.0
1.1290219978921865 	 0.0
1.1300219978921864 	 0.0
1.1310219978921863 	 0.0
1.1320219978921862 	 0.0
1.133021997892186 	 0.0
1.134021997892186 	 0.0
1.1350219978921858 	 0.0
1.1360219978921857 	 0.0
1.1370219978921856 	 0.0
1.1380219978921855 	 0.0
1.1390219978921854 	 0.0
1.1400219978921853 	 0.0
1.1410219978921852 	 0.0
1.142021997892185 	 0.0
1.143021997892185 	 0.0
1.1440219978921848 	 0.0
1.1450219978921847 	 0.0
1.1460219978921846 	 0.0
1.1470219978921845 	 0.0
1.1480219978921844 	 0.0
1.1490219978921843 	 0.0
1.1500219978921842 	 0.0
1.151021997892184 	 0.0
1.152021997892184 	 0.0
1.1530219978921838 	 0.0
1.1540219978921837 	 0.0
1.1550219978921836 	 1.7184352888852006e-08
1.1560219978921835 	 7.667329081069094e-08
1.1570219978921834 	 1.5964739495804892e-07
1.1580219978921833 	 2.606272066484758e-07
1.1590219978921832 	 3.7678119060247663e-07
1.160021997892183 	 5.062888249438294e-07
1.161021997892183 	 6.478488573425222e-07
1.1620219978921829 	 8.004692075319562e-07
1.1630219978921827 	 9.63359762930722e-07
1.1640219978921826 	 1.1358714904746592e-06
1.1650219978921825 	 1.3174588025677066e-06
1.1660219978921824 	 1.5076546651187855e-06
1.1670219978921823 	 1.7060532938882804e-06
1.1680219978921822 	 1.9122978343014707e-06
1.169021997892182 	 2.1260713454060235e-06
1.170021997892182 	 2.347090002605227e-06
1.1710219978921819 	 2.575097313151166e-06
1.1720219978921818 	 2.809858124477233e-06
1.1730219978921816 	 3.0511562726407413e-06
1.1740219978921815 	 3.298792277833893e-06
1.1750219978921814 	 3.552581128365298e-06
1.1760219978921813 	 3.812350444813245e-06
1.1770219978921812 	 4.077938944257396e-06
1.178021997892181 	 4.34919486498965e-06
1.179021997892181 	 4.625975637729927e-06
1.1800219978921809 	 4.908146249531373e-06
1.1810219978921808 	 5.195580655565742e-06
1.1820219978921807 	 5.488167249194088e-06
1.1830219978921805 	 5.785804452815071e-06
1.1840219978921804 	 6.088398870950131e-06
1.1850219978921803 	 6.395863983142313e-06
1.1860219978921802 	 6.708120190250526e-06
1.18702199789218 	 7.0250873873902535e-06
1.18802199789218 	 7.346663395516374e-06
1.1890219978921799 	 7.672753160931139e-06
1.1900219978921798 	 8.003276062034592e-06
1.1910219978921797 	 8.338155088092824e-06
1.1920219978921796 	 8.677316857908264e-06
1.1930219978921794 	 9.020690879227837e-06
1.1940219978921793 	 9.368209174106525e-06
1.1950219978921792 	 9.719806113203866e-06
1.1960219978921791 	 1.0075418265338408e-05
1.197021997892179 	 1.0434984260005993e-05
1.198021997892179 	 1.0798444662075328e-05
1.1990219978921788 	 1.1165741855683408e-05
1.2000219978921787 	 1.1536819938558108e-05
1.2010219978921786 	 1.1911628667272664e-05
1.2020219978921785 	 1.2290135389844707e-05
1.2030219978921783 	 1.2672314933254561e-05
1.2040219978921782 	 1.3058146213339954e-05
1.2050219978921781 	 1.3447607377439876e-05
1.206021997892178 	 1.3840661556643701e-05
1.207021997892178 	 1.4237268947584472e-05
1.2080219978921778 	 1.46373907435689e-05
1.2090219978921777 	 1.5040989073678961e-05
1.2100219978921776 	 1.5448026946501405e-05
1.2110219978921775 	 1.5858470155071524e-05
1.2120219978921773 	 1.6272292962785073e-05
1.2130219978921772 	 1.6689472557791443e-05
1.2140219978921771 	 1.7109977037343095e-05
1.215021997892177 	 1.7533764780504706e-05
1.216021997892177 	 1.7960793500090234e-05
1.2170219978921768 	 1.839102058184642e-05
1.2180219978921767 	 1.8824403043049406e-05
1.2190219978921766 	 1.9260897496013633e-05
1.2200219978921765 	 1.9700460113194826e-05
1.2210219978921764 	 2.0143058508707482e-05
1.2220219978921762 	 2.0588706233556943e-05
1.2230219978921761 	 2.1037431647752842e-05
1.224021997892176 	 2.148926786850475e-05
1.225021997892176 	 2.194425276759264e-05
1.2260219978921758 	 2.2402412135627133e-05
1.2270219978921757 	 2.2863711100427305e-05
1.2280219978921756 	 2.3328098458637755e-05
1.2290219978921755 	 2.3795520864410354e-05
1.2300219978921754 	 2.42659227974684e-05
1.2310219978921753 	 2.473925696604455e-05
1.2320219978921751 	 2.5215514272278257e-05
1.233021997892175 	 2.5694696182444604e-05
1.234021997892175 	 2.6176805853574386e-05
1.2350219978921748 	 2.666184811655383e-05
1.2360219978921747 	 2.7149829468393643e-05
1.2370219978921746 	 2.7640758064254317e-05
1.2380219978921745 	 2.8134642376090704e-05
1.2390219978921744 	 2.86314642605843e-05
1.2400219978921743 	 2.913117844121074e-05
1.2410219978921742 	 2.9633743612961967e-05
1.242021997892174 	 3.013914279857178e-05
1.243021997892174 	 3.0647365240281677e-05
1.2440219978921738 	 3.1158400590469896e-05
1.2450219978921737 	 3.167223889208505e-05
1.2460219978921736 	 3.2188870572208185e-05
1.2470219978921735 	 3.270829881947073e-05
1.2480219978921734 	 3.3230574857868195e-05
1.2490219978921733 	 3.375576457960532e-05
1.2500219978921732 	 3.4283937981234205e-05
1.251021997892173 	 3.481515473606998e-05
1.252021997892173 	 3.5349423175716795e-05
1.2530219978921728 	 3.588673935474039e-05
1.2540219978921727 	 3.642709931559334e-05
1.2550219978921726 	 3.697049906345616e-05
1.2560219978921725 	 3.7516934561089654e-05
1.2570219978921724 	 3.8066401721268695e-05
1.2580219978921723 	 3.861889640395827e-05
1.2590219978921722 	 3.9174414415575066e-05
1.260021997892172 	 3.9732951501055957e-05
1.261021997892172 	 4.029446283045732e-05
1.2620219978921718 	 4.0858748239513684e-05
1.2630219978921717 	 4.142557236318052e-05
1.2640219978921716 	 4.1994897195236444e-05
1.2650219978921715 	 4.256688181558072e-05
1.2660219978921714 	 4.314170089778336e-05
1.2670219978921713 	 4.371951172294899e-05
1.2680219978921712 	 4.43003821509213e-05
1.269021997892171 	 4.4884360176563995e-05
1.270021997892171 	 4.547149578861495e-05
1.2710219978921709 	 4.606183215450844e-05
1.2720219978921707 	 4.665538075679046e-05
1.2730219978921706 	 4.725214560606977e-05
1.2740219978921705 	 4.785213071812911e-05
1.2750219978921704 	 4.845534008498599e-05
1.2760219978921703 	 4.906177767177791e-05
1.2770219978921702 	 4.9671447415794103e-05
1.27802199789217 	 5.028435322603772e-05
1.27902199789217 	 5.0900498990253404e-05
1.2800219978921699 	 5.1519888574963635e-05
1.2810219978921698 	 5.214252164028372e-05
1.2820219978921696 	 5.276838188588558e-05
1.2830219978921695 	 5.3397448655338355e-05
1.2840219978921694 	 5.402970044116215e-05
1.2850219978921693 	 5.466511485763115e-05
1.2860219978921692 	 5.5303668635021444e-05
1.287021997892169 	 5.594541900890433e-05
1.288021997892169 	 5.6590716045520124e-05
1.2890219978921689 	 5.7239645570900955e-05
1.2900219978921688 	 5.789196354464874e-05
1.2910219978921686 	 5.854746672621192e-05
1.2920219978921685 	 5.920618237030966e-05
1.2930219978921684 	 5.9868194846381505e-05
1.2940219978921683 	 6.0533591349994706e-05
1.2950219978921682 	 6.120246188211106e-05
1.296021997892168 	 6.187489924605666e-05
1.297021997892168 	 6.255099903932885e-05
1.2980219978921679 	 6.323085967490285e-05
1.2990219978921678 	 6.39145823571498e-05
1.3000219978921677 	 6.460227084524501e-05
1.3010219978921675 	 6.529398903859347e-05
1.3020219978921674 	 6.598964031305398e-05
1.3030219978921673 	 6.668908631025911e-05
1.3040219978921672 	 6.739218391636098e-05
1.305021997892167 	 6.809878524845576e-05
1.306021997892167 	 6.880879459647642e-05
1.3070219978921669 	 6.952232803918e-05
1.3080219978921668 	 7.023955577843067e-05
1.3090219978921667 	 7.096065301790532e-05
1.3100219978921666 	 7.168579995118787e-05
1.3110219978921664 	 7.241512733181605e-05
1.3120219978921663 	 7.314856393345145e-05
1.3130219978921662 	 7.388599404135726e-05
1.3140219978921661 	 7.462743419932976e-05
1.315021997892166 	 7.537303045912877e-05
1.316021997892166 	 7.612293781263275e-05
1.3170219978921658 	 7.687731521377535e-05
1.3180219978921657 	 7.763632564758354e-05
1.3190219978921656 	 7.840013614383894e-05
1.3200219978921655 	 7.916891781743864e-05
1.3210219978921653 	 7.994277100882077e-05
1.3220219978921652 	 8.072151569807429e-05
1.3230219978921651 	 8.150489941059065e-05
1.324021997892165 	 8.229266208094683e-05
1.325021997892165 	 8.308453610466226e-05
1.3260219978921648 	 8.388024633366487e-05
1.3270219978921647 	 8.467951007912055e-05
1.3280219978921646 	 8.548227674937294e-05
1.3290219978921645 	 8.628939752793287e-05
1.3300219978921644 	 8.710195861762619e-05
1.3310219978921642 	 8.792082356845879e-05
1.3320219978921641 	 8.874596251599612e-05
1.333021997892164 	 8.957717065301781e-05
1.334021997892164 	 9.041422619145632e-05
1.3350219978921638 	 9.125689845526478e-05
1.3360219978921637 	 9.210494919002467e-05
1.3370219978921636 	 9.295813282995808e-05
1.3380219978921635 	 9.381621124929622e-05
1.3390219978921634 	 9.467924243347399e-05
1.3400219978921633 	 9.554757305079815e-05
1.3410219978921631 	 9.642151816118966e-05
1.342021997892163 	 9.730120694992413e-05
1.343021997892163 	 9.81867249745782e-05
1.3440219978921628 	 9.907815913752393e-05
1.3450219978921627 	 9.997559790630963e-05
1.3460219978921626 	 0.00010087913126756184
1.3470219978921625 	 0.00010178886127491372
1.3480219978921624 	 0.00010270493225473814
1.3490219978921623 	 0.00010362750097098051
1.3500219978921622 	 0.00010455672737851469
1.351021997892162 	 0.00010549277851302755
1.352021997892162 	 0.00010643583896433508
1.3530219978921618 	 0.00010738609940834953
1.3540219978921617 	 0.00010834375411204722
1.3550219978921616 	 0.000109309001290028
1.3560219978921615 	 0.00011028204302358556
1.3570219978921614 	 0.00011126308494398323
1.3580219978921613 	 0.00011225233670046889
1.3590219978921612 	 0.00011325001216769525
1.360021997892161 	 0.00011425632952567693
1.361021997892161 	 0.0001152709269695861
1.3620219978921608 	 0.0001162912314412543
1.3630219978921607 	 0.00011731685258715066
1.3640219978921606 	 0.00011835190201484055
1.3650219978921605 	 0.00011939650949695971
1.3660219978921604 	 0.00012045053780384664
1.3670219978921603 	 0.00012151384466735008
1.3680219978921602 	 0.00012258628339484077
1.36902199789216 	 0.00012366770303014017
1.37002199789216 	 0.00012475794830797799
1.3710219978921598 	 0.0001258569338827633
1.3720219978921597 	 0.00012696485121180723
1.3730219978921596 	 0.0001280819603933607
1.3740219978921595 	 0.000129208526815271
1.3750219978921594 	 0.00013034482151578285
1.3760219978921593 	 0.0001314911210107163
1.3770219978921592 	 0.00013264770665834252
1.378021997892159 	 0.00013381486545969263
1.379021997892159 	 0.00013499289035906215
1.3800219978921588 	 0.0001361820803211194
1.3810219978921587 	 0.00013738270991543822
1.3820219978921586 	 0.0001385949440764878
1.3830219978921585 	 0.00013981892254588164
1.3840219978921584 	 0.00014105478683660124
1.3850219978921583 	 0.00014230268032279107
1.3860219978921582 	 0.00014356274840442125
1.387021997892158 	 0.00014483513898129005
1.388021997892158 	 0.0001461199890692046
1.3890219978921579 	 0.0001474171725260459
1.3900219978921577 	 0.00014872630660054973
1.3910219978921576 	 0.0001500471591265521
1.3920219978921575 	 0.00015138013936813406
1.3930219978921574 	 0.00015272581631602239
1.3940219978921573 	 0.00015408476937495174
1.3950219978921572 	 0.0001554575883049111
1.396021997892157 	 0.00015684480054907213
1.397021997892157 	 0.0001582466684931812
1.3980219978921569 	 0.00015966339152805398
1.3990219978921568 	 0.00016109516849666344
1.4000219978921566 	 0.00016253324919035387
1.4010219978921565 	 0.00016399591561781475
1.4020219978921564 	 0.000165474224786589
1.4030219978921563 	 0.00016696837315413276
1.4040219978921562 	 0.00016847855515201462
1.405021997892156 	 0.00017000496286349333
1.406021997892156 	 0.00017154778627071168
1.4070219978921559 	 0.0001731072143351242
1.4080219978921558 	 0.00017468343378789704
1.4090219978921557 	 0.00017627662881135873
1.4100219978921555 	 0.00017788698117107186
1.4110219978921554 	 0.00017951462220749451
1.4120219978921553 	 0.00018115949863856988
1.4130219978921552 	 0.00018282151508146314
1.414021997892155 	 0.0001845007210659486
1.415021997892155 	 0.00018619730765001918
1.4160219978921549 	 0.0001879114723130774
1.4170219978921548 	 0.00018964341424615225
1.4180219978921547 	 0.00019139333482861372
1.4190219978921546 	 0.00019316143826290745
1.4200219978921544 	 0.00019494793227381436
1.4210219978921543 	 0.00019675302904088868
1.4220219978921542 	 0.00019857694694363782
1.4230219978921541 	 0.00020041991150594225
1.424021997892154 	 0.0002022821546854332
1.425021997892154 	 0.0002041639150372314
1.4260219978921538 	 0.00020606543778926438
1.4270219978921537 	 0.0002079869742574843
1.4280219978921536 	 0.00020992878300146956
1.4290219978921535 	 0.00021189113027227107
1.4300219978921533 	 0.00021387429010430938
1.4310219978921532 	 0.00021587854509968088
1.4320219978921531 	 0.00021790418896462153
1.433021997892153 	 0.0002199515253565106
1.434021997892153 	 0.00022202086597678008
1.4350219978921528 	 0.00022411252994157725
1.4360219978921527 	 0.00022622684322546496
1.4370219978921526 	 0.00022836413750294284
1.4380219978921525 	 0.00023052475899559951
1.4390219978921523 	 0.0002327090310894674
1.4400219978921522 	 0.00023491722269219583
1.4410219978921521 	 0.000237149603204712
1.442021997892152 	 0.00023940644537993896
1.443021997892152 	 0.00024168802589129502
1.4440219978921518 	 0.0002439946235262653
1.4450219978921517 	 0.0002463265187711632
1.4460219978921516 	 0.00024868399306903546
1.4470219978921515 	 0.0002510673281597511
1.4480219978921514 	 0.00025347680598914883
1.4490219978921512 	 0.00025591270842080456
1.4500219978921511 	 0.00025837531684572054
1.451021997892151 	 0.00026086492441746605
1.452021997892151 	 0.00026338187133448615
1.4530219978921508 	 0.0002659265104471165
1.4540219978921507 	 0.00026849919509159474
1.4550219978921506 	 0.0002711002784710255
1.4560219978921505 	 0.0002737301132131254
1.4570219978921504 	 0.0002763890193129845
1.4580219978921503 	 0.0002790771961024828
1.4590219978921501 	 0.0002817948091090697
1.46002199789215 	 0.00028454201673403044
1.46102199789215 	 0.00028731896959378287
1.4620219978921498 	 0.0002901258098297445
1.4630219978921497 	 0.0002929626832068524
1.4640219978921496 	 0.0002958299647302434
1.4650219978921495 	 0.0002987282532593535
1.4660219978921494 	 0.00030165816048514026
1.4670219978921493 	 0.00030462030191575213
1.4680219978921492 	 0.000307615296736551
1.469021997892149 	 0.0003106437675773119
1.470021997892149 	 0.00031370634023724557
1.4710219978921488 	 0.0003168035392917036
1.4720219978921487 	 0.0003199354962226061
1.4730219978921486 	 0.00032310223797836957
1.4740219978921485 	 0.00032630377545316924
1.4750219978921484 	 0.0003295401024668735
1.4760219978921483 	 0.0003328111948082027
1.4770219978921482 	 0.0003361170090707305
1.478021997892148 	 0.00033945748202182397
1.479021997892148 	 0.0003428325297865105
1.4800219978921478 	 0.000346242046760565
1.4810219978921477 	 0.0003496859046053516
1.4820219978921476 	 0.0003531639507187805
1.4830219978921475 	 0.00035667634212593034
1.4840219978921474 	 0.00036022447919316326
1.4850219978921473 	 0.00036381008146099637
1.4860219978921472 	 0.00036743489887630274
1.487021997892147 	 0.000371100710873341
1.488021997892147 	 0.00037480924220859545
1.4890219978921468 	 0.0003785604488903026
1.4900219978921467 	 0.00038235254944386397
1.4910219978921466 	 0.0003861822878853337
1.4920219978921465 	 0.0003900431160331966
1.4930219978921464 	 0.0003939340148389276
1.4940219978921463 	 0.0003978555471313287
1.4950219978921462 	 0.00040180827028165646
1.496021997892146 	 0.00040579273463639304
1.497021997892146 	 0.0004098094808653806
1.4980219978921459 	 0.0004138590406179611
1.4990219978921457 	 0.0004179419360414379
1.5000219978921456 	 0.0004220586787802925
1.5010219978921455 	 0.0004262097688576234
1.5020219978921454 	 0.0004303956936045127
1.5030219978921453 	 0.0004346169276753388
1.5040219978921452 	 0.00043887393139879896
1.505021997892145 	 0.00044316714963444205
1.506021997892145 	 0.0004474967996970047
1.5070219978921449 	 0.00045186227908384575
1.5080219978921447 	 0.00045626214766381426
1.5090219978921446 	 0.0004606926243550918
1.5100219978921445 	 0.00046514924802943297
1.5110219978921444 	 0.0004696286515701686
1.5120219978921443 	 0.00047413208662927357
1.5130219978921442 	 0.00047866185364029963
1.514021997892144 	 0.00048321856658489656
1.515021997892144 	 0.0004878011853776946
1.5160219978921439 	 0.0004924085443909665
1.5170219978921438 	 0.0004970394131344791
1.5180219978921436 	 0.000501692495613635
1.5190219978921435 	 0.0005063664292298331
1.5200219978921434 	 0.0005110597835094881
1.5210219978921433 	 0.0005157710542986783
1.5220219978921432 	 0.0005204986587529898
1.523021997892143 	 0.0005252409560342085
1.524021997892143 	 0.0005299962343769887
1.5250219978921429 	 0.0005347627087446036
1.5260219978921428 	 0.0005395384899245307
1.5270219978921427 	 0.0005443216244239484
1.5280219978921425 	 0.0005491101036303052
1.5290219978921424 	 0.0005539018429031928
1.5300219978921423 	 0.0005586946703692258
1.5310219978921422 	 0.0005634864029229982
1.532021997892142 	 0.0005682750123648051
1.533021997892142 	 0.0005730584578062525
1.5340219978921419 	 0.00057783463308217
1.5350219978921418 	 0.0005826013665097737
1.5360219978921417 	 0.0005873564218359336
1.5370219978921416 	 0.0005920974994946751
1.5380219978921414 	 0.0005968222298598313
1.5390219978921413 	 0.0006015280263369777
1.5400219978921412 	 0.0006062120910244478
1.5410219978921411 	 0.000610871555126397
1.542021997892141 	 0.0006155034888206775
1.543021997892141 	 0.0006201049055561872
1.5440219978921408 	 0.0006246727614446452
1.5450219978921407 	 0.0006292039572499788
1.5460219978921406 	 0.0006336953421059112
1.5470219978921405 	 0.0006381439029337936
1.5480219978921403 	 0.0006425472796285308
1.5490219978921402 	 0.0006469032512332796
1.5500219978921401 	 0.0006512086736211801
1.55102199789214 	 0.0006554577357621473
1.55202199789214 	 0.0006596466537785642
1.5530219978921398 	 0.00066377230089223
1.5540219978921397 	 0.0006678315393246998
1.5550219978921396 	 0.0006718212243689867
1.5560219978921395 	 0.0006757382109507149
1.5570219978921394 	 0.0006795793624054713
1.5580219978921392 	 0.0006833415532000517
1.5590219978921391 	 0.0006870216739675352
1.560021997892139 	 0.0006906166378125535
1.561021997892139 	 0.00069412338843654
1.5620219978921388 	 0.0006975389128464562
1.5630219978921387 	 0.0007008602107663961
1.5640219978921386 	 0.0007040835717378552
1.5650219978921385 	 0.0007072046140832579
1.5660219978921384 	 0.0007102189810845504
1.5670219978921383 	 0.0007131223850982726
1.5680219978921381 	 0.0007159087209628185
1.569021997892138 	 0.0007185722438540881
1.570021997892138 	 0.0007211102762859289
1.5710219978921378 	 0.0007235198050346489
1.5720219978921377 	 0.0007257998998273273
1.5730219978921376 	 0.0007279502190476822
1.5740219978921375 	 0.0007299705565849996
1.5750219978921374 	 0.0007318608696574047
1.5760219978921373 	 0.0007336213065480204
1.5770219978921372 	 0.0007352522402316949
1.578021997892137 	 0.0007367542824114748
1.579021997892137 	 0.0007381283067873809
1.5800219978921368 	 0.0007393754773556446
1.5810219978921367 	 0.0007404972787837042
1.5820219978921366 	 0.0007414955480315865
1.5830219978921365 	 0.000742372493745414
1.5840219978921364 	 0.000743130704377907
1.5850219978921363 	 0.0007437731388824968
1.5860219978921362 	 0.0007443030923598723
1.587021997892136 	 0.000744724128303846
1.588021997892136 	 0.000745037433174984
1.5890219978921358 	 0.0007452111747034931
1.5900219978921357 	 0.0007452355878865595
1.5910219978921356 	 0.0007451151618489143
1.5920219978921355 	 0.0007448534815926266
1.5930219978921354 	 0.0007444532006158739
1.5940219978921353 	 0.0007439160463546395
1.5950219978921352 	 0.0007432429385763848
1.596021997892135 	 0.0007424342533939085
1.597021997892135 	 0.0007414901934223366
1.5980219978921348 	 0.0007404111696218669
1.5990219978921347 	 0.00073919814123671
1.6000219978921346 	 0.000737852855048535
1.6010219978921345 	 0.000736377214858291
1.6020219978921344 	 0.0007347712560741582
1.6030219978921343 	 0.0007330352163906446
1.6040219978921342 	 0.0007311700591600379
1.605021997892134 	 0.0007291773195248513
1.606021997892134 	 0.0007270589574456769
1.6070219978921338 	 0.0007248172339445024
1.6080219978921337 	 0.0007224546052078257
1.6090219978921336 	 0.0007199736461006754
1.6100219978921335 	 0.0007173769974438695
1.6110219978921334 	 0.0007146678808817345
1.6120219978921333 	 0.0007118515588723208
1.6130219978921332 	 0.0007089336573861863
1.614021997892133 	 0.0007059188485234555
1.615021997892133 	 0.000702810923270921
1.6160219978921329 	 0.000699613599795368
1.6170219978921327 	 0.0006963305561679096
1.6180219978921326 	 0.0006929654337208423
1.6190219978921325 	 0.0006895218384753152
1.6200219978921324 	 0.0006860033424945794
1.6210219978921323 	 0.0006824134835404477
1.6220219978921322 	 0.0006787557580369662
1.623021997892132 	 0.0006750336146589623
1.624021997892132 	 0.0006712504661764304
1.6250219978921319 	 0.0006674096922305109
1.6260219978921318 	 0.0006635146359691442
1.6270219978921316 	 0.0006595685968890348
1.6280219978921315 	 0.0006555748361576701
1.6290219978921314 	 0.0006515365772047232
1.6300219978921313 	 0.0006474570043266119
1.6310219978921312 	 0.000643338645128983
1.632021997892131 	 0.0006391817113254666
1.633021997892131 	 0.0006349859169333022
1.6340219978921309 	 0.0006307519447345295
1.6350219978921308 	 0.0006264838823567389
1.6360219978921307 	 0.0006221865203848104
1.6370219978921305 	 0.0006178645328488943
1.6380219978921304 	 0.0006135224488774966
1.6390219978921303 	 0.0006091639228350034
1.6400219978921302 	 0.0006047918082121298
1.64102199789213 	 0.0006004088707351122
1.64202199789213 	 0.0005960178025793268
1.6430219978921299 	 0.0005916212248269736
1.6440219978921298 	 0.0005872216986688909
1.6450219978921297 	 0.0005828217268383644
1.6460219978921296 	 0.0005784237485717208
1.6470219978921294 	 0.0005740301275604877
1.6480219978921293 	 0.0005696431624903399
1.6490219978921292 	 0.0005652650890738222
1.650021997892129 	 0.0005608980784948872
1.651021997892129 	 0.0005565440658268268
1.652021997892129 	 0.0005522042908295111
1.6530219978921288 	 0.0005478797991838331
1.6540219978921287 	 0.0005435715973130132
1.6550219978921286 	 0.0005392806519527338
1.6560219978921285 	 0.000535007884346337
1.6570219978921283 	 0.0005307541587964536
1.6580219978921282 	 0.0005265202908740258
1.6590219978921281 	 0.0005223070481726587
1.660021997892128 	 0.0005181151485502983
1.661021997892128 	 0.0005139459463929385
1.6620219978921278 	 0.0005098032705468114
1.6630219978921277 	 0.0005056912840472805
1.6640219978921276 	 0.0005016121785180387
1.6650219978921275 	 0.0004975663553812037
1.6660219978921273 	 0.0004935540897421776
1.6670219978921272 	 0.000489575591396282
1.6680219978921271 	 0.0004856310113371761
1.669021997892127 	 0.0004817204440109647
1.670021997892127 	 0.00047784392791360174
1.6710219978921268 	 0.0004740015334086239
1.6720219978921267 	 0.00047019359708458196
1.6730219978921266 	 0.0004664204654553996
1.6740219978921265 	 0.00046268241852381306
1.6750219978921264 	 0.00045897967192027515
1.6760219978921262 	 0.0004553123787899509
1.6770219978921261 	 0.00045168063049643695
1.678021997892126 	 0.0004480844621076498
1.679021997892126 	 0.00044452385634260506
1.6800219978921258 	 0.000440998746779266
1.6810219978921257 	 0.00043750902109991884
1.6820219978921256 	 0.0004340545246458433
1.6830219978921255 	 0.00043063506737208237
1.6840219978921254 	 0.0004272504246617897
1.6850219978921253 	 0.00042390033988221
1.6860219978921251 	 0.0004205845278769235
1.687021997892125 	 0.0004173026785864747
1.688021997892125 	 0.0004140544773414786
1.6890219978921248 	 0.000410839949914086
1.6900219978921247 	 0.00040765943127918445
1.6910219978921246 	 0.0004045130990328785
1.6920219978921245 	 0.0004014006023929781
1.6930219978921244 	 0.00039832146891916065
1.6940219978921243 	 0.0003952752233403022
1.6950219978921242 	 0.00039226138857428996
1.696021997892124 	 0.00038927948828092705
1.697021997892124 	 0.00038632905033065466
1.6980219978921238 	 0.0003834096064899445
1.6990219978921237 	 0.00038052069327608625
1.7000219978921236 	 0.00037766185322169366
1.7010219978921235 	 0.00037443600000614343
1.7020219978921234 	 0.0003712140074670131
1.7030219978921233 	 0.00036802510329607445
1.7040219978921232 	 0.0003648691324746396
1.705021997892123 	 0.00036174592955143063
1.706021997892123 	 0.0003586553192764271
1.7070219978921228 	 0.0003555971172104993
1.7080219978921227 	 0.0003525711303114059
1.7090219978921226 	 0.0003495771574967397
1.7100219978921225 	 0.00034661499018440807
1.7110219978921224 	 0.0003436844128112433
1.7120219978921223 	 0.00034078520333034233
1.7130219978921222 	 0.00033791713368773235
1.714021997892122 	 0.00033507997027896265
1.715021997892122 	 0.0003322734743862123
1.7160219978921218 	 0.0003294974025965116
1.7170219978921217 	 0.0003267515072016615
1.7180219978921216 	 0.00032403553658042346
1.7190219978921215 	 0.00032134923556357154
1.7200219978921214 	 0.00031869234578234875
1.7210219978921213 	 0.0003160646060009031
1.7220219978921212 	 0.0003134657524332389
1.723021997892121 	 0.000310895519045223
1.724021997892121 	 0.00030835363784217587
1.7250219978921209 	 0.00030583983914255755
1.7260219978921207 	 0.0003033538518382537
1.7270219978921206 	 0.00030089540364195615
1.7280219978921205 	 0.000298464221322116
1.7290219978921204 	 0.0002960600309259389
1.7300219978921203 	 0.00029368255799087787
1.7310219978921202 	 0.00029133152774506773
1.73202199789212 	 0.0002890066652971331
1.73302199789212 	 0.00028670769581579043
1.7340219978921199 	 0.000284434344699648
1.7350219978921197 	 0.0002821863377376055
1.7360219978921196 	 0.0002799634012602256
1.7370219978921195 	 0.00027776526228246226
1.7380219978921194 	 0.0002755916486380913
1.7390219978921193 	 0.0002734422891062036
1.7400219978921192 	 0.0002713169135300875
1.741021997892119 	 0.0002692152529288299
1.742021997892119 	 0.00026713703960195087
1.7430219978921189 	 0.0002650820072273731
1.7440219978921188 	 0.0002630498909530179
1.7450219978921186 	 0.00026104042748231385
1.7460219978921185 	 0.00025905335515388837
1.7470219978921184 	 0.00025708841401569823
1.7480219978921183 	 0.00025514534589386696
1.7490219978921182 	 0.00025322389445645526
1.750021997892118 	 0.0002513238052724098
1.751021997892118 	 0.00024944482586591204
1.7520219978921179 	 0.00024758670576634234
1.7530219978921178 	 0.0002457491965540718
1.7540219978921177 	 0.00024393205190227822
1.7550219978921175 	 0.0002421350276149784
1.7560219978921174 	 0.0002403578816614651
1.7570219978921173 	 0.0002386003742073228
1.7580219978921172 	 0.0002368622676421931
1.759021997892117 	 0.00023514332660445333
1.760021997892117 	 0.0002334433180029642
1.7610219978921169 	 0.00023176201103603886
1.7620219978921168 	 0.00023009917720777219
1.7630219978921167 	 0.00022845459034187562
1.7640219978921166 	 0.0002268280265931416
1.7650219978921164 	 0.00022521926445666894
1.7660219978921163 	 0.00022362808477497114
1.7670219978921162 	 0.0002220542707430759
1.7680219978921161 	 0.00022049760791173828
1.769021997892116 	 0.00021895788418886146
1.770021997892116 	 0.00021743488983923595
1.7710219978921158 	 0.00021592841748268698
1.7720219978921157 	 0.000214438262090728
1.7730219978921156 	 0.0002129642209818056
1.7740219978921155 	 0.00021150609381521905
1.7750219978921153 	 0.00021006368258380057
1.7760219978921152 	 0.00020863679160542663
1.7770219978921151 	 0.00020722522751343643
1.778021997892115 	 0.0002058287992460308
1.779021997892115 	 0.00020444731803471064
1.7800219978921148 	 0.00020308059739182683
1.7810219978921147 	 0.0002017284530972959
1.7820219978921146 	 0.00020039070318454276
1.7830219978921145 	 0.00019906716792572436
1.7840219978921144 	 0.00019775766981628502
1.7850219978921142 	 0.00019646203355889753
1.7860219978921141 	 0.00019518008604683132
1.787021997892114 	 0.00019391165634679967
1.788021997892114 	 0.0001926565756813219
1.7890219978921138 	 0.00019141467741064767
1.7900219978921137 	 0.0001901857970142763
1.7910219978921136 	 0.00018896977207211115
1.7920219978921135 	 0.0001877664422452854
1.7930219978921134 	 0.00018657564925668693
1.7940219978921133 	 0.00018539723687121854
1.7950219978921131 	 0.0001842310508758221
1.796021997892113 	 0.00018307693905929295
1.797021997892113 	 0.0001819347511919132
1.7980219978921128 	 0.00018080433900492774
1.7990219978921127 	 0.0001796855561698894
1.8000219978921126 	 0.00017857825827789146
1.8010219978921125 	 0.00017748230281871373
1.8020219978921124 	 0.0001763975491598981
1.8030219978921123 	 0.00017532385852577604
1.8040219978921122 	 0.000174261093976463
1.805021997892112 	 0.00017320912038684
1.806021997892112 	 0.00017216780442553354
1.8070219978921118 	 0.00017113701453391384
1.8080219978921117 	 0.00017011662090512324
1.8090219978921116 	 0.00016910649546314645
1.8100219978921115 	 0.0001681065118419378
1.8110219978921114 	 0.0001671165453646158
1.8120219978921113 	 0.0001661364730227364
1.8130219978921112 	 0.0001651661734556537
1.814021997892111 	 0.00016420552692997985
1.815021997892111 	 0.0001632544153191516
1.8160219978921108 	 0.00016231272208311215
1.8170219978921107 	 0.00016138033224811552
1.8180219978921106 	 0.00016045713238666231
1.8190219978921105 	 0.000159543010597571
1.8200219978921104 	 0.00015863785648619224
1.8210219978921103 	 0.00015774156114477326
1.8220219978921102 	 0.00015685401713297424
1.82302199789211 	 0.0001559751184585443
1.82402199789211 	 0.00015510476055816092
1.8250219978921098 	 0.0001542428402784353
1.8260219978921097 	 0.00015338925585708905
1.8270219978921096 	 0.00015254390690430544
1.8280219978921095 	 0.00015170669438425738
1.8290219978921094 	 0.00015087752059681351
1.8300219978921093 	 0.0001500562891594292
1.8310219978921092 	 0.00014924290498921993
1.832021997892109 	 0.00014843727428522042
1.833021997892109 	 0.00014763930451083303
1.8340219978921088 	 0.00014684890437646306
1.8350219978921087 	 0.00014606598382234655
1.8360219978921086 	 0.00014529045400156634
1.8370219978921085 	 0.00014452222726326277
1.8380219978921084 	 0.00014376121713603472
1.8390219978921083 	 0.0001430073383115341
1.8400219978921082 	 0.00014226050662825347
1.841021997892108 	 0.00014152063905550585
1.842021997892108 	 0.00014078765367759861
1.8430219978921079 	 0.00014006146967819887
1.8440219978921077 	 0.00013934200732489133
1.8450219978921076 	 0.00013862918795392906
1.8460219978921075 	 0.00013792293395517428
1.8470219978921074 	 0.00013722316875722958
1.8480219978921073 	 0.00013652981681276004
1.8490219978921072 	 0.00013584280358400265
1.850021997892107 	 0.00013516205552846497
1.851021997892107 	 0.00013448750008480994
1.8520219978921069 	 0.000133819065658926
1.8530219978921068 	 0.00013315668161018179
1.8540219978921066 	 0.00013250027823786506
1.8550219978921065 	 0.00013184978676780164
1.8560219978921064 	 0.00013120513933915663
1.8570219978921063 	 0.0001305662689914131
1.8580219978921062 	 0.00012993310965152965
1.859021997892106 	 0.0001293055961212726
1.860021997892106 	 0.00012868366406472442
1.8610219978921059 	 0.00012806724999596335
1.8620219978921058 	 0.00012745629126691507
1.8630219978921057 	 0.0001268507260553738
1.8640219978921055 	 0.0001262504933531914
1.8650219978921054 	 0.00012565553295463264
1.8660219978921053 	 0.00012506578544489448
1.8670219978921052 	 0.00012448119218878912
1.868021997892105 	 0.00012390169531958643
1.869021997892105 	 0.00012332723772801726
1.8700219978921049 	 0.00012275776305143305
1.8710219978921048 	 0.00012219321566312133
1.8720219978921047 	 0.0001216335406617748
1.8730219978921046 	 0.0001210786838611132
1.8740219978921044 	 0.00012052859177965479
1.8750219978921043 	 0.00011998321163063537
1.8760219978921042 	 0.00011944249131207571
1.877021997892104 	 0.00011890637939699257
1.878021997892104 	 0.00011837482512375245
1.879021997892104 	 0.00011784777838656753
1.8800219978921038 	 0.00011732518972612945
1.8810219978921037 	 0.0001168070103203827
1.8820219978921036 	 0.00011629319197543184
1.8830219978921034 	 0.00011578368711658303
1.8840219978921033 	 0.00011527844877951926
1.8850219978921032 	 0.00011477743060160429
1.8860219978921031 	 0.00011428058681331636
1.887021997892103 	 0.00011378787222980755
1.888021997892103 	 0.00011329924224259057
1.8890219978921028 	 0.00011281465281134686
1.8900219978921027 	 0.00011233406045585777
1.8910219978921026 	 0.00011185742224805527
1.8920219978921025 	 0.00011138469580419145
1.8930219978921023 	 0.0001109158392771247
1.8940219978921022 	 0.00011045081134872071
1.8950219978921021 	 0.00010998957122236765
1.896021997892102 	 0.00010953207861560224
1.897021997892102 	 0.00010907829375284726
1.8980219978921018 	 0.00010862817735825646
1.8990219978921017 	 0.00010818169064866799
1.9000219978921016 	 0.000107738795326662
1.9010219978921015 	 0.00010729945357372347
1.9020219978921014 	 0.00010686362804350611
1.9030219978921012 	 0.00010643128185519943
1.9040219978921011 	 0.000106002378586993
1.905021997892101 	 0.00010557688226964
1.906021997892101 	 0.00010515475738011738
1.9070219978921008 	 0.00010473596883538047
1.9080219978921007 	 0.00010432048198621257
1.9090219978921006 	 0.00010390826261116518
1.9100219978921005 	 0.00010349927691059037
1.9110219978921004 	 0.00010309349150076287
1.9120219978921003 	 0.00010269087340808946
1.9130219978921001 	 0.00010229139006340577
1.9140219978921 	 0.00010189500929635882
1.9150219978921 	 0.00010150169932987381
1.9160219978920998 	 0.00010111142877470352
1.9170219978920997 	 0.00010072416662405978
1.9180219978920996 	 0.00010033988224832532
1.9190219978920995 	 9.995854538984544e-05
1.9200219978920994 	 9.958012615779624e-05
1.9210219978920993 	 9.920459502313194e-05
1.9220219978920992 	 9.883192281360563e-05
1.923021997892099 	 9.846208070886607e-05
1.924021997892099 	 9.809504023562736e-05
1.9250219978920988 	 9.773077326291059e-05
1.9260219978920987 	 9.736925199735683e-05
1.9270219978920986 	 9.701044897861089e-05
1.9280219978920985 	 9.665433707477234e-05
1.9290219978920984 	 9.630088947791592e-05
1.9300219978920983 	 9.595007969967838e-05
1.9310219978920982 	 9.560188156691052e-05
1.932021997892098 	 9.525626921739466e-05
1.933021997892098 	 9.491321709562613e-05
1.9340219978920978 	 9.457269994865618e-05
1.9350219978920977 	 9.423469282199847e-05
1.9360219978920976 	 9.389917105559497e-05
1.9370219978920975 	 9.356611027984232e-05
1.9380219978920974 	 9.32354864116775e-05
1.9390219978920973 	 9.290727565072066e-05
1.9400219978920972 	 9.258145447547615e-05
1.941021997892097 	 9.225799963958867e-05
1.942021997892097 	 9.193688816815573e-05
1.9430219978920968 	 9.161809735409418e-05
1.9440219978920967 	 9.130160475456023e-05
1.9450219978920966 	 9.098738818742281e-05
1.9460219978920965 	 9.067542572778825e-05
1.9470219978920964 	 9.036569570457677e-05
1.9480219978920963 	 9.005817669714925e-05
1.9490219978920962 	 8.975284753198293e-05
1.950021997892096 	 8.94496872793966e-05
1.951021997892096 	 8.914867525032406e-05
1.9520219978920959 	 8.884979099313413e-05
1.9530219978920957 	 8.85530142904972e-05
1.9540219978920956 	 8.825832515629922e-05
1.9550219978920955 	 8.796570383259822e-05
1.9560219978920954 	 8.767513078662757e-05
1.9570219978920953 	 8.738658670784166e-05
1.9580219978920952 	 8.710005250500524e-05
1.959021997892095 	 8.68155093033246e-05
1.960021997892095 	 8.653293844162083e-05
1.9610219978920949 	 8.625232146954449e-05
1.9620219978920947 	 8.59736401448298e-05
1.9630219978920946 	 8.56968764305892e-05
1.9640219978920945 	 8.542201249264713e-05
1.9650219978920944 	 8.514903069691222e-05
1.9660219978920943 	 8.487791360678747e-05
1.9670219978920942 	 8.460864398061791e-05
1.968021997892094 	 8.43412047691745e-05
1.969021997892094 	 8.407557911317529e-05
1.9700219978920939 	 8.381175034084137e-05
1.9710219978920938 	 8.354970196548796e-05
1.9720219978920936 	 8.328941768315097e-05
1.9730219978920935 	 8.30308813702461e-05
1.9740219978920934 	 8.277407708126309e-05
1.9750219978920933 	 8.25189890464913e-05
1.9760219978920932 	 8.226560166977922e-05
1.977021997892093 	 8.201389952632501e-05
1.978021997892093 	 8.1763867360499e-05
1.9790219978920929 	 8.151549008369663e-05
1.9800219978920928 	 8.126875277222258e-05
1.9810219978920927 	 8.102364066520466e-05
1.9820219978920925 	 8.078013916253693e-05
1.9830219978920924 	 8.053823382285228e-05
1.9840219978920923 	 8.029791036152403e-05
1.9850219978920922 	 8.0059154648695e-05
1.986021997892092 	 7.982195270733473e-05
1.987021997892092 	 7.958629071132422e-05
1.9880219978920919 	 7.935215498356776e-05
1.9890219978920918 	 7.911953199413017e-05
1.9900219978920917 	 7.88884083584021e-05
1.9910219978920916 	 7.865877083528943e-05
1.9920219978920914 	 7.843060632542812e-05
1.9930219978920913 	 7.820390186942548e-05
1.9940219978920912 	 7.797864464612422e-05
1.9950219978920911 	 7.775482197089169e-05
1.996021997892091 	 7.753242129393255e-05
1.997021997892091 	 7.73114301986256e-05
1.9980219978920908 	 7.709183639988246e-05
1.9990219978920907 	 7.687362774253014e-05
