0.0010219978922 	 0
0.0020219978922 	 0.0
0.0030219978922 	 0.0
0.0040219978922 	 0.0
0.0050219978922 	 0.0
0.0060219978922 	 0.0
0.0070219978922 	 0.0
0.0080219978922 	 0.0
0.009021997892200002 	 0.0
0.010021997892200003 	 0.0
0.011021997892200004 	 0.0
0.012021997892200004 	 0.0
0.013021997892200005 	 0.0
0.014021997892200006 	 0.0
0.015021997892200007 	 0.0
0.016021997892200008 	 0.0
0.01702199789220001 	 0.0
0.01802199789220001 	 0.0
0.01902199789220001 	 0.0
0.02002199789220001 	 0.0
0.021021997892200012 	 0.0
0.022021997892200013 	 0.0
0.023021997892200014 	 0.0
0.024021997892200015 	 0.0
0.025021997892200016 	 0.0
0.026021997892200017 	 0.0
0.027021997892200018 	 0.0
0.02802199789220002 	 0.0
0.02902199789220002 	 0.0
0.03002199789220002 	 0.0
0.03102199789220002 	 0.0
0.03202199789220002 	 0.0
0.03302199789220002 	 0.0
0.03402199789220002 	 0.0
0.03502199789220002 	 0.0
0.03602199789220002 	 0.0
0.03702199789220002 	 0.0
0.038021997892200024 	 0.0
0.039021997892200025 	 0.0
0.040021997892200026 	 0.0
0.04102199789220003 	 0.0
0.04202199789220003 	 0.0
0.04302199789220003 	 0.0
0.04402199789220003 	 0.0
0.04502199789220003 	 0.0
0.04602199789220003 	 0.0
0.04702199789220003 	 0.0
0.04802199789220003 	 0.0
0.049021997892200034 	 0.0
0.050021997892200035 	 0.0
0.051021997892200036 	 0.0
0.052021997892200036 	 0.0
0.05302199789220004 	 0.0
0.05402199789220004 	 0.0
0.05502199789220004 	 0.0
0.05602199789220004 	 0.0
0.05702199789220004 	 0.0
0.05802199789220004 	 0.0
0.05902199789220004 	 0.0
0.060021997892200044 	 0.0
0.061021997892200044 	 0.0
0.062021997892200045 	 0.0
0.06302199789220005 	 0.0
0.06402199789220005 	 0.0
0.06502199789220005 	 0.0
0.06602199789220005 	 0.0
0.06702199789220005 	 0.0
0.06802199789220005 	 0.0
0.06902199789220005 	 0.0
0.07002199789220005 	 0.0
0.07102199789220005 	 0.0
0.07202199789220005 	 0.0
0.07302199789220006 	 0.0
0.07402199789220006 	 0.0
0.07502199789220006 	 0.0
0.07602199789220006 	 0.0
0.07702199789220006 	 0.0
0.07802199789220006 	 0.0
0.07902199789220006 	 0.0
0.08002199789220006 	 0.0
0.08102199789220006 	 0.0
0.08202199789220006 	 0.0
0.08302199789220006 	 0.0
0.08402199789220006 	 0.0
0.08502199789220007 	 0.0
0.08602199789220007 	 0.0
0.08702199789220007 	 0.0
0.08802199789220007 	 0.0
0.08902199789220007 	 0.0
0.09002199789220007 	 0.0
0.09102199789220007 	 0.0
0.09202199789220007 	 0.0
0.09302199789220007 	 0.0
0.09402199789220007 	 0.0
0.09502199789220007 	 0.0
0.09602199789220008 	 0.0
0.09702199789220008 	 0.0
0.09802199789220008 	 0.0
0.09902199789220008 	 0.0
0.10002199789220008 	 0.0
0.10102199789220008 	 0.0
0.10202199789220008 	 0.0
0.10302199789220008 	 0.0
0.10402199789220008 	 0.0
0.10502199789220008 	 0.0
0.10602199789220008 	 0.0
0.10702199789220009 	 0.0
0.10802199789220009 	 0.0
0.10902199789220009 	 0.0
0.11002199789220009 	 0.0
0.11102199789220009 	 0.0
0.11202199789220009 	 0.0
0.11302199789220009 	 0.0
0.11402199789220009 	 0.0
0.11502199789220009 	 0.0
0.1160219978922001 	 0.0
0.1170219978922001 	 0.0
0.1180219978922001 	 0.0
0.1190219978922001 	 0.0
0.1200219978922001 	 0.0
0.1210219978922001 	 0.0
0.1220219978922001 	 0.0
0.1230219978922001 	 0.0
0.1240219978922001 	 0.0
0.1250219978922001 	 0.0
0.1260219978922001 	 0.0
0.1270219978922001 	 0.0
0.1280219978922001 	 0.0
0.1290219978922001 	 0.0
0.1300219978922001 	 0.0
0.1310219978922001 	 0.0
0.1320219978922001 	 0.0
0.1330219978922001 	 0.0
0.1340219978922001 	 0.0
0.1350219978922001 	 0.0
0.1360219978922001 	 0.0
0.1370219978922001 	 0.0
0.1380219978922001 	 0.0
0.1390219978922001 	 0.0
0.1400219978922001 	 0.0
0.1410219978922001 	 0.0
0.1420219978922001 	 0.0
0.1430219978922001 	 0.0
0.1440219978922001 	 0.0
0.1450219978922001 	 0.0
0.1460219978922001 	 0.0
0.1470219978922001 	 0.0
0.1480219978922001 	 0.0
0.1490219978922001 	 0.0
0.1500219978922001 	 0.0
0.1510219978922001 	 0.0
0.1520219978922001 	 0.0
0.1530219978922001 	 0.0
0.1540219978922001 	 0.0
0.15502199789220011 	 0.0
0.15602199789220011 	 0.0
0.15702199789220012 	 0.0
0.15802199789220012 	 0.0
0.15902199789220012 	 0.0
0.16002199789220012 	 0.0
0.16102199789220012 	 0.0
0.16202199789220012 	 0.0
0.16302199789220012 	 0.0
0.16402199789220012 	 0.0
0.16502199789220012 	 0.0
0.16602199789220012 	 0.0
0.16702199789220012 	 0.0
0.16802199789220013 	 0.0
0.16902199789220013 	 0.0
0.17002199789220013 	 0.0
0.17102199789220013 	 0.0
0.17202199789220013 	 0.0
0.17302199789220013 	 0.0
0.17402199789220013 	 0.0
0.17502199789220013 	 0.0
0.17602199789220013 	 0.0
0.17702199789220013 	 0.0
0.17802199789220013 	 0.0
0.17902199789220014 	 0.0
0.18002199789220014 	 0.0
0.18102199789220014 	 0.0
0.18202199789220014 	 0.0
0.18302199789220014 	 0.0
0.18402199789220014 	 0.0
0.18502199789220014 	 0.0
0.18602199789220014 	 0.0
0.18702199789220014 	 0.0
0.18802199789220014 	 0.0
0.18902199789220014 	 0.0
0.19002199789220015 	 0.0
0.19102199789220015 	 0.0
0.19202199789220015 	 0.0
0.19302199789220015 	 0.0
0.19402199789220015 	 0.0
0.19502199789220015 	 0.0
0.19602199789220015 	 0.0
0.19702199789220015 	 0.0
0.19802199789220015 	 0.0
0.19902199789220015 	 0.0
0.20002199789220015 	 0.0
0.20102199789220015 	 0.0
0.20202199789220016 	 0.0
0.20302199789220016 	 0.0
0.20402199789220016 	 0.0
0.20502199789220016 	 0.0
0.20602199789220016 	 0.0
0.20702199789220016 	 0.0
0.20802199789220016 	 0.0
0.20902199789220016 	 0.0
0.21002199789220016 	 0.0
0.21102199789220016 	 0.0
0.21202199789220016 	 0.0
0.21302199789220017 	 0.0
0.21402199789220017 	 0.0
0.21502199789220017 	 0.0
0.21602199789220017 	 0.0
0.21702199789220017 	 0.0
0.21802199789220017 	 0.0
0.21902199789220017 	 0.0
0.22002199789220017 	 0.0
0.22102199789220017 	 0.0
0.22202199789220017 	 0.0
0.22302199789220017 	 0.0
0.22402199789220018 	 0.0
0.22502199789220018 	 0.0
0.22602199789220018 	 0.0
0.22702199789220018 	 0.0
0.22802199789220018 	 0.0
0.22902199789220018 	 0.0
0.23002199789220018 	 0.0
0.23102199789220018 	 0.0
0.23202199789220018 	 0.0
0.23302199789220018 	 0.0
0.23402199789220018 	 0.0
0.23502199789220019 	 0.0
0.23602199789220019 	 0.0
0.2370219978922002 	 0.0
0.2380219978922002 	 0.0
0.2390219978922002 	 0.0
0.2400219978922002 	 0.0
0.2410219978922002 	 0.0
0.2420219978922002 	 0.0
0.2430219978922002 	 0.0
0.2440219978922002 	 0.0
0.2450219978922002 	 0.0
0.2460219978922002 	 0.0
0.2470219978922002 	 0.0
0.2480219978922002 	 0.0
0.2490219978922002 	 0.0
0.2500219978922002 	 0.0
0.2510219978922002 	 0.0
0.2520219978922002 	 0.0
0.2530219978922002 	 0.0
0.2540219978922002 	 0.0
0.2550219978922002 	 0.0
0.2560219978922002 	 0.0
0.2570219978922002 	 0.0
0.2580219978922002 	 0.0
0.2590219978922002 	 0.0
0.2600219978922002 	 0.0
0.2610219978922002 	 0.0
0.2620219978922002 	 0.0
0.2630219978922002 	 0.0
0.2640219978922002 	 0.0
0.2650219978922002 	 0.0
0.2660219978922002 	 0.0
0.2670219978922002 	 0.0
0.2680219978922002 	 0.0
0.2690219978922002 	 0.0
0.2700219978922002 	 0.0
0.2710219978922002 	 0.0
0.2720219978922002 	 0.0
0.2730219978922002 	 0.0
0.2740219978922002 	 0.0
0.2750219978922002 	 0.0
0.2760219978922002 	 0.0
0.2770219978922002 	 0.0
0.2780219978922002 	 0.0
0.2790219978922002 	 0.0
0.2800219978922002 	 0.0
0.2810219978922002 	 0.0
0.2820219978922002 	 0.0
0.2830219978922002 	 0.0
0.28402199789220023 	 0.0
0.28502199789220023 	 0.0
0.28602199789220023 	 0.0
0.28702199789220023 	 0.0
0.28802199789220023 	 0.0
0.28902199789220023 	 0.0
0.29002199789220023 	 0.0
0.29102199789220023 	 0.0
0.29202199789220024 	 0.0
0.29302199789220024 	 0.0
0.29402199789220024 	 0.0
0.29502199789220024 	 0.0
0.29602199789220024 	 0.0
0.29702199789220024 	 0.0
0.29802199789220024 	 0.0
0.29902199789220024 	 0.0
0.30002199789220024 	 0.0
0.30102199789220024 	 0.0
0.30202199789220024 	 0.0
0.30302199789220025 	 0.0
0.30402199789220025 	 0.0
0.30502199789220025 	 0.0
0.30602199789220025 	 0.0
0.30702199789220025 	 0.0
0.30802199789220025 	 0.0
0.30902199789220025 	 0.0
0.31002199789220025 	 0.0
0.31102199789220025 	 0.0
0.31202199789220025 	 0.0
0.31302199789220025 	 0.0
0.31402199789220026 	 0.0
0.31502199789220026 	 0.0
0.31602199789220026 	 0.0
0.31702199789220026 	 0.0
0.31802199789220026 	 0.0
0.31902199789220026 	 0.0
0.32002199789220026 	 0.0
0.32102199789220026 	 0.0
0.32202199789220026 	 0.0
0.32302199789220026 	 0.0
0.32402199789220026 	 0.0
0.32502199789220027 	 0.0
0.32602199789220027 	 0.0
0.32702199789220027 	 0.0
0.32802199789220027 	 0.0
0.32902199789220027 	 0.0
0.33002199789220027 	 0.0
0.33102199789220027 	 0.0
0.33202199789220027 	 0.0
0.33302199789220027 	 0.0
0.3340219978922003 	 0.0
0.3350219978922003 	 0.0
0.3360219978922003 	 0.0
0.3370219978922003 	 0.0
0.3380219978922003 	 0.0
0.3390219978922003 	 0.0
0.3400219978922003 	 0.0
0.3410219978922003 	 0.0
0.3420219978922003 	 0.0
0.3430219978922003 	 0.0
0.3440219978922003 	 0.0
0.3450219978922003 	 0.0
0.3460219978922003 	 0.0
0.3470219978922003 	 0.0
0.3480219978922003 	 0.0
0.3490219978922003 	 0.0
0.3500219978922003 	 0.0
0.3510219978922003 	 0.0
0.3520219978922003 	 0.0
0.3530219978922003 	 0.0
0.3540219978922003 	 0.0
0.3550219978922003 	 0.0
0.3560219978922003 	 0.0
0.3570219978922003 	 0.0
0.3580219978922003 	 0.0
0.3590219978922003 	 0.0
0.3600219978922003 	 0.0
0.3610219978922003 	 0.0
0.3620219978922003 	 0.0
0.3630219978922003 	 0.0
0.3640219978922003 	 0.0
0.3650219978922003 	 0.0
0.3660219978922003 	 0.0
0.3670219978922003 	 0.0
0.3680219978922003 	 0.0
0.3690219978922003 	 0.0
0.3700219978922003 	 0.0
0.3710219978922003 	 0.0
0.3720219978922003 	 0.0
0.3730219978922003 	 0.0
0.3740219978922003 	 0.0
0.3750219978922003 	 0.0
0.3760219978922003 	 0.0
0.3770219978922003 	 0.0
0.3780219978922003 	 0.0
0.3790219978922003 	 0.0
0.3800219978922003 	 0.0
0.3810219978922003 	 0.0
0.3820219978922003 	 0.0
0.3830219978922003 	 0.0
0.3840219978922003 	 0.0
0.3850219978922003 	 0.0
0.3860219978922003 	 0.0
0.3870219978922003 	 0.0
0.3880219978922003 	 0.0
0.3890219978922003 	 0.0
0.3900219978922003 	 0.0
0.3910219978922003 	 0.0
0.3920219978922003 	 0.0
0.3930219978922003 	 0.0
0.3940219978922003 	 0.0
0.3950219978922003 	 0.0
0.39602199789220033 	 0.0
0.39702199789220033 	 0.0
0.39802199789220033 	 0.0
0.39902199789220033 	 0.0
0.40002199789220033 	 0.0
0.40102199789220033 	 0.0
0.40202199789220033 	 0.0
0.40302199789220033 	 0.0
0.40402199789220034 	 0.0
0.40502199789220034 	 0.0
0.40602199789220034 	 0.0
0.40702199789220034 	 0.0
0.40802199789220034 	 0.0
0.40902199789220034 	 0.0
0.41002199789220034 	 0.0
0.41102199789220034 	 0.0
0.41202199789220034 	 0.0
0.41302199789220034 	 0.0
0.41402199789220034 	 0.0
0.41502199789220034 	 0.0
0.41602199789220035 	 0.0
0.41702199789220035 	 0.0
0.41802199789220035 	 0.0
0.41902199789220035 	 0.0
0.42002199789220035 	 0.0
0.42102199789220035 	 0.0
0.42202199789220035 	 0.0
0.42302199789220035 	 0.0
0.42402199789220035 	 0.0
0.42502199789220035 	 0.0
0.42602199789220035 	 0.0
0.42702199789220036 	 0.0
0.42802199789220036 	 0.0
0.42902199789220036 	 0.0
0.43002199789220036 	 0.0
0.43102199789220036 	 0.0
0.43202199789220036 	 0.0
0.43302199789220036 	 0.0
0.43402199789220036 	 0.0
0.43502199789220036 	 0.0
0.43602199789220036 	 0.0
0.43702199789220036 	 0.0
0.43802199789220037 	 0.0
0.43902199789220037 	 0.0
0.44002199789220037 	 0.0
0.44102199789220037 	 0.0
0.44202199789220037 	 0.0
0.44302199789220037 	 0.0
0.44402199789220037 	 0.0
0.44502199789220037 	 0.0
0.4460219978922004 	 0.0
0.4470219978922004 	 0.0
0.4480219978922004 	 0.0
0.4490219978922004 	 0.0
0.4500219978922004 	 0.0
0.4510219978922004 	 0.0
0.4520219978922004 	 0.0
0.4530219978922004 	 0.0
0.4540219978922004 	 0.0
0.4550219978922004 	 0.0
0.4560219978922004 	 0.0
0.4570219978922004 	 0.0
0.4580219978922004 	 0.0
0.4590219978922004 	 0.0
0.4600219978922004 	 0.0
0.4610219978922004 	 0.0
0.4620219978922004 	 0.0
0.4630219978922004 	 0.0
0.4640219978922004 	 0.0
0.4650219978922004 	 0.0
0.4660219978922004 	 0.0
0.4670219978922004 	 0.0
0.4680219978922004 	 0.0
0.4690219978922004 	 0.0
0.4700219978922004 	 0.0
0.4710219978922004 	 0.0
0.4720219978922004 	 0.0
0.4730219978922004 	 0.0
0.4740219978922004 	 0.0
0.4750219978922004 	 0.0
0.4760219978922004 	 0.0
0.4770219978922004 	 0.0
0.4780219978922004 	 0.0
0.4790219978922004 	 0.0
0.4800219978922004 	 0.0
0.4810219978922004 	 0.0
0.4820219978922004 	 0.0
0.4830219978922004 	 0.0
0.4840219978922004 	 0.0
0.4850219978922004 	 0.0
0.4860219978922004 	 0.0
0.4870219978922004 	 0.0
0.4880219978922004 	 0.0
0.4890219978922004 	 0.0
0.4900219978922004 	 0.0
0.4910219978922004 	 0.0
0.4920219978922004 	 0.0
0.4930219978922004 	 0.0
0.4940219978922004 	 0.0
0.4950219978922004 	 0.0
0.4960219978922004 	 0.0
0.4970219978922004 	 0.0
0.4980219978922004 	 0.0
0.4990219978922004 	 0.0
0.5000219978922004 	 0.0
0.5010219978922004 	 0.0
0.5020219978922004 	 0.0
0.5030219978922004 	 0.0
0.5040219978922004 	 0.0
0.5050219978922004 	 0.0
0.5060219978922004 	 0.0
0.5070219978922004 	 0.0
0.5080219978922004 	 0.0
0.5090219978922004 	 0.0
0.5100219978922004 	 0.0
0.5110219978922004 	 0.0
0.5120219978922004 	 0.0
0.5130219978922004 	 0.0
0.5140219978922004 	 0.0
0.5150219978922004 	 0.0
0.5160219978922004 	 0.0
0.5170219978922004 	 0.0
0.5180219978922004 	 0.0
0.5190219978922004 	 0.0
0.5200219978922004 	 0.0
0.5210219978922004 	 0.0
0.5220219978922004 	 0.0
0.5230219978922004 	 0.0
0.5240219978922004 	 0.0
0.5250219978922004 	 0.0
0.5260219978922004 	 0.0
0.5270219978922004 	 0.0
0.5280219978922004 	 0.0
0.5290219978922004 	 0.0
0.5300219978922004 	 0.0
0.5310219978922004 	 0.0
0.5320219978922004 	 0.0
0.5330219978922004 	 0.0
0.5340219978922004 	 0.0
0.5350219978922004 	 0.0
0.5360219978922004 	 0.0
0.5370219978922004 	 0.0
0.5380219978922004 	 0.0
0.5390219978922004 	 0.0
0.5400219978922004 	 0.0
0.5410219978922004 	 0.0
0.5420219978922004 	 0.0
0.5430219978922004 	 0.0
0.5440219978922004 	 0.0
0.5450219978922004 	 0.0
0.5460219978922004 	 0.0
0.5470219978922004 	 0.0
0.5480219978922004 	 0.0
0.5490219978922004 	 0.0
0.5500219978922004 	 0.0
0.5510219978922004 	 0.0
0.5520219978922004 	 0.0
0.5530219978922004 	 0.0
0.5540219978922004 	 0.0
0.5550219978922004 	 0.0
0.5560219978922004 	 0.0
0.5570219978922004 	 0.0
0.5580219978922004 	 0.0
0.5590219978922004 	 0.0
0.5600219978922004 	 0.0
0.5610219978922004 	 0.0
0.5620219978922004 	 0.0
0.5630219978922004 	 0.0
0.5640219978922004 	 0.0
0.5650219978922004 	 0.0
0.5660219978922004 	 0.0
0.5670219978922004 	 0.0
0.5680219978922004 	 0.0
0.5690219978922004 	 0.0
0.5700219978922004 	 0.0
0.5710219978922004 	 0.0
0.5720219978922004 	 0.0
0.5730219978922004 	 0.0
0.5740219978922004 	 0.0
0.5750219978922004 	 0.0
0.5760219978922004 	 0.0
0.5770219978922004 	 0.0
0.5780219978922004 	 0.0
0.5790219978922004 	 0.0
0.5800219978922004 	 0.0
0.5810219978922004 	 0.0
0.5820219978922004 	 0.0
0.5830219978922004 	 0.0
0.5840219978922004 	 0.0
0.5850219978922004 	 0.0
0.5860219978922004 	 0.0
0.5870219978922004 	 0.0
0.5880219978922004 	 0.0
0.5890219978922004 	 0.0
0.5900219978922004 	 0.0
0.5910219978922004 	 0.0
0.5920219978922004 	 0.0
0.5930219978922004 	 0.0
0.5940219978922004 	 0.0
0.5950219978922004 	 0.0
0.5960219978922005 	 0.0
0.5970219978922005 	 0.0
0.5980219978922005 	 0.0
0.5990219978922005 	 0.0
0.6000219978922005 	 0.0
0.6010219978922005 	 0.0
0.6020219978922005 	 0.0
0.6030219978922005 	 0.0
0.6040219978922005 	 0.0
0.6050219978922005 	 0.0
0.6060219978922005 	 0.0
0.6070219978922005 	 0.0
0.6080219978922005 	 0.0
0.6090219978922005 	 0.0
0.6100219978922005 	 0.0
0.6110219978922005 	 0.0
0.6120219978922005 	 0.0
0.6130219978922005 	 0.0
0.6140219978922005 	 0.0
0.6150219978922005 	 0.0
0.6160219978922005 	 0.0
0.6170219978922005 	 0.0
0.6180219978922005 	 0.0
0.6190219978922005 	 0.0
0.6200219978922005 	 0.0
0.6210219978922005 	 0.0
0.6220219978922005 	 0.0
0.6230219978922005 	 0.0
0.6240219978922005 	 0.0
0.6250219978922005 	 0.0
0.6260219978922005 	 0.0
0.6270219978922005 	 0.0
0.6280219978922005 	 0.0
0.6290219978922005 	 0.0
0.6300219978922005 	 0.0
0.6310219978922005 	 0.0
0.6320219978922005 	 0.0
0.6330219978922005 	 0.0
0.6340219978922005 	 0.0
0.6350219978922005 	 0.0
0.6360219978922005 	 0.0
0.6370219978922005 	 0.0
0.6380219978922005 	 0.0
0.6390219978922005 	 0.0
0.6400219978922005 	 0.0
0.6410219978922005 	 0.0
0.6420219978922005 	 0.0
0.6430219978922005 	 0.0
0.6440219978922005 	 0.0
0.6450219978922005 	 0.0
0.6460219978922005 	 0.0
0.6470219978922005 	 0.0
0.6480219978922005 	 0.0
0.6490219978922005 	 0.0
0.6500219978922005 	 0.0
0.6510219978922005 	 0.0
0.6520219978922005 	 0.0
0.6530219978922005 	 0.0
0.6540219978922005 	 0.0
0.6550219978922005 	 0.0
0.6560219978922005 	 0.0
0.6570219978922005 	 0.0
0.6580219978922005 	 0.0
0.6590219978922005 	 0.0
0.6600219978922005 	 0.0
0.6610219978922005 	 0.0
0.6620219978922005 	 0.0
0.6630219978922005 	 0.0
0.6640219978922005 	 0.0
0.6650219978922005 	 0.0
0.6660219978922005 	 0.0
0.6670219978922005 	 0.0
0.6680219978922005 	 0.0
0.6690219978922005 	 0.0
0.6700219978922005 	 0.0
0.6710219978922005 	 0.0
0.6720219978922005 	 0.0
0.6730219978922005 	 0.0
0.6740219978922005 	 0.0
0.6750219978922005 	 0.0
0.6760219978922005 	 0.0
0.6770219978922005 	 0.0
0.6780219978922005 	 0.0
0.6790219978922005 	 0.0
0.6800219978922005 	 0.0
0.6810219978922005 	 0.0
0.6820219978922005 	 0.0
0.6830219978922005 	 0.0
0.6840219978922005 	 0.0
0.6850219978922005 	 0.0
0.6860219978922005 	 0.0
0.6870219978922005 	 0.0
0.6880219978922005 	 0.0
0.6890219978922005 	 0.0
0.6900219978922005 	 0.0
0.6910219978922005 	 0.0
0.6920219978922005 	 0.0
0.6930219978922005 	 0.0
0.6940219978922005 	 0.0
0.6950219978922005 	 0.0
0.6960219978922005 	 0.0
0.6970219978922005 	 0.0
0.6980219978922005 	 0.0
0.6990219978922005 	 0.0
0.7000219978922005 	 0.0
0.7010219978922005 	 0.0
0.7020219978922005 	 0.0
0.7030219978922005 	 0.0
0.7040219978922005 	 0.0
0.7050219978922005 	 0.0
0.7060219978922005 	 0.0
0.7070219978922005 	 0.0
0.7080219978922005 	 0.0
0.7090219978922006 	 0.0
0.7100219978922006 	 0.0
0.7110219978922006 	 0.0
0.7120219978922006 	 0.0
0.7130219978922006 	 0.0
0.7140219978922006 	 0.0
0.7150219978922006 	 0.0
0.7160219978922006 	 0.0
0.7170219978922006 	 0.0
0.7180219978922006 	 0.0
0.7190219978922006 	 0.0
0.7200219978922006 	 0.0
0.7210219978922006 	 0.0
0.7220219978922006 	 0.0
0.7230219978922006 	 0.0
0.7240219978922006 	 0.0
0.7250219978922006 	 0.0
0.7260219978922006 	 0.0
0.7270219978922006 	 0.0
0.7280219978922006 	 0.0
0.7290219978922006 	 0.0
0.7300219978922006 	 0.0
0.7310219978922006 	 0.0
0.7320219978922006 	 0.0
0.7330219978922006 	 0.0
0.7340219978922006 	 0.0
0.7350219978922006 	 0.0
0.7360219978922006 	 0.0
0.7370219978922006 	 0.0
0.7380219978922006 	 0.0
0.7390219978922006 	 0.0
0.7400219978922006 	 0.0
0.7410219978922006 	 0.0
0.7420219978922006 	 0.0
0.7430219978922006 	 0.0
0.7440219978922006 	 0.0
0.7450219978922006 	 0.0
0.7460219978922006 	 0.0
0.7470219978922006 	 0.0
0.7480219978922006 	 0.0
0.7490219978922006 	 0.0
0.7500219978922006 	 0.0
0.7510219978922006 	 0.0
0.7520219978922006 	 0.0
0.7530219978922006 	 0.0
0.7540219978922006 	 0.0
0.7550219978922006 	 0.0
0.7560219978922006 	 0.0
0.7570219978922006 	 0.0
0.7580219978922006 	 0.0
0.7590219978922006 	 0.0
0.7600219978922006 	 0.0
0.7610219978922006 	 0.0
0.7620219978922006 	 0.0
0.7630219978922006 	 0.0
0.7640219978922006 	 0.0
0.7650219978922006 	 0.0
0.7660219978922006 	 0.0
0.7670219978922006 	 0.0
0.7680219978922006 	 0.0
0.7690219978922006 	 0.0
0.7700219978922006 	 0.0
0.7710219978922006 	 0.0
0.7720219978922006 	 0.0
0.7730219978922006 	 0.0
0.7740219978922006 	 0.0
0.7750219978922006 	 0.0
0.7760219978922006 	 0.0
0.7770219978922006 	 0.0
0.7780219978922006 	 0.0
0.7790219978922006 	 0.0
0.7800219978922006 	 0.0
0.7810219978922006 	 0.0
0.7820219978922006 	 0.0
0.7830219978922006 	 0.0
0.7840219978922006 	 0.0
0.7850219978922006 	 0.0
0.7860219978922006 	 0.0
0.7870219978922006 	 0.0
0.7880219978922006 	 0.0
0.7890219978922006 	 0.0
0.7900219978922006 	 0.0
0.7910219978922006 	 0.0
0.7920219978922006 	 0.0
0.7930219978922006 	 0.0
0.7940219978922006 	 0.0
0.7950219978922006 	 0.0
0.7960219978922006 	 0.0
0.7970219978922006 	 0.0
0.7980219978922006 	 0.0
0.7990219978922006 	 0.0
0.8000219978922006 	 0.0
0.8010219978922006 	 0.0
0.8020219978922006 	 0.0
0.8030219978922006 	 0.0
0.8040219978922006 	 0.0
0.8050219978922006 	 0.0
0.8060219978922006 	 0.0
0.8070219978922006 	 0.0
0.8080219978922006 	 0.0
0.8090219978922006 	 0.0
0.8100219978922006 	 0.0
0.8110219978922006 	 0.0
0.8120219978922006 	 0.0
0.8130219978922006 	 0.0
0.8140219978922006 	 0.0
0.8150219978922006 	 0.0
0.8160219978922006 	 0.0
0.8170219978922006 	 0.0
0.8180219978922006 	 0.0
0.8190219978922006 	 0.0
0.8200219978922006 	 0.0
0.8210219978922007 	 0.0
0.8220219978922007 	 0.0
0.8230219978922007 	 0.0
0.8240219978922007 	 0.0
0.8250219978922007 	 0.0
0.8260219978922007 	 0.0
0.8270219978922007 	 0.0
0.8280219978922007 	 0.0
0.8290219978922007 	 0.0
0.8300219978922007 	 0.0
0.8310219978922007 	 0.0
0.8320219978922007 	 0.0
0.8330219978922007 	 0.0
0.8340219978922007 	 0.0
0.8350219978922007 	 0.0
0.8360219978922007 	 0.0
0.8370219978922007 	 0.0
0.8380219978922007 	 0.0
0.8390219978922007 	 0.0
0.8400219978922007 	 0.0
0.8410219978922007 	 0.0
0.8420219978922007 	 0.0
0.8430219978922007 	 0.0
0.8440219978922007 	 0.0
0.8450219978922007 	 0.0
0.8460219978922007 	 0.0
0.8470219978922007 	 0.0
0.8480219978922007 	 0.0
0.8490219978922007 	 0.0
0.8500219978922007 	 0.0
0.8510219978922007 	 0.0
0.8520219978922007 	 0.0
0.8530219978922007 	 0.0
0.8540219978922007 	 0.0
0.8550219978922007 	 0.0
0.8560219978922007 	 0.0
0.8570219978922007 	 0.0
0.8580219978922007 	 0.0
0.8590219978922007 	 0.0
0.8600219978922007 	 0.0
0.8610219978922007 	 0.0
0.8620219978922007 	 0.0
0.8630219978922007 	 0.0
0.8640219978922007 	 0.0
0.8650219978922007 	 0.0
0.8660219978922007 	 0.0
0.8670219978922007 	 0.0
0.8680219978922007 	 0.0
0.8690219978922007 	 0.0
0.8700219978922007 	 0.0
0.8710219978922007 	 0.0
0.8720219978922007 	 0.0
0.8730219978922007 	 0.0
0.8740219978922007 	 0.0
0.8750219978922007 	 0.0
0.8760219978922007 	 0.0
0.8770219978922007 	 0.0
0.8780219978922007 	 0.0
0.8790219978922007 	 0.0
0.8800219978922007 	 0.0
0.8810219978922007 	 0.0
0.8820219978922007 	 0.0
0.8830219978922007 	 0.0
0.8840219978922007 	 0.0
0.8850219978922007 	 0.0
0.8860219978922007 	 0.0
0.8870219978922007 	 0.0
0.8880219978922007 	 0.0
0.8890219978922007 	 0.0
0.8900219978922007 	 0.0
0.8910219978922007 	 0.0
0.8920219978922007 	 0.0
0.8930219978922007 	 0.0
0.8940219978922007 	 0.0
0.8950219978922007 	 0.0
0.8960219978922007 	 0.0
0.8970219978922007 	 0.0
0.8980219978922007 	 0.0
0.8990219978922007 	 0.0
0.9000219978922007 	 0.0
0.9010219978922007 	 0.0
0.9020219978922007 	 0.0
0.9030219978922007 	 0.0
0.9040219978922007 	 0.0
0.9050219978922007 	 0.0
0.9060219978922007 	 0.0
0.9070219978922007 	 0.0
0.9080219978922007 	 0.0
0.9090219978922007 	 0.0
0.9100219978922007 	 0.0
0.9110219978922007 	 0.0
0.9120219978922007 	 0.0
0.9130219978922007 	 0.0
0.9140219978922007 	 0.0
0.9150219978922007 	 0.0
0.9160219978922007 	 0.0
0.9170219978922007 	 0.0
0.9180219978922007 	 0.0
0.9190219978922007 	 0.0
0.9200219978922007 	 0.0
0.9210219978922007 	 0.0
0.9220219978922007 	 0.0
0.9230219978922007 	 0.0
0.9240219978922007 	 0.0
0.9250219978922007 	 0.0
0.9260219978922007 	 0.0
0.9270219978922007 	 0.0
0.9280219978922007 	 0.0
0.9290219978922007 	 0.0
0.9300219978922007 	 0.0
0.9310219978922007 	 0.0
0.9320219978922007 	 0.0
0.9330219978922007 	 0.0
0.9340219978922008 	 0.0
0.9350219978922008 	 0.0
0.9360219978922008 	 0.0
0.9370219978922008 	 0.0
0.9380219978922008 	 0.0
0.9390219978922008 	 0.0
0.9400219978922008 	 0.0
0.9410219978922008 	 0.0
0.9420219978922008 	 0.0
0.9430219978922008 	 0.0
0.9440219978922008 	 0.0
0.9450219978922008 	 0.0
0.9460219978922008 	 0.0
0.9470219978922008 	 0.0
0.9480219978922008 	 0.0
0.9490219978922008 	 0.0
0.9500219978922008 	 0.0
0.9510219978922008 	 0.0
0.9520219978922008 	 0.0
0.9530219978922008 	 0.0
0.9540219978922008 	 0.0
0.9550219978922008 	 0.0
0.9560219978922008 	 0.0
0.9570219978922008 	 0.0
0.9580219978922008 	 0.0
0.9590219978922008 	 0.0
0.9600219978922008 	 0.0
0.9610219978922008 	 0.0
0.9620219978922008 	 0.0
0.9630219978922008 	 0.0
0.9640219978922008 	 0.0
0.9650219978922008 	 0.0
0.9660219978922008 	 0.0
0.9670219978922008 	 0.0
0.9680219978922008 	 0.0
0.9690219978922008 	 0.0
0.9700219978922008 	 0.0
0.9710219978922008 	 0.0
0.9720219978922008 	 0.0
0.9730219978922008 	 0.0
0.9740219978922008 	 0.0
0.9750219978922008 	 0.0
0.9760219978922008 	 0.0
0.9770219978922008 	 0.0
0.9780219978922008 	 0.0
0.9790219978922008 	 0.0
0.9800219978922008 	 0.0
0.9810219978922008 	 0.0
0.9820219978922008 	 0.0
0.9830219978922008 	 0.0
0.9840219978922008 	 0.0
0.9850219978922008 	 0.0
0.9860219978922008 	 0.0
0.9870219978922008 	 0.0
0.9880219978922008 	 6.697236791836783e-05
0.9890219978922008 	 0.0002870612391980728
0.9900219978922008 	 0.0006318314590936544
0.9910219978922008 	 0.0011100665787082803
0.9920219978922008 	 0.0017401072090542198
0.9930219978922008 	 0.00254710839779969
0.9940219978922008 	 0.003563099389681318
0.9950219978922008 	 0.004827965315981493
0.9960219978922008 	 0.006717185217139322
0.9970219978922008 	 0.009496241548035696
0.9980219978922008 	 0.013141948829203077
0.9990219978922008 	 0.017773572156773706
1.0000219978922007 	 0.023564070435869295
1.0010219978922006 	 0.030736990182554692
1.0020219978922005 	 0.03957283489419267
1.0030219978922004 	 0.05041905624686352
1.0040219978922003 	 0.06370274592105528
1.0050219978922001 	 0.07994519547107161
1.0060219978922 	 0.09977278939246532
1.0070219978922 	 0.12392553596515814
1.0080219978921998 	 0.1532531865857936
1.0090219978921997 	 0.1886861185226345
1.0100219978921996 	 0.23116214139616598
1.0110219978921995 	 0.2814868790624803
1.0120219978921994 	 0.34008188365994235
1.0130219978921993 	 0.4066121175148057
1.0140219978921992 	 0.479531703618185
1.015021997892199 	 0.5556548814003537
1.016021997892199 	 0.6300056536162031
1.0170219978921988 	 0.6960990299562813
1.0180219978921987 	 0.746910446276279
1.0190219978921986 	 0.7769511030448716
1.0200219978921985 	 0.7873223562552131
1.0210219978921984 	 0.7824248159166666
1.0220219978921983 	 0.7634007586593046
1.0230219978921982 	 0.733352219377437
1.024021997892198 	 0.6962384215637392
1.025021997892198 	 0.655698646693791
1.0260219978921978 	 0.6144236671817468
1.0270219978921977 	 0.5742093094310899
1.0280219978921976 	 0.5361238425237056
1.0290219978921975 	 0.5007094488629827
1.0300219978921974 	 0.468168518631695
1.0310219978921973 	 0.4384766871114537
1.0320219978921972 	 0.4114895782449751
1.033021997892197 	 0.3870154024214964
1.034021997892197 	 0.3648373637962099
1.0350219978921968 	 0.3447334666047904
1.0360219978921967 	 0.32649086469963085
1.0370219978921966 	 0.30991290977621
1.0380219978921965 	 0.29482087733089357
1.0390219978921964 	 0.2810543455179597
1.0400219978921963 	 0.26847051850501874
1.0410219978921962 	 0.2569426544903404
1.042021997892196 	 0.24635756289840813
1.043021997892196 	 0.2366152233110789
1.0440219978921959 	 0.22762757200203323
1.0450219978921957 	 0.21931705022698963
1.0460219978921956 	 0.21161529232778703
1.0470219978921955 	 0.20446215707313553
1.0480219978921954 	 0.19780520460113535
1.0490219978921953 	 0.19159817232816562
1.0500219978921952 	 0.18580002546412008
1.051021997892195 	 0.18037424095025245
1.052021997892195 	 0.17528809987105137
1.0530219978921949 	 0.17051235414997576
1.0540219978921948 	 0.16602084158981661
1.0550219978921946 	 0.1617901112217633
1.0560219978921945 	 0.15779909866989045
1.0570219978921944 	 0.15402884360285762
1.0580219978921943 	 0.1504622426942984
1.0590219978921942 	 0.1470838394777563
1.060021997892194 	 0.14387963948262106
1.061021997892194 	 0.14083694089387877
1.0620219978921939 	 0.13794417311489657
1.0630219978921938 	 0.1351907864995657
1.0640219978921936 	 0.13256718912268461
1.0650219978921935 	 0.13006463541582197
1.0660219978921934 	 0.12767509859280582
1.0670219978921933 	 0.1253911324577356
1.0680219978921932 	 0.12320587963741918
1.069021997892193 	 0.12111303404827611
1.070021997892193 	 0.11910678803474457
1.0710219978921929 	 0.11718182220580677
1.0720219978921928 	 0.115333360329189
1.0730219978921927 	 0.11355701905302941
1.0740219978921925 	 0.11184874200455705
1.0750219978921924 	 0.11020477067037016
1.0760219978921923 	 0.1086216182651593
1.0770219978921922 	 0.10709604624706451
1.078021997892192 	 0.10562504317243318
1.079021997892192 	 0.1042058056360311
1.0800219978921919 	 0.10283572105835151
1.0810219978921918 	 0.10151230185156637
1.0820219978921917 	 0.1002330384254003
1.0830219978921916 	 0.09899553864806004
1.0840219978921914 	 0.09779756049215217
1.0850219978921913 	 0.09663700056161875
1.0860219978921912 	 0.09551188365974261
1.0870219978921911 	 0.09442045615155209
1.088021997892191 	 0.09336144429054416
1.089021997892191 	 0.0923336226388791
1.0900219978921908 	 0.09133572960373272
1.0910219978921907 	 0.09036654300211705
1.0920219978921906 	 0.08942479624124952
1.0930219978921905 	 0.08850926741730641
1.0940219978921903 	 0.08761880238215328
1.0950219978921902 	 0.0867523101684642
1.0960219978921901 	 0.08590875878974116
1.09702199789219 	 0.08508717136141242
1.09802199789219 	 0.08428662252084486
1.0990219978921898 	 0.08350623487496023
1.1000219978921897 	 0.08274517119405243
1.1010219978921896 	 0.08200265051180995
1.1020219978921895 	 0.08127799874718751
1.1030219978921894 	 0.08057059708272045
1.1040219978921892 	 0.0798798625660572
1.1050219978921891 	 0.07920524155634677
1.106021997892189 	 0.07854620774814855
1.107021997892189 	 0.07790221895202984
1.1080219978921888 	 0.07727260444978001
1.1090219978921887 	 0.07665668778452277
1.1100219978921886 	 0.0760538221977228
1.1110219978921885 	 0.07546344209580035
1.1120219978921884 	 0.07488520368879814
1.1130219978921883 	 0.07431882378253647
1.1140219978921881 	 0.07376399058628909
1.115021997892188 	 0.07322036697170042
1.116021997892188 	 0.07268762930759175
1.1170219978921878 	 0.07216546823700062
1.1180219978921877 	 0.07165358791849769
1.1190219978921876 	 0.07115170530956669
1.1200219978921875 	 0.07065954949243879
1.1210219978921874 	 0.07017683202193635
1.1220219978921873 	 0.06970316865800902
1.1230219978921872 	 0.06923816545721669
1.124021997892187 	 0.06878144353289514
1.125021997892187 	 0.06833263826202049
1.1260219978921868 	 0.06789139863122531
1.1270219978921867 	 0.0674573866359808
1.1280219978921866 	 0.06703035495392823
1.1290219978921865 	 0.0666103563315166
1.1300219978921864 	 0.06619751072207042
1.1310219978921863 	 0.06579186902763917
1.1320219978921862 	 0.06539323450511875
1.133021997892186 	 0.06500136054655291
1.134021997892186 	 0.06461600930744389
1.1350219978921858 	 0.06423609781883427
1.1360219978921857 	 0.06386315508478814
1.1370219978921856 	 0.06349606823994586
1.1380219978921855 	 0.06313463194343347
1.1390219978921854 	 0.06277867324646469
1.1400219978921853 	 0.062428048960971746
1.1410219978921852 	 0.062082613397998664
1.142021997892185 	 0.06174219468263311
1.143021997892185 	 0.061406619582809935
1.1440219978921848 	 0.06107573483291679
1.1450219978921847 	 0.06074944514823
1.1460219978921846 	 0.0604276708680722
1.1470219978921845 	 0.06011033515463401
1.1480219978921844 	 0.059797363874287066
1.1490219978921843 	 0.059488685476159105
1.1500219978921842 	 0.05918423087757957
1.151021997892184 	 0.058883926629948
1.152021997892184 	 0.058587676736992285
1.1530219978921838 	 0.058295382576636766
1.1540219978921837 	 0.05800694864578131
1.1550219978921836 	 0.05772228142058188
1.1560219978921835 	 0.05744128979777596
1.1570219978921834 	 0.057163887964064485
1.1580219978921833 	 0.056889991978130695
1.1590219978921832 	 0.056619520291930674
1.160021997892183 	 0.05635239376024501
1.161021997892183 	 0.05608853001566268
1.1620219978921829 	 0.055827828456401954
1.1630219978921827 	 0.05557018787101247
1.1640219978921826 	 0.05531553479263378
1.1650219978921825 	 0.05506382508294662
1.1660219978921824 	 0.054815031344224385
1.1670219978921823 	 0.05456913044265338
1.1680219978921822 	 0.05432610000954879
1.169021997892182 	 0.05408591840477699
1.170021997892182 	 0.053848564688052915
1.1710219978921819 	 0.05361400712504242
1.1720219978921818 	 0.05338217230575632
1.1730219978921816 	 0.053152978978453856
1.1740219978921815 	 0.05292634809308572
1.1750219978921814 	 0.052702202714666385
1.1760219978921813 	 0.05248046795693934
1.1770219978921812 	 0.05226107092696756
1.178021997892181 	 0.05204393733388755
1.179021997892181 	 0.051829001174588475
1.1800219978921809 	 0.05161619550674067
1.1810219978921808 	 0.051405475212899
1.1820219978921807 	 0.051196868852829966
1.1830219978921805 	 0.05099042506435992
1.1840219978921804 	 0.05078619561051614
1.1850219978921803 	 0.05058422715189138
1.1860219978921802 	 0.05038456523387103
1.18702199789218 	 0.05018720348053216
1.18802199789218 	 0.04999195079841597
1.1890219978921799 	 0.049798665386964626
1.1900219978921798 	 0.049607292093462214
1.1910219978921797 	 0.049417781738603485
1.1920219978921796 	 0.04923009148158808
1.1930219978921794 	 0.049044180792789424
1.1940219978921793 	 0.0488600101616259
1.1950219978921792 	 0.04867754105984869
1.1960219978921791 	 0.04849673591250251
1.197021997892179 	 0.04831755807132489
1.198021997892179 	 0.04813997179263236
1.1990219978921788 	 0.047963942210961306
1.2000219978921787 	 0.047789435318992164
1.2010219978921786 	 0.047616434107816887
1.2020219978921785 	 0.04744498218823045
1.2030219978921783 	 0.04727513621949653
1.2040219978921782 	 0.04710695155271436
1.2050219978921781 	 0.046940465436084856
1.206021997892178 	 0.046775651684597436
1.207021997892178 	 0.04661247015587119
1.2080219978921778 	 0.04645088163163974
1.2090219978921777 	 0.04629084779202822
1.2100219978921776 	 0.0461323311931064
1.2110219978921775 	 0.04597530092041052
1.2120219978921773 	 0.045819747901976626
1.2130219978921772 	 0.04566566684989548
1.2140219978921771 	 0.04551302388720298
1.215021997892177 	 0.04536175893781886
1.216021997892177 	 0.04521181223097989
1.2170219978921768 	 0.04506312534782765
1.2180219978921767 	 0.04491564118986715
1.2190219978921766 	 0.0447693039540292
1.2200219978921765 	 0.044624059106133714
1.2210219978921764 	 0.04447987966373695
1.2220219978921762 	 0.04433683725914832
1.2230219978921761 	 0.04419502479750147
1.224021997892176 	 0.0440545331245106
1.225021997892176 	 0.04391545105461662
1.2260219978921758 	 0.04377783250656357
1.2270219978921757 	 0.043641607628729144
1.2280219978921756 	 0.043506679564120306
1.2290219978921755 	 0.04337295356123226
1.2300219978921754 	 0.04324033692876784
1.2310219978921753 	 0.04310875717128612
1.2320219978921751 	 0.0429782110816098
1.233021997892175 	 0.04284871135567777
1.234021997892175 	 0.04272027043507677
1.2350219978921748 	 0.04259290049428136
1.2360219978921747 	 0.04246661344376848
1.2370219978921746 	 0.04234142093237656
1.2380219978921745 	 0.042217332348601706
1.2390219978921744 	 0.042094315440597656
1.2400219978921743 	 0.041972299725828464
1.2410219978921742 	 0.04185122427271461
1.242021997892174 	 0.041731065088540256
1.243021997892174 	 0.041611807068884406
1.2440219978921738 	 0.04149343545780073
1.2450219978921737 	 0.04137593582205039
1.2460219978921736 	 0.04125929404385781
1.2470219978921735 	 0.04114351189091725
1.2480219978921734 	 0.04102864912976511
1.2490219978921733 	 0.04091477777960842
1.2500219978921732 	 0.04080196833783419
1.251021997892173 	 0.040690272943702366
1.252021997892173 	 0.04057967981670897
1.2530219978921728 	 0.04047016286754999
1.2540219978921727 	 0.040361696557677
1.2550219978921726 	 0.040254255864664856
1.2560219978921725 	 0.04014781627123557
1.2570219978921724 	 0.04004235375163301
1.2580219978921723 	 0.03993784476310621
1.2590219978921722 	 0.03983426623924179
1.260021997892172 	 0.03973159557568038
1.261021997892172 	 0.0396297707788928
1.2620219978921718 	 0.039528582689319455
1.2630219978921717 	 0.03942780132280341
1.2640219978921716 	 0.039327395606637
1.2650219978921715 	 0.03922751757170458
1.2660219978921714 	 0.03912832330249363
1.2670219978921713 	 0.03902994297962923
1.2680219978921712 	 0.03893241940166631
1.269021997892171 	 0.03883577476162705
1.270021997892171 	 0.03874003079752144
1.2710219978921709 	 0.03864520140285568
1.2720219978921707 	 0.03855127264719797
1.2730219978921706 	 0.03845822455292814
1.2740219978921705 	 0.03836603755457315
1.2750219978921704 	 0.03827469246586827
1.2760219978921703 	 0.03818417046902597
1.2770219978921702 	 0.03809445310585162
1.27802199789217 	 0.03800552226931193
1.27902199789217 	 0.03791736020068452
1.2800219978921699 	 0.03782994948112307
1.2810219978921698 	 0.03774326999378423
1.2820219978921696 	 0.037657290741094814
1.2830219978921695 	 0.03757197879009817
1.2840219978921694 	 0.037487301867668923
1.2850219978921693 	 0.037403228326330945
1.2860219978921692 	 0.03731972712630844
1.287021997892169 	 0.03723682199392864
1.288021997892169 	 0.037154727131723596
1.2890219978921689 	 0.0370734735250783
1.2900219978921688 	 0.03699287908087474
1.2910219978921686 	 0.036912796495720705
1.2920219978921685 	 0.03683322913338504
1.2930219978921684 	 0.036754214790681576
1.2940219978921683 	 0.036675790540164364
1.2950219978921682 	 0.03659799272237394
1.296021997892168 	 0.036520856949307456
1.297021997892168 	 0.03644441810476348
1.2980219978921679 	 0.03636871036173276
1.2990219978921678 	 0.03629376717275485
1.3000219978921677 	 0.03621962114186501
1.3010219978921675 	 0.03614628055676431
1.3020219978921674 	 0.0360736649099094
1.3030219978921673 	 0.036001674539912744
1.3040219978921672 	 0.03593021159281162
1.305021997892167 	 0.03585917997830887
1.306021997892167 	 0.03578851495035568
1.3070219978921669 	 0.035718263269612784
1.3080219978921668 	 0.03564849645488223
1.3090219978921667 	 0.035579284603404183
1.3100219978921666 	 0.03551069639365191
1.3110219978921664 	 0.03544277245353193
1.3120219978921663 	 0.035375453184012404
1.3130219978921662 	 0.03530865990559736
1.3140219978921661 	 0.035242379479731155
1.315021997892166 	 0.03517665922154838
1.316021997892166 	 0.03511154774423172
1.3170219978921658 	 0.03504709255068391
1.3180219978921657 	 0.034983340062820154
1.3190219978921656 	 0.03492033562304892
1.3200219978921655 	 0.03485812350611503
1.3210219978921653 	 0.03479671432697622
1.3220219978921652 	 0.034735996696280275
1.3230219978921651 	 0.0346758325369498
1.324021997892165 	 0.03461608592398328
1.325021997892165 	 0.034556623054465496
1.3260219978921648 	 0.0344973121927454
1.3270219978921647 	 0.03443802361849045
1.3280219978921646 	 0.03437872594930878
1.3290219978921645 	 0.0343197471105982
1.3300219978921644 	 0.034261492261639756
1.3310219978921642 	 0.03420426119782791
1.3320219978921641 	 0.03414799563112143
1.333021997892164 	 0.03409257182693369
1.334021997892164 	 0.03403786359439093
1.3350219978921638 	 0.03398374545357526
1.3360219978921637 	 0.033930093098719284
1.3370219978921636 	 0.033876783447212545
1.3380219978921635 	 0.03382369990237314
1.3390219978921634 	 0.033770834977619346
1.3400219978921633 	 0.033718281871248146
1.3410219978921631 	 0.03366611720431301
1.342021997892163 	 0.03361434841995558
1.343021997892163 	 0.03356296587364193
1.3440219978921628 	 0.033511958812145325
1.3450219978921627 	 0.03346131538173795
1.3460219978921626 	 0.03341102253989602
1.3470219978921625 	 0.03336106943654146
1.3480219978921624 	 0.03331145695177662
1.3490219978921623 	 0.03326218735529634
1.3500219978921622 	 0.033213261122048914
1.351021997892162 	 0.033164678061375276
1.352021997892162 	 0.033116440414613146
1.3530219978921618 	 0.0330685489929601
1.3540219978921617 	 0.03302100227144894
1.3550219978921616 	 0.032973796386809605
1.3560219978921615 	 0.03292692499365855
1.3570219978921614 	 0.0328803790483837
1.3580219978921613 	 0.032834146824357854
1.3590219978921612 	 0.032788213839542495
1.360021997892161 	 0.03274256274075986
1.361021997892161 	 0.03269700742540063
1.3620219978921608 	 0.032650743323756566
1.3630219978921607 	 0.032603599848243174
1.3640219978921606 	 0.03255664663134491
1.3650219978921605 	 0.03250982028820301
1.3660219978921604 	 0.03246298180778071
1.3670219978921603 	 0.032415989996073695
1.3680219978921602 	 0.0323687015405178
1.36902199789216 	 0.03232097095862168
1.37002199789216 	 0.03227265050644633
1.3710219978921598 	 0.03222360912385981
1.3720219978921597 	 0.03217378384867847
1.3730219978921596 	 0.03212312395320599
1.3740219978921595 	 0.03207157436962616
1.3750219978921594 	 0.03201907579347457
1.3760219978921593 	 0.0319655646895899
1.3770219978921592 	 0.03191097323310387
1.378021997892159 	 0.03185522965157165
1.379021997892159 	 0.03179825849372922
1.3800219978921588 	 0.031739980905263386
1.3810219978921587 	 0.031680307942750494
1.3820219978921586 	 0.031619121906790976
1.3830219978921585 	 0.03155629730277658
1.3840219978921584 	 0.03149170780918599
1.3850219978921583 	 0.03142522701556109
1.3860219978921582 	 0.03135672928273691
1.387021997892158 	 0.03128609077937147
1.388021997892158 	 0.03121318766641765
1.3890219978921579 	 0.031137844130747487
1.3900219978921577 	 0.031059838192613324
1.3910219978921576 	 0.03097899022240834
1.3920219978921575 	 0.03089526281843398
1.3930219978921574 	 0.03080865763867793
1.3940219978921573 	 0.03071918544988992
1.3950219978921572 	 0.030626867756273286
1.396021997892157 	 0.030531724323004758
1.397021997892157 	 0.030433736707537264
1.3980219978921569 	 0.03033289150083364
1.3990219978921568 	 0.03022919444763896
1.4000219978921566 	 0.030121013645111792
1.4010219978921565 	 0.030011769380059172
1.4020219978921564 	 0.029899818382450153
1.4030219978921563 	 0.029785256698229373
1.4040219978921562 	 0.029668204949466776
1.405021997892156 	 0.029548808571732303
1.406021997892156 	 0.02942723776906252
1.4070219978921559 	 0.029303687191929752
1.4080219978921558 	 0.029178374782879178
1.4090219978921557 	 0.029051540340889692
1.4100219978921555 	 0.02892344372208028
1.4110219978921554 	 0.028794354892723317
1.4120219978921553 	 0.02866453057754912
1.4130219978921552 	 0.028534235465444004
1.414021997892155 	 0.028403768088468593
1.415021997892155 	 0.028273455185579416
1.4160219978921549 	 0.028143626285424463
1.4170219978921548 	 0.02801460920664718
1.4180219978921547 	 0.027886726399043466
1.4190219978921546 	 0.0277602914130764
1.4200219978921544 	 0.027635605563764817
1.4210219978921543 	 0.0275129548860896
1.4220219978921542 	 0.027392607523469142
1.4230219978921541 	 0.027274811372094032
1.424021997892154 	 0.02715979191675547
1.425021997892154 	 0.027047750639311315
1.4260219978921538 	 0.02693886387306276
1.4270219978921537 	 0.026833282027124573
1.4280219978921536 	 0.02673112947840441
1.4290219978921535 	 0.0266325047762203
1.4300219978921533 	 0.02653748117627778
1.4310219978921532 	 0.0264461075940758
1.4320219978921531 	 0.0263584100512359
1.433021997892153 	 0.026274392896938677
1.434021997892153 	 0.026194040140137806
1.4350219978921528 	 0.02611731708674274
1.4360219978921527 	 0.026044172082302298
1.4370219978921526 	 0.02597453823909055
1.4380219978921525 	 0.02590833630643231
1.4390219978921523 	 0.02584547231135089
1.4400219978921522 	 0.025785836070586387
1.4410219978921521 	 0.025729309253185412
1.442021997892152 	 0.025675767325828405
1.443021997892152 	 0.025625081125821143
1.4440219978921518 	 0.025577118064514685
1.4450219978921517 	 0.025531743366066128
1.4460219978921516 	 0.025488821151400665
1.4470219978921515 	 0.02544821541207798
1.4480219978921514 	 0.025409790925030658
1.4490219978921512 	 0.025373414032456312
1.4500219978921511 	 0.025338953303928637
1.451021997892151 	 0.02530628132328248
1.452021997892151 	 0.02527527851575265
1.4530219978921508 	 0.025245830058922177
1.4540219978921507 	 0.025217825022738113
1.4550219978921506 	 0.02519115658735167
1.4560219978921505 	 0.02516572221794054
1.4570219978921504 	 0.025141420910821305
1.4580219978921503 	 0.025118145537893318
1.4590219978921501 	 0.02509579121891421
1.46002199789215 	 0.025074257846418712
1.46102199789215 	 0.025053450044549577
1.4620219978921498 	 0.025033277104063566
1.4630219978921497 	 0.025013653992548537
1.4640219978921496 	 0.02499452032325645
1.4650219978921495 	 0.024975838804705906
1.4660219978921494 	 0.024957576729338894
1.4670219978921493 	 0.024939705117528577
1.4680219978921492 	 0.024922198621854866
1.469021997892149 	 0.02490503542054277
1.470021997892149 	 0.024888197106368103
1.4710219978921488 	 0.024871660401880415
1.4720219978921487 	 0.024855374823377088
1.4730219978921486 	 0.024839286375856022
1.4740219978921485 	 0.024823344590729025
1.4750219978921484 	 0.024807502394968033
1.4760219978921483 	 0.02479171599185109
1.4770219978921482 	 0.02477594473299851
1.478021997892148 	 0.024760151036689954
1.479021997892148 	 0.024744300297559068
1.4800219978921478 	 0.024728360782315863
1.4810219978921477 	 0.024712303537543116
1.4820219978921476 	 0.024696102266410655
1.4830219978921475 	 0.02467975642178771
1.4840219978921474 	 0.0246633539109574
1.4850219978921473 	 0.02464700393936124
1.4860219978921472 	 0.024630816537353672
1.487021997892147 	 0.02461490243834697
1.488021997892147 	 0.024599367502410138
1.4890219978921468 	 0.02458420164552643
1.4900219978921467 	 0.024569286942033097
1.4910219978921466 	 0.024554420139987092
1.4920219978921465 	 0.02453920302866586
1.4930219978921464 	 0.02452360216409261
1.4940219978921463 	 0.024507687096499454
1.4950219978921462 	 0.024491528359642037
1.496021997892146 	 0.024475197364733924
1.497021997892146 	 0.024458766235446745
1.4980219978921459 	 0.024442307847905388
1.4990219978921457 	 0.024425895801194964
1.5000219978921456 	 0.024409604359137874
1.5010219978921455 	 0.02439350838847706
1.5020219978921454 	 0.02437768330325069
1.5030219978921453 	 0.024362205073251285
1.5040219978921452 	 0.02434715013952208
1.505021997892145 	 0.024332595362786594
1.506021997892145 	 0.024318606512379312
1.5070219978921449 	 0.02430520701004124
1.5080219978921447 	 0.02429237917710099
1.5090219978921446 	 0.02427998715246695
1.5100219978921445 	 0.024267869586487488
1.5110219978921444 	 0.02425593268805831
1.5120219978921443 	 0.024244327227736097
1.5130219978921442 	 0.02423325576268853
1.514021997892144 	 0.02422283295282258
1.515021997892144 	 0.024213091440874388
1.5160219978921439 	 0.024204060979850582
1.5170219978921438 	 0.024195771554839395
1.5180219978921436 	 0.02418825336617585
1.5190219978921435 	 0.02418153678787964
1.5200219978921434 	 0.02417565231650646
1.5210219978921433 	 0.02417063030655386
1.5220219978921432 	 0.024166500753672014
1.523021997892143 	 0.024163294268610278
1.524021997892143 	 0.024161041461241567
1.5250219978921429 	 0.024159772832491343
1.5260219978921428 	 0.024159517389466045
1.5270219978921427 	 0.024160304472196262
1.5280219978921425 	 0.024162164128884236
1.5290219978921424 	 0.02416512615669366
1.5300219978921423 	 0.024169219607685803
1.5310219978921422 	 0.02417447605709073
1.532021997892142 	 0.024180936543099014
1.533021997892142 	 0.0241886440847646
1.5340219978921419 	 0.024197641377805813
1.5350219978921418 	 0.024207970773742534
1.5360219978921417 	 0.024219674307693204
1.5370219978921416 	 0.02423279373641431
1.5380219978921414 	 0.024247370248370557
1.5390219978921413 	 0.02426343853174617
1.5400219978921412 	 0.024281027201455144
1.5410219978921411 	 0.024300164557410363
1.542021997892141 	 0.024320878941411335
1.543021997892141 	 0.02434319885859994
1.5440219978921408 	 0.02436715290063013
1.5450219978921407 	 0.024392769770072324
1.5460219978921406 	 0.024420078367701457
1.5470219978921405 	 0.024449114988092022
1.5480219978921403 	 0.02447994268061882
1.5490219978921402 	 0.024512631003228983
1.5500219978921401 	 0.024547215795425667
1.55102199789214 	 0.024583634615302576
1.55202199789214 	 0.024621904235203742
1.5530219978921398 	 0.024662067645349495
1.5540219978921397 	 0.024704168613070798
1.5550219978921396 	 0.024748251688168414
1.5560219978921395 	 0.024794362268313143
1.5570219978921394 	 0.024842546702492873
1.5580219978921392 	 0.024892852117078982
1.5590219978921391 	 0.024945326258037095
1.560021997892139 	 0.025000017288418084
1.561021997892139 	 0.025056973533156984
1.5620219978921388 	 0.025116243235148876
1.5630219978921387 	 0.02517787255614177
1.5640219978921386 	 0.025241878522011194
1.5650219978921385 	 0.025308249185024695
1.5660219978921384 	 0.02537696673732468
1.5670219978921383 	 0.025448006532954568
1.5680219978921381 	 0.025521266593048732
1.569021997892138 	 0.025596641347002905
1.570021997892138 	 0.025674112638378033
1.5710219978921378 	 0.02575362179551086
1.5720219978921377 	 0.025835147661425188
1.5730219978921376 	 0.025918643325750168
1.5740219978921375 	 0.026004007548621734
1.5750219978921374 	 0.026091070332559356
1.5760219978921373 	 0.026179575010952208
1.5770219978921372 	 0.02626915662086074
1.578021997892137 	 0.026359315361900174
1.579021997892137 	 0.026449386210894914
1.5800219978921368 	 0.02653850518691716
1.5810219978921367 	 0.026625573786542428
1.5820219978921366 	 0.026709224669081724
1.5830219978921365 	 0.026787793294055208
1.5840219978921364 	 0.026859303385804705
1.5850219978921363 	 0.026921476829782593
1.5860219978921362 	 0.026971781205578253
1.587021997892136 	 0.027007529225246043
1.588021997892136 	 0.02702595004644955
1.5890219978921358 	 0.027023315377532945
1.5900219978921357 	 0.026997238260410877
1.5910219978921356 	 0.026946717789342028
1.5920219978921355 	 0.026871889008339152
1.5930219978921354 	 0.026774226401941315
1.5940219978921353 	 0.026656587253701423
1.5950219978921352 	 0.02652305830606969
1.596021997892135 	 0.026378614179078892
1.597021997892135 	 0.026228644843068895
1.5980219978921348 	 0.02607844314812585
1.5990219978921347 	 0.0259327502643119
1.6000219978921346 	 0.025795431510206638
1.6010219978921345 	 0.025669287684781675
1.6020219978921344 	 0.025555973899666903
1.6030219978921343 	 0.025456178317514993
1.6040219978921342 	 0.025369814455322135
1.605021997892134 	 0.025296214060136817
1.606021997892134 	 0.02523431218478297
1.6070219978921338 	 0.02518280613862991
1.6080219978921337 	 0.025140280507107787
1.6090219978921336 	 0.02510529869482253
1.6100219978921335 	 0.02507646510238246
1.6110219978921334 	 0.025052482997323065
1.6120219978921333 	 0.025032227860715937
1.6130219978921332 	 0.025014698396613
1.614021997892133 	 0.024998970750303117
1.615021997892133 	 0.024984195795691267
1.6160219978921329 	 0.024969619653547034
1.6170219978921327 	 0.024954575679563818
1.6180219978921326 	 0.024938475095857178
1.6190219978921325 	 0.024920797869101678
1.6200219978921324 	 0.024901084264522238
1.6210219978921323 	 0.02487892719563605
1.6220219978921322 	 0.02485396524511106
1.623021997892132 	 0.024825876605515513
1.624021997892132 	 0.024794374537156452
1.6250219978921319 	 0.02475920327375368
1.6260219978921318 	 0.024720134390238575
1.6270219978921316 	 0.024676963628401553
1.6280219978921315 	 0.02462950870654465
1.6290219978921314 	 0.024577607402871685
1.6300219978921313 	 0.02452111594397459
1.6310219978921312 	 0.024459884285456115
1.632021997892131 	 0.024393691374356617
1.633021997892131 	 0.024322312475509127
1.6340219978921309 	 0.024245574788697183
1.6350219978921308 	 0.024163451814529745
1.6360219978921307 	 0.02407596080515968
1.6370219978921305 	 0.023983131158629305
1.6380219978921304 	 0.023885003046403105
1.6390219978921303 	 0.023781598678389634
1.6400219978921302 	 0.02367292460986732
1.64102199789213 	 0.023558999261740186
1.64202199789213 	 0.02343985341374692
1.6430219978921299 	 0.023315530239042394
1.6440219978921298 	 0.023186085672163372
1.6450219978921297 	 0.0230515883740729
1.6460219978921296 	 0.022912119412267028
1.6470219978921294 	 0.02276777162654881
1.6480219978921293 	 0.022618649849770217
1.6490219978921292 	 0.022464870751988286
1.650021997892129 	 0.022306562497600945
1.651021997892129 	 0.022143857590595437
1.652021997892129 	 0.021976874214902006
1.6530219978921288 	 0.021805735769811825
1.6540219978921287 	 0.02163057663400008
1.6550219978921286 	 0.021451541710460466
1.6560219978921285 	 0.021268785709800946
1.6570219978921283 	 0.021082472164154507
1.6580219978921282 	 0.020892773180490324
1.6590219978921281 	 0.020699868856730405
1.660021997892128 	 0.02050394656088178
1.661021997892128 	 0.02030522735965524
1.6620219978921278 	 0.02010403753005489
1.6630219978921277 	 0.019900722511037392
1.6640219978921276 	 0.01969555519963163
1.6650219978921275 	 0.019488742938313375
1.6660219978921273 	 0.01928049252121511
1.6670219978921272 	 0.019071011841315603
1.6680219978921271 	 0.018860509383805374
1.669021997892127 	 0.018649193552983504
1.670021997892127 	 0.018437271939606256
1.6710219978921268 	 0.018224953950737165
1.6720219978921267 	 0.01801245899193405
1.6730219978921266 	 0.01780000572874006
1.6740219978921265 	 0.017587808412564947
1.6750219978921264 	 0.01737607627145154
1.6760219978921262 	 0.017165012915997396
1.6770219978921261 	 0.01695481572709082
1.678021997892126 	 0.016745675450741324
1.679021997892126 	 0.01653777575985825
1.6800219978921258 	 0.01633129281446544
1.6810219978921257 	 0.016126394849670874
1.6820219978921256 	 0.015923241800856348
1.6830219978921255 	 0.015721985077809163
1.6840219978921254 	 0.015522767135965797
1.6850219978921253 	 0.015325721136127412
1.6860219978921251 	 0.015130970660199554
1.687021997892125 	 0.01493862945138556
1.688021997892125 	 0.014748801766413099
1.6890219978921248 	 0.014561594237182235
1.6900219978921247 	 0.014377114116280537
1.6910219978921246 	 0.014195452301956655
1.6920219978921245 	 0.014016670210997303
1.6930219978921244 	 0.013840814071788363
1.6940219978921243 	 0.013667918849429975
1.6950219978921242 	 0.01349800800681457
1.696021997892124 	 0.013331093329562976
1.697021997892124 	 0.013167174792425884
1.6980219978921238 	 0.013006240307796041
1.6990219978921237 	 0.012848265529565285
1.7000219978921236 	 0.012693213687942777
1.7010219978921235 	 0.012527764914290102
1.7020219978921234 	 0.01236440306331368
1.7030219978921233 	 0.012204044993449115
1.7040219978921232 	 0.012046606894382715
1.705021997892123 	 0.011891991542134678
1.706021997892123 	 0.011740088426187352
1.7070219978921228 	 0.011590773938057655
1.7080219978921227 	 0.01144391163182434
1.7090219978921226 	 0.01129935256818751
1.7100219978921225 	 0.01115693575456575
1.7110219978921224 	 0.011016488694469312
1.7120219978921223 	 0.010877828059845463
1.7130219978921222 	 0.010740760500198055
1.714021997892122 	 0.010605083601944234
1.715021997892122 	 0.010470587010595198
1.7160219978921218 	 0.01033705372684298
1.7170219978921217 	 0.010204261585415394
1.7180219978921216 	 0.01007198492254305
1.7190219978921215 	 0.00993999643402348
1.7200219978921214 	 0.009808069221129348
1.7210219978921213 	 0.009675979016012706
1.7220219978921212 	 0.009543506571862122
1.723021997892121 	 0.009410440195995538
1.724021997892121 	 0.009276578396506007
1.7250219978921209 	 0.009141732605265561
1.7260219978921207 	 0.009005729932360623
1.7270219978921206 	 0.008868415899760085
1.7280219978921205 	 0.008729657095625565
1.7290219978921204 	 0.008589343685628062
1.7300219978921203 	 0.008447391714383242
1.7310219978921202 	 0.008303745129085155
1.73202199789212 	 0.008158377458960456
1.73302199789212 	 0.008011293088526921
1.7340219978921199 	 0.00786252806993143
1.7350219978921197 	 0.00771215042980259
1.7360219978921196 	 0.007560259938834636
1.7370219978921195 	 0.007406987327293986
1.7380219978921194 	 0.007252492946196758
1.7390219978921193 	 0.007096964891301354
1.7400219978921192 	 0.006940616624444037
1.741021997892119 	 0.00678368414323377
1.742021997892119 	 0.006626422764853372
1.7430219978921189 	 0.006469103601913251
1.7440219978921188 	 0.0063120098173490135
1.7450219978921186 	 0.006155432750814236
1.7460219978921185 	 0.005999668010687687
1.7470219978921184 	 0.005845011623721201
1.7480219978921183 	 0.0056917563287494045
1.7490219978921182 	 0.005540188092217149
1.750021997892118 	 0.005390582912150583
1.751021997892118 	 0.005243203964307632
1.7520219978921179 	 0.005098299130333086
1.7530219978921178 	 0.004956098933545956
1.7540219978921177 	 0.0048168148941771325
1.7550219978921175 	 0.0046806383030277895
1.7560219978921174 	 0.004547739401092791
1.7570219978921173 	 0.004418266943008308
1.7580219978921172 	 0.004292348114426277
1.759021997892117 	 0.004170088767652465
1.760021997892117 	 0.004051573936059483
1.7610219978921169 	 0.003936868585769512
1.7620219978921168 	 0.003826018562685046
1.7630219978921167 	 0.003719051693899152
1.7640219978921166 	 0.0036159790045642497
1.7650219978921164 	 0.0035167960141872074
1.7660219978921163 	 0.0034214840797896404
1.7670219978921162 	 0.003330011757200239
1.7680219978921161 	 0.0032423361557320893
1.769021997892116 	 0.003158404265475905
1.770021997892116 	 0.003078154240279175
1.7710219978921158 	 0.00300151662308399
1.7720219978921157 	 0.0029284155035930464
1.7730219978921156 	 0.002858769601183497
1.7740219978921155 	 0.0027924932685697104
1.7750219978921153 	 0.0027294974139290425
1.7760219978921152 	 0.0026696903410579776
1.7770219978921151 	 0.002612978508642328
1.778021997892115 	 0.0025592672109314434
1.779021997892115 	 0.0025084611830354106
1.7800219978921148 	 0.0024604651347478784
1.7810219978921147 	 0.0024151842172708653
1.7820219978921146 	 0.0023725244275126667
1.7830219978921145 	 0.002332392954776841
1.7840219978921144 	 0.0022946984746864698
1.7850219978921142 	 0.002259351395119367
1.7860219978921141 	 0.002226264058786168
1.787021997892114 	 0.0021953509068856594
1.788021997892114 	 0.002166528608034697
1.7890219978921138 	 0.0021397161564067663
1.7900219978921137 	 0.0021148349427356898
1.7910219978921136 	 0.0020918088015567543
1.7920219978921135 	 0.002070564037774592
1.7930219978921134 	 0.0020510294353694378
1.7940219978921133 	 0.0020331362507870123
1.7950219978921131 	 0.0020168181933023473
1.796021997892113 	 0.0020020113944089948
1.797021997892113 	 0.0019886543680613118
1.7980219978921128 	 0.001976687963390835
1.7990219978921127 	 0.001966055311327373
1.8000219978921126 	 0.001956701766381585
1.8010219978921125 	 0.0019485748446878464
1.8020219978921124 	 0.0019416241592633914
1.8030219978921123 	 0.0019358013533108225
1.8040219978921122 	 0.0019310600322762373
1.805021997892112 	 0.0019273556952721495
1.806021997892112 	 0.0019246456663830364
1.8070219978921118 	 0.001922889026290615
1.8080219978921117 	 0.0019220465445841488
1.8090219978921116 	 0.0019220806130588793
1.8100219978921115 	 0.001922955180250237
1.8110219978921114 	 0.0019246356874039567
1.8120219978921113 	 0.0019270890060402394
1.8130219978921112 	 0.0019302833772342216
1.814021997892111 	 0.0019341883527040085
1.815021997892111 	 0.001938774737770545
1.8160219978921108 	 0.0019440145362311543
1.8170219978921107 	 0.0019498808971691653
1.8180219978921106 	 0.001956348063705511
1.8190219978921105 	 0.0019633913236848516
1.8200219978921104 	 0.0019709869622772085
1.8210219978921103 	 0.0019791122164667736
1.8220219978921102 	 0.001987745231391999
1.82302199789211 	 0.001996865018495095
1.82402199789211 	 0.002006451415433981
1.8250219978921098 	 0.0020164850477064396
1.8260219978921097 	 0.002026947291933289
1.8270219978921096 	 0.0020378202407456535
1.8280219978921095 	 0.0020490866692200894
1.8290219978921094 	 0.002060730002804863
1.8300219978921093 	 0.0020727342866805904
1.8310219978921092 	 0.0020850841564985165
1.832021997892109 	 0.0020977648104407837
1.833021997892109 	 0.0021107619825474896
1.8340219978921088 	 0.0021240619172569085
1.8350219978921087 	 0.0021376513451062252
1.8360219978921086 	 0.0021515174595419157
1.8370219978921085 	 0.002165647894790145
1.8380219978921084 	 0.002180030704739558
1.8390219978921083 	 0.002194654342790251
1.8400219978921082 	 0.0022095076426245064
1.841021997892108 	 0.0022245797998568036
1.842021997892108 	 0.0022398603545221193
1.8430219978921079 	 0.0022553391743633075
1.8440219978921077 	 0.002271006438880323
1.8450219978921076 	 0.0022868526241052434
1.8460219978921075 	 0.002302868488069279
1.8470219978921074 	 0.00231904505692898
1.8480219978921073 	 0.0023353736117208996
1.8490219978921072 	 0.002351845675715108
1.850021997892107 	 0.0023684530023397664
1.851021997892107 	 0.002385187563649987
1.8520219978921069 	 0.002402041539315925
1.8530219978921068 	 0.002419007306106235
1.8540219978921066 	 0.0024360774278439287
1.8550219978921065 	 0.0024532446458137417
1.8560219978921064 	 0.002470501869600272
1.8570219978921063 	 0.0024878421683378186
1.8580219978921062 	 0.0025052587623539914
1.859021997892106 	 0.0025227450151897647
1.860021997892106 	 0.002540294425979908
1.8610219978921059 	 0.0025579006221785883
1.8620219978921058 	 0.002575557352615814
1.8630219978921057 	 0.0025932584808710953
1.8640219978921055 	 0.0026109979789517785
1.8650219978921054 	 0.0026287699212639137
1.8660219978921053 	 0.0026465684788646113
1.8670219978921052 	 0.0026643879139851083
1.868021997892105 	 0.0026822225748149593
1.869021997892105 	 0.002700066890537653
1.8700219978921049 	 0.002717915366609383
1.8710219978921048 	 0.002735762580272584
1.8720219978921047 	 0.002753603176296678
1.8730219978921046 	 0.0027714318629389586
1.8740219978921044 	 0.0027892434081189343
1.8750219978921043 	 0.002807032635800031
1.8760219978921042 	 0.002824794422572795
1.877021997892104 	 0.0028425236944341833
1.878021997892104 	 0.0028602154237582266
1.879021997892104 	 0.002877864626453074
1.8800219978921038 	 0.002895466359300347
1.8810219978921037 	 0.0029130157174727506
1.8820219978921036 	 0.0029305078322262516
1.8830219978921034 	 0.0029479378687633446
1.8840219978921033 	 0.0029653010242641216
1.8850219978921032 	 0.002982592526082657
1.8860219978921031 	 0.002999807630105187
1.887021997892103 	 0.0030169416192683263
1.888021997892103 	 0.0030339898022345114
1.8890219978921028 	 0.0030509475122224286
1.8900219978921027 	 0.003067810105990614
1.8910219978921026 	 0.0030845729629721663
1.8920219978921025 	 0.003101231484558581
1.8930219978921023 	 0.003117781093531332
1.8940219978921022 	 0.0031342172336390486
1.8950219978921021 	 0.0031505353693191697
1.896021997892102 	 0.003166730985562155
1.897021997892102 	 0.003182799587916795
1.8980219978921018 	 0.003198736702635266
1.8990219978921017 	 0.0032145378769562576
1.9000219978921016 	 0.0032301986795245244
1.9010219978921015 	 0.0032457147009455015
1.9020219978921014 	 0.003261081554473246
1.9030219978921012 	 0.003276294876830018
1.9040219978921011 	 0.003291350329155668
1.905021997892101 	 0.0033062435980852163
1.906021997892101 	 0.0033209703969522466
1.9070219978921008 	 0.0033355264671164975
1.9080219978921007 	 0.0033499075794130545
1.9090219978921006 	 0.003364109535721077
1.9100219978921005 	 0.0033781281706493104
1.9110219978921004 	 0.0033919593533359247
1.9120219978921003 	 0.003405598989359661
1.9130219978921001 	 0.0034190430227593097
1.9140219978921 	 0.003432287438158319
1.9150219978921 	 0.003445328262991033
1.9160219978920998 	 0.0034581615698268736
1.9170219978920997 	 0.003470783478788697
1.9180219978920996 	 0.0034831901600610926
1.9190219978920995 	 0.003495377836484407
1.9200219978920994 	 0.0035073427862296743
1.9210219978920993 	 0.0035190813455500194
1.9220219978920992 	 0.003530589911603062
1.923021997892099 	 0.0035418649453392123
1.924021997892099 	 0.0035529029744502875
1.9250219978920988 	 0.0035637005963727467
1.9260219978920987 	 0.0035742544813390687
1.9270219978920986 	 0.003584561375471601
1.9280219978920985 	 0.0035946181039119398
1.9290219978920984 	 0.003604421573979151
1.9300219978920983 	 0.0036139687783500107
1.9310219978920982 	 0.0036232567982540684
1.932021997892098 	 0.0036322828066759467
1.933021997892098 	 0.00364104407155774
1.9340219978920978 	 0.003649537958993277
1.9350219978920977 	 0.003657761936406946
1.9360219978920976 	 0.003665713575708412
1.9370219978920975 	 0.003673390556415833
1.9380219978920974 	 0.003680790668738591
1.9390219978920973 	 0.0036879118166117924
1.9400219978920972 	 0.0036947520206739187
1.941021997892097 	 0.003701309421179171
1.942021997892097 	 0.003707582280836283
1.9430219978920968 	 0.003713568987565113
1.9440219978920967 	 0.003719268057163131
1.9450219978920966 	 0.0037246781358728706
1.9460219978920965 	 0.003729798002842649
1.9470219978920964 	 0.0037346265724724484
1.9480219978920963 	 0.0037391628966366567
1.9490219978920962 	 0.0037434061667764662
1.950021997892096 	 0.0037473557158539646
1.951021997892096 	 0.0037510110201609595
1.9520219978920959 	 0.003754371700975386
1.9530219978920957 	 0.003757437526058493
1.9540219978920956 	 0.003760208410986743
1.9550219978920955 	 0.0037626844203121745
1.9560219978920954 	 0.0037648657685455
1.9570219978920953 	 0.003766752820957074
1.9580219978920952 	 0.003768346094190556
1.959021997892095 	 0.0037696462566851464
1.960021997892095 	 0.0037706541289025614
1.9610219978920949 	 0.0037713706833551867
1.9620219978920947 	 0.003771797044432835
1.9630219978920946 	 0.003771934488025613
1.9640219978920945 	 0.0037717844409411432
1.9650219978920944 	 0.003771348480115161
1.9660219978920943 	 0.003770628331614506
1.9670219978920942 	 0.003769625869432828
1.968021997892094 	 0.0037683431140792833
1.969021997892094 	 0.0037667822309615205
1.9700219978920939 	 0.0037649455285645073
1.9710219978920938 	 0.0037628354564276305
1.9720219978920936 	 0.0037604546029230143
1.9730219978920935 	 0.0037578056928381795
1.9740219978920934 	 0.003754891584767503
1.9750219978920933 	 0.0037517152683167517
1.9760219978920932 	 0.003748279861125815
1.977021997892093 	 0.003744588605715505
1.978021997892093 	 0.003740644866164156
1.9790219978920929 	 0.0037364521246210265
1.9800219978920928 	 0.0037320139776633073
1.9810219978920927 	 0.003727334132504219
1.9820219978920925 	 0.003722416403060339
1.9830219978920924 	 0.0037172647058861053
1.9840219978920923 	 0.0037118830559841835
1.9850219978920922 	 0.003706275562500844
1.986021997892092 	 0.003700446424315174
1.987021997892092 	 0.003694399925531697
1.9880219978920919 	 0.0036881404308861734
1.9890219978920918 	 0.003681672381074158
1.9900219978920917 	 0.003675000288012244
1.9910219978920916 	 0.0036681287300423483
1.9920219978920914 	 0.0036610623470886183
1.9930219978920913 	 0.0036538058357775314
1.9940219978920912 	 0.00364636394453102
1.9950219978920911 	 0.0036387414686427574
1.996021997892091 	 0.0036309432453475853
1.997021997892091 	 0.0036229741488940123
1.9980219978920908 	 0.003614839085629251
1.9990219978920907 	 0.0036065429891067014
