0.0010219978922 	 0
0.0020219978922 	 0.0
0.0030219978922 	 0.0
0.0040219978922 	 0.0
0.0050219978922 	 0.0
0.0060219978922 	 0.0
0.0070219978922 	 0.0
0.0080219978922 	 0.0
0.009021997892200002 	 0.0
0.010021997892200003 	 0.0
0.011021997892200004 	 0.0
0.012021997892200004 	 0.0
0.013021997892200005 	 0.0
0.014021997892200006 	 0.0
0.015021997892200007 	 0.0
0.016021997892200008 	 0.0
0.01702199789220001 	 0.0
0.01802199789220001 	 0.0
0.01902199789220001 	 0.0
0.02002199789220001 	 0.0
0.021021997892200012 	 0.0
0.022021997892200013 	 0.0
0.023021997892200014 	 0.0
0.024021997892200015 	 0.0
0.025021997892200016 	 0.0
0.026021997892200017 	 0.0
0.027021997892200018 	 0.0
0.02802199789220002 	 0.0
0.02902199789220002 	 0.0
0.03002199789220002 	 0.0
0.03102199789220002 	 0.0
0.03202199789220002 	 0.0
0.03302199789220002 	 0.0
0.03402199789220002 	 0.0
0.03502199789220002 	 0.0
0.03602199789220002 	 0.0
0.03702199789220002 	 0.0
0.038021997892200024 	 0.0
0.039021997892200025 	 0.0
0.040021997892200026 	 0.0
0.04102199789220003 	 0.0
0.04202199789220003 	 0.0
0.04302199789220003 	 0.0
0.04402199789220003 	 0.0
0.04502199789220003 	 0.0
0.04602199789220003 	 0.0
0.04702199789220003 	 0.0
0.04802199789220003 	 0.0
0.049021997892200034 	 0.0
0.050021997892200035 	 0.0
0.051021997892200036 	 0.0
0.052021997892200036 	 0.0
0.05302199789220004 	 0.0
0.05402199789220004 	 0.0
0.05502199789220004 	 0.0
0.05602199789220004 	 0.0
0.05702199789220004 	 0.0
0.05802199789220004 	 0.0
0.05902199789220004 	 0.0
0.060021997892200044 	 0.0
0.061021997892200044 	 0.0
0.062021997892200045 	 0.0
0.06302199789220005 	 0.0
0.06402199789220005 	 0.0
0.06502199789220005 	 0.0
0.06602199789220005 	 0.0
0.06702199789220005 	 0.0
0.06802199789220005 	 0.0
0.06902199789220005 	 0.0
0.07002199789220005 	 0.0
0.07102199789220005 	 0.0
0.07202199789220005 	 0.0
0.07302199789220006 	 0.0
0.07402199789220006 	 0.0
0.07502199789220006 	 0.0
0.07602199789220006 	 0.0
0.07702199789220006 	 0.0
0.07802199789220006 	 0.0
0.07902199789220006 	 0.0
0.08002199789220006 	 0.0
0.08102199789220006 	 0.0
0.08202199789220006 	 0.0
0.08302199789220006 	 0.0
0.08402199789220006 	 0.0
0.08502199789220007 	 0.0
0.08602199789220007 	 0.0
0.08702199789220007 	 0.0
0.08802199789220007 	 0.0
0.08902199789220007 	 0.0
0.09002199789220007 	 0.0
0.09102199789220007 	 0.0
0.09202199789220007 	 0.0
0.09302199789220007 	 0.0
0.09402199789220007 	 0.0
0.09502199789220007 	 0.0
0.09602199789220008 	 0.0
0.09702199789220008 	 0.0
0.09802199789220008 	 0.0
0.09902199789220008 	 0.0
0.10002199789220008 	 0.0
0.10102199789220008 	 0.0
0.10202199789220008 	 0.0
0.10302199789220008 	 0.0
0.10402199789220008 	 0.0
0.10502199789220008 	 0.0
0.10602199789220008 	 0.0
0.10702199789220009 	 0.0
0.10802199789220009 	 0.0
0.10902199789220009 	 0.0
0.11002199789220009 	 0.0
0.11102199789220009 	 0.0
0.11202199789220009 	 0.0
0.11302199789220009 	 0.0
0.11402199789220009 	 0.0
0.11502199789220009 	 0.0
0.1160219978922001 	 0.0
0.1170219978922001 	 0.0
0.1180219978922001 	 0.0
0.1190219978922001 	 0.0
0.1200219978922001 	 0.0
0.1210219978922001 	 0.0
0.1220219978922001 	 0.0
0.1230219978922001 	 0.0
0.1240219978922001 	 0.0
0.1250219978922001 	 0.0
0.1260219978922001 	 0.0
0.1270219978922001 	 0.0
0.1280219978922001 	 0.0
0.1290219978922001 	 0.0
0.1300219978922001 	 0.0
0.1310219978922001 	 0.0
0.1320219978922001 	 0.0
0.1330219978922001 	 0.0
0.1340219978922001 	 0.0
0.1350219978922001 	 0.0
0.1360219978922001 	 0.0
0.1370219978922001 	 0.0
0.1380219978922001 	 0.0
0.1390219978922001 	 0.0
0.1400219978922001 	 0.0
0.1410219978922001 	 0.0
0.1420219978922001 	 0.0
0.1430219978922001 	 0.0
0.1440219978922001 	 0.0
0.1450219978922001 	 0.0
0.1460219978922001 	 0.0
0.1470219978922001 	 0.0
0.1480219978922001 	 0.0
0.1490219978922001 	 0.0
0.1500219978922001 	 0.0
0.1510219978922001 	 0.0
0.1520219978922001 	 0.0
0.1530219978922001 	 0.0
0.1540219978922001 	 0.0
0.15502199789220011 	 0.0
0.15602199789220011 	 0.0
0.15702199789220012 	 0.0
0.15802199789220012 	 0.0
0.15902199789220012 	 0.0
0.16002199789220012 	 0.0
0.16102199789220012 	 0.0
0.16202199789220012 	 0.0
0.16302199789220012 	 0.0
0.16402199789220012 	 0.0
0.16502199789220012 	 0.0
0.16602199789220012 	 0.0
0.16702199789220012 	 0.0
0.16802199789220013 	 0.0
0.16902199789220013 	 0.0
0.17002199789220013 	 0.0
0.17102199789220013 	 0.0
0.17202199789220013 	 0.0
0.17302199789220013 	 0.0
0.17402199789220013 	 0.0
0.17502199789220013 	 0.0
0.17602199789220013 	 0.0
0.17702199789220013 	 0.0
0.17802199789220013 	 0.0
0.17902199789220014 	 0.0
0.18002199789220014 	 0.0
0.18102199789220014 	 0.0
0.18202199789220014 	 0.0
0.18302199789220014 	 0.0
0.18402199789220014 	 0.0
0.18502199789220014 	 0.0
0.18602199789220014 	 0.0
0.18702199789220014 	 0.0
0.18802199789220014 	 0.0
0.18902199789220014 	 0.0
0.19002199789220015 	 0.0
0.19102199789220015 	 0.0
0.19202199789220015 	 0.0
0.19302199789220015 	 0.0
0.19402199789220015 	 0.0
0.19502199789220015 	 0.0
0.19602199789220015 	 0.0
0.19702199789220015 	 0.0
0.19802199789220015 	 0.0
0.19902199789220015 	 0.0
0.20002199789220015 	 0.0
0.20102199789220015 	 0.0
0.20202199789220016 	 0.0
0.20302199789220016 	 0.0
0.20402199789220016 	 0.0
0.20502199789220016 	 0.0
0.20602199789220016 	 0.0
0.20702199789220016 	 0.0
0.20802199789220016 	 0.0
0.20902199789220016 	 0.0
0.21002199789220016 	 0.0
0.21102199789220016 	 0.0
0.21202199789220016 	 0.0
0.21302199789220017 	 0.0
0.21402199789220017 	 0.0
0.21502199789220017 	 0.0
0.21602199789220017 	 0.0
0.21702199789220017 	 0.0
0.21802199789220017 	 0.0
0.21902199789220017 	 0.0
0.22002199789220017 	 0.0
0.22102199789220017 	 0.0
0.22202199789220017 	 0.0
0.22302199789220017 	 0.0
0.22402199789220018 	 0.0
0.22502199789220018 	 0.0
0.22602199789220018 	 0.0
0.22702199789220018 	 0.0
0.22802199789220018 	 0.0
0.22902199789220018 	 0.0
0.23002199789220018 	 0.0
0.23102199789220018 	 0.0
0.23202199789220018 	 0.0
0.23302199789220018 	 0.0
0.23402199789220018 	 0.0
0.23502199789220019 	 0.0
0.23602199789220019 	 0.0
0.2370219978922002 	 0.0
0.2380219978922002 	 0.0
0.2390219978922002 	 0.0
0.2400219978922002 	 0.0
0.2410219978922002 	 0.0
0.2420219978922002 	 0.0
0.2430219978922002 	 0.0
0.2440219978922002 	 0.0
0.2450219978922002 	 0.0
0.2460219978922002 	 0.0
0.2470219978922002 	 0.0
0.2480219978922002 	 0.0
0.2490219978922002 	 0.0
0.2500219978922002 	 0.0
0.2510219978922002 	 0.0
0.2520219978922002 	 0.0
0.2530219978922002 	 0.0
0.2540219978922002 	 0.0
0.2550219978922002 	 0.0
0.2560219978922002 	 0.0
0.2570219978922002 	 0.0
0.2580219978922002 	 0.0
0.2590219978922002 	 0.0
0.2600219978922002 	 0.0
0.2610219978922002 	 0.0
0.2620219978922002 	 0.0
0.2630219978922002 	 0.0
0.2640219978922002 	 0.0
0.2650219978922002 	 0.0
0.2660219978922002 	 0.0
0.2670219978922002 	 0.0
0.2680219978922002 	 0.0
0.2690219978922002 	 0.0
0.2700219978922002 	 0.0
0.2710219978922002 	 0.0
0.2720219978922002 	 0.0
0.2730219978922002 	 0.0
0.2740219978922002 	 0.0
0.2750219978922002 	 0.0
0.2760219978922002 	 0.0
0.2770219978922002 	 0.0
0.2780219978922002 	 0.0
0.2790219978922002 	 0.0
0.2800219978922002 	 0.0
0.2810219978922002 	 0.0
0.2820219978922002 	 0.0
0.2830219978922002 	 0.0
0.28402199789220023 	 0.0
0.28502199789220023 	 0.0
0.28602199789220023 	 0.0
0.28702199789220023 	 0.0
0.28802199789220023 	 0.0
0.28902199789220023 	 0.0
0.29002199789220023 	 0.0
0.29102199789220023 	 0.0
0.29202199789220024 	 0.0
0.29302199789220024 	 0.0
0.29402199789220024 	 0.0
0.29502199789220024 	 0.0
0.29602199789220024 	 0.0
0.29702199789220024 	 0.0
0.29802199789220024 	 0.0
0.29902199789220024 	 0.0
0.30002199789220024 	 0.0
0.30102199789220024 	 0.0
0.30202199789220024 	 0.0
0.30302199789220025 	 0.0
0.30402199789220025 	 0.0
0.30502199789220025 	 0.0
0.30602199789220025 	 0.0
0.30702199789220025 	 0.0
0.30802199789220025 	 0.0
0.30902199789220025 	 0.0
0.31002199789220025 	 0.0
0.31102199789220025 	 0.0
0.31202199789220025 	 0.0
0.31302199789220025 	 0.0
0.31402199789220026 	 0.0
0.31502199789220026 	 0.0
0.31602199789220026 	 0.0
0.31702199789220026 	 0.0
0.31802199789220026 	 0.0
0.31902199789220026 	 0.0
0.32002199789220026 	 0.0
0.32102199789220026 	 0.0
0.32202199789220026 	 0.0
0.32302199789220026 	 0.0
0.32402199789220026 	 0.0
0.32502199789220027 	 0.0
0.32602199789220027 	 0.0
0.32702199789220027 	 0.0
0.32802199789220027 	 0.0
0.32902199789220027 	 0.0
0.33002199789220027 	 0.0
0.33102199789220027 	 0.0
0.33202199789220027 	 0.0
0.33302199789220027 	 0.0
0.3340219978922003 	 0.0
0.3350219978922003 	 0.0
0.3360219978922003 	 0.0
0.3370219978922003 	 0.0
0.3380219978922003 	 0.0
0.3390219978922003 	 0.0
0.3400219978922003 	 0.0
0.3410219978922003 	 0.0
0.3420219978922003 	 0.0
0.3430219978922003 	 0.0
0.3440219978922003 	 0.0
0.3450219978922003 	 0.0
0.3460219978922003 	 0.0
0.3470219978922003 	 0.0
0.3480219978922003 	 0.0
0.3490219978922003 	 0.0
0.3500219978922003 	 0.0
0.3510219978922003 	 0.0
0.3520219978922003 	 0.0
0.3530219978922003 	 0.0
0.3540219978922003 	 0.0
0.3550219978922003 	 0.0
0.3560219978922003 	 0.0
0.3570219978922003 	 0.0
0.3580219978922003 	 0.0
0.3590219978922003 	 0.0
0.3600219978922003 	 0.0
0.3610219978922003 	 0.0
0.3620219978922003 	 0.0
0.3630219978922003 	 0.0
0.3640219978922003 	 0.0
0.3650219978922003 	 0.0
0.3660219978922003 	 0.0
0.3670219978922003 	 0.0
0.3680219978922003 	 0.0
0.3690219978922003 	 0.0
0.3700219978922003 	 0.0
0.3710219978922003 	 0.0
0.3720219978922003 	 0.0
0.3730219978922003 	 0.0
0.3740219978922003 	 0.0
0.3750219978922003 	 0.0
0.3760219978922003 	 0.0
0.3770219978922003 	 0.0
0.3780219978922003 	 0.0
0.3790219978922003 	 0.0
0.3800219978922003 	 0.0
0.3810219978922003 	 0.0
0.3820219978922003 	 0.0
0.3830219978922003 	 0.0
0.3840219978922003 	 0.0
0.3850219978922003 	 0.0
0.3860219978922003 	 0.0
0.3870219978922003 	 0.0
0.3880219978922003 	 0.0
0.3890219978922003 	 0.0
0.3900219978922003 	 0.0
0.3910219978922003 	 0.0
0.3920219978922003 	 0.0
0.3930219978922003 	 0.0
0.3940219978922003 	 0.0
0.3950219978922003 	 0.0
0.39602199789220033 	 0.0
0.39702199789220033 	 0.0
0.39802199789220033 	 0.0
0.39902199789220033 	 0.0
0.40002199789220033 	 0.0
0.40102199789220033 	 0.0
0.40202199789220033 	 0.0
0.40302199789220033 	 0.0
0.40402199789220034 	 0.0
0.40502199789220034 	 0.0
0.40602199789220034 	 0.0
0.40702199789220034 	 0.0
0.40802199789220034 	 0.0
0.40902199789220034 	 0.0
0.41002199789220034 	 0.0
0.41102199789220034 	 0.0
0.41202199789220034 	 0.0
0.41302199789220034 	 0.0
0.41402199789220034 	 0.0
0.41502199789220034 	 0.0
0.41602199789220035 	 0.0
0.41702199789220035 	 0.0
0.41802199789220035 	 0.0
0.41902199789220035 	 0.0
0.42002199789220035 	 0.0
0.42102199789220035 	 0.0
0.42202199789220035 	 0.0
0.42302199789220035 	 0.0
0.42402199789220035 	 0.0
0.42502199789220035 	 0.0
0.42602199789220035 	 0.0
0.42702199789220036 	 0.0
0.42802199789220036 	 0.0
0.42902199789220036 	 0.0
0.43002199789220036 	 0.0
0.43102199789220036 	 0.0
0.43202199789220036 	 0.0
0.43302199789220036 	 0.0
0.43402199789220036 	 0.0
0.43502199789220036 	 0.0
0.43602199789220036 	 0.0
0.43702199789220036 	 0.0
0.43802199789220037 	 0.0
0.43902199789220037 	 0.0
0.44002199789220037 	 0.0
0.44102199789220037 	 0.0
0.44202199789220037 	 0.0
0.44302199789220037 	 0.0
0.44402199789220037 	 0.0
0.44502199789220037 	 0.0
0.4460219978922004 	 0.0
0.4470219978922004 	 0.0
0.4480219978922004 	 0.0
0.4490219978922004 	 0.0
0.4500219978922004 	 0.0
0.4510219978922004 	 0.0
0.4520219978922004 	 0.0
0.4530219978922004 	 0.0
0.4540219978922004 	 0.0
0.4550219978922004 	 0.0
0.4560219978922004 	 0.0
0.4570219978922004 	 0.0
0.4580219978922004 	 0.0
0.4590219978922004 	 0.0
0.4600219978922004 	 0.0
0.4610219978922004 	 0.0
0.4620219978922004 	 0.0
0.4630219978922004 	 0.0
0.4640219978922004 	 0.0
0.4650219978922004 	 0.0
0.4660219978922004 	 0.0
0.4670219978922004 	 0.0
0.4680219978922004 	 0.0
0.4690219978922004 	 0.0
0.4700219978922004 	 0.0
0.4710219978922004 	 0.0
0.4720219978922004 	 0.0
0.4730219978922004 	 0.0
0.4740219978922004 	 0.0
0.4750219978922004 	 0.0
0.4760219978922004 	 0.0
0.4770219978922004 	 0.0
0.4780219978922004 	 0.0
0.4790219978922004 	 0.0
0.4800219978922004 	 0.0
0.4810219978922004 	 0.0
0.4820219978922004 	 0.0
0.4830219978922004 	 0.0
0.4840219978922004 	 0.0
0.4850219978922004 	 0.0
0.4860219978922004 	 0.0
0.4870219978922004 	 0.0
0.4880219978922004 	 0.0
0.4890219978922004 	 0.0
0.4900219978922004 	 0.0
0.4910219978922004 	 0.0
0.4920219978922004 	 0.0
0.4930219978922004 	 0.0
0.4940219978922004 	 0.0
0.4950219978922004 	 0.0
0.4960219978922004 	 0.0
0.4970219978922004 	 0.0
0.4980219978922004 	 0.0
0.4990219978922004 	 0.0
0.5000219978922004 	 0.0
0.5010219978922004 	 0.0
0.5020219978922004 	 0.0
0.5030219978922004 	 0.0
0.5040219978922004 	 0.0
0.5050219978922004 	 0.0
0.5060219978922004 	 0.0
0.5070219978922004 	 0.0
0.5080219978922004 	 0.0
0.5090219978922004 	 0.0
0.5100219978922004 	 0.0
0.5110219978922004 	 0.0
0.5120219978922004 	 0.0
0.5130219978922004 	 0.0
0.5140219978922004 	 0.0
0.5150219978922004 	 0.0
0.5160219978922004 	 0.0
0.5170219978922004 	 0.0
0.5180219978922004 	 0.0
0.5190219978922004 	 0.0
0.5200219978922004 	 0.0
0.5210219978922004 	 0.0
0.5220219978922004 	 0.0
0.5230219978922004 	 0.0
0.5240219978922004 	 0.0
0.5250219978922004 	 0.0
0.5260219978922004 	 0.0
0.5270219978922004 	 0.0
0.5280219978922004 	 0.0
0.5290219978922004 	 0.0
0.5300219978922004 	 0.0
0.5310219978922004 	 0.0
0.5320219978922004 	 0.0
0.5330219978922004 	 0.0
0.5340219978922004 	 0.0
0.5350219978922004 	 0.0
0.5360219978922004 	 0.0
0.5370219978922004 	 0.0
0.5380219978922004 	 0.0
0.5390219978922004 	 0.0
0.5400219978922004 	 0.0
0.5410219978922004 	 0.0
0.5420219978922004 	 0.0
0.5430219978922004 	 0.0
0.5440219978922004 	 0.0
0.5450219978922004 	 0.0
0.5460219978922004 	 0.0
0.5470219978922004 	 0.0
0.5480219978922004 	 0.0
0.5490219978922004 	 0.0
0.5500219978922004 	 0.0
0.5510219978922004 	 0.0
0.5520219978922004 	 0.0
0.5530219978922004 	 0.0
0.5540219978922004 	 0.0
0.5550219978922004 	 0.0
0.5560219978922004 	 0.0
0.5570219978922004 	 0.0
0.5580219978922004 	 0.0
0.5590219978922004 	 0.0
0.5600219978922004 	 0.0
0.5610219978922004 	 0.0
0.5620219978922004 	 0.0
0.5630219978922004 	 0.0
0.5640219978922004 	 0.0
0.5650219978922004 	 0.0
0.5660219978922004 	 0.0
0.5670219978922004 	 0.0
0.5680219978922004 	 0.0
0.5690219978922004 	 0.0
0.5700219978922004 	 0.0
0.5710219978922004 	 0.0
0.5720219978922004 	 0.0
0.5730219978922004 	 0.0
0.5740219978922004 	 0.0
0.5750219978922004 	 0.0
0.5760219978922004 	 0.0
0.5770219978922004 	 0.0
0.5780219978922004 	 0.0
0.5790219978922004 	 0.0
0.5800219978922004 	 0.0
0.5810219978922004 	 0.0
0.5820219978922004 	 0.0
0.5830219978922004 	 0.0
0.5840219978922004 	 0.0
0.5850219978922004 	 0.0
0.5860219978922004 	 0.0
0.5870219978922004 	 0.0
0.5880219978922004 	 0.0
0.5890219978922004 	 0.0
0.5900219978922004 	 0.0
0.5910219978922004 	 0.0
0.5920219978922004 	 0.0
0.5930219978922004 	 0.0
0.5940219978922004 	 0.0
0.5950219978922004 	 0.0
0.5960219978922005 	 0.0
0.5970219978922005 	 0.0
0.5980219978922005 	 0.0
0.5990219978922005 	 0.0
0.6000219978922005 	 0.0
0.6010219978922005 	 0.0
0.6020219978922005 	 0.0
0.6030219978922005 	 0.0
0.6040219978922005 	 0.0
0.6050219978922005 	 0.0
0.6060219978922005 	 0.0
0.6070219978922005 	 0.0
0.6080219978922005 	 0.0
0.6090219978922005 	 0.0
0.6100219978922005 	 0.0
0.6110219978922005 	 0.0
0.6120219978922005 	 0.0
0.6130219978922005 	 0.0
0.6140219978922005 	 0.0
0.6150219978922005 	 0.0
0.6160219978922005 	 0.0
0.6170219978922005 	 0.0
0.6180219978922005 	 0.0
0.6190219978922005 	 0.0
0.6200219978922005 	 0.0
0.6210219978922005 	 0.0
0.6220219978922005 	 0.0
0.6230219978922005 	 0.0
0.6240219978922005 	 0.0
0.6250219978922005 	 0.0
0.6260219978922005 	 0.0
0.6270219978922005 	 0.0
0.6280219978922005 	 0.0
0.6290219978922005 	 0.0
0.6300219978922005 	 0.0
0.6310219978922005 	 0.0
0.6320219978922005 	 0.0
0.6330219978922005 	 0.0
0.6340219978922005 	 0.0
0.6350219978922005 	 0.0
0.6360219978922005 	 0.0
0.6370219978922005 	 0.0
0.6380219978922005 	 0.0
0.6390219978922005 	 0.0
0.6400219978922005 	 0.0
0.6410219978922005 	 0.0
0.6420219978922005 	 0.0
0.6430219978922005 	 0.0
0.6440219978922005 	 0.0
0.6450219978922005 	 0.0
0.6460219978922005 	 0.0
0.6470219978922005 	 0.0
0.6480219978922005 	 0.0
0.6490219978922005 	 0.0
0.6500219978922005 	 0.0
0.6510219978922005 	 0.0
0.6520219978922005 	 0.0
0.6530219978922005 	 0.0
0.6540219978922005 	 0.0
0.6550219978922005 	 0.0
0.6560219978922005 	 0.0
0.6570219978922005 	 0.0
0.6580219978922005 	 0.0
0.6590219978922005 	 0.0
0.6600219978922005 	 0.0
0.6610219978922005 	 0.0
0.6620219978922005 	 0.0
0.6630219978922005 	 0.0
0.6640219978922005 	 0.0
0.6650219978922005 	 0.0
0.6660219978922005 	 0.0
0.6670219978922005 	 0.0
0.6680219978922005 	 0.0
0.6690219978922005 	 0.0
0.6700219978922005 	 0.0
0.6710219978922005 	 0.0
0.6720219978922005 	 0.0
0.6730219978922005 	 0.0
0.6740219978922005 	 0.0
0.6750219978922005 	 0.0
0.6760219978922005 	 0.0
0.6770219978922005 	 0.0
0.6780219978922005 	 0.0
0.6790219978922005 	 0.0
0.6800219978922005 	 0.0
0.6810219978922005 	 0.0
0.6820219978922005 	 0.0
0.6830219978922005 	 0.0
0.6840219978922005 	 0.0
0.6850219978922005 	 0.0
0.6860219978922005 	 0.0
0.6870219978922005 	 0.0
0.6880219978922005 	 0.0
0.6890219978922005 	 0.0
0.6900219978922005 	 0.0
0.6910219978922005 	 0.0
0.6920219978922005 	 0.0
0.6930219978922005 	 0.0
0.6940219978922005 	 0.0
0.6950219978922005 	 0.0
0.6960219978922005 	 0.0
0.6970219978922005 	 0.0
0.6980219978922005 	 0.0
0.6990219978922005 	 0.0
0.7000219978922005 	 0.0
0.7010219978922005 	 0.0
0.7020219978922005 	 0.0
0.7030219978922005 	 0.0
0.7040219978922005 	 0.0
0.7050219978922005 	 0.0
0.7060219978922005 	 0.0
0.7070219978922005 	 0.0
0.7080219978922005 	 0.0
0.7090219978922006 	 0.0
0.7100219978922006 	 0.0
0.7110219978922006 	 0.0
0.7120219978922006 	 0.0
0.7130219978922006 	 0.0
0.7140219978922006 	 0.0
0.7150219978922006 	 0.0
0.7160219978922006 	 0.0
0.7170219978922006 	 0.0
0.7180219978922006 	 0.0
0.7190219978922006 	 0.0
0.7200219978922006 	 0.0
0.7210219978922006 	 0.0
0.7220219978922006 	 0.0
0.7230219978922006 	 0.0
0.7240219978922006 	 0.0
0.7250219978922006 	 0.0
0.7260219978922006 	 0.0
0.7270219978922006 	 0.0
0.7280219978922006 	 0.0
0.7290219978922006 	 0.0
0.7300219978922006 	 0.0
0.7310219978922006 	 0.0
0.7320219978922006 	 0.0
0.7330219978922006 	 0.0
0.7340219978922006 	 0.0
0.7350219978922006 	 0.0
0.7360219978922006 	 0.0
0.7370219978922006 	 0.0
0.7380219978922006 	 0.0
0.7390219978922006 	 0.0
0.7400219978922006 	 0.0
0.7410219978922006 	 0.0
0.7420219978922006 	 0.0
0.7430219978922006 	 0.0
0.7440219978922006 	 0.0
0.7450219978922006 	 0.0
0.7460219978922006 	 0.0
0.7470219978922006 	 0.0
0.7480219978922006 	 0.0
0.7490219978922006 	 0.0
0.7500219978922006 	 0.0
0.7510219978922006 	 0.0
0.7520219978922006 	 0.0
0.7530219978922006 	 0.0
0.7540219978922006 	 0.0
0.7550219978922006 	 0.0
0.7560219978922006 	 0.0
0.7570219978922006 	 0.0
0.7580219978922006 	 0.0
0.7590219978922006 	 0.0
0.7600219978922006 	 0.0
0.7610219978922006 	 0.0
0.7620219978922006 	 0.0
0.7630219978922006 	 0.0
0.7640219978922006 	 0.0
0.7650219978922006 	 0.0
0.7660219978922006 	 0.0
0.7670219978922006 	 0.0
0.7680219978922006 	 0.0
0.7690219978922006 	 0.0
0.7700219978922006 	 0.0
0.7710219978922006 	 0.0
0.7720219978922006 	 0.0
0.7730219978922006 	 0.0
0.7740219978922006 	 0.0
0.7750219978922006 	 0.0
0.7760219978922006 	 0.0
0.7770219978922006 	 0.0
0.7780219978922006 	 0.0
0.7790219978922006 	 0.0
0.7800219978922006 	 0.0
0.7810219978922006 	 0.0
0.7820219978922006 	 0.0
0.7830219978922006 	 0.0
0.7840219978922006 	 0.0
0.7850219978922006 	 0.0
0.7860219978922006 	 0.0
0.7870219978922006 	 0.0
0.7880219978922006 	 0.0
0.7890219978922006 	 0.0
0.7900219978922006 	 0.0
0.7910219978922006 	 0.0
0.7920219978922006 	 0.0
0.7930219978922006 	 0.0
0.7940219978922006 	 0.0
0.7950219978922006 	 0.0
0.7960219978922006 	 0.0
0.7970219978922006 	 0.0
0.7980219978922006 	 0.0
0.7990219978922006 	 0.0
0.8000219978922006 	 0.0
0.8010219978922006 	 0.0
0.8020219978922006 	 0.0
0.8030219978922006 	 0.0
0.8040219978922006 	 0.0
0.8050219978922006 	 0.0
0.8060219978922006 	 0.0
0.8070219978922006 	 0.0
0.8080219978922006 	 0.0
0.8090219978922006 	 0.0
0.8100219978922006 	 0.0
0.8110219978922006 	 0.0
0.8120219978922006 	 0.0
0.8130219978922006 	 0.0
0.8140219978922006 	 0.0
0.8150219978922006 	 0.0
0.8160219978922006 	 0.0
0.8170219978922006 	 0.0
0.8180219978922006 	 0.0
0.8190219978922006 	 0.0
0.8200219978922006 	 0.0
0.8210219978922007 	 0.0
0.8220219978922007 	 0.0
0.8230219978922007 	 0.0
0.8240219978922007 	 0.0
0.8250219978922007 	 0.0
0.8260219978922007 	 0.0
0.8270219978922007 	 0.0
0.8280219978922007 	 0.0
0.8290219978922007 	 0.0
0.8300219978922007 	 0.0
0.8310219978922007 	 0.0
0.8320219978922007 	 0.0
0.8330219978922007 	 0.0
0.8340219978922007 	 0.0
0.8350219978922007 	 0.0
0.8360219978922007 	 0.0
0.8370219978922007 	 0.0
0.8380219978922007 	 0.0
0.8390219978922007 	 0.0
0.8400219978922007 	 0.0
0.8410219978922007 	 0.0
0.8420219978922007 	 0.0
0.8430219978922007 	 0.0
0.8440219978922007 	 0.0
0.8450219978922007 	 0.0
0.8460219978922007 	 0.0
0.8470219978922007 	 0.0
0.8480219978922007 	 0.0
0.8490219978922007 	 0.0
0.8500219978922007 	 0.0
0.8510219978922007 	 0.0
0.8520219978922007 	 0.0
0.8530219978922007 	 0.0
0.8540219978922007 	 0.0
0.8550219978922007 	 0.0
0.8560219978922007 	 0.0
0.8570219978922007 	 0.0
0.8580219978922007 	 0.0
0.8590219978922007 	 0.0
0.8600219978922007 	 0.0
0.8610219978922007 	 0.0
0.8620219978922007 	 0.0
0.8630219978922007 	 0.0
0.8640219978922007 	 0.0
0.8650219978922007 	 0.0
0.8660219978922007 	 0.0
0.8670219978922007 	 0.0
0.8680219978922007 	 0.0
0.8690219978922007 	 0.0
0.8700219978922007 	 0.0
0.8710219978922007 	 0.0
0.8720219978922007 	 0.0
0.8730219978922007 	 0.0
0.8740219978922007 	 0.0
0.8750219978922007 	 0.0
0.8760219978922007 	 0.0
0.8770219978922007 	 0.0
0.8780219978922007 	 0.0
0.8790219978922007 	 0.0
0.8800219978922007 	 0.0
0.8810219978922007 	 0.0
0.8820219978922007 	 0.0
0.8830219978922007 	 0.0
0.8840219978922007 	 0.0
0.8850219978922007 	 0.0
0.8860219978922007 	 0.0
0.8870219978922007 	 0.0
0.8880219978922007 	 0.0
0.8890219978922007 	 0.0
0.8900219978922007 	 0.0
0.8910219978922007 	 0.0
0.8920219978922007 	 0.0
0.8930219978922007 	 0.0
0.8940219978922007 	 0.0
0.8950219978922007 	 0.0
0.8960219978922007 	 0.0
0.8970219978922007 	 0.0
0.8980219978922007 	 0.0
0.8990219978922007 	 0.0
0.9000219978922007 	 0.0
0.9010219978922007 	 0.0
0.9020219978922007 	 0.0
0.9030219978922007 	 0.0
0.9040219978922007 	 0.0
0.9050219978922007 	 0.0
0.9060219978922007 	 0.0
0.9070219978922007 	 0.0
0.9080219978922007 	 0.0
0.9090219978922007 	 0.0
0.9100219978922007 	 0.0
0.9110219978922007 	 0.0
0.9120219978922007 	 0.0
0.9130219978922007 	 0.0
0.9140219978922007 	 0.0
0.9150219978922007 	 0.0
0.9160219978922007 	 0.0
0.9170219978922007 	 0.0
0.9180219978922007 	 0.0
0.9190219978922007 	 0.0
0.9200219978922007 	 0.0
0.9210219978922007 	 0.0
0.9220219978922007 	 0.0
0.9230219978922007 	 0.0
0.9240219978922007 	 0.0
0.9250219978922007 	 0.0
0.9260219978922007 	 0.0
0.9270219978922007 	 0.0
0.9280219978922007 	 0.0
0.9290219978922007 	 0.0
0.9300219978922007 	 0.0
0.9310219978922007 	 0.0
0.9320219978922007 	 0.0
0.9330219978922007 	 0.0
0.9340219978922008 	 0.0
0.9350219978922008 	 0.0
0.9360219978922008 	 0.0
0.9370219978922008 	 0.0
0.9380219978922008 	 0.0
0.9390219978922008 	 0.0
0.9400219978922008 	 0.0
0.9410219978922008 	 0.0
0.9420219978922008 	 0.0
0.9430219978922008 	 0.0
0.9440219978922008 	 0.0
0.9450219978922008 	 0.0
0.9460219978922008 	 0.0
0.9470219978922008 	 0.0
0.9480219978922008 	 0.0
0.9490219978922008 	 0.0
0.9500219978922008 	 0.0
0.9510219978922008 	 0.0
0.9520219978922008 	 0.0
0.9530219978922008 	 0.0
0.9540219978922008 	 0.0
0.9550219978922008 	 0.0
0.9560219978922008 	 0.0
0.9570219978922008 	 0.0
0.9580219978922008 	 0.0
0.9590219978922008 	 0.0
0.9600219978922008 	 0.0
0.9610219978922008 	 0.0
0.9620219978922008 	 0.0
0.9630219978922008 	 0.0
0.9640219978922008 	 0.0
0.9650219978922008 	 0.0
0.9660219978922008 	 0.0
0.9670219978922008 	 0.0
0.9680219978922008 	 0.0
0.9690219978922008 	 0.0
0.9700219978922008 	 0.0
0.9710219978922008 	 0.0
0.9720219978922008 	 0.0
0.9730219978922008 	 0.0
0.9740219978922008 	 0.0
0.9750219978922008 	 0.0
0.9760219978922008 	 0.0
0.9770219978922008 	 0.0
0.9780219978922008 	 0.0
0.9790219978922008 	 0.0
0.9800219978922008 	 0.0
0.9810219978922008 	 0.0
0.9820219978922008 	 0.0
0.9830219978922008 	 0.0
0.9840219978922008 	 0.0
0.9850219978922008 	 0.0
0.9860219978922008 	 0.0
0.9870219978922008 	 0.0
0.9880219978922008 	 0.0
0.9890219978922008 	 0.0
0.9900219978922008 	 0.0
0.9910219978922008 	 0.0
0.9920219978922008 	 0.0
0.9930219978922008 	 0.0
0.9940219978922008 	 0.0
0.9950219978922008 	 0.0
0.9960219978922008 	 0.0
0.9970219978922008 	 0.0
0.9980219978922008 	 0.0
0.9990219978922008 	 0.0
1.0000219978922007 	 0.0
1.0010219978922006 	 0.0
1.0020219978922005 	 0.0
1.0030219978922004 	 0.0
1.0040219978922003 	 0.0
1.0050219978922001 	 0.0
1.0060219978922 	 0.0
1.0070219978922 	 0.0
1.0080219978921998 	 0.0
1.0090219978921997 	 0.0
1.0100219978921996 	 0.0
1.0110219978921995 	 0.0
1.0120219978921994 	 0.0
1.0130219978921993 	 0.0
1.0140219978921992 	 0.0
1.015021997892199 	 0.0
1.016021997892199 	 0.0
1.0170219978921988 	 0.0
1.0180219978921987 	 0.0
1.0190219978921986 	 0.0
1.0200219978921985 	 0.0
1.0210219978921984 	 0.0
1.0220219978921983 	 0.0
1.0230219978921982 	 0.0
1.024021997892198 	 0.0
1.025021997892198 	 0.0
1.0260219978921978 	 0.0
1.0270219978921977 	 0.0
1.0280219978921976 	 0.0
1.0290219978921975 	 0.0
1.0300219978921974 	 0.0
1.0310219978921973 	 0.0
1.0320219978921972 	 0.0
1.033021997892197 	 0.0
1.034021997892197 	 0.0
1.0350219978921968 	 0.0
1.0360219978921967 	 0.0
1.0370219978921966 	 0.0
1.0380219978921965 	 0.0
1.0390219978921964 	 0.0
1.0400219978921963 	 0.0
1.0410219978921962 	 0.0
1.042021997892196 	 0.0
1.043021997892196 	 0.0
1.0440219978921959 	 0.0
1.0450219978921957 	 0.0
1.0460219978921956 	 0.0
1.0470219978921955 	 0.0
1.0480219978921954 	 0.0
1.0490219978921953 	 0.0
1.0500219978921952 	 0.0
1.051021997892195 	 0.0
1.052021997892195 	 0.0
1.0530219978921949 	 0.0
1.0540219978921948 	 0.0
1.0550219978921946 	 0.0
1.0560219978921945 	 0.0
1.0570219978921944 	 0.0
1.0580219978921943 	 0.0
1.0590219978921942 	 0.0
1.060021997892194 	 0.0
1.061021997892194 	 0.0
1.0620219978921939 	 6.674198711721298e-09
1.0630219978921938 	 1.0044480532442653e-07
1.0640219978921936 	 2.747546293795545e-07
1.0650219978921935 	 5.216105157480009e-07
1.0660219978921934 	 8.382132697395144e-07
1.0670219978921933 	 1.2232464131885907e-06
1.0680219978921932 	 1.6760321891249788e-06
1.069021997892193 	 2.1962536857691466e-06
1.070021997892193 	 2.783757108365033e-06
1.0710219978921929 	 3.4385441126910896e-06
1.0720219978921928 	 4.160670610304165e-06
1.0730219978921927 	 4.950255330653752e-06
1.0740219978921925 	 5.807454374112855e-06
1.0750219978921924 	 6.7324506388705265e-06
1.0760219978921923 	 7.7254512667161e-06
1.0770219978921922 	 8.78666498065607e-06
1.078021997892192 	 9.916326027765503e-06
1.079021997892192 	 1.1114673876891792e-05
1.0800219978921919 	 1.2381960940151216e-05
1.0810219978921918 	 1.3718426622527724e-05
1.0820219978921917 	 1.5124300514740415e-05
1.0830219978921916 	 1.6599797774509273e-05
1.0840219978921914 	 1.814510816802289e-05
1.0850219978921913 	 1.9760432086928036e-05
1.0860219978921912 	 2.1445926053746807e-05
1.0870219978921911 	 2.3201770720359153e-05
1.088021997892191 	 2.502824648278593e-05
1.089021997892191 	 2.6925634685437372e-05
1.0900219978921908 	 2.8894190434497756e-05
1.0910219978921907 	 3.093417759869711e-05
1.0920219978921906 	 3.304583104087282e-05
1.0930219978921905 	 3.5229382639927275e-05
1.0940219978921903 	 3.748501646117192e-05
1.0950219978921902 	 3.981296066690077e-05
1.0960219978921901 	 4.221341905134323e-05
1.09702199789219 	 4.4686580288004353e-05
1.09802199789219 	 4.723263796449677e-05
1.0990219978921898 	 4.9851799236437124e-05
1.1000219978921897 	 5.2544213200111364e-05
1.1010219978921896 	 5.5310090858043756e-05
1.1020219978921895 	 5.814962655451799e-05
1.1030219978921894 	 6.106308486205837e-05
1.1040219978921892 	 6.405072154685419e-05
1.1050219978921891 	 6.711279093233787e-05
1.106021997892189 	 7.024957733161902e-05
1.107021997892189 	 7.346131459515489e-05
1.1080219978921888 	 7.67481031850377e-05
1.1090219978921887 	 8.010998315780957e-05
1.1100219978921886 	 8.354695048168784e-05
1.1110219978921885 	 8.705905163773639e-05
1.1120219978921884 	 9.06465289043528e-05
1.1130219978921883 	 9.43097153896166e-05
1.1140219978921881 	 9.804889004697622e-05
1.115021997892188 	 0.00010186431871307251
1.116021997892188 	 0.00010575623199329194
1.1170219978921878 	 0.00010972491562642195
1.1180219978921877 	 0.00011377064362511561
1.1190219978921876 	 0.0001178936895044339
1.1200219978921875 	 0.0001220943620760491
1.1210219978921874 	 0.00012637288745672665
1.1220219978921873 	 0.00013072934954435679
1.1230219978921872 	 0.00013516370130656926
1.124021997892187 	 0.00013967592773635415
1.125021997892187 	 0.0001442659281424619
1.1260219978921868 	 0.00014893361136425996
1.1270219978921867 	 0.00015367882876802554
1.1280219978921866 	 0.0001585016094277541
1.1290219978921865 	 0.00016340264204984988
1.1300219978921864 	 0.0001683829124557898
1.1310219978921863 	 0.00017344326048573827
1.1320219978921862 	 0.00017858398606304587
1.133021997892186 	 0.00018380517428779976
1.134021997892186 	 0.00018910693624008977
1.1350219978921858 	 0.00019448675829917097
1.1360219978921857 	 0.0001999499371093672
1.1370219978921856 	 0.00020549387477941146
1.1380219978921855 	 0.00021111860659716198
1.1390219978921854 	 0.00021682425499983373
1.1400219978921853 	 0.0002226109769405966
1.1410219978921852 	 0.00022847895843546717
1.142021997892185 	 0.00023442820708274796
1.143021997892185 	 0.0002404587297019982
1.1440219978921848 	 0.00024657054751943
1.1450219978921847 	 0.00025276391542367304
1.1460219978921846 	 0.0002590391071348868
1.1470219978921845 	 0.00026539646530782536
1.1480219978921844 	 0.00027183629927301557
1.1490219978921843 	 0.00027835893080429376
1.1500219978921842 	 0.00028496474201301165
1.151021997892184 	 0.00029165403819546103
1.152021997892184 	 0.00029842704997080785
1.1530219978921838 	 0.0003052839530171056
1.1540219978921837 	 0.00031222494743933646
1.1550219978921836 	 0.00031925019521247177
1.1560219978921835 	 0.0003263598685147481
1.1570219978921834 	 0.00033355416787208197
1.1580219978921833 	 0.0003408332460133724
1.1590219978921832 	 0.0003481973101181731
1.160021997892183 	 0.0003556465083400444
1.161021997892183 	 0.0003631809920404532
1.1620219978921829 	 0.00037080075512014183
1.1630219978921827 	 0.0003785057369640845
1.1640219978921826 	 0.00038629607000791673
1.1650219978921825 	 0.00039417202960805606
1.1660219978921824 	 0.00040213407050738173
1.1670219978921823 	 0.000410182643849916
1.1680219978921822 	 0.0004183182200531852
1.169021997892182 	 0.00042654133665754294
1.170021997892182 	 0.000434852494317169
1.1710219978921819 	 0.0004432521613783272
1.1720219978921818 	 0.0004517404341092721
1.1730219978921816 	 0.0004603173403937081
1.1740219978921815 	 0.00046898286734971885
1.1750219978921814 	 0.00047773698118262114
1.1760219978921813 	 0.0004865796793101583
1.1770219978921812 	 0.0004955108862399064
1.178021997892181 	 0.0005045305194001778
1.179021997892181 	 0.0005136385250133275
1.1800219978921809 	 0.0005228347917534648
1.1810219978921808 	 0.0005321194357529434
1.1820219978921807 	 0.0005414932991425927
1.1830219978921805 	 0.0005509575056360194
1.1840219978921804 	 0.0005605132989315398
1.1850219978921803 	 0.0005701619026158177
1.1860219978921802 	 0.0005799046353397124
1.18702199789218 	 0.0005897422624343952
1.18802199789218 	 0.0005996733411025054
1.1890219978921799 	 0.000609696904087755
1.1900219978921798 	 0.000619812924583037
1.1910219978921797 	 0.0006300214461878732
1.1920219978921796 	 0.0006403225417592811
1.1930219978921794 	 0.0006507162874169228
1.1940219978921793 	 0.0006612027993887142
1.1950219978921792 	 0.0006717821402032987
1.1960219978921791 	 0.0006824543701487352
1.197021997892179 	 0.0006932195686593522
1.198021997892179 	 0.0007040777816199347
1.1990219978921788 	 0.0007150290736984193
1.2000219978921787 	 0.0007260734710838501
1.2010219978921786 	 0.0007372112579442028
1.2020219978921785 	 0.0007484436893598029
1.2030219978921783 	 0.0007597722740335812
1.2040219978921782 	 0.0007711985814363884
1.2050219978921781 	 0.0007827240145289723
1.206021997892178 	 0.0007943489102109767
1.207021997892178 	 0.0008060734019310931
1.2080219978921778 	 0.0008178975761186085
1.2090219978921777 	 0.0008298215235022601
1.2100219978921776 	 0.0008418453396292744
1.2110219978921775 	 0.0008539691881154661
1.2120219978921773 	 0.0008661936204328112
1.2130219978921772 	 0.0008785193163758511
1.2140219978921771 	 0.0008909463629229808
1.215021997892177 	 0.0009034743047460519
1.216021997892177 	 0.0009161026564158537
1.2170219978921768 	 0.0009288308695941547
1.2180219978921767 	 0.0009416583852471167
1.2190219978921766 	 0.0009545845811764252
1.2200219978921765 	 0.0009676087922875729
1.2210219978921764 	 0.0009807309425500816
1.2220219978921762 	 0.0009939530935135098
1.2230219978921761 	 0.0010072779163053452
1.224021997892176 	 0.0010207082155913104
1.225021997892176 	 0.0010342468882825898
1.2260219978921758 	 0.0010478961371204948
1.2270219978921757 	 0.0010616552967403158
1.2280219978921756 	 0.0010755229163634916
1.2290219978921755 	 0.001089497465730765
1.2300219978921754 	 0.001103577366051073
1.2310219978921753 	 0.0011177613871306072
1.2320219978921751 	 0.0011320500617364895
1.233021997892175 	 0.001146444325510591
1.234021997892175 	 0.0011609451526650239
1.2350219978921748 	 0.0011755535454755265
1.2360219978921747 	 0.0011902705344882854
1.2370219978921746 	 0.001205097178700988
1.2380219978921745 	 0.0012200345079090638
1.2390219978921744 	 0.0012350823629412712
1.2400219978921743 	 0.0012502394048551802
1.2410219978921742 	 0.001265504472275446
1.242021997892174 	 0.0012808774407344127
1.243021997892174 	 0.0012963584311127424
1.2440219978921738 	 0.0013119475592909477
1.2450219978921737 	 0.001327644935555965
1.2460219978921736 	 0.0013434506645541961
1.2470219978921735 	 0.0013593653599050966
1.2480219978921734 	 0.0013753915937672846
1.2490219978921733 	 0.0013915324826245757
1.2500219978921732 	 0.00140779124510962
1.251021997892173 	 0.0014241706124647347
1.252021997892173 	 0.0014406711684000091
1.2530219978921728 	 0.0014572929833933529
1.2540219978921727 	 0.0014740360916651772
1.2550219978921726 	 0.0014909005331283497
1.2560219978921725 	 0.001507886324685288
1.2570219978921724 	 0.001524993467070759
1.2580219978921723 	 0.0015422219447580625
1.2590219978921722 	 0.0015595717259354526
1.260021997892172 	 0.0015770427621837097
1.261021997892172 	 0.0015946333851625894
1.2620219978921718 	 0.00161233580098476
1.2630219978921717 	 0.0016301409017891223
1.2640219978921716 	 0.0016480474051407453
1.2650219978921715 	 0.0016660617339235673
1.2660219978921714 	 0.0016841908307150342
1.2670219978921713 	 0.0017024408704876771
1.2680219978921712 	 0.0017208144760028157
1.269021997892171 	 0.0017393134590623625
1.270021997892171 	 0.001757939676256803
1.2710219978921709 	 0.0017766946891328973
1.2720219978921707 	 0.0017955788112589755
1.2730219978921706 	 0.0018145920521146727
1.2740219978921705 	 0.0018337344067010121
1.2750219978921704 	 0.001853005854293055
1.2760219978921703 	 0.0018724063581866052
1.2770219978921702 	 0.0018919358655226338
1.27802199789217 	 0.001911594307127058
1.27902199789217 	 0.0019313815976290472
1.2800219978921699 	 0.0019512976353070622
1.2810219978921698 	 0.0019713421437008998
1.2820219978921696 	 0.001991514210557379
1.2830219978921695 	 0.002011812804413035
1.2840219978921694 	 0.002032236795899487
1.2850219978921693 	 0.0020527850305004256
1.2860219978921692 	 0.0020734563095932334
1.287021997892169 	 0.0020942524368898446
1.288021997892169 	 0.0021151861310599947
1.2890219978921689 	 0.002136260154331491
1.2900219978921688 	 0.0021574649428883316
1.2910219978921686 	 0.002178792488993044
1.2920219978921685 	 0.0022002433765567456
1.2930219978921684 	 0.0022218202857105817
1.2940219978921683 	 0.0022435259667540294
1.2950219978921682 	 0.0022653632394436384
1.296021997892168 	 0.002287334992926261
1.297021997892168 	 0.0023094441854657594
1.2980219978921679 	 0.002331693845242272
1.2990219978921678 	 0.0023540870694559028
1.3000219978921677 	 0.0023766270156001463
1.3010219978921675 	 0.002399315342889274
1.3020219978921674 	 0.0024221477920567534
1.3030219978921673 	 0.002445118573341504
1.3040219978921672 	 0.002468221727880037
1.305021997892167 	 0.0024914511266418953
1.306021997892167 	 0.0025148025509929032
1.3070219978921669 	 0.0025382795091708054
1.3080219978921668 	 0.002561887445850085
1.3090219978921667 	 0.0025856319430944026
1.3100219978921666 	 0.002609518719894705
1.3110219978921664 	 0.0026335516526286816
1.3120219978921663 	 0.0026577272419791406
1.3130219978921662 	 0.0026820403641110253
1.3140219978921661 	 0.002706490687252504
1.315021997892166 	 0.002731082549565102
1.316021997892166 	 0.0027558205733587866
1.3170219978921658 	 0.002780709483997384
1.3180219978921657 	 0.0028057541121354708
1.3190219978921656 	 0.002830959393909314
1.3200219978921655 	 0.002856330372054617
1.3210219978921653 	 0.0028818694969027364
1.3220219978921652 	 0.0029075690877398207
1.3230219978921651 	 0.0029334188560730724
1.324021997892165 	 0.0029594082475728188
1.325021997892165 	 0.0029855264437693503
1.3260219978921648 	 0.0030117623617937576
1.3270219978921647 	 0.003038104654459831
1.3280219978921646 	 0.003064550316293827
1.3290219978921645 	 0.0030911285811174266
1.3300219978921644 	 0.0031178770218032135
1.3310219978921642 	 0.0031448250905692227
1.3320219978921641 	 0.0031719701908284412
1.333021997892164 	 0.003199303457359223
1.334021997892164 	 0.00322681541627785
1.3350219978921638 	 0.003254496244369893
1.3360219978921637 	 0.003282335938483354
1.3370219978921636 	 0.0033103241422078418
1.3380219978921635 	 0.0033384507928957675
1.3390219978921634 	 0.0033667163546840105
1.3400219978921633 	 0.0033951315159273165
1.3410219978921631 	 0.0034237057790263725
1.342021997892163 	 0.0034524419906543733
1.343021997892163 	 0.0034813414089187008
1.3440219978921628 	 0.003510405302030544
1.3450219978921627 	 0.0035396349555816956
1.3460219978921626 	 0.0035690316703492933
1.3470219978921625 	 0.0035985971346336504
1.3480219978921624 	 0.00362833448941951
1.3490219978921623 	 0.003658247269272808
1.3500219978921622 	 0.003688339074099407
1.351021997892162 	 0.0037186137053712397
1.352021997892162 	 0.0037490755336076465
1.3530219978921618 	 0.003779729091890118
1.3540219978921617 	 0.0038105789867252946
1.3550219978921616 	 0.0038416299094834374
1.3560219978921615 	 0.0038728866323808676
1.3570219978921614 	 0.0039043539961647524
1.3580219978921613 	 0.003936036925329098
1.3590219978921612 	 0.003967940434088015
1.360021997892161 	 0.004000069627815369
1.361021997892161 	 0.004032409261987367
1.3620219978921608 	 0.004064866802315331
1.3630219978921607 	 0.0040974261993481365
1.3640219978921606 	 0.004130228522747872
1.3650219978921605 	 0.004163275495599042
1.3660219978921604 	 0.004196559483806937
1.3670219978921603 	 0.0042300726535410785
1.3680219978921602 	 0.004263806993375493
1.36902199789216 	 0.004297754320650697
1.37002199789216 	 0.004331906280712669
1.3710219978921598 	 0.004366256922976824
1.3720219978921597 	 0.004400809861467863
1.3730219978921596 	 0.004435571023379402
1.3740219978921595 	 0.004470546445673515
1.3750219978921594 	 0.004505742285720213
1.3760219978921593 	 0.004541164813392839
1.3770219978921592 	 0.004576820387198256
1.378021997892159 	 0.004612715479965748
1.379021997892159 	 0.0046488566871223215
1.3800219978921588 	 0.004685250727174954
1.3810219978921587 	 0.004721903394085895
1.3820219978921586 	 0.004758816633392673
1.3830219978921585 	 0.004795991456564554
1.3840219978921584 	 0.0048334288230435
1.3850219978921583 	 0.004871129824638074
1.3860219978921582 	 0.004909095417529583
1.387021997892158 	 0.004947326618971629
1.388021997892158 	 0.004985824004355872
1.3890219978921579 	 0.0050245791101929255
1.3900219978921577 	 0.005063574706387735
1.3910219978921576 	 0.005102798694045576
1.3920219978921575 	 0.005142260752008828
1.3930219978921574 	 0.005181975868250785
1.3940219978921573 	 0.005221959246290961
1.3950219978921572 	 0.005262226298706795
1.396021997892157 	 0.005302790185567565
1.397021997892157 	 0.005343654978630188
1.3980219978921569 	 0.005384822529267274
1.3990219978921568 	 0.005426294584398688
1.4000219978921566 	 0.005467771750018409
1.4010219978921565 	 0.005509864314681907
1.4020219978921564 	 0.005552265834007806
1.4030219978921563 	 0.005594977627703892
1.4040219978921562 	 0.005638000860237545
1.405021997892156 	 0.005681336530278915
1.406021997892156 	 0.005724985479312333
1.4070219978921559 	 0.005768948428022137
1.4080219978921558 	 0.005813225936239117
1.4090219978921557 	 0.005857818392914239
1.4100219978921555 	 0.005902726021220289
1.4110219978921554 	 0.005947947317360234
1.4120219978921553 	 0.0059934745088738636
1.4130219978921552 	 0.0060392984812759915
1.414021997892155 	 0.006085414844544215
1.415021997892155 	 0.006131823815151852
1.4160219978921549 	 0.006178525738416719
1.4170219978921548 	 0.006225520932825435
1.4180219978921547 	 0.006272809705869312
1.4190219978921546 	 0.006320392374969558
1.4200219978921544 	 0.00636826929037476
1.4210219978921543 	 0.006416440865501014
1.4220219978921542 	 0.006464907633487115
1.4230219978921541 	 0.006513670277198185
1.424021997892154 	 0.006562729605260955
1.425021997892154 	 0.0066120865567032795
1.4260219978921538 	 0.0066617422027313465
1.4270219978921537 	 0.006711697727234482
1.4280219978921536 	 0.006761954463614902
1.4290219978921535 	 0.006812513908516561
1.4300219978921533 	 0.0068633777240313075
1.4310219978921532 	 0.006914547762111521
1.4320219978921531 	 0.006966026078825206
1.433021997892153 	 0.007017815159208033
1.434021997892153 	 0.007069917461280074
1.4350219978921528 	 0.007122335657676515
1.4360219978921527 	 0.007175072552351049
1.4370219978921526 	 0.0072281310439377446
1.4380219978921525 	 0.007281514405717944
1.4390219978921523 	 0.007335225105014915
1.4400219978921522 	 0.0073892638180479055
1.4410219978921521 	 0.007443631176511309
1.442021997892152 	 0.007498327860377683
1.443021997892152 	 0.007553354618148414
1.4440219978921518 	 0.007608712212980961
1.4450219978921517 	 0.007664401413023249
1.4460219978921516 	 0.007720422971966921
1.4470219978921515 	 0.0077767776126611374
1.4480219978921514 	 0.00783346602880728
1.4490219978921512 	 0.00789048888083236
1.4500219978921511 	 0.00794784678897904
1.451021997892151 	 0.008005540714261395
1.452021997892151 	 0.00806357303991732
1.4530219978921508 	 0.008121946509444996
1.4540219978921507 	 0.008180663857015776
1.4550219978921506 	 0.00823972779445464
1.4560219978921505 	 0.008299141004137062
1.4570219978921504 	 0.008358905176236124
1.4580219978921503 	 0.008419018372304247
1.4590219978921501 	 0.008479477692319739
1.46002199789215 	 0.008540280096554363
1.46102199789215 	 0.008601422397200388
1.4620219978921498 	 0.008662901249697522
1.4630219978921497 	 0.008724713525579209
1.4640219978921496 	 0.008786863021962878
1.4650219978921495 	 0.008849360221324095
1.4660219978921494 	 0.008912215977434527
1.4670219978921493 	 0.008975441253390885
1.4680219978921492 	 0.00903904712509562
1.469021997892149 	 0.009103044782502632
1.470021997892149 	 0.009167445530173778
1.4710219978921488 	 0.009232257754208283
1.4720219978921487 	 0.009297478492480861
1.4730219978921486 	 0.00936310196904743
1.4740219978921485 	 0.009429122207011219
1.4750219978921484 	 0.009495533019603025
1.4760219978921483 	 0.00956232800396096
1.4770219978921482 	 0.009629500529824232
1.478021997892148 	 0.0096970437443974
1.479021997892148 	 0.009764950479990769
1.4800219978921478 	 0.00983321361713997
1.4810219978921477 	 0.009901825527543106
1.4820219978921476 	 0.009970778424975252
1.4830219978921475 	 0.010040073698749256
1.4840219978921474 	 0.01010974800553781
1.4850219978921473 	 0.010179846905151314
1.4860219978921472 	 0.0102504166871543
1.487021997892147 	 0.010321504349784419
1.488021997892147 	 0.010393155272051393
1.4890219978921468 	 0.010465365870383552
1.4900219978921467 	 0.010538085223702849
1.4910219978921466 	 0.010611223049149927
1.4920219978921465 	 0.010684600547401887
1.4930219978921464 	 0.010758192706252499
1.4940219978921463 	 0.010832018532885481
1.4950219978921462 	 0.010906097326987786
1.496021997892146 	 0.01098044866078492
1.497021997892146 	 0.011055092331115573
1.4980219978921459 	 0.011130048402297829
1.4990219978921457 	 0.01120533721866553
1.5000219978921456 	 0.011280979403957005
1.5010219978921455 	 0.011356995858542435
1.5020219978921454 	 0.011433407758943514
1.5030219978921453 	 0.011510236587090448
1.5040219978921452 	 0.011587504171677773
1.505021997892145 	 0.011665232466329584
1.506021997892145 	 0.011743438348071782
1.5070219978921449 	 0.011822118016013324
1.5080219978921447 	 0.011901246930023472
1.5090219978921446 	 0.011980741063697696
1.5100219978921445 	 0.012060500893078264
1.5110219978921444 	 0.012140457519358928
1.5120219978921443 	 0.012220663093117468
1.5130219978921442 	 0.012301197318019845
1.514021997892144 	 0.01238209699855422
1.515021997892144 	 0.0124633575305724
1.5160219978921439 	 0.012544972475318834
1.5170219978921438 	 0.012626935158501084
1.5180219978921436 	 0.012709238687344065
1.5190219978921435 	 0.012791875954481047
1.5200219978921434 	 0.012874839635978845
1.5210219978921433 	 0.012958122073808323
1.5220219978921432 	 0.013041715178279322
1.523021997892143 	 0.013125610972330682
1.524021997892143 	 0.013209801286709719
1.5250219978921429 	 0.013294277594510089
1.5260219978921428 	 0.013379030765943184
1.5270219978921427 	 0.013464051323454698
1.5280219978921425 	 0.013549330177476938
1.5290219978921424 	 0.013634857987644619
1.5300219978921423 	 0.01372062489162935
1.5310219978921422 	 0.013806622370617068
1.532021997892142 	 0.013892847289139075
1.533021997892142 	 0.013979297737991997
1.5340219978921419 	 0.014065971729734578
1.5350219978921418 	 0.014152867178843714
1.5360219978921417 	 0.0142399819065905
1.5370219978921416 	 0.014327313648841204
1.5380219978921414 	 0.014414859865732082
1.5390219978921413 	 0.014502614169295474
1.5400219978921412 	 0.014590566454590358
1.5410219978921411 	 0.014678706258194297
1.542021997892141 	 0.014767022943696858
1.543021997892141 	 0.014855505745937933
1.5440219978921408 	 0.014944143691455155
1.5450219978921407 	 0.015032925575518925
1.5460219978921406 	 0.015121839974314445
1.5470219978921405 	 0.0152108796770818
1.5480219978921403 	 0.015300053841559419
1.5490219978921402 	 0.015389375601764963
1.5500219978921401 	 0.015478836718831896
1.55102199789214 	 0.015568366160095565
1.55202199789214 	 0.01565794161109138
1.5530219978921398 	 0.015747556663137263
1.5540219978921397 	 0.01583720480013441
1.5550219978921396 	 0.015926879370873913
1.5560219978921395 	 0.016016573615572974
1.5570219978921394 	 0.016106280740351378
1.5580219978921392 	 0.016195993843980735
1.5590219978921391 	 0.01628570589570004
1.560021997892139 	 0.01637540973966242
1.561021997892139 	 0.016465098139499423
1.5620219978921388 	 0.01655476392920959
1.5630219978921387 	 0.01664439913437423
1.5640219978921386 	 0.0167339776338779
1.5650219978921385 	 0.016823455848288853
1.5660219978921384 	 0.016912789046992175
1.5670219978921383 	 0.017001932189356913
1.5680219978921381 	 0.017090794678909373
1.569021997892138 	 0.017179291894622587
1.570021997892138 	 0.017267409629018193
1.5710219978921378 	 0.01735512346920802
1.5720219978921377 	 0.017442455685382167
1.5730219978921376 	 0.017529440211608238
1.5740219978921375 	 0.01761611157729674
1.5750219978921374 	 0.017702505515624974
1.5760219978921373 	 0.017788659587146857
1.5770219978921372 	 0.01787461396637543
1.578021997892137 	 0.01796041177549877
1.579021997892137 	 0.0180460996633065
1.5800219978921368 	 0.01813172853270268
1.5810219978921367 	 0.018217354349260265
1.5820219978921366 	 0.018303039014391648
1.5830219978921365 	 0.01838885097320535
1.5840219978921364 	 0.01847486557628778
1.5850219978921363 	 0.01856116503663927
1.5860219978921362 	 0.01864783778008599
1.587021997892136 	 0.018734976960766425
1.588021997892136 	 0.01882261383574073
1.5890219978921358 	 0.018909938981099723
1.5900219978921357 	 0.01899668738321186
1.5910219978921356 	 0.019082950126148215
1.5920219978921355 	 0.019168792648284975
1.5930219978921354 	 0.019254253572534234
1.5940219978921353 	 0.019339344313541486
1.5950219978921352 	 0.01942405158390663
1.596021997892135 	 0.01950834376956024
1.597021997892135 	 0.01959218029081187
1.5980219978921348 	 0.019675521575652544
1.5990219978921347 	 0.019758338260733355
1.6000219978921346 	 0.019840618029239074
1.6010219978921345 	 0.019922349195510287
1.6020219978921344 	 0.02000346573222689
1.6030219978921343 	 0.0200839024214745
1.6040219978921342 	 0.020163609430608225
1.605021997892134 	 0.020242548681735844
1.606021997892134 	 0.02032069029514989
1.6070219978921338 	 0.02039800956047329
1.6080219978921337 	 0.020474484399330358
1.6090219978921336 	 0.02055009307588109
1.6100219978921335 	 0.02062481349043295
1.6110219978921334 	 0.020698637881533935
1.6120219978921333 	 0.02077161627390353
1.6130219978921332 	 0.020843809577773702
1.614021997892133 	 0.020915251222092528
1.615021997892133 	 0.020985948497269983
1.6160219978921329 	 0.02105590587241046
1.6170219978921327 	 0.021125126895101817
1.6180219978921326 	 0.021193613237847627
1.6190219978921325 	 0.02126136569047774
1.6200219978921324 	 0.02132838415366954
1.6210219978921323 	 0.021394667781389577
1.6220219978921322 	 0.021460214911410765
1.623021997892132 	 0.02152502300434556
1.624021997892132 	 0.021589089158539642
1.6250219978921319 	 0.02165241034928907
1.6260219978921318 	 0.021714983471125066
1.6270219978921316 	 0.021776805248273964
1.6280219978921315 	 0.02183787254702979
1.6290219978921314 	 0.021898182536793234
1.6300219978921313 	 0.02195773278309949
1.6310219978921312 	 0.02201650024973789
1.632021997892131 	 0.022074383164915314
1.633021997892131 	 0.02213126087673716
1.6340219978921309 	 0.02218704469321863
1.6350219978921308 	 0.022241765990683143
1.6360219978921307 	 0.022295485122027746
1.6370219978921305 	 0.022348263195133188
1.6380219978921304 	 0.022400161108884382
1.6390219978921303 	 0.02245121266582287
1.6400219978921302 	 0.02250142604642979
1.64102199789213 	 0.02255080938878953
1.64202199789213 	 0.02259937134637965
1.6430219978921299 	 0.022647121219467225
1.6440219978921298 	 0.022694069423377844
1.6450219978921297 	 0.02274022759417055
1.6460219978921296 	 0.022785608436754517
1.6470219978921294 	 0.022830225277004904
1.6480219978921293 	 0.022874092486955044
1.6490219978921292 	 0.022917225582631123
1.650021997892129 	 0.022959641173383453
1.651021997892129 	 0.02300134987419327
1.652021997892129 	 0.02304233679891492
1.6530219978921288 	 0.023082581391353857
1.6540219978921287 	 0.0231220637019231
1.6550219978921286 	 0.02316076436504687
1.6560219978921285 	 0.023198664338468004
1.6570219978921283 	 0.023235744376962672
1.6580219978921282 	 0.023271985341711314
1.6590219978921281 	 0.023307368193067297
1.660021997892128 	 0.023341873867690963
1.661021997892128 	 0.023375514216993066
1.6620219978921278 	 0.023408418722915592
1.6630219978921277 	 0.023440739433139988
1.6640219978921276 	 0.02347254484101447
1.6650219978921275 	 0.023503823999803195
1.6660219978921273 	 0.023534561950327125
1.6670219978921272 	 0.023564742400150985
1.6680219978921271 	 0.023594347913356874
1.669021997892127 	 0.0236233599051876
1.670021997892127 	 0.02365175855703493
1.6710219978921268 	 0.023679527086709166
1.6720219978921267 	 0.023706663647238127
1.6730219978921266 	 0.023733168912553563
1.6740219978921265 	 0.0237590421890351
1.6750219978921264 	 0.023784281382211832
1.6760219978921262 	 0.023808882952428397
1.6770219978921261 	 0.023832841809779758
1.678021997892126 	 0.023856151462242434
1.679021997892126 	 0.02387880409363378
1.6800219978921258 	 0.023900790610000833
1.6810219978921257 	 0.023922100694725824
1.6820219978921256 	 0.023942722887744152
1.6830219978921255 	 0.023962644862177893
1.6840219978921254 	 0.023981853374694218
1.6850219978921253 	 0.02400033431526365
1.6860219978921251 	 0.02401807281642875
1.687021997892125 	 0.02403505337895283
1.688021997892125 	 0.024051260975490787
1.6890219978921248 	 0.02406670123734431
1.6900219978921247 	 0.024081399433174343
1.6910219978921246 	 0.024095373427653857
1.6920219978921245 	 0.02410861099849707
1.6930219978921244 	 0.024121093143225514
1.6940219978921243 	 0.02413280101374798
1.6950219978921242 	 0.024143715952795283
1.696021997892124 	 0.02415381962845722
1.697021997892124 	 0.024163094233599733
1.6980219978921238 	 0.02417152245715138
1.6990219978921237 	 0.02417908752880581
1.7000219978921236 	 0.02418577329258153
1.7010219978921235 	 0.02416596553006109
1.7020219978921234 	 0.024143205749272326
1.7030219978921233 	 0.024119386075904956
1.7040219978921232 	 0.024094517840487727
1.705021997892123 	 0.02406861255321185
1.706021997892123 	 0.024041681666961294
1.7070219978921228 	 0.024013737487003445
1.7080219978921227 	 0.023984791787202562
1.7090219978921226 	 0.02395485671987605
1.7100219978921225 	 0.023923944578786435
1.7110219978921224 	 0.023892067791549957
1.7120219978921223 	 0.02385923891207844
1.7130219978921222 	 0.023825470613061395
1.714021997892122 	 0.02379077567849472
1.715021997892122 	 0.02375516699626222
1.7160219978921218 	 0.023718657550775686
1.7170219978921217 	 0.023681260415679785
1.7180219978921216 	 0.023642988746626632
1.7190219978921215 	 0.02360385577412635
1.7200219978921214 	 0.023563874796477608
1.7210219978921213 	 0.023523059284788782
1.7220219978921212 	 0.023481422427813627
1.723021997892121 	 0.023438977797931852
1.724021997892121 	 0.02339573889568235
1.7250219978921209 	 0.023351719255418173
1.7260219978921207 	 0.02330693243881545
1.7270219978921206 	 0.023261392028492357
1.7280219978921205 	 0.02321511162174122
1.7290219978921204 	 0.023168104824377277
1.7300219978921203 	 0.023120385244706346
1.7310219978921202 	 0.023071966487614757
1.73202199789212 	 0.023022862148783196
1.73302199789212 	 0.022973085809027367
1.7340219978921199 	 0.022922651028766734
1.7350219978921197 	 0.02287157134262398
1.7360219978921196 	 0.02281986025415588
1.7370219978921195 	 0.02276753123071748
1.7380219978921194 	 0.022714597698460803
1.7390219978921193 	 0.022661073037468765
1.7400219978921192 	 0.02260697057702512
1.741021997892119 	 0.022552303591021457
1.742021997892119 	 0.022497085293501206
1.7430219978921189 	 0.022441328834341103
1.7440219978921188 	 0.022385047295070397
1.7450219978921186 	 0.02232825368482735
1.7460219978921185 	 0.022270960936453327
1.7470219978921184 	 0.022213181902723474
1.7480219978921183 	 0.022154929352714157
1.7490219978921182 	 0.022096215968305976
1.750021997892118 	 0.022037054340821958
1.751021997892118 	 0.021977456758016958
1.7520219978921179 	 0.021917436040521668
1.7530219978921178 	 0.021857004278964844
1.7540219978921177 	 0.021796173671486053
1.7550219978921175 	 0.02173495631084715
1.7560219978921174 	 0.021673364181857523
1.7570219978921173 	 0.021611409158925624
1.7580219978921172 	 0.021549103003735217
1.759021997892117 	 0.021486457363044588
1.760021997892117 	 0.021423483766607004
1.7610219978921169 	 0.021360193625210674
1.7620219978921168 	 0.021296598228835867
1.7630219978921167 	 0.021232708744927734
1.7640219978921166 	 0.021168536216782496
1.7650219978921164 	 0.021104091562044746
1.7660219978921163 	 0.021039385571314368
1.7670219978921162 	 0.020974428906859934
1.7680219978921161 	 0.020909232101437403
1.769021997892116 	 0.02084380555721099
1.770021997892116 	 0.020778159544774556
1.7710219978921158 	 0.020712304202270805
1.7720219978921157 	 0.020646249534606274
1.7730219978921156 	 0.0205800054127596
1.7740219978921155 	 0.020513581573180648
1.7750219978921153 	 0.02044698761727845
1.7760219978921152 	 0.020380233010995272
1.7770219978921151 	 0.0203133270844646
1.778021997892115 	 0.020246279031750688
1.779021997892115 	 0.020179097910667094
1.7800219978921148 	 0.02011179264267237
1.7810219978921147 	 0.02004437201283981
1.7820219978921146 	 0.019976844669899695
1.7830219978921145 	 0.019909219126351033
1.7840219978921144 	 0.019841503758641056
1.7850219978921142 	 0.019773706807409763
1.7860219978921141 	 0.019705836377797582
1.787021997892114 	 0.019637900439813578
1.788021997892114 	 0.019569906828762338
1.7890219978921138 	 0.01950186324572698
1.7900219978921137 	 0.019433777258106577
1.7910219978921136 	 0.01936565630020527
1.7920219978921135 	 0.01929750767387165
1.7930219978921134 	 0.019229338549185623
1.7940219978921133 	 0.01916115596519141
1.7950219978921131 	 0.019092966830674143
1.796021997892113 	 0.01902477774326392
1.797021997892113 	 0.018956595717662148
1.7980219978921128 	 0.018888427094721615
1.7990219978921127 	 0.018820278270765652
1.8000219978921126 	 0.018752155516331193
1.8010219978921125 	 0.018684064977168166
1.8020219978921124 	 0.018616012675269786
1.8030219978921123 	 0.01854800450993181
1.8040219978921122 	 0.01848004625883913
1.805021997892112 	 0.018412143579178468
1.806021997892112 	 0.018344302008774935
1.8070219978921118 	 0.018276526967251395
1.8080219978921117 	 0.01820882375720905
1.8090219978921116 	 0.018141197565427515
1.8100219978921115 	 0.018073653464083288
1.8110219978921114 	 0.01800619641198504
1.8120219978921113 	 0.017938831255824347
1.8130219978921112 	 0.01787156273144074
1.814021997892111 	 0.017804395465099484
1.815021997892111 	 0.017737333974781253
1.8160219978921108 	 0.017670382671482156
1.8170219978921107 	 0.017603545860523075
1.8180219978921106 	 0.0175368277428673
1.8190219978921105 	 0.017470232416445224
1.8200219978921104 	 0.0174037638774851
1.8210219978921103 	 0.017337426021848894
1.8220219978921102 	 0.017271222646372136
1.82302199789211 	 0.01720515745020697
1.82402199789211 	 0.017139234036167503
1.8250219978921098 	 0.017073455912076242
1.8260219978921097 	 0.01700782649211139
1.8270219978921096 	 0.01694234909815349
1.8280219978921095 	 0.016877026961131275
1.8290219978921094 	 0.016811863222365515
1.8300219978921093 	 0.016746860934910346
1.8310219978921092 	 0.016682023064891468
1.832021997892109 	 0.016617352492840298
1.833021997892109 	 0.016552852015023736
1.8340219978921088 	 0.016488524344768784
1.8350219978921087 	 0.0164243721137814
1.8360219978921086 	 0.016360397873459248
1.8370219978921085 	 0.016296604096197546
1.8380219978921084 	 0.016232993176687853
1.8390219978921083 	 0.016169567433208857
1.8400219978921082 	 0.016106329108909398
1.841021997892108 	 0.016043280219767996
1.842021997892108 	 0.015980423169599127
1.8430219978921079 	 0.015917759829972063
1.8440219978921077 	 0.01585529223143812
1.8450219978921076 	 0.015793022109550726
1.8460219978921075 	 0.01573095135871238
1.8470219978921074 	 0.015669081731311457
1.8480219978921073 	 0.01560741491452883
1.8490219978921072 	 0.01554595253153072
1.850021997892107 	 0.015484696142650285
1.851021997892107 	 0.015423647246557426
1.8520219978921069 	 0.015362807281416799
1.8530219978921068 	 0.015302177626033737
1.8540219978921066 	 0.015241759600987968
1.8550219978921065 	 0.015181554469755026
1.8560219978921064 	 0.015121563439815003
1.8570219978921063 	 0.01506178766374881
1.8580219978921062 	 0.015002228240321524
1.859021997892106 	 0.014942886215552991
1.860021997892106 	 0.014883762583775372
1.8610219978921059 	 0.014824858288677759
1.8620219978921058 	 0.014766174224337578
1.8630219978921057 	 0.01470771123623896
1.8640219978921055 	 0.014649470122277778
1.8650219978921054 	 0.014591451633753597
1.8660219978921053 	 0.01453365647634823
1.8670219978921052 	 0.014476085311091104
1.868021997892105 	 0.01441873875531134
1.869021997892105 	 0.014361617383576549
1.8700219978921049 	 0.014304721728618379
1.8710219978921048 	 0.014248052282244753
1.8720219978921047 	 0.014191609496238997
1.8730219978921046 	 0.014135393783245749
1.8740219978921044 	 0.01407940551764366
1.8750219978921043 	 0.014023645036405066
1.8760219978921042 	 0.01396811263994266
1.877021997892104 	 0.013912808592943072
1.878021997892104 	 0.01385773312518761
1.879021997892104 	 0.013802886432360183
1.8800219978921038 	 0.013748268676842323
1.8810219978921037 	 0.013693879988495706
1.8820219978921036 	 0.013639720465431892
1.8830219978921034 	 0.013585790174769664
1.8840219978921033 	 0.013532089153379868
1.8850219978921032 	 0.013478617408618004
1.8860219978921031 	 0.013425374790701987
1.887021997892103 	 0.013372361507200049
1.888021997892103 	 0.013319577352441478
1.8890219978921028 	 0.013267022222802703
1.8900219978921027 	 0.013214695988626214
1.8910219978921026 	 0.013162598494881297
1.8920219978921025 	 0.013110729561813271
1.8930219978921023 	 0.013059088985581214
1.8940219978921022 	 0.013007676538884391
1.8950219978921021 	 0.01295649197157749
1.896021997892102 	 0.012905535011274715
1.897021997892102 	 0.012854805363942968
1.8980219978921018 	 0.012804302714484146
1.8990219978921017 	 0.012754026727306817
1.9000219978921016 	 0.012703977046887171
1.9010219978921015 	 0.012654153298319657
1.9020219978921014 	 0.012604555087857202
1.9030219978921012 	 0.012555182003441287
1.9040219978921011 	 0.012506033615221956
1.905021997892101 	 0.012457109476067823
1.906021997892101 	 0.012408409122066382
1.9070219978921008 	 0.012359932073014552
1.9080219978921007 	 0.012311677832899773
1.9090219978921006 	 0.012263645890371575
1.9100219978921005 	 0.012215835719204001
1.9110219978921004 	 0.012168246778748726
1.9120219978921003 	 0.012120878514379377
1.9130219978921001 	 0.012073730357926723
1.9140219978921 	 0.012026801728105274
1.9150219978921 	 0.011980092030931202
1.9160219978920998 	 0.011933600660131742
1.9170219978920997 	 0.011887326997546275
1.9180219978920996 	 0.011841270413519069
1.9190219978920995 	 0.0117954302672841
1.9200219978920994 	 0.011749805907341553
1.9210219978920993 	 0.011704396671826857
1.9220219978920992 	 0.011659201888871644
1.923021997892099 	 0.01161422087695729
1.924021997892099 	 0.01156945294526083
1.9250219978920988 	 0.011524897393993663
1.9260219978920987 	 0.011480553514732789
1.9270219978920986 	 0.011436420590745114
1.9280219978920985 	 0.0113924978973046
1.9290219978920984 	 0.011348784702002583
1.9300219978920983 	 0.011305280265051308
1.9310219978920982 	 0.011261983839580757
1.932021997892098 	 0.011218894564578002
1.933021997892098 	 0.011176011894905039
1.9340219978920978 	 0.01113333495647872
1.9350219978920977 	 0.011090862976939163
1.9360219978920976 	 0.011048595178232376
1.9370219978920975 	 0.011006530776869555
1.9380219978920974 	 0.010964668984180283
1.9390219978920973 	 0.010923009006560078
1.9400219978920972 	 0.010881550045712233
1.941021997892097 	 0.010840291298884005
1.942021997892097 	 0.010799231959097415
1.9430219978920968 	 0.010758371215374566
1.9440219978920967 	 0.010717708252957744
1.9450219978920966 	 0.010677242253524347
1.9460219978920965 	 0.010636972395396616
1.9470219978920964 	 0.010596897853746522
1.9480219978920963 	 0.010557017800795617
1.9490219978920962 	 0.010517331406010135
1.950021997892096 	 0.010477837836291406
1.951021997892096 	 0.010438536256161519
1.9520219978920959 	 0.010399425827944628
1.9530219978920957 	 0.010360505711943604
1.9540219978920956 	 0.01032177506661247
1.9550219978920955 	 0.010283233048724489
1.9560219978920954 	 0.010244878813536026
1.9570219978920953 	 0.010206711514946358
1.9580219978920952 	 0.010168730305653404
1.959021997892095 	 0.010130934337305449
1.960021997892095 	 0.010093322760649122
1.9610219978920949 	 0.010055894725673448
1.9620219978920947 	 0.010018649381750181
1.9630219978920946 	 0.009981585877770559
1.9640219978920945 	 0.009944703362278425
1.9650219978920944 	 0.009908000983599832
1.9660219978920943 	 0.009871477889969223
1.9670219978920942 	 0.009835133229652314
1.968021997892094 	 0.009798966151065501
1.969021997892094 	 0.009762975802892279
1.9700219978920939 	 0.009727161334196236
1.9710219978920938 	 0.00969152189453119
1.9720219978920936 	 0.009656056634048112
1.9730219978920935 	 0.00962076470359917
1.9740219978920934 	 0.009585645254838838
1.9750219978920933 	 0.009550697485550614
1.9760219978920932 	 0.009515920458644836
1.977021997892093 	 0.009481313283449262
1.978021997892093 	 0.009446875297495865
1.9790219978920929 	 0.009412605566880484
1.9800219978920928 	 0.009378503250039274
1.9810219978920927 	 0.00934456750684201
1.9820219978920925 	 0.00931079749867194
1.9830219978920924 	 0.009277192388503368
1.9840219978920923 	 0.009243751340976865
1.9850219978920922 	 0.009210473522472127
1.986021997892092 	 0.009177358101178626
1.987021997892092 	 0.009144404247164095
1.9880219978920919 	 0.00911161113244081
1.9890219978920918 	 0.009078977931029759
1.9900219978920917 	 0.00904650381902287
1.9910219978920916 	 0.009014187974643088
1.9920219978920914 	 0.008982029578302556
1.9930219978920913 	 0.008950027812658886
1.9940219978920912 	 0.0089181818626695
1.9950219978920911 	 0.00888649091564422
1.996021997892091 	 0.008854954161295977
1.997021997892091 	 0.008823570791789786
1.9980219978920908 	 0.008792340001790055
1.9990219978920907 	 0.008761260988506173
