0.0010219978922 	 0
0.0020219978922 	 1.0
0.0030219978922 	 1.0
0.0040219978922 	 1.0
0.0050219978922 	 1.0
0.0060219978922 	 1.0
0.0070219978922 	 1.0
0.0080219978922 	 1.0
0.009021997892200002 	 1.0
0.010021997892200003 	 1.0
0.011021997892200004 	 1.0
0.012021997892200004 	 1.0
0.013021997892200005 	 1.0
0.014021997892200006 	 1.0
0.015021997892200007 	 1.0
0.016021997892200008 	 1.0
0.01702199789220001 	 1.0
0.01802199789220001 	 1.0
0.01902199789220001 	 1.0
0.02002199789220001 	 1.0
0.021021997892200012 	 1.0
0.022021997892200013 	 1.0
0.023021997892200014 	 1.0
0.024021997892200015 	 1.0
0.025021997892200016 	 1.0
0.026021997892200017 	 1.0
0.027021997892200018 	 1.0
0.02802199789220002 	 1.0
0.02902199789220002 	 1.0
0.03002199789220002 	 1.0
0.03102199789220002 	 1.0
0.03202199789220002 	 1.0
0.03302199789220002 	 1.0
0.03402199789220002 	 1.0
0.03502199789220002 	 1.0
0.03602199789220002 	 1.0
0.03702199789220002 	 1.0
0.038021997892200024 	 1.0
0.039021997892200025 	 1.0
0.040021997892200026 	 1.0
0.04102199789220003 	 1.0
0.04202199789220003 	 1.0
0.04302199789220003 	 1.0
0.04402199789220003 	 1.0
0.04502199789220003 	 1.0
0.04602199789220003 	 1.0
0.04702199789220003 	 1.0
0.04802199789220003 	 1.0
0.049021997892200034 	 1.0
0.050021997892200035 	 1.0
0.051021997892200036 	 1.0
0.052021997892200036 	 1.0
0.05302199789220004 	 1.0
0.05402199789220004 	 1.0
0.05502199789220004 	 1.0
0.05602199789220004 	 1.0
0.05702199789220004 	 1.0
0.05802199789220004 	 1.0
0.05902199789220004 	 1.0
0.060021997892200044 	 1.0
0.061021997892200044 	 1.0
0.062021997892200045 	 1.0
0.06302199789220005 	 1.0
0.06402199789220005 	 1.0
0.06502199789220005 	 1.0
0.06602199789220005 	 1.0
0.06702199789220005 	 1.0
0.06802199789220005 	 1.0
0.06902199789220005 	 1.0
0.07002199789220005 	 1.0
0.07102199789220005 	 1.0
0.07202199789220005 	 1.0
0.07302199789220006 	 1.0
0.07402199789220006 	 1.0
0.07502199789220006 	 1.0
0.07602199789220006 	 1.0
0.07702199789220006 	 1.0
0.07802199789220006 	 1.0
0.07902199789220006 	 1.0
0.08002199789220006 	 1.0
0.08102199789220006 	 1.0
0.08202199789220006 	 1.0
0.08302199789220006 	 1.0
0.08402199789220006 	 1.0
0.08502199789220007 	 1.0
0.08602199789220007 	 1.0
0.08702199789220007 	 1.0
0.08802199789220007 	 1.0
0.08902199789220007 	 1.0
0.09002199789220007 	 1.0
0.09102199789220007 	 1.0
0.09202199789220007 	 1.0
0.09302199789220007 	 1.0
0.09402199789220007 	 1.0
0.09502199789220007 	 1.0
0.09602199789220008 	 1.0
0.09702199789220008 	 1.0
0.09802199789220008 	 1.0
0.09902199789220008 	 1.0
0.10002199789220008 	 1.0
0.10102199789220008 	 1.0
0.10202199789220008 	 1.0
0.10302199789220008 	 1.0
0.10402199789220008 	 1.0
0.10502199789220008 	 1.0
0.10602199789220008 	 1.0
0.10702199789220009 	 1.0
0.10802199789220009 	 1.0
0.10902199789220009 	 1.0
0.11002199789220009 	 1.0
0.11102199789220009 	 1.0
0.11202199789220009 	 1.0
0.11302199789220009 	 1.0
0.11402199789220009 	 1.0
0.11502199789220009 	 1.0
0.1160219978922001 	 1.0
0.1170219978922001 	 1.0
0.1180219978922001 	 1.0
0.1190219978922001 	 1.0
0.1200219978922001 	 1.0
0.1210219978922001 	 1.0
0.1220219978922001 	 1.0
0.1230219978922001 	 1.0
0.1240219978922001 	 1.0
0.1250219978922001 	 1.0
0.1260219978922001 	 1.0
0.1270219978922001 	 1.0
0.1280219978922001 	 1.0
0.1290219978922001 	 1.0
0.1300219978922001 	 1.0
0.1310219978922001 	 1.0
0.1320219978922001 	 1.0
0.1330219978922001 	 1.0
0.1340219978922001 	 1.0
0.1350219978922001 	 1.0
0.1360219978922001 	 1.0
0.1370219978922001 	 1.0
0.1380219978922001 	 1.0
0.1390219978922001 	 1.0
0.1400219978922001 	 0.9999999999958047
0.1410219978922001 	 0.9999999998628476
0.1420219978922001 	 0.9999999993500273
0.1430219978922001 	 0.9999999982154882
0.1440219978922001 	 0.9999999962331741
0.1450219978922001 	 0.9999999931917969
0.1460219978922001 	 0.9999999888938729
0.1470219978922001 	 0.9999999831548263
0.1480219978922001 	 0.9999999758021502
0.1490219978922001 	 0.9999999666746247
0.1500219978922001 	 0.9999999556215861
0.1510219978922001 	 0.9999999425022441
0.1520219978922001 	 0.9999999271850449
0.1530219978922001 	 0.9999999095470735
0.1540219978922001 	 0.9999998894734978
0.15502199789220011 	 0.9999998668570459
0.15602199789220011 	 0.9999998415975192
0.15702199789220012 	 0.999999813601335
0.15802199789220012 	 0.9999997827811004
0.15902199789220012 	 0.9999997490552103
0.16002199789220012 	 0.9999997123474742
0.16102199789220012 	 0.9999996725867648
0.16202199789220012 	 0.9999996297066881
0.16302199789220012 	 0.9999995836452761
0.16402199789220012 	 0.9999995343446969
0.16502199789220012 	 0.9999994817509844
0.16602199789220012 	 0.9999994258137829
0.16702199789220012 	 0.9999993664861092
0.16802199789220013 	 0.9999993037241295
0.16902199789220013 	 0.9999992374869473
0.17002199789220013 	 0.9999991677364081
0.17102199789220013 	 0.9999990944369136
0.17202199789220013 	 0.9999990175552468
0.17302199789220013 	 0.9999989370604105
0.17402199789220013 	 0.9999988529234722
0.17502199789220013 	 0.9999987651174206
0.17602199789220013 	 0.9999986736170302
0.17702199789220013 	 0.9999985783987333
0.17802199789220013 	 0.999998479440501
0.17902199789220014 	 0.99999837672173
0.18002199789220014 	 0.9999982702231371
0.18102199789220014 	 0.9999981599266592
0.18202199789220014 	 0.9999980458153597
0.18302199789220014 	 0.9999979278733405
0.18402199789220014 	 0.9999978060856589
0.18502199789220014 	 0.9999976804382498
0.18602199789220014 	 0.9999975509178514
0.18702199789220014 	 0.9999974175119368
0.18802199789220014 	 0.9999972802086485
0.18902199789220014 	 0.9999971389967374
0.19002199789220015 	 0.9999969938655039
0.19102199789220015 	 0.9999968448047453
0.19202199789220015 	 0.9999966918047026
0.19302199789220015 	 0.9999965348560136
0.19402199789220015 	 0.9999963739496665
0.19502199789220015 	 0.9999962090769574
0.19602199789220015 	 0.9999960402294497
0.19702199789220015 	 0.9999958673989362
0.19802199789220015 	 0.9999956905774025
0.19902199789220015 	 0.999995509756994
0.20002199789220015 	 0.9999953249299827
0.20102199789220015 	 0.9999951360887386
0.20202199789220016 	 0.9999949432256996
0.20302199789220016 	 0.9999947463333457
0.20402199789220016 	 0.9999945454041733
0.20502199789220016 	 0.9999943404306711
0.20602199789220016 	 0.9999941314052977
0.20702199789220016 	 0.9999939183204598
0.20802199789220016 	 0.9999937011684933
0.20902199789220016 	 0.999993479941642
0.21002199789220016 	 0.9999932546320419
0.21102199789220016 	 0.9999930252317025
0.21202199789220016 	 0.9999935753584238
0.21302199789220017 	 0.9999937345809009
0.21402199789220017 	 0.9999937789958606
0.21502199789220017 	 0.9999937733200193
0.21602199789220017 	 0.9999937382528505
0.21702199789220017 	 0.9999936833712078
0.21802199789220017 	 0.9999936139567854
0.21902199789220017 	 0.9999935332488807
0.22002199789220017 	 0.9999934433823128
0.22102199789220017 	 0.9999933458393249
0.22202199789220017 	 0.9999932416906475
0.22302199789220017 	 0.9999931317341872
0.22402199789220018 	 0.9999930165796272
0.22502199789220018 	 0.9999928967025087
0.22602199789220018 	 0.9999927724801543
0.22702199789220018 	 0.999992644216306
0.22802199789220018 	 0.99999251215849
0.22902199789220018 	 0.9999923765105443
0.23002199789220018 	 0.9999922374418402
0.23102199789220018 	 0.9999920950941958
0.23202199789220018 	 0.9999919495871378
0.23302199789220018 	 0.9999918010219647
0.23402199789220018 	 0.9999916494849254
0.23502199789220019 	 0.9999914950497316
0.23602199789220019 	 0.999991337779566
0.2370219978922002 	 0.9999911777287022
0.2380219978922002 	 0.9999910149438229
0.2390219978922002 	 0.9999908494651002
0.2400219978922002 	 0.9999906813270883
0.2410219978922002 	 0.9999905105594665
0.2420219978922002 	 0.9999903371876597
0.2430219978922002 	 0.9999901612333615
0.2440219978922002 	 0.9999899827149764
0.2450219978922002 	 0.9999898016479968
0.2460219978922002 	 0.9999896180453229
0.2470219978922002 	 0.9999894319175396
0.2480219978922002 	 0.9999892432731541
0.2490219978922002 	 0.9999890521188013
0.2500219978922002 	 0.9999888584594225
0.2510219978922002 	 0.9999886622984198
0.2520219978922002 	 0.9999884636377938
0.2530219978922002 	 0.9999882624782606
0.2540219978922002 	 0.9999880588193584
0.2550219978922002 	 0.9999878526595378
0.2560219978922002 	 0.9999876439962447
0.2570219978922002 	 0.9999874328259923
0.2580219978922002 	 0.9999872191444237
0.2590219978922002 	 0.9999870029463702
0.2600219978922002 	 0.9999867842259016
0.2610219978922002 	 0.9999865629763711
0.2620219978922002 	 0.9999863391904564
0.2630219978922002 	 0.999986112860194
0.2640219978922002 	 0.999985883977015
0.2650219978922002 	 0.9999856525317699
0.2660219978922002 	 0.9999854185147581
0.2670219978922002 	 0.9999851819157501
0.2680219978922002 	 0.9999849427240077
0.2690219978922002 	 0.9999847009283043
0.2700219978922002 	 0.9999844565169413
0.2710219978922002 	 0.9999842094777639
0.2720219978922002 	 0.9999839597981737
0.2730219978922002 	 0.9999837074651423
0.2740219978922002 	 0.999983452465222
0.2750219978922002 	 0.9999831947845563
0.2760219978922002 	 0.9999829344088877
0.2770219978922002 	 0.9999826713235673
0.2780219978922002 	 0.9999824055135598
0.2790219978922002 	 0.9999821369634524
0.2800219978922002 	 0.999889034581442
0.2810219978922002 	 0.9996940228828248
0.2820219978922002 	 0.9994399761946311
0.2830219978922002 	 0.9991404314991721
0.28402199789220023 	 0.9988031972723195
0.28502199789220023 	 0.9984335860256908
0.28602199789220023 	 0.9980355378444314
0.28702199789220023 	 0.9976121357808897
0.28802199789220023 	 0.9971658819682063
0.28902199789220023 	 0.9966988614126653
0.29002199789220023 	 0.9962128464953934
0.29102199789220023 	 0.9957093674093681
0.29202199789220024 	 0.995189761722262
0.29302199789220024 	 0.9946552104807617
0.29402199789220024 	 0.9941067652721896
0.29502199789220024 	 0.9935453689991575
0.29602199789220024 	 0.9929718721554036
0.29702199789220024 	 0.9923870458020712
0.29802199789220024 	 0.991791592071844
0.29902199789220024 	 0.9911861527860293
0.30002199789220024 	 0.9905713166073316
0.30102199789220024 	 0.9899476250396445
0.30202199789220024 	 0.9893155775080739
0.30302199789220025 	 0.988675635696554
0.30402199789220025 	 0.9880282272798266
0.30502199789220025 	 0.9873737491565658
0.30602199789220025 	 0.9867125702679689
0.30702199789220025 	 0.9860450340690982
0.30802199789220025 	 0.9853714607071715
0.30902199789220025 	 0.9846921489508514
0.31002199789220025 	 0.9840073779066179
0.31102199789220025 	 0.9833174085520167
0.31202199789220025 	 0.9826224851105502
0.31302199789220025 	 0.9819228362889283
0.31402199789220026 	 0.9812186763941267
0.31502199789220026 	 0.9805102063450237
0.31602199789220026 	 0.9797976145911855
0.31702199789220026 	 0.9790810779495572
0.31802199789220026 	 0.9783607623683058
0.31902199789220026 	 0.9776368236257953
0.32002199789220026 	 0.9769094079716157
0.32102199789220026 	 0.976178652715695
0.32202199789220026 	 0.97544468677075
0.32302199789220026 	 0.9747076311527012
0.32402199789220026 	 0.9739675994431083
0.32502199789220027 	 0.9732246982172159
0.32602199789220027 	 0.9724790274407751
0.32702199789220027 	 0.9717306808384769
0.32802199789220027 	 0.9709797462364886
0.32902199789220027 	 0.9702263058813498
0.33002199789220027 	 0.9694704367372257
0.33102199789220027 	 0.9687122107633188
0.33202199789220027 	 0.9679516951730636
0.33302199789220027 	 0.9671889526765569
0.3340219978922003 	 0.9664240417075411
0.3350219978922003 	 0.9656570166361425
0.3360219978922003 	 0.9648879279684324
0.3370219978922003 	 0.964116822533807
0.3380219978922003 	 0.9633437436610701
0.3390219978922003 	 0.9625687313440401
0.3400219978922003 	 0.9617918223974227
0.3410219978922003 	 0.9610130506036333
0.3420219978922003 	 0.9602324468511867
0.3430219978922003 	 0.9594500392652361
0.3440219978922003 	 0.9586658533307748
0.3450219978922003 	 0.9578799120089988
0.3460219978922003 	 0.9570922358472607
0.3470219978922003 	 0.9563028430830354
0.3480219978922003 	 0.9555117497422767
0.3490219978922003 	 0.9547189697325109
0.3500219978922003 	 0.9539245149309952
0.3510219978922003 	 0.9531283952682394
0.3520219978922003 	 0.9523306188071763
0.3530219978922003 	 0.9515311918182292
0.3540219978922003 	 0.9507301188505292
0.3550219978922003 	 0.9499274027994945
0.3560219978922003 	 0.9491230449709942
0.3570219978922003 	 0.9483170451422755
0.3580219978922003 	 0.9475094016198486
0.3590219978922003 	 0.9467001112944944
0.3600219978922003 	 0.9458891696935476
0.3610219978922003 	 0.9450765710306146
0.3620219978922003 	 0.944262308252857
0.3630219978922003 	 0.9434463730859661
0.3640219978922003 	 0.9426287560769715
0.3650219978922003 	 0.9418094466349621
0.3660219978922003 	 0.9409884330698653
0.3670219978922003 	 0.940165702629359
0.3680219978922003 	 0.9393412415340197
0.3690219978922003 	 0.9385150350107946
0.3700219978922003 	 0.9376870673248874
0.3710219978922003 	 0.9368573218101244
0.3720219978922003 	 0.9360257808978857
0.3730219978922003 	 0.9351924261446711
0.3740219978922003 	 0.9343572382583565
0.3750219978922003 	 0.9335201971232183
0.3760219978922003 	 0.93268128182377
0.3770219978922003 	 0.9318404706674848
0.3780219978922003 	 0.9309977412064302
0.3790219978922003 	 0.9301530702578946
0.3800219978922003 	 0.9293064339240309
0.3810219978922003 	 0.9284578076105694
0.3820219978922003 	 0.927607166044648
0.3830219978922003 	 0.9267544832917854
0.3840219978922003 	 0.925899732772054
0.3850219978922003 	 0.9250428872754675
0.3860219978922003 	 0.9241839189766401
0.3870219978922003 	 0.9233227994487279
0.3880219978922003 	 0.9224594996766989
0.3890219978922003 	 0.9215939900699572
0.3900219978922003 	 0.9207262404743424
0.3910219978922003 	 0.9198562201835385
0.3920219978922003 	 0.9189838979499183
0.3930219978922003 	 0.9181092419948366
0.3940219978922003 	 0.9172322200184109
0.3950219978922003 	 0.9163527992087954
0.39602199789220033 	 0.9154709462509834
0.39702199789220033 	 0.9145866273351453
0.39802199789220033 	 0.9136998081645284
0.39902199789220033 	 0.9128104539629394
0.40002199789220033 	 0.9119185294818148
0.40102199789220033 	 0.9110239990069113
0.40202199789220033 	 0.910126826364615
0.40302199789220033 	 0.9092269749279009
0.40402199789220034 	 0.9083244076219443
0.40502199789220034 	 0.9074190869294079
0.40602199789220034 	 0.9065109748954033
0.40702199789220034 	 0.9056000331321593
0.40802199789220034 	 0.9046862228233927
0.40902199789220034 	 0.9037695047283989
0.41002199789220034 	 0.902849839185877
0.41102199789220034 	 0.9019271861174893
0.41202199789220034 	 0.9010015050311806
0.41302199789220034 	 0.9000727550242543
0.41402199789220034 	 0.8991408947862203
0.41502199789220034 	 0.8982058826014203
0.41602199789220035 	 0.8972676763514456
0.41702199789220035 	 0.8963262335173499
0.41802199789220035 	 0.8953815111816652
0.41902199789220035 	 0.8944334660287923
0.42002199789220035 	 0.8934820543535803
0.42102199789220035 	 0.8925272320497423
0.42202199789220035 	 0.8915689546226976
0.42302199789220035 	 0.8906071771860649
0.42402199789220035 	 0.8896418544627422
0.42502199789220035 	 0.8886729407860088
0.42602199789220035 	 0.8877003901002365
0.42702199789220036 	 0.8867241559614554
0.42802199789220036 	 0.8857441915377962
0.42902199789220036 	 0.8847604496098062
0.43002199789220036 	 0.8837728825706499
0.43102199789220036 	 0.882781442426191
0.43202199789220036 	 0.8817860807949731
0.43302199789220036 	 0.880786748908093
0.43402199789220036 	 0.8797833976089786
0.43502199789220036 	 0.878775977353073
0.43602199789220036 	 0.8777644382074263
0.43702199789220036 	 0.8767487298502075
0.43802199789220037 	 0.8757288015701364
0.43902199789220037 	 0.8747046022658316
0.44002199789220037 	 0.8736760804451034
0.44102199789220037 	 0.8726431842241591
0.44202199789220037 	 0.8716058613267641
0.44302199789220037 	 0.8705640590833291
0.44402199789220037 	 0.8695177244299522
0.44502199789220037 	 0.8684668039074028
0.4460219978922004 	 0.8674112436600617
0.4470219978922004 	 0.8663509894348185
0.4480219978922004 	 0.8652859865799211
0.4490219978922004 	 0.864216180043808
0.4500219978922004 	 0.8631415143738772
0.4510219978922004 	 0.8620619337152626
0.4520219978922004 	 0.8609773818095559
0.4530219978922004 	 0.8598878019935224
0.4540219978922004 	 0.8587931371977984
0.4550219978922004 	 0.8576933299455671
0.4560219978922004 	 0.8565883223512327
0.4570219978922004 	 0.8554780561190826
0.4580219978922004 	 0.8543624725419494
0.4590219978922004 	 0.8532415124998741
0.4600219978922004 	 0.8521151164587688
0.4610219978922004 	 0.8509832244690969
0.4620219978922004 	 0.8498457761645566
0.4630219978922004 	 0.8487027107607883
0.4640219978922004 	 0.8475539670540866
0.4650219978922004 	 0.8463994834201686
0.4660219978922004 	 0.8452391978129232
0.4670219978922004 	 0.8440730477632408
0.4680219978922004 	 0.842900970377833
0.4690219978922004 	 0.8417229023381374
0.4700219978922004 	 0.8405387798992245
0.4710219978922004 	 0.8393485388887845
0.4720219978922004 	 0.8381521147061463
0.4730219978922004 	 0.8369494423213693
0.4740219978922004 	 0.83574045627438
0.4750219978922004 	 0.8345250906741927
0.4760219978922004 	 0.8333032791981785
0.4770219978922004 	 0.8320749550914397
0.4780219978922004 	 0.83084005116623
0.4790219978922004 	 0.82959849980149
0.4800219978922004 	 0.8283502329424479
0.4810219978922004 	 0.8270951821003325
0.4820219978922004 	 0.8258332783521865
0.4830219978922004 	 0.8245644523407694
0.4840219978922004 	 0.823288634274582
0.4850219978922004 	 0.8220057539280193
0.4860219978922004 	 0.8207157406416135
0.4870219978922004 	 0.8194185233224203
0.4880219978922004 	 0.8181140304446373
0.4890219978922004 	 0.8168021900501106
0.4900219978922004 	 0.815482929749261
0.4910219978922004 	 0.8141561767220081
0.4920219978922004 	 0.8128218577189109
0.4930219978922004 	 0.8114798990624493
0.4940219978922004 	 0.810130226648485
0.4950219978922004 	 0.8087727659479128
0.4960219978922004 	 0.8074074420084814
0.4970219978922004 	 0.80603417945683
0.4980219978922004 	 0.804652902500707
0.4990219978922004 	 0.8032635349314102
0.5000219978922004 	 0.8018660001264369
0.5010219978922004 	 0.8004602210523835
0.5020219978922004 	 0.7990461202680311
0.5030219978922004 	 0.7976236199277318
0.5040219978922004 	 0.7961926417850053
0.5050219978922004 	 0.7947531071964089
0.5060219978922004 	 0.7933049371256837
0.5070219978922004 	 0.7918480521481781
0.5080219978922004 	 0.7903823724555459
0.5090219978922004 	 0.788907817860759
0.5100219978922004 	 0.7874243078034301
0.5110219978922004 	 0.7859317613554442
0.5120219978922004 	 0.784430097226918
0.5130219978922004 	 0.7829192337725284
0.5140219978922004 	 0.7813990889981475
0.5150219978922004 	 0.779869580567881
0.5160219978922004 	 0.7783306258114625
0.5170219978922004 	 0.7767821417320413
0.5180219978922004 	 0.7752240450143588
0.5190219978922004 	 0.7736562520333623
0.5200219978922004 	 0.772078678863211
0.5210219978922004 	 0.7704912412867484
0.5220219978922004 	 0.768893854805398
0.5230219978922004 	 0.7672864346495704
0.5240219978922004 	 0.7656688957894845
0.5250219978922004 	 0.7640411529465404
0.5260219978922004 	 0.7624031206051756
0.5270219978922004 	 0.760754713025219
0.5280219978922004 	 0.7590958442549172
0.5290219978922004 	 0.757426428144252
0.5300219978922004 	 0.7557463783591356
0.5310219978922004 	 0.754055608395872
0.5320219978922004 	 0.7523540315966029
0.5330219978922004 	 0.7506415611650377
0.5340219978922004 	 0.7489181101829824
0.5350219978922004 	 0.7471835916274896
0.5360219978922004 	 0.745437918388695
0.5370219978922004 	 0.7436810032883345
0.5380219978922004 	 0.7419127590989901
0.5390219978922004 	 0.7401330985640405
0.5400219978922004 	 0.7383419344183872
0.5410219978922004 	 0.7365391794099536
0.5420219978922004 	 0.73472474632194
0.5430219978922004 	 0.7328985479959405
0.5440219978922004 	 0.7310604973558601
0.5450219978922004 	 0.7292105074326964
0.5460219978922004 	 0.7273484913901951
0.5470219978922004 	 0.7254743625513828
0.5480219978922004 	 0.7235880344261056
0.5490219978922004 	 0.7216894207166153
0.5500219978922004 	 0.71977843531338
0.5510219978922004 	 0.7178549923740711
0.5520219978922004 	 0.7159190063635641
0.5530219978922004 	 0.7139703920864852
0.5540219978922004 	 0.712009064720692
0.5550219978922004 	 0.7100349398518656
0.5560219978922004 	 0.7080479335092336
0.5570219978922004 	 0.7060479622024161
0.5580219978922004 	 0.7040349429594628
0.5590219978922004 	 0.7020087933660671
0.5600219978922004 	 0.6999694316060059
0.5610219978922004 	 0.6979167765028322
0.5620219978922004 	 0.6958507475628544
0.5630219978922004 	 0.6937712650193859
0.5640219978922004 	 0.6916782498783587
0.5650219978922004 	 0.689571623965282
0.5660219978922004 	 0.687451309973588
0.5670219978922004 	 0.6853172315143699
0.5680219978922004 	 0.6831693131676754
0.5690219978922004 	 0.681007480535057
0.5700219978922004 	 0.6788316602938265
0.5710219978922004 	 0.6766417802527501
0.5720219978922004 	 0.674437769409299
0.5730219978922004 	 0.6722195580085124
0.5740219978922004 	 0.6699870776034562
0.5750219978922004 	 0.6677402611173222
0.5760219978922004 	 0.6654790429072155
0.5770219978922004 	 0.6632033588296313
0.5780219978922004 	 0.660913146307657
0.5790219978922004 	 0.6586083443999294
0.5800219978922004 	 0.6562888938713947
0.5810219978922004 	 0.6539547372658301
0.5820219978922004 	 0.6516058189802647
0.5830219978922004 	 0.649242085341212
0.5840219978922004 	 0.6468634846828349
0.5850219978922004 	 0.6444699674269029
0.5860219978922004 	 0.6420614861649272
0.5870219978922004 	 0.6396379957420153
0.5880219978922004 	 0.6371994533428287
0.5890219978922004 	 0.6347458185795114
0.5900219978922004 	 0.632277053581658
0.5910219978922004 	 0.6297931230883791
0.5920219978922004 	 0.6272939945422832
0.5930219978922004 	 0.6247796381856949
0.5940219978922004 	 0.6222500271589255
0.5950219978922004 	 0.6197051376006074
0.5960219978922005 	 0.6171449487502171
0.5970219978922005 	 0.6145694430527036
0.5980219978922005 	 0.6119786062652793
0.5990219978922005 	 0.6093724275663612
0.6000219978922005 	 0.6067508996666706
0.6010219978922005 	 0.6041140189225049
0.6020219978922005 	 0.6014617854511735
0.6030219978922005 	 0.5987942032485993
0.6040219978922005 	 0.5961112803090702
0.6050219978922005 	 0.5934130287472281
0.6060219978922005 	 0.5906994649220335
0.6070219978922005 	 0.5879706095630461
0.6080219978922005 	 0.5852264878987334
0.6090219978922005 	 0.5824671297868851
0.6100219978922005 	 0.5796925698471848
0.6110219978922005 	 0.576902847595685
0.6120219978922005 	 0.5740980075814686
0.6130219978922005 	 0.5712780975697749
0.6140219978922005 	 0.5684431740613854
0.6150219978922005 	 0.5655932984356817
0.6160219978922005 	 0.5627285367421708
0.6170219978922005 	 0.5598489607767725
0.6180219978922005 	 0.5569546482297882
0.6190219978922005 	 0.5540456828354134
0.6200219978922005 	 0.5511221545229859
0.6210219978922005 	 0.548184159569759
0.6220219978922005 	 0.5452318007551727
0.6230219978922005 	 0.5422651875165152
0.6240219978922005 	 0.5392844361059032
0.6250219978922005 	 0.5362896697484685
0.6260219978922005 	 0.5332810188016645
0.6270219978922005 	 0.5302586209155641
0.6280219978922005 	 0.5272226211940532
0.6290219978922005 	 0.5241731723567746
0.6300219978922005 	 0.5211104349017155
0.6310219978922005 	 0.5180345772682702
0.6320219978922005 	 0.5149457760006549
0.6330219978922005 	 0.511844215911518
0.6340219978922005 	 0.5087300902455412
0.6350219978922005 	 0.505603600842987
0.6360219978922005 	 0.502464958302784
0.6370219978922005 	 0.49931438214515245
0.6380219978922005 	 0.49615210097361406
0.6390219978922005 	 0.4929783526359246
0.6400219978922005 	 0.4897933843839904
0.6410219978922005 	 0.48659745303230256
0.6420219978922005 	 0.48339082511487924
0.6430219978922005 	 0.4801737770403036
0.6440219978922005 	 0.476946595244676
0.6450219978922005 	 0.4737095763421877
0.6460219978922005 	 0.47046302727305767
0.6470219978922005 	 0.4672072654485362
0.6480219978922005 	 0.4639426188926866
0.6490219978922005 	 0.46066942638062436
0.6500219978922005 	 0.4573880375729211
0.6510219978922005 	 0.45409881314580525
0.6520219978922005 	 0.4508021249169143
0.6530219978922005 	 0.4474983559660566
0.6540219978922005 	 0.44418790075094866
0.6550219978922005 	 0.44087116521714664
0.6560219978922005 	 0.43754856690218646
0.6570219978922005 	 0.4342205350332964
0.6580219978922005 	 0.43088751061837455
0.6590219978922005 	 0.42754994652980527
0.6600219978922005 	 0.4242083075807342
0.6610219978922005 	 0.42086307059330963
0.6620219978922005 	 0.4175147244585412
0.6630219978922005 	 0.41416377018593864
0.6640219978922005 	 0.41081072091997545
0.6650219978922005 	 0.4074561019759576
0.6660219978922005 	 0.40410045088723434
0.6670219978922005 	 0.400744317417002
0.6680219978922005 	 0.39738826355792967
0.6690219978922005 	 0.39403286352010125
0.6700219978922005 	 0.39067870370677793
0.6710219978922005 	 0.38732638267756325
0.6720219978922005 	 0.38397651109835074
0.6730219978922005 	 0.3806297116776495
0.6740219978922005 	 0.3772866190887417
0.6750219978922005 	 0.3739478798771707
0.6760219978922005 	 0.37061415235303946
0.6770219978922005 	 0.3672861064676169
0.6780219978922005 	 0.36396442367372583
0.6790219978922005 	 0.3606497967694055
0.6800219978922005 	 0.3573429297243069
0.6810219978922005 	 0.3540445374883601
0.6820219978922005 	 0.3507553457821117
0.6830219978922005 	 0.3474760908682684
0.6840219978922005 	 0.34420751930393667
0.6850219978922005 	 0.3409503876729892
0.6860219978922005 	 0.33770546229805554
0.6870219978922005 	 0.33447351893167737
0.6880219978922005 	 0.33125534242322746
0.6890219978922005 	 0.32805172631420115
0.6900219978922005 	 0.32486347247263636
0.6910219978922005 	 0.32169139074906633
0.6920219978922005 	 0.3185362985569765
0.6930219978922005 	 0.3153990204269717
0.6940219978922005 	 0.31228038753636844
0.6950219978922005 	 0.30918123721351587
0.6960219978922005 	 0.3061024124163051
0.6970219978922005 	 0.30304476118424856
0.6980219978922005 	 0.30000913606348883
0.6990219978922005 	 0.2969963935039903
0.7000219978922005 	 0.29400739322832337
0.7010219978922005 	 0.29104299757114516
0.7020219978922005 	 0.288104070788611
0.7030219978922005 	 0.2851914783368089
0.7040219978922005 	 0.2823060861182183
0.7050219978922005 	 0.2794487596951279
0.7060219978922005 	 0.27662036346880425
0.7070219978922005 	 0.27382175982308793
0.7080219978922005 	 0.27105380823092073
0.7090219978922006 	 0.2683173643221428
0.7100219978922006 	 0.26561327891066305
0.7110219978922006 	 0.2629423969788637
0.7120219978922006 	 0.26030555661683785
0.7130219978922006 	 0.25770358791064685
0.7140219978922006 	 0.2551373117244017
0.7150219978922006 	 0.2526075384959977
0.7160219978922006 	 0.25011506702307973
0.7170219978922006 	 0.2476606831278706
0.7180219978922006 	 0.24524515825069965
0.7190219978922006 	 0.2428692479683599
0.7200219978922006 	 0.2405336904301384
0.7210219978922006 	 0.2382392047031707
0.7220219978922006 	 0.23598648901764638
0.7230219978922006 	 0.23377621890075478
0.7240219978922006 	 0.23160904518659792
0.7250219978922006 	 0.22948559188729317
0.7260219978922006 	 0.22740645390803782
0.7270219978922006 	 0.22537219458619967
0.7280219978922006 	 0.22338334303118546
0.7290219978922006 	 0.22144039123802872
0.7300219978922006 	 0.21954379094308082
0.7310219978922006 	 0.2176939501848565
0.7320219978922006 	 0.21589122952670428
0.7330219978922006 	 0.2141359378904812
0.7340219978922006 	 0.21242832794138367
0.7350219978922006 	 0.21076859095340628
0.7360219978922006 	 0.20915685107201973
0.7370219978922006 	 0.2075931588752694
0.7380219978922006 	 0.20607748411723034
0.7390219978922006 	 0.20460970753758176
0.7400219978922006 	 0.20318961151507758
0.7410219978922006 	 0.2018168693723399
0.7420219978922006 	 0.20049103313927308
0.7430219978922006 	 0.19921151946023521
0.7440219978922006 	 0.19797759329265885
0.7450219978922006 	 0.19678834897054456
0.7460219978922006 	 0.1956426881130162
0.7470219978922006 	 0.19453929374216378
0.7480219978922006 	 0.19347659982953347
0.7490219978922006 	 0.192452755309145
0.7500219978922006 	 0.19146558136644734
0.7510219978922006 	 0.19051252052396095
0.7520219978922006 	 0.18959057567845972
0.7530219978922006 	 0.18869623677855357
0.7540219978922006 	 0.18782539223658323
0.7550219978922006 	 0.18697322140635536
0.7560219978922006 	 0.1861340634789994
0.7570219978922006 	 0.18530125688901522
0.7580219978922006 	 0.184466941699366
0.7590219978922006 	 0.18362181534555344
0.7600219978922006 	 0.1827548294380868
0.7610219978922006 	 0.18185281190545205
0.7620219978922006 	 0.18089999445457042
0.7630219978922006 	 0.1798774200198696
0.7640219978922006 	 0.17876219865760956
0.7650219978922006 	 0.1775265729699826
0.7660219978922006 	 0.17613674773016114
0.7670219978922006 	 0.17455143479736077
0.7680219978922006 	 0.1727200691003966
0.7690219978922006 	 0.17058067663235482
0.7700219978922006 	 0.16805744634686176
0.7710219978922006 	 0.16505822240294488
0.7720219978922006 	 0.16147248480159693
0.7730219978922006 	 0.15717109566212084
0.7740219978922006 	 0.15201044339777092
0.7750219978922006 	 0.14584603053295575
0.7760219978922006 	 0.1385643711413047
0.7770219978922006 	 0.13014672596504
0.7780219978922006 	 0.1207797516166964
0.7790219978922006 	 0.11101449070680519
0.7800219978922006 	 0.10192387831347618
0.7810219978922006 	 0.09511076376602906
0.7820219978922006 	 0.09235571810192482
0.7830219978922006 	 0.09488379726121741
0.7840219978922006 	 0.10268029362262776
0.7850219978922006 	 0.11444790586964443
0.7860219978922006 	 0.12826839047806154
0.7870219978922006 	 0.142400471427781
0.7880219978922006 	 0.15570001405035827
0.7890219978922006 	 0.16762505739637762
0.7900219978922006 	 0.1780496537568825
0.7910219978922006 	 0.18707106119514397
0.7920219978922006 	 0.19487739188792746
0.7930219978922006 	 0.2016746417242402
0.7940219978922006 	 0.20765315056797162
0.7950219978922006 	 0.2129757607689699
0.7960219978922006 	 0.21777639752960937
0.7970219978922006 	 0.2221629417099078
0.7980219978922006 	 0.22622139754355175
0.7990219978922006 	 0.2300200345649479
0.8000219978922006 	 0.2336130089449583
0.8010219978922006 	 0.2370433465708458
0.8020219978922006 	 0.24034532579837053
0.8030219978922006 	 0.24354635007978345
0.8040219978922006 	 0.24666840799503342
0.8050219978922006 	 0.24972920816889277
0.8060219978922006 	 0.2527430615467886
0.8070219978922006 	 0.25572156869058427
0.8080219978922006 	 0.258674156979221
0.8090219978922006 	 0.2616085022450314
0.8100219978922006 	 0.26453086125727643
0.8110219978922006 	 0.2674463354049105
0.8120219978922006 	 0.27035908114362783
0.8130219978922006 	 0.2732724775174894
0.8140219978922006 	 0.27618926043872194
0.8150219978922006 	 0.27911163210459883
0.8160219978922006 	 0.28204135074262143
0.8170219978922006 	 0.2849798033717894
0.8180219978922006 	 0.2879280655267918
0.8190219978922006 	 0.29088695053400926
0.8200219978922006 	 0.293857050354025
0.8210219978922007 	 0.2968387697373066
0.8220219978922007 	 0.29983235509516387
0.8230219978922007 	 0.3028379179726821
0.8240219978922007 	 0.3058554550489435
0.8250219978922007 	 0.3088848651741847
0.8260219978922007 	 0.31192596384487103
0.8270219978922007 	 0.3149784955471078
0.8280219978922007 	 0.31804214431948286
0.8290219978922007 	 0.3211165428228925
0.8300219978922007 	 0.3242012801538875
0.8310219978922007 	 0.3272959085967071
0.8320219978922007 	 0.33039994947560847
0.8330219978922007 	 0.333512898241761
0.8340219978922007 	 0.33663422890673467
0.8350219978922007 	 0.33976339791635435
0.8360219978922007 	 0.34289984754358116
0.8370219978922007 	 0.3460430088666966
0.8380219978922007 	 0.3491923043142669
0.8390219978922007 	 0.35234714846950954
0.8400219978922007 	 0.3555069500740212
0.8410219978922007 	 0.3586711157074798
0.8420219978922007 	 0.36183905293727026
0.8430219978922007 	 0.36501017032736205
0.8440219978922007 	 0.36818387824366205
0.8450219978922007 	 0.371359589963825
0.8460219978922007 	 0.3745367226616648
0.8470219978922007 	 0.37771469828019477
0.8480219978922007 	 0.38089294430541176
0.8490219978922007 	 0.3840708944515422
0.8500219978922007 	 0.38719509508767724
0.8510219978922007 	 0.390370086396722
0.8520219978922007 	 0.39354295474118095
0.8530219978922007 	 0.3967131644067182
0.8540219978922007 	 0.39988018863369046
0.8550219978922007 	 0.40304350993956006
0.8560219978922007 	 0.40620262039801147
0.8570219978922007 	 0.4093570218787147
0.8580219978922007 	 0.41250622625121364
0.8590219978922007 	 0.41564975555596884
0.8600219978922007 	 0.41878714214550816
0.8610219978922007 	 0.42191792879806406
0.8620219978922007 	 0.4250416688060572
0.8630219978922007 	 0.428157926028534
0.8640219978922007 	 0.4312662746759711
0.8650219978922007 	 0.43436629933371906
0.8660219978922007 	 0.4374575952053925
0.8670219978922007 	 0.4405397681126015
0.8680219978922007 	 0.4436124344695599
0.8690219978922007 	 0.44667522124363335
0.8700219978922007 	 0.4497277659028425
0.8710219978922007 	 0.452769716351318
0.8720219978922007 	 0.4558007308536769
0.8730219978922007 	 0.45882047794906977
0.8740219978922007 	 0.4618286363557573
0.8750219978922007 	 0.4648248948668911
0.8760219978922007 	 0.4678089522381491
0.8770219978922007 	 0.4707805170678623
0.8780219978922007 	 0.4737393076701407
0.8790219978922007 	 0.4766850519415899
0.8800219978922007 	 0.4796174872220305
0.8810219978922007 	 0.482536360159895
0.8820219978922007 	 0.48544142659113015
0.8830219978922007 	 0.48833245135640746
0.8840219978922007 	 0.49120920813317315
0.8850219978922007 	 0.49407147927230555
0.8860219978922007 	 0.4969190556309791
0.8870219978922007 	 0.4997517364018945
0.8880219978922007 	 0.5025693289326453
0.8890219978922007 	 0.5053716484174813
0.8900219978922007 	 0.5081585177186043
0.8910219978922007 	 0.5109297496389702
0.8920219978922007 	 0.5136850970864799
0.8930219978922007 	 0.5164243016157959
0.8940219978922007 	 0.5191471084997374
0.8950219978922007 	 0.5218532665866498
0.8960219978922007 	 0.5245425281584466
0.8970219978922007 	 0.5272146487891609
0.8980219978922007 	 0.5298693872041673
0.8990219978922007 	 0.5325065051397979
0.9000219978922007 	 0.5351257672034121
0.9010219978922007 	 0.5377269407336813
0.9020219978922007 	 0.5403097956611262
0.9030219978922007 	 0.5428741043685676
0.9040219978922007 	 0.5454196415517536
0.9050219978922007 	 0.547946184079291
0.9060219978922007 	 0.5504535108524871
0.9070219978922007 	 0.5529414026643664
0.9080219978922007 	 0.5554096420578905
0.9090219978922007 	 0.557858013183029
0.9100219978922007 	 0.5602863016524937
0.9110219978922007 	 0.5626942905769714
0.9120219978922007 	 0.5650817497495129
0.9130219978922007 	 0.5674484460888727
0.9140219978922007 	 0.569794145704215
0.9150219978922007 	 0.5721186137854124
0.9160219978922007 	 0.5744216154897221
0.9170219978922007 	 0.5767029158395622
0.9180219978922007 	 0.5789616080811122
0.9190219978922007 	 0.5811950177105452
0.9200219978922007 	 0.5834042356237895
0.9210219978922007 	 0.5855894831010089
0.9220219978922007 	 0.5877507445071892
0.9230219978922007 	 0.5898879217208124
0.9240219978922007 	 0.5920008751738253
0.9250219978922007 	 0.5940894405595731
0.9260219978922007 	 0.5961534370153725
0.9270219978922007 	 0.5981926716140011
0.9280219978922007 	 0.6002069420118844
0.9290219978922007 	 0.6021960380787599
0.9300219978922007 	 0.6041597429199261
0.9310219978922007 	 0.6060978902271756
0.9320219978922007 	 0.6080105221504447
0.9330219978922007 	 0.6098977297479092
0.9340219978922008 	 0.611759603489933
0.9350219978922008 	 0.6135962329328043
0.9360219978922008 	 0.6154077063037122
0.9370219978922008 	 0.6171941100098068
0.9380219978922008 	 0.6189555276588075
0.9390219978922008 	 0.6206920310810735
0.9400219978922008 	 0.6224036799899921
0.9410219978922008 	 0.624090532029367
0.9420219978922008 	 0.6257526503601876
0.9430219978922008 	 0.6273900945820121
0.9440219978922008 	 0.6290029172698415
0.9450219978922008 	 0.6305911629720233
0.9460219978922008 	 0.6321548671322252
0.9470219978922008 	 0.6336940549290967
0.9480219978922008 	 0.6352087400258712
0.9490219978922008 	 0.6366989232242
0.9500219978922008 	 0.6381645910048768
0.9510219978922008 	 0.6396056589691588
0.9520219978922008 	 0.6410218182453783
0.9530219978922008 	 0.6424126897857436
0.9540219978922008 	 0.6437778705490054
0.9550219978922008 	 0.6451169315579208
0.9560219978922008 	 0.6464294440067182
0.9570219978922008 	 0.6477150548487113
0.9580219978922008 	 0.6489734037875867
0.9590219978922008 	 0.6502040875216556
0.9600219978922008 	 0.6514066341371799
0.9610219978922008 	 0.6525805224286932
0.9620219978922008 	 0.6537251848852679
0.9630219978922008 	 0.6548400045769607
0.9640219978922008 	 0.6559243377516284
0.9650219978922008 	 0.6569775067690773
0.9660219978922008 	 0.6579987675632718
0.9670219978922008 	 0.658987301481765
0.9680219978922008 	 0.659942207323846
0.9690219978922008 	 0.6608624923806039
0.9700219978922008 	 0.661747062328943
0.9710219978922008 	 0.6625946890256442
0.9720219978922008 	 0.6634039404623395
0.9730219978922008 	 0.6641732256027963
0.9740219978922008 	 0.664900795939158
0.9750219978922008 	 0.6655847264772696
0.9760219978922008 	 0.6662228939350798
0.9770219978922008 	 0.6668129516700751
0.9780219978922008 	 0.6673523007566755
0.9790219978922008 	 0.6678380565299722
0.9800219978922008 	 0.66826700976321
0.9810219978922008 	 0.6686358485310941
0.9820219978922008 	 0.6689418362787795
0.9830219978922008 	 0.6691816441123692
0.9840219978922008 	 0.6693444437701614
0.9850219978922008 	 0.6694253881252868
0.9860219978922008 	 0.6694268877164185
0.9870219978922008 	 0.6693395781575807
0.9880219978922008 	 0.6691083047398314
0.9890219978922008 	 0.6686650498743251
0.9900219978922008 	 0.668018172133066
0.9910219978922008 	 0.6671494705383597
0.9920219978922008 	 0.6660320530403228
0.9930219978922008 	 0.6646322102001261
0.9940219978922008 	 0.662909096711441
0.9950219978922008 	 0.6608136079000471
0.9960219978922008 	 0.6580706744285286
0.9970219978922008 	 0.6544758801195609
0.9980219978922008 	 0.6500120580222087
0.9990219978922008 	 0.644562555253308
1.0000219978922007 	 0.6379696937056126
1.0010219978922006 	 0.6300396919270711
1.0020219978922005 	 0.6205355544740285
1.0030219978922004 	 0.609165965661054
1.0040219978922003 	 0.5955810925929184
1.0050219978922001 	 0.5793709037471322
1.0060219978922 	 0.560042824598549
1.0070219978922 	 0.5370363620216847
1.0080219978921998 	 0.5097410401187139
1.0090219978921997 	 0.47753441667544916
1.0100219978921996 	 0.4398616909926907
1.0110219978921995 	 0.3963821866212396
1.0120219978921994 	 0.3471712310552201
1.0130219978921993 	 0.29301591812376604
1.0140219978921992 	 0.23575523649920893
1.015021997892199 	 0.17851635716809972
1.016021997892199 	 0.12565174681161806
1.0170219978921988 	 0.08214756632813787
1.0180219978921987 	 0.052540165972464345
1.0190219978921986 	 0.03962859275840015
1.0200219978921985 	 0.04369551065062646
1.0210219978921984 	 0.06267999410786382
1.0220219978921983 	 0.09294537540857795
1.0230219978921982 	 0.13041065485135178
1.024021997892198 	 0.17137857213702223
1.025021997892198 	 0.21301208855537684
1.0260219978921978 	 0.25338586305161925
1.0270219978921977 	 0.29135882537159874
1.0280219978921976 	 0.3263681560737336
1.0290219978921975 	 0.3582338219796898
1.0300219978921974 	 0.3870140724343025
1.0310219978921973 	 0.4128851199500655
1.0320219978921972 	 0.4360809973858588
1.033021997892197 	 0.45686776087108605
1.034021997892197 	 0.47550916908709473
1.0350219978921968 	 0.492250985575829
1.0360219978921967 	 0.5073170826837659
1.0370219978921966 	 0.5209089751766007
1.0380219978921965 	 0.5332051801503569
1.0390219978921964 	 0.5443625707062565
1.0400219978921963 	 0.5545184095962219
1.0410219978921962 	 0.5637918833776432
1.042021997892196 	 0.5722837828668483
1.043021997892196 	 0.5800806127360827
1.0440219978921959 	 0.5872571418645164
1.0450219978921957 	 0.5938780401892334
1.0460219978921956 	 0.5999992974906893
1.0470219978921955 	 0.6056700299300501
1.0480219978921954 	 0.6109352038927423
1.0490219978921953 	 0.6158349496146212
1.0500219978921952 	 0.620404793197916
1.051021997892195 	 0.6246760975885194
1.052021997892195 	 0.6286760836813183
1.0530219978921949 	 0.6324287773078483
1.0540219978921948 	 0.6359555576541397
1.0550219978921946 	 0.6392754953991753
1.0560219978921945 	 0.6424056429399944
1.0570219978921944 	 0.645361280215933
1.0580219978921943 	 0.6481561192450884
1.0590219978921942 	 0.6508025004759757
1.060021997892194 	 0.6533115569572039
1.061021997892194 	 0.65569332054473
1.0620219978921939 	 0.6579567459610467
1.0630219978921938 	 0.6601098704630979
1.0640219978921936 	 0.6621601293404377
1.0650219978921935 	 0.6641143780359525
1.0660219978921934 	 0.665978749889055
1.0670219978921933 	 0.6677583677866423
1.0680219978921932 	 0.6694577564551087
1.069021997892193 	 0.6710810023221991
1.070021997892193 	 0.672631797864391
1.0710219978921929 	 0.6741136930937959
1.0720219978921928 	 0.6755307169438178
1.0730219978921927 	 0.6768868047599987
1.0740219978921925 	 0.678185638784955
1.0750219978921924 	 0.6794306709547485
1.0760219978921923 	 0.6806251432807239
1.0770219978921922 	 0.6817721061200992
1.078021997892192 	 0.6828744345445087
1.079021997892192 	 0.6839348430805086
1.0800219978921919 	 0.684955898962534
1.0810219978921918 	 0.6859396944031284
1.0820219978921917 	 0.6868869225873242
1.0830219978921916 	 0.6877978587096301
1.0840219978921914 	 0.6886726677847796
1.0850219978921913 	 0.689511414415555
1.0860219978921912 	 0.6903140717970457
1.0870219978921911 	 0.691081282887572
1.088021997892191 	 0.6918163932377857
1.089021997892191 	 0.6925224463516064
1.0900219978921908 	 0.6932015764807309
1.0910219978921907 	 0.693855584597631
1.0920219978921906 	 0.6944853167049296
1.0930219978921905 	 0.6950913557150282
1.0940219978921903 	 0.6956742355990544
1.0950219978921902 	 0.696234444921566
1.0960219978921901 	 0.6967724301995345
1.09702199789219 	 0.6972885989446814
1.09802199789219 	 0.6977833224664216
1.0990219978921898 	 0.6982569364074152
1.1000219978921897 	 0.698709702936785
1.1010219978921896 	 0.6991419723156034
1.1020219978921895 	 0.6995546488894335
1.1030219978921894 	 0.6999487926120229
1.1040219978921892 	 0.7003254772149388
1.1050219978921891 	 0.7006857521591482
1.106021997892189 	 0.7010306419123777
1.107021997892189 	 0.7013607726146509
1.1080219978921888 	 0.7016753479025817
1.1090219978921887 	 0.7019732287995905
1.1100219978921886 	 0.7022532642181181
1.1110219978921885 	 0.7025147867118628
1.1120219978921884 	 0.7027589678970932
1.1130219978921883 	 0.7029873808418148
1.1140219978921881 	 0.7032011754517136
1.115021997892188 	 0.7034011021053249
1.116021997892188 	 0.7035878812454327
1.1170219978921878 	 0.7037622188475596
1.1180219978921877 	 0.7039248069665192
1.1190219978921876 	 0.7040763242017543
1.1200219978921875 	 0.7042174361182978
1.1210219978921874 	 0.704348504384245
1.1220219978921873 	 0.7044687919819734
1.1230219978921872 	 0.7045773084230119
1.124021997892187 	 0.7046730628762758
1.125021997892187 	 0.7047550639297866
1.1260219978921868 	 0.7048223203037358
1.1270219978921867 	 0.7048738416944369
1.1280219978921866 	 0.7049094623777472
1.1290219978921865 	 0.7049320896416564
1.1300219978921864 	 0.7049453251701715
1.1310219978921863 	 0.7049520276185557
1.1320219978921862 	 0.7049523649461433
1.133021997892186 	 0.7049458794717267
1.134021997892186 	 0.7049321129158208
1.1350219978921858 	 0.704901240664684
1.1360219978921857 	 0.7048719612862555
1.1370219978921856 	 0.7048340071839161
1.1380219978921855 	 0.7047869320243059
1.1390219978921854 	 0.7047305750401628
1.1400219978921853 	 0.7046650427115103
1.1410219978921852 	 0.704590352971855
1.142021997892185 	 0.7045061652270035
1.143021997892185 	 0.7044120582376567
1.1440219978921848 	 0.7043077767131118
1.1450219978921847 	 0.7041936790491758
1.1460219978921846 	 0.7040702621006443
1.1470219978921845 	 0.7039380166546265
1.1480219978921844 	 0.7037974275429458
1.1490219978921843 	 0.7036489736499811
1.1500219978921842 	 0.7034931279306601
1.151021997892184 	 0.7033302770999144
1.152021997892184 	 0.7031605027455736
1.1530219978921838 	 0.7029838157086712
1.1540219978921837 	 0.7028002255915066
1.1550219978921836 	 0.7026097284114696
1.1560219978921835 	 0.7024123131752513
1.1570219978921834 	 0.7022079984040468
1.1580219978921833 	 0.7019967920051193
1.1590219978921832 	 0.7017786988007715
1.160021997892183 	 0.7015537218370371
1.161021997892183 	 0.7013217932189943
1.1620219978921829 	 0.7010825852143506
1.1630219978921827 	 0.7008357281256858
1.1640219978921826 	 0.7005811697858206
1.1650219978921825 	 0.7003192036124368
1.1660219978921824 	 0.7000503160310807
1.1670219978921823 	 0.6997750312120539
1.1680219978921822 	 0.6994938674123703
1.169021997892182 	 0.6992073369609626
1.170021997892182 	 0.6989159463253646
1.1710219978921819 	 0.6986200467627355
1.1720219978921818 	 0.6983194278273774
1.1730219978921816 	 0.6980137513907583
1.1740219978921815 	 0.6977026824483156
1.1750219978921814 	 0.6973858889239744
1.1760219978921813 	 0.6970630417015287
1.1770219978921812 	 0.6967338147659115
1.178021997892181 	 0.6963978406759913
1.179021997892181 	 0.6960548406489895
1.1800219978921809 	 0.695704502555884
1.1810219978921808 	 0.6953467889355063
1.1820219978921807 	 0.6949826464280888
1.1830219978921805 	 0.6946132934499208
1.1840219978921804 	 0.6942399932440264
1.1850219978921803 	 0.6938639417312256
1.1860219978921802 	 0.6934863211564635
1.18702199789218 	 0.6931075981492487
1.18802199789218 	 0.6927256715568616
1.1890219978921799 	 0.6923390834527215
1.1900219978921798 	 0.6919475520869236
1.1910219978921797 	 0.6915508631151717
1.1920219978921796 	 0.6911488763166764
1.1930219978921794 	 0.6907414705189903
1.1940219978921793 	 0.690328526059689
1.1950219978921792 	 0.6899099246846805
1.1960219978921791 	 0.6894855495387753
1.197021997892179 	 0.689055285176619
1.198021997892179 	 0.6886190176242484
1.1990219978921788 	 0.6881766343677005
1.2000219978921787 	 0.6877280244190492
1.2010219978921786 	 0.687273311622238
1.2020219978921785 	 0.6868134898809688
1.2030219978921783 	 0.6863497454095142
1.2040219978921782 	 0.6858832503788764
1.2050219978921781 	 0.6854149173198831
1.206021997892178 	 0.6849447315069545
1.207021997892178 	 0.68447246439001
1.2080219978921778 	 0.6839978900006205
1.2090219978921777 	 0.6835207849204008
1.2100219978921776 	 0.6830409282861054
1.2110219978921775 	 0.6825581860505017
1.2120219978921773 	 0.6820727403798192
1.2130219978921772 	 0.681584824569387
1.2140219978921771 	 0.6810942393990627
1.215021997892177 	 0.6806003834731162
1.216021997892177 	 0.680102646971815
1.2170219978921768 	 0.6796004276940831
1.2180219978921767 	 0.6790931310370076
1.2190219978921766 	 0.6785801700616522
1.2200219978921765 	 0.6780609655224852
1.2210219978921764 	 0.6775353466396701
1.2220219978921762 	 0.6770046415016808
1.2230219978921761 	 0.6764705115381895
1.224021997892176 	 0.67593459727434
1.225021997892176 	 0.6753985181780212
1.2260219978921758 	 0.6748633654602165
1.2270219978921757 	 0.6743283223689712
1.2280219978921756 	 0.6737921406579357
1.2290219978921755 	 0.6732535878999728
1.2300219978921754 	 0.6727114474355842
1.2310219978921753 	 0.6721648017855966
1.2320219978921751 	 0.6716138035703034
1.233021997892175 	 0.6710588515311988
1.234021997892175 	 0.6705003396763698
1.2350219978921748 	 0.6699386570285427
1.2360219978921747 	 0.6693741876210861
1.2370219978921746 	 0.668807310483034
1.2380219978921745 	 0.6682383679509961
1.2390219978921744 	 0.6676670406766615
1.2400219978921743 	 0.6670923950659163
1.2410219978921742 	 0.6665136382007195
1.242021997892174 	 0.6659305566182971
1.243021997892174 	 0.6653430738258145
1.2440219978921738 	 0.6647511149650529
1.2450219978921737 	 0.6641546065137525
1.2460219978921736 	 0.6635534762783923
1.2470219978921735 	 0.6629479043812844
1.2480219978921734 	 0.6623390055721919
1.2490219978921733 	 0.6617280980739078
1.2500219978921732 	 0.6611164820708199
1.251021997892173 	 0.6605051660112412
1.252021997892173 	 0.6598941228445521
1.2530219978921728 	 0.659283088848472
1.2540219978921727 	 0.658671804125182
1.2550219978921726 	 0.6580600122006759
1.2560219978921725 	 0.6574474600035076
1.2570219978921724 	 0.6568338977962851
1.2580219978921723 	 0.6562190791869438
1.2590219978921722 	 0.6556027611672487
1.260021997892172 	 0.6549847040229337
1.261021997892172 	 0.6543640134550741
1.2620219978921718 	 0.6537373530061681
1.2630219978921717 	 0.6531010178001165
1.2640219978921716 	 0.6524545779500334
1.2650219978921715 	 0.6518006419957478
1.2660219978921714 	 0.6511419005587007
1.2670219978921713 	 0.6504806271614203
1.2680219978921712 	 0.6498176484743374
1.269021997892171 	 0.6491534494811317
1.270021997892171 	 0.6484885081964198
1.2710219978921709 	 0.6478231716935874
1.2720219978921707 	 0.6471573197431699
1.2730219978921706 	 0.6464907276243901
1.2740219978921705 	 0.6458231742211225
1.2750219978921704 	 0.64515444159177
1.2760219978921703 	 0.6444843149087502
1.2770219978921702 	 0.6438125824271842
1.27802199789217 	 0.6431390354595998
1.27902199789217 	 0.6424634684437596
1.2800219978921699 	 0.6417856789151312
1.2810219978921698 	 0.6411054160201926
1.2820219978921696 	 0.6404222411569597
1.2830219978921695 	 0.6397356792690725
1.2840219978921694 	 0.6390452630155892
1.2850219978921693 	 0.6383505323837112
1.2860219978921692 	 0.6376510345740751
1.287021997892169 	 0.6369472505864509
1.288021997892169 	 0.6362429244296373
1.2890219978921689 	 0.6355386746365024
1.2900219978921688 	 0.6348314645053688
1.2910219978921686 	 0.6341188410379208
1.2920219978921685 	 0.6334009312869104
1.2930219978921684 	 0.6326784550718083
1.2940219978921683 	 0.6319521221610599
1.2950219978921682 	 0.6312226320165852
1.296021997892168 	 0.6304906737371154
1.297021997892168 	 0.6297569259539316
1.2980219978921679 	 0.6290220570278628
1.2990219978921678 	 0.6282867247865254
1.3000219978921677 	 0.6275515742159766
1.3010219978921675 	 0.6268168304104831
1.3020219978921674 	 0.6260811777136368
1.3030219978921673 	 0.625342963132095
1.3040219978921672 	 0.6246005597342995
1.305021997892167 	 0.6238523664225406
1.306021997892167 	 0.6230973234757992
1.3070219978921669 	 0.6223363116997562
1.3080219978921668 	 0.6215706472289088
1.3090219978921667 	 0.6208016262317266
1.3100219978921666 	 0.620030524779039
1.3110219978921664 	 0.619258133366055
1.3120219978921663 	 0.618483493361436
1.3130219978921662 	 0.6177053111186841
1.3140219978921661 	 0.6169234386218541
1.315021997892166 	 0.6161387882154996
1.316021997892166 	 0.6153522991429679
1.3170219978921658 	 0.6145648954305182
1.3180219978921657 	 0.6137774864097293
1.3190219978921656 	 0.6129909667728741
1.3200219978921655 	 0.6122062168309066
1.3210219978921653 	 0.6114235298996444
1.3220219978921652 	 0.6106410580089858
1.3230219978921651 	 0.6098564837295346
1.324021997892165 	 0.6090675272605346
1.325021997892165 	 0.6082719467436476
1.3260219978921648 	 0.6074675381458274
1.3270219978921647 	 0.6066521351991676
1.3280219978921646 	 0.6058253076702022
1.3290219978921645 	 0.6049929655478536
1.3300219978921644 	 0.6041623958241968
1.3310219978921642 	 0.603339043190593
1.3320219978921641 	 0.6025220475514248
1.333021997892164 	 0.6017093998549865
1.334021997892164 	 0.600899053388274
1.3350219978921638 	 0.6000889806397498
1.3360219978921637 	 0.599277182520293
1.3370219978921636 	 0.5984616903065473
1.3380219978921635 	 0.5976406597367883
1.3390219978921634 	 0.5968141858531192
1.3400219978921633 	 0.5959841568130926
1.3410219978921631 	 0.5951521831617397
1.342021997892163 	 0.5943186683219225
1.343021997892163 	 0.5934837297387648
1.3440219978921628 	 0.5926474823315411
1.3450219978921627 	 0.5918100397666084
1.3460219978921626 	 0.5909715140904308
1.3470219978921625 	 0.5901320768040008
1.3480219978921624 	 0.5892921289419484
1.3490219978921623 	 0.5884521195956091
1.3500219978921622 	 0.5876124910391952
1.351021997892162 	 0.5867737002348379
1.352021997892162 	 0.5859362752523736
1.3530219978921618 	 0.5851007486344957
1.3540219978921617 	 0.5842676431379534
1.3550219978921616 	 0.5834374735513121
1.3560219978921615 	 0.5826107460898928
1.3570219978921614 	 0.5817879565923401
1.3580219978921613 	 0.5809695928875008
1.3590219978921612 	 0.5801561356825187
1.360021997892161 	 0.5793480587481263
1.361021997892161 	 0.5785428961449075
1.3620219978921608 	 0.5777272871028845
1.3630219978921607 	 0.5768991389167437
1.3640219978921606 	 0.5760783564437094
1.3650219978921605 	 0.5752648521082621
1.3660219978921604 	 0.5744572575714186
1.3670219978921603 	 0.5736542252663542
1.3680219978921602 	 0.5728544313799369
1.36902199789216 	 0.5720565765599482
1.37002199789216 	 0.5712593856321997
1.3710219978921598 	 0.5704619439893182
1.3720219978921597 	 0.569664608760793
1.3730219978921596 	 0.5688680208253596
1.3740219978921595 	 0.568072811530195
1.3750219978921594 	 0.5672796040394121
1.3760219978921593 	 0.5664890122994097
1.3770219978921592 	 0.5657016380909388
1.378021997892159 	 0.5649180743168406
1.379021997892159 	 0.5641389060037606
1.3800219978921588 	 0.5633647103160608
1.3810219978921587 	 0.5625959316943683
1.3820219978921586 	 0.5618325423038353
1.3830219978921585 	 0.5610744041405693
1.3840219978921584 	 0.5603213815991279
1.3850219978921583 	 0.5595733417153621
1.3860219978921582 	 0.5588301546856044
1.387021997892158 	 0.5580916955457167
1.388021997892158 	 0.5573577928879352
1.3890219978921579 	 0.5566272786643237
1.3900219978921577 	 0.5558980630612993
1.3910219978921576 	 0.5551686887774996
1.3920219978921575 	 0.5544400989159712
1.3930219978921574 	 0.5537137706857611
1.3940219978921573 	 0.5529911514932081
1.3950219978921572 	 0.5522736586226153
1.396021997892157 	 0.551562423590422
1.397021997892157 	 0.5508575992690485
1.3980219978921569 	 0.5501591043910895
1.3990219978921568 	 0.5494668481250847
1.4000219978921566 	 0.548750518271889
1.4010219978921565 	 0.5480713630491842
1.4020219978921564 	 0.5473980907256317
1.4030219978921563 	 0.5467305766786478
1.4040219978921562 	 0.5460686841233555
1.405021997892156 	 0.5454122637339409
1.406021997892156 	 0.5447611551229571
1.4070219978921559 	 0.5441151908766003
1.4080219978921558 	 0.5434741932440682
1.4090219978921557 	 0.5428379737929511
1.4100219978921555 	 0.5422063344847962
1.4110219978921554 	 0.5415789234764459
1.4120219978921553 	 0.5409548424241538
1.4130219978921552 	 0.5403330960109787
1.414021997892155 	 0.5397131449525313
1.415021997892155 	 0.5390948739440982
1.4160219978921549 	 0.5384781833736225
1.4170219978921548 	 0.5378629753055537
1.4180219978921547 	 0.5372491548702989
1.4190219978921546 	 0.5366366320137921
1.4200219978921544 	 0.5360253233211478
1.4210219978921543 	 0.535415154364046
1.4220219978921542 	 0.5348060640906879
1.4230219978921541 	 0.5341980068044994
1.424021997892154 	 0.5335909496417472
1.425021997892154 	 0.5329848724720208
1.4260219978921538 	 0.5323797675645066
1.4270219978921537 	 0.5317756375754357
1.4280219978921536 	 0.5311724980531007
1.4290219978921535 	 0.5305703780068258
1.4300219978921533 	 0.5299693195462553
1.4310219978921532 	 0.5293693792278371
1.4320219978921531 	 0.5287706335563536
1.433021997892153 	 0.528173175267652
1.434021997892153 	 0.5275771080272795
1.4350219978921528 	 0.5269825444475198
1.4360219978921527 	 0.5263896043898029
1.4370219978921526 	 0.525798411981955
1.4380219978921525 	 0.5252091156170275
1.4390219978921523 	 0.5246218024755865
1.4400219978921522 	 0.5240364312073242
1.4410219978921521 	 0.5234529601650726
1.442021997892152 	 0.5228713539714995
1.443021997892152 	 0.5222915847403276
1.4440219978921518 	 0.5217136281496404
1.4450219978921517 	 0.5211374627129066
1.4460219978921516 	 0.5205630684252757
1.4470219978921515 	 0.5199904256811244
1.4480219978921514 	 0.5194195154446387
1.4490219978921512 	 0.5188503190300621
1.4500219978921511 	 0.5182828177122087
1.451021997892151 	 0.5177170174405711
1.452021997892151 	 0.517153017253172
1.4530219978921508 	 0.5165909379472455
1.4540219978921507 	 0.5160308978801188
1.4550219978921506 	 0.5154730122560441
1.4560219978921505 	 0.5149173928181392
1.4570219978921504 	 0.5143640887531258
1.4580219978921503 	 0.5138129283648278
1.4590219978921501 	 0.5132636896004936
1.46002199789215 	 0.5127161516144887
1.46102199789215 	 0.5121700944116079
1.4620219978921498 	 0.5116252984909861
1.4630219978921497 	 0.5110815668573669
1.4640219978921496 	 0.5105391141355589
1.4650219978921495 	 0.5099985362058652
1.4660219978921494 	 0.5094604337865198
1.4670219978921493 	 0.5089253971488077
1.4680219978921492 	 0.508394006498825
1.469021997892149 	 0.5078668322241067
1.470021997892149 	 0.5073444350980487
1.4710219978921488 	 0.5068271999439021
1.4720219978921487 	 0.5063148834203482
1.4730219978921486 	 0.5058071000854751
1.4740219978921485 	 0.505303468294543
1.4750219978921484 	 0.5048036098425948
1.4760219978921483 	 0.5043071497653693
1.4770219978921482 	 0.5038137158826472
1.478021997892148 	 0.503322939201722
1.479021997892148 	 0.5028344540643179
1.4800219978921478 	 0.502347897931251
1.4810219978921477 	 0.5018629113380224
1.4820219978921476 	 0.5013791371491665
1.4830219978921475 	 0.5008966909451706
1.4840219978921474 	 0.500417434240404
1.4850219978921473 	 0.499943611414274
1.4860219978921472 	 0.4994774357281496
1.487021997892147 	 0.49902108859291444
1.488021997892147 	 0.4985766082330028
1.4890219978921468 	 0.49814364085886276
1.4900219978921467 	 0.4977196092602001
1.4910219978921466 	 0.4973001727656734
1.4920219978921465 	 0.4968770105545958
1.4930219978921464 	 0.4964491581190762
1.4940219978921463 	 0.49601770195063727
1.4950219978921462 	 0.4955837144585186
1.496021997892146 	 0.495148253236226
1.497021997892146 	 0.49471235912138806
1.4980219978921459 	 0.4942770583877529
1.4990219978921457 	 0.4938433635135516
1.5000219978921456 	 0.49341227335164595
1.5010219978921455 	 0.49298477320957446
1.5020219978921454 	 0.49256183503625584
1.5030219978921453 	 0.4921444188833515
1.5040219978921452 	 0.49173347246603966
1.505021997892145 	 0.4913299313662758
1.506021997892145 	 0.4909344878708592
1.5070219978921449 	 0.4905469616010364
1.5080219978921447 	 0.490166326930425
1.5090219978921446 	 0.4897891603806411
1.5100219978921445 	 0.4894115145865221
1.5110219978921444 	 0.48903079669130256
1.5120219978921443 	 0.48864933570093017
1.5130219978921442 	 0.4882704921908208
1.514021997892144 	 0.48789584392922825
1.515021997892144 	 0.4875253080269525
1.5160219978921439 	 0.4871587375191673
1.5170219978921438 	 0.48679598543186153
1.5180219978921436 	 0.4864369055545944
1.5190219978921435 	 0.48608135267825103
1.5200219978921434 	 0.4857291825993405
1.5210219978921433 	 0.4853802477935474
1.5220219978921432 	 0.4850343940142741
1.523021997892143 	 0.4846914807372244
1.524021997892143 	 0.48435136960466446
1.5250219978921429 	 0.4840139230220587
1.5260219978921428 	 0.4836789771326141
1.5270219978921427 	 0.4833463790902155
1.5280219978921425 	 0.48301599508914533
1.5290219978921424 	 0.48268769161688596
1.5300219978921423 	 0.4823613259922963
1.5310219978921422 	 0.48203681188987274
1.532021997892142 	 0.4817142575549769
1.533021997892142 	 0.4813938160509574
1.5340219978921419 	 0.48107563913322304
1.5350219978921418 	 0.48075987662761716
1.5360219978921417 	 0.4804466766678857
1.5370219978921416 	 0.4801361860215056
1.5380219978921414 	 0.47982854380718737
1.5390219978921413 	 0.47952376363770777
1.5400219978921412 	 0.47922174210952384
1.5410219978921411 	 0.4789223722825706
1.542021997892141 	 0.47862554984978806
1.543021997892141 	 0.47833117451227175
1.5440219978921408 	 0.47803914733615893
1.5450219978921407 	 0.4777493700063289
1.5460219978921406 	 0.47746174521454154
1.5470219978921405 	 0.47717631568558794
1.5480219978921403 	 0.47689363857678024
1.5490219978921402 	 0.47661438525625044
1.5500219978921401 	 0.47633855753656473
1.55102199789214 	 0.47606424217661475
1.55202199789214 	 0.4757910595885273
1.5530219978921398 	 0.47551912515739314
1.5540219978921397 	 0.47524855330589955
1.5550219978921396 	 0.4749794566655152
1.5560219978921395 	 0.4747119468835463
1.5570219978921394 	 0.4744461368106616
1.5580219978921392 	 0.47418213828118116
1.5590219978921391 	 0.47392006145781673
1.560021997892139 	 0.4736600149682135
1.561021997892139 	 0.4734021071878227
1.5620219978921388 	 0.47314645051348736
1.5630219978921387 	 0.4728931362283896
1.5640219978921386 	 0.4726417453626415
1.5650219978921385 	 0.4723913828832965
1.5660219978921384 	 0.4721411466861739
1.5670219978921383 	 0.4718901510513116
1.5680219978921381 	 0.4716362774595318
1.569021997892138 	 0.4713776235304601
1.570021997892138 	 0.47111425925930367
1.5710219978921378 	 0.4708459663577689
1.5720219978921377 	 0.4705738074347064
1.5730219978921376 	 0.4702991332653927
1.5740219978921375 	 0.47002328383754755
1.5750219978921374 	 0.4697476047778816
1.5760219978921373 	 0.46947346366062714
1.5770219978921372 	 0.46920227008579357
1.578021997892137 	 0.4689354833115873
1.579021997892137 	 0.46867462603902477
1.5800219978921368 	 0.46842130162970275
1.5810219978921367 	 0.46817721290138536
1.5820219978921366 	 0.4679441820319241
1.5830219978921365 	 0.467724163148798
1.5840219978921364 	 0.46751924836201664
1.5850219978921363 	 0.46733166348304434
1.5860219978921362 	 0.46716374874522837
1.587021997892136 	 0.4670179193559174
1.588021997892136 	 0.46689501146153567
1.5890219978921358 	 0.46677509753735114
1.5900219978921357 	 0.4666520125793847
1.5910219978921356 	 0.46652841683398205
1.5920219978921355 	 0.4664062967563815
1.5930219978921354 	 0.466286952920954
1.5940219978921353 	 0.4661710067957312
1.5950219978921352 	 0.46605847666417116
1.596021997892135 	 0.46594894364437234
1.597021997892135 	 0.4658417839781256
1.5980219978921348 	 0.4657364094159464
1.5990219978921347 	 0.4656324829407437
1.6000219978921346 	 0.4655300733958559
1.6010219978921345 	 0.4654292629579032
1.6020219978921344 	 0.4653288679003844
1.6030219978921343 	 0.4652277426968169
1.6040219978921342 	 0.4651251149114306
1.605021997892134 	 0.4650204935564465
1.606021997892134 	 0.46491358154337237
1.6070219978921338 	 0.4648042023996453
1.6080219978921337 	 0.4646922377585684
1.6090219978921336 	 0.46457758302928653
1.6100219978921335 	 0.4644601177787296
1.6110219978921334 	 0.4643400443597841
1.6120219978921333 	 0.4642188503941427
1.6130219978921332 	 0.4640982404476968
1.614021997892133 	 0.46397928127893495
1.615021997892133 	 0.46386244351665873
1.6160219978921329 	 0.4637481304952151
1.6170219978921327 	 0.4636367035606038
1.6180219978921326 	 0.4635284881906856
1.6190219978921325 	 0.46342377879252494
1.6200219978921324 	 0.4633228433931823
1.6210219978921323 	 0.46322592712453603
1.6220219978921322 	 0.4631332510548126
1.623021997892132 	 0.46304501121577524
1.624021997892132 	 0.462961389986033
1.6250219978921319 	 0.462882561357456
1.6260219978921318 	 0.46280869190324136
1.6270219978921316 	 0.4627399389257293
1.6280219978921315 	 0.46267645715093014
1.6290219978921314 	 0.46261840210787186
1.6300219978921313 	 0.4625659320199706
1.6310219978921312 	 0.4625187665952996
1.632021997892131 	 0.46247497498796414
1.633021997892131 	 0.462432248197298
1.6340219978921309 	 0.46238896249358796
1.6350219978921308 	 0.4623460009741193
1.6360219978921307 	 0.4623048325140267
1.6370219978921305 	 0.4622669211503604
1.6380219978921304 	 0.4622337068423309
1.6390219978921303 	 0.4622060528268612
1.6400219978921302 	 0.46218428308237924
1.64102199789213 	 0.46216871290494
1.64202199789213 	 0.4621596604850211
1.6430219978921299 	 0.46215744963561034
1.6440219978921298 	 0.46216241935508057
1.6450219978921297 	 0.4621749259158807
1.6460219978921296 	 0.4621953397218336
1.6470219978921294 	 0.46222403622735797
1.6480219978921293 	 0.46226140461746623
1.6490219978921292 	 0.4623078498008216
1.650021997892129 	 0.46236379140787986
1.651021997892129 	 0.4624295213413755
1.652021997892129 	 0.4625048134502209
1.6530219978921288 	 0.4625893251186223
1.6540219978921287 	 0.4626827235911034
1.6550219978921286 	 0.4627846852398685
1.6560219978921285 	 0.4628948900974025
1.6570219978921283 	 0.46301301115030047
1.6580219978921282 	 0.463138720351727
1.6590219978921281 	 0.46327168829365284
1.660021997892128 	 0.46341158158782825
1.661021997892128 	 0.4635586806596642
1.6620219978921278 	 0.4637155764651147
1.6630219978921277 	 0.46388530405007
1.6640219978921276 	 0.4640692261438849
1.6650219978921275 	 0.4642671280076104
1.6660219978921273 	 0.4644787135227032
1.6670219978921272 	 0.46470365824782633
1.6680219978921271 	 0.46494161312089277
1.669021997892127 	 0.46519220428308533
1.670021997892127 	 0.4654550313189231
1.6710219978921268 	 0.46572975114533016
1.6720219978921267 	 0.46601631157439727
1.6730219978921266 	 0.4663147065461743
1.6740219978921265 	 0.4666248996639596
1.6750219978921264 	 0.4669468236256858
1.6760219978921262 	 0.46728037941841166
1.6770219978921261 	 0.4676254343007754
1.678021997892126 	 0.4679818247327757
1.679021997892126 	 0.4683493579027727
1.6800219978921258 	 0.4687278126132327
1.6810219978921257 	 0.4691169403174006
1.6820219978921256 	 0.46951646660999624
1.6830219978921255 	 0.46992609657203577
1.6840219978921254 	 0.47034551370317024
1.6850219978921253 	 0.47077438079087897
1.6860219978921251 	 0.4712123419356432
1.687021997892125 	 0.4716590248888374
1.688021997892125 	 0.4721140625829024
1.6890219978921248 	 0.47257748941588296
1.6900219978921247 	 0.4730497218612047
1.6910219978921246 	 0.4735310279670213
1.6920219978921245 	 0.47402108128225795
1.6930219978921244 	 0.47451941797543007
1.6940219978921243 	 0.4750255728565176
1.6950219978921242 	 0.47553907995148526
1.696021997892124 	 0.4760594750167378
1.697021997892124 	 0.4765862993486805
1.6980219978921238 	 0.4771190991141502
1.6990219978921237 	 0.4776574261368608
1.7000219978921236 	 0.47820083926695045
1.7010219978921235 	 0.4782423087745706
1.7020219978921234 	 0.47824658446075013
1.7030219978921233 	 0.4782508570908055
1.7040219978921232 	 0.4782551266657432
1.705021997892123 	 0.47825939318658434
1.706021997892123 	 0.4782636566543632
1.7070219978921228 	 0.47826791707012895
1.7080219978921227 	 0.47827217443494424
1.7090219978921226 	 0.4782764287498855
1.7100219978921225 	 0.4782806800160431
1.7110219978921224 	 0.4782849282345203
1.7120219978921223 	 0.4782891734064343
1.7130219978921222 	 0.4782934155329157
1.714021997892122 	 0.47829765461510737
1.715021997892122 	 0.4783018906541663
1.7160219978921218 	 0.4783061236512618
1.7170219978921217 	 0.47831035360757634
1.7180219978921216 	 0.47831458052430476
1.7190219978921215 	 0.47831880440265495
1.7200219978921214 	 0.47832302524384684
1.7210219978921213 	 0.4783272430491131
1.7220219978921212 	 0.4783314578196983
1.723021997892121 	 0.4783356695568597
1.724021997892121 	 0.4783398782618663
1.7250219978921209 	 0.47834408393599886
1.7260219978921207 	 0.47834828658055056
1.7270219978921206 	 0.4783524861968259
1.7280219978921205 	 0.47835668278614113
1.7290219978921204 	 0.47836087634982394
1.7300219978921203 	 0.47836506688921365
1.7310219978921202 	 0.4783692544056609
1.73202199789212 	 0.4783734389005273
1.73302199789212 	 0.47837762037518616
1.7340219978921199 	 0.47838179883102105
1.7350219978921197 	 0.4783859742694272
1.7360219978921196 	 0.4783901466918102
1.7370219978921195 	 0.47839431609958644
1.7380219978921194 	 0.4783984824941834
1.7390219978921193 	 0.4784026458770385
1.7400219978921192 	 0.4784068062496001
1.741021997892119 	 0.4784109636133266
1.742021997892119 	 0.47841511796968683
1.7430219978921189 	 0.47841926932015955
1.7440219978921188 	 0.4784234176662342
1.7450219978921186 	 0.47842756300940936
1.7460219978921185 	 0.4784317053511944
1.7470219978921184 	 0.47843584469310774
1.7480219978921183 	 0.47843998103667784
1.7490219978921182 	 0.4784441143834428
1.750021997892118 	 0.4784482447349504
1.751021997892118 	 0.4784523720927576
1.7520219978921179 	 0.4784564964584307
1.7530219978921178 	 0.47846061783354554
1.7540219978921177 	 0.47846473621968716
1.7550219978921175 	 0.4784688516184493
1.7560219978921174 	 0.47847296403143524
1.7570219978921173 	 0.4784770734602566
1.7580219978921172 	 0.4784811799065347
1.759021997892117 	 0.47848528337189866
1.760021997892117 	 0.47848938385798706
1.7610219978921169 	 0.4784934813664466
1.7620219978921168 	 0.4784975758989328
1.7630219978921167 	 0.4785016674571094
1.7640219978921166 	 0.4785057560426488
1.7650219978921164 	 0.4785098416572312
1.7660219978921163 	 0.4785139243025457
1.7670219978921162 	 0.4785180039802889
1.7680219978921161 	 0.4785220806921656
1.769021997892116 	 0.47852615443988894
1.770021997892116 	 0.4785302252251794
1.7710219978921158 	 0.47853429304976575
1.7720219978921157 	 0.4785383579153841
1.7730219978921156 	 0.47854241982377876
1.7740219978921155 	 0.478546478776701
1.7750219978921153 	 0.47855053477591003
1.7760219978921152 	 0.4785545878231726
1.7770219978921151 	 0.4785586379202622
1.778021997892115 	 0.4785626850689606
1.779021997892115 	 0.4785667292710557
1.7800219978921148 	 0.4785707705283435
1.7810219978921147 	 0.4785748088426266
1.7820219978921146 	 0.4785788442157147
1.7830219978921145 	 0.47858287664942445
1.7840219978921144 	 0.4785869061455795
1.7850219978921142 	 0.47859093270601005
1.7860219978921141 	 0.4785949563325534
1.787021997892114 	 0.47859897702705323
1.788021997892114 	 0.4786029947913598
1.7890219978921138 	 0.4786070096273302
1.7900219978921137 	 0.478611021536828
1.7910219978921136 	 0.4786150305217225
1.7920219978921135 	 0.47861903658389027
1.7930219978921134 	 0.4786230397252136
1.7940219978921133 	 0.47862703994758116
1.7950219978921131 	 0.4786310372528876
1.796021997892113 	 0.478635031643034
1.797021997892113 	 0.4786390231199273
1.7980219978921128 	 0.47864301168548007
1.7990219978921127 	 0.4786469973416112
1.8000219978921126 	 0.4786509800902453
1.8010219978921125 	 0.47865495993331275
1.8020219978921124 	 0.47865893687274963
1.8030219978921123 	 0.47866291091049756
1.8040219978921122 	 0.47866688204850405
1.805021997892112 	 0.4786708502887219
1.806021997892112 	 0.4786748156331094
1.8070219978921118 	 0.47867877808363035
1.8080219978921117 	 0.4786827376422538
1.8090219978921116 	 0.47868669431095423
1.8100219978921115 	 0.47869064809171125
1.8110219978921114 	 0.47869459898650957
1.8120219978921113 	 0.4786985469973395
1.8130219978921112 	 0.47870249212619587
1.814021997892111 	 0.47870643437507865
1.815021997892111 	 0.4787103737459931
1.8160219978921108 	 0.478714310240949
1.8170219978921107 	 0.47871824386196127
1.8180219978921106 	 0.4787221746110492
1.8190219978921105 	 0.4787261024902374
1.8200219978921104 	 0.4787300275015548
1.8210219978921103 	 0.4787339496470351
1.8220219978921102 	 0.4787378689287164
1.82302199789211 	 0.47874178534864165
1.82402199789211 	 0.478745698908858
1.8250219978921098 	 0.4787496096114172
1.8260219978921097 	 0.4787535174583754
1.8270219978921096 	 0.4787574224517927
1.8280219978921095 	 0.4787613245937342
1.8290219978921094 	 0.4787652238862685
1.8300219978921093 	 0.4787691203314688
1.8310219978921092 	 0.47877301393141225
1.832021997892109 	 0.4787769046881801
1.833021997892109 	 0.478780792603858
1.8340219978921088 	 0.4787846776805348
1.8350219978921087 	 0.4787885599203041
1.8360219978921086 	 0.47879243932526283
1.8370219978921085 	 0.4787963158975119
1.8380219978921084 	 0.47880018963915644
1.8390219978921083 	 0.47880406055230457
1.8400219978921082 	 0.47880792863906885
1.841021997892108 	 0.4788117939015649
1.842021997892108 	 0.4788156563419122
1.8430219978921079 	 0.47881951596223404
1.8440219978921077 	 0.4788233727646567
1.8450219978921076 	 0.4788272267513105
1.8460219978921075 	 0.4788310779243286
1.8470219978921074 	 0.4788349262858482
1.8480219978921073 	 0.4788387718380094
1.8490219978921072 	 0.4788426145829555
1.850021997892107 	 0.4788464545228335
1.851021997892107 	 0.47885029165979337
1.8520219978921069 	 0.47885412599598826
1.8530219978921068 	 0.4788579575335743
1.8540219978921066 	 0.47886178627471104
1.8550219978921065 	 0.4788656122215609
1.8560219978921064 	 0.47886943537628923
1.8570219978921063 	 0.4788732557410643
1.8580219978921062 	 0.4788770733180579
1.859021997892106 	 0.47888088810944385
1.860021997892106 	 0.47888470011739936
1.8610219978921059 	 0.4788885093441042
1.8620219978921058 	 0.478892315791741
1.8630219978921057 	 0.4788961194624953
1.8640219978921055 	 0.4788999203585549
1.8650219978921054 	 0.4789037184821106
1.8660219978921053 	 0.4789075138353558
1.8670219978921052 	 0.47891130642048624
1.868021997892105 	 0.4789150962397005
1.869021997892105 	 0.47891888329519944
1.8700219978921049 	 0.4789226675891864
1.8710219978921048 	 0.47892644912386706
1.8720219978921047 	 0.47893022790145007
1.8730219978921046 	 0.4789340039241454
1.8740219978921044 	 0.4789377771941665
1.8750219978921043 	 0.4789415477137281
1.8760219978921042 	 0.47894531548504776
1.877021997892104 	 0.4789490805103452
1.878021997892104 	 0.4789528427918419
1.879021997892104 	 0.4789566023317621
1.8800219978921038 	 0.4789603591323317
1.8810219978921037 	 0.47896411319577875
1.8820219978921036 	 0.4789678645243336
1.8830219978921034 	 0.4789716131202281
1.8840219978921033 	 0.47897535898569654
1.8850219978921032 	 0.4789791021229751
1.8860219978921031 	 0.47898284253430146
1.887021997892103 	 0.47898658022191576
1.888021997892103 	 0.47899031518805946
1.8890219978921028 	 0.4789940474349762
1.8900219978921027 	 0.4789977769649111
1.8910219978921026 	 0.4790015037801113
1.8920219978921025 	 0.4790052278828253
1.8930219978921023 	 0.4790089492753038
1.8940219978921022 	 0.4790126679597987
1.8950219978921021 	 0.4790163839385636
1.896021997892102 	 0.47902009721385386
1.897021997892102 	 0.4790238077879263
1.8980219978921018 	 0.47902751566303925
1.8990219978921017 	 0.4790312208414525
1.9000219978921016 	 0.47903492332542735
1.9010219978921015 	 0.4790386231172268
1.9020219978921014 	 0.4790423202191147
1.9030219978921012 	 0.4790460146333567
1.9040219978921011 	 0.4790497063622199
1.905021997892101 	 0.4790533954079721
1.906021997892101 	 0.4790570817728833
1.9070219978921008 	 0.4790607654592238
1.9080219978921007 	 0.4790644464692661
1.9090219978921006 	 0.479068124805283
1.9100219978921005 	 0.4790718004695492
1.9110219978921004 	 0.4790754734643403
1.9120219978921003 	 0.4790791437919327
1.9130219978921001 	 0.4790828114546046
1.9140219978921 	 0.4790864764546346
1.9150219978921 	 0.4790901387943027
1.9160219978920998 	 0.47909379847588995
1.9170219978920997 	 0.47909745550167815
1.9180219978920996 	 0.4791011098739502
1.9190219978920995 	 0.4791047615949903
1.9200219978920994 	 0.4791084106670827
1.9210219978920993 	 0.4791120570925136
1.9220219978920992 	 0.47911570087356925
1.923021997892099 	 0.47911934201253703
1.924021997892099 	 0.4791229805117053
1.9250219978920988 	 0.47912661637336307
1.9260219978920987 	 0.4791302495997999
1.9270219978920986 	 0.47913388019330655
1.9280219978920985 	 0.4791375081561742
1.9290219978920984 	 0.4791411334906946
1.9300219978920983 	 0.4791447561991605
1.9310219978920982 	 0.47914837628386525
1.932021997892098 	 0.4791519937471027
1.933021997892098 	 0.4791556085911672
1.9340219978920978 	 0.47915922081835405
1.9350219978920977 	 0.47916283043095875
1.9360219978920976 	 0.47916643743127746
1.9370219978920975 	 0.47917004182160683
1.9380219978920974 	 0.4791736436042442
1.9390219978920973 	 0.479177242781487
1.9400219978920972 	 0.4791808393556335
1.941021997892097 	 0.479184433328982
1.942021997892097 	 0.4791880247038316
1.9430219978920968 	 0.4791916134824816
1.9440219978920967 	 0.47919519966723156
1.9450219978920966 	 0.47919878326038157
1.9460219978920965 	 0.4792023642642317
1.9470219978920964 	 0.47920594268108285
1.9480219978920963 	 0.47920951851323584
1.9490219978920962 	 0.47921309176299176
1.950021997892096 	 0.47921666243265193
1.951021997892096 	 0.4792202305245179
1.9520219978920959 	 0.4792237960408917
1.9530219978920957 	 0.4792273589840753
1.9540219978920956 	 0.47923091935637047
1.9550219978920955 	 0.47923447716007994
1.9560219978920954 	 0.47923803239750556
1.9570219978920953 	 0.47924158507095016
1.9580219978920952 	 0.4792451351827164
1.959021997892095 	 0.47924868273510646
1.960021997892095 	 0.47925222773042325
1.9610219978920949 	 0.4792557701709693
1.9620219978920947 	 0.4792593100590477
1.9630219978920946 	 0.47926284739696073
1.9640219978920945 	 0.4792663821870109
1.9650219978920944 	 0.47926991443150113
1.9660219978920943 	 0.47927344413273376
1.9670219978920942 	 0.47927697129301117
1.968021997892094 	 0.4792804959146356
1.969021997892094 	 0.4792840179999096
1.9700219978920939 	 0.47928753755113496
1.9710219978920938 	 0.4792910545706135
1.9720219978920936 	 0.47929456906064716
1.9730219978920935 	 0.4792980810235372
1.9740219978920934 	 0.4793015904615852
1.9750219978920933 	 0.47930509737709215
1.9760219978920932 	 0.47930860177235873
1.977021997892093 	 0.4793121036496857
1.978021997892093 	 0.47931560301137355
1.9790219978920929 	 0.4793190998597221
1.9800219978920928 	 0.47932259419703094
1.9810219978920927 	 0.47932608602559973
1.9820219978920925 	 0.47932957534772747
1.9830219978920924 	 0.47933306216571275
1.9840219978920923 	 0.47933654648185386
1.9850219978920922 	 0.479340028298449
1.986021997892092 	 0.47934350761779543
1.987021997892092 	 0.47934698444219065
1.9880219978920919 	 0.479350458773931
1.9890219978920918 	 0.47935393061531295
1.9900219978920917 	 0.479357399968632
1.9910219978920916 	 0.47936086683618395
1.9920219978920914 	 0.47936433122026323
1.9930219978920913 	 0.47936779312316413
1.9940219978920912 	 0.4793712525471808
1.9950219978920911 	 0.47937470949460625
1.996021997892091 	 0.4793781639677332
1.997021997892091 	 0.47938161596885387
1.9980219978920908 	 0.47938506550025983
1.9990219978920907 	 0.4793885125642421
