0.0010219978922 	 0
0.0020219978922 	 0.0
0.0030219978922 	 0.0
0.0040219978922 	 0.0
0.0050219978922 	 0.0
0.0060219978922 	 0.0
0.0070219978922 	 0.0
0.0080219978922 	 0.0
0.009021997892200002 	 0.0
0.010021997892200003 	 0.0
0.011021997892200004 	 0.0
0.012021997892200004 	 0.0
0.013021997892200005 	 0.0
0.014021997892200006 	 0.0
0.015021997892200007 	 0.0
0.016021997892200008 	 0.0
0.01702199789220001 	 0.0
0.01802199789220001 	 0.0
0.01902199789220001 	 0.0
0.02002199789220001 	 0.0
0.021021997892200012 	 0.0
0.022021997892200013 	 0.0
0.023021997892200014 	 0.0
0.024021997892200015 	 0.0
0.025021997892200016 	 0.0
0.026021997892200017 	 0.0
0.027021997892200018 	 0.0
0.02802199789220002 	 0.0
0.02902199789220002 	 0.0
0.03002199789220002 	 0.0
0.03102199789220002 	 0.0
0.03202199789220002 	 0.0
0.03302199789220002 	 0.0
0.03402199789220002 	 0.0
0.03502199789220002 	 0.0
0.03602199789220002 	 0.0
0.03702199789220002 	 0.0
0.038021997892200024 	 0.0
0.039021997892200025 	 0.0
0.040021997892200026 	 0.0
0.04102199789220003 	 0.0
0.04202199789220003 	 0.0
0.04302199789220003 	 0.0
0.04402199789220003 	 0.0
0.04502199789220003 	 0.0
0.04602199789220003 	 0.0
0.04702199789220003 	 0.0
0.04802199789220003 	 0.0
0.049021997892200034 	 0.0
0.050021997892200035 	 0.0
0.051021997892200036 	 0.0
0.052021997892200036 	 0.0
0.05302199789220004 	 0.0
0.05402199789220004 	 0.0
0.05502199789220004 	 0.0
0.05602199789220004 	 0.0
0.05702199789220004 	 0.0
0.05802199789220004 	 0.0
0.05902199789220004 	 0.0
0.060021997892200044 	 0.0
0.061021997892200044 	 0.0
0.062021997892200045 	 0.0
0.06302199789220005 	 0.0
0.06402199789220005 	 0.0
0.06502199789220005 	 0.0
0.06602199789220005 	 0.0
0.06702199789220005 	 0.0
0.06802199789220005 	 0.0
0.06902199789220005 	 0.0
0.07002199789220005 	 0.0
0.07102199789220005 	 0.0
0.07202199789220005 	 0.0
0.07302199789220006 	 0.0
0.07402199789220006 	 0.0
0.07502199789220006 	 0.0
0.07602199789220006 	 0.0
0.07702199789220006 	 0.0
0.07802199789220006 	 0.0
0.07902199789220006 	 0.0
0.08002199789220006 	 0.0
0.08102199789220006 	 0.0
0.08202199789220006 	 0.0
0.08302199789220006 	 0.0
0.08402199789220006 	 0.0
0.08502199789220007 	 0.0
0.08602199789220007 	 0.0
0.08702199789220007 	 0.0
0.08802199789220007 	 0.0
0.08902199789220007 	 0.0
0.09002199789220007 	 0.0
0.09102199789220007 	 0.0
0.09202199789220007 	 0.0
0.09302199789220007 	 0.0
0.09402199789220007 	 0.0
0.09502199789220007 	 0.0
0.09602199789220008 	 0.0
0.09702199789220008 	 0.0
0.09802199789220008 	 0.0
0.09902199789220008 	 0.0
0.10002199789220008 	 0.0
0.10102199789220008 	 0.0
0.10202199789220008 	 0.0
0.10302199789220008 	 0.0
0.10402199789220008 	 0.0
0.10502199789220008 	 0.0
0.10602199789220008 	 0.0
0.10702199789220009 	 0.0
0.10802199789220009 	 0.0
0.10902199789220009 	 0.0
0.11002199789220009 	 0.0
0.11102199789220009 	 0.0
0.11202199789220009 	 0.0
0.11302199789220009 	 0.0
0.11402199789220009 	 0.0
0.11502199789220009 	 0.0
0.1160219978922001 	 0.0
0.1170219978922001 	 0.0
0.1180219978922001 	 0.0
0.1190219978922001 	 0.0
0.1200219978922001 	 0.0
0.1210219978922001 	 0.0
0.1220219978922001 	 0.0
0.1230219978922001 	 0.0
0.1240219978922001 	 0.0
0.1250219978922001 	 0.0
0.1260219978922001 	 0.0
0.1270219978922001 	 0.0
0.1280219978922001 	 0.0
0.1290219978922001 	 0.0
0.1300219978922001 	 0.0
0.1310219978922001 	 0.0
0.1320219978922001 	 0.0
0.1330219978922001 	 0.0
0.1340219978922001 	 0.0
0.1350219978922001 	 0.0
0.1360219978922001 	 0.0
0.1370219978922001 	 0.0
0.1380219978922001 	 0.0
0.1390219978922001 	 0.0
0.1400219978922001 	 0.0
0.1410219978922001 	 0.0
0.1420219978922001 	 0.0
0.1430219978922001 	 0.0
0.1440219978922001 	 0.0
0.1450219978922001 	 0.0
0.1460219978922001 	 0.0
0.1470219978922001 	 0.0
0.1480219978922001 	 0.0
0.1490219978922001 	 0.0
0.1500219978922001 	 0.0
0.1510219978922001 	 0.0
0.1520219978922001 	 0.0
0.1530219978922001 	 0.0
0.1540219978922001 	 0.0
0.15502199789220011 	 0.0
0.15602199789220011 	 0.0
0.15702199789220012 	 0.0
0.15802199789220012 	 0.0
0.15902199789220012 	 0.0
0.16002199789220012 	 0.0
0.16102199789220012 	 0.0
0.16202199789220012 	 0.0
0.16302199789220012 	 0.0
0.16402199789220012 	 0.0
0.16502199789220012 	 0.0
0.16602199789220012 	 0.0
0.16702199789220012 	 0.0
0.16802199789220013 	 0.0
0.16902199789220013 	 0.0
0.17002199789220013 	 0.0
0.17102199789220013 	 0.0
0.17202199789220013 	 0.0
0.17302199789220013 	 0.0
0.17402199789220013 	 0.0
0.17502199789220013 	 0.0
0.17602199789220013 	 0.0
0.17702199789220013 	 0.0
0.17802199789220013 	 0.0
0.17902199789220014 	 0.0
0.18002199789220014 	 0.0
0.18102199789220014 	 0.0
0.18202199789220014 	 0.0
0.18302199789220014 	 0.0
0.18402199789220014 	 0.0
0.18502199789220014 	 0.0
0.18602199789220014 	 0.0
0.18702199789220014 	 0.0
0.18802199789220014 	 0.0
0.18902199789220014 	 0.0
0.19002199789220015 	 0.0
0.19102199789220015 	 0.0
0.19202199789220015 	 0.0
0.19302199789220015 	 0.0
0.19402199789220015 	 0.0
0.19502199789220015 	 0.0
0.19602199789220015 	 0.0
0.19702199789220015 	 0.0
0.19802199789220015 	 0.0
0.19902199789220015 	 0.0
0.20002199789220015 	 0.0
0.20102199789220015 	 0.0
0.20202199789220016 	 0.0
0.20302199789220016 	 0.0
0.20402199789220016 	 0.0
0.20502199789220016 	 0.0
0.20602199789220016 	 0.0
0.20702199789220016 	 0.0
0.20802199789220016 	 0.0
0.20902199789220016 	 0.0
0.21002199789220016 	 0.0
0.21102199789220016 	 0.0
0.21202199789220016 	 0.0
0.21302199789220017 	 0.0
0.21402199789220017 	 0.0
0.21502199789220017 	 0.0
0.21602199789220017 	 0.0
0.21702199789220017 	 0.0
0.21802199789220017 	 0.0
0.21902199789220017 	 0.0
0.22002199789220017 	 0.0
0.22102199789220017 	 0.0
0.22202199789220017 	 0.0
0.22302199789220017 	 0.0
0.22402199789220018 	 0.0
0.22502199789220018 	 0.0
0.22602199789220018 	 0.0
0.22702199789220018 	 0.0
0.22802199789220018 	 0.0
0.22902199789220018 	 0.0
0.23002199789220018 	 0.0
0.23102199789220018 	 0.0
0.23202199789220018 	 0.0
0.23302199789220018 	 0.0
0.23402199789220018 	 0.0
0.23502199789220019 	 0.0
0.23602199789220019 	 0.0
0.2370219978922002 	 0.0
0.2380219978922002 	 0.0
0.2390219978922002 	 0.0
0.2400219978922002 	 0.0
0.2410219978922002 	 0.0
0.2420219978922002 	 0.0
0.2430219978922002 	 0.0
0.2440219978922002 	 0.0
0.2450219978922002 	 0.0
0.2460219978922002 	 0.0
0.2470219978922002 	 0.0
0.2480219978922002 	 0.0
0.2490219978922002 	 0.0
0.2500219978922002 	 0.0
0.2510219978922002 	 0.0
0.2520219978922002 	 0.0
0.2530219978922002 	 0.0
0.2540219978922002 	 0.0
0.2550219978922002 	 0.0
0.2560219978922002 	 0.0
0.2570219978922002 	 0.0
0.2580219978922002 	 0.0
0.2590219978922002 	 0.0
0.2600219978922002 	 0.0
0.2610219978922002 	 0.0
0.2620219978922002 	 0.0
0.2630219978922002 	 0.0
0.2640219978922002 	 0.0
0.2650219978922002 	 0.0
0.2660219978922002 	 0.0
0.2670219978922002 	 0.0
0.2680219978922002 	 0.0
0.2690219978922002 	 0.0
0.2700219978922002 	 0.0
0.2710219978922002 	 0.0
0.2720219978922002 	 0.0
0.2730219978922002 	 0.0
0.2740219978922002 	 0.0
0.2750219978922002 	 0.0
0.2760219978922002 	 0.0
0.2770219978922002 	 0.0
0.2780219978922002 	 0.0
0.2790219978922002 	 0.0
0.2800219978922002 	 0.0
0.2810219978922002 	 0.0
0.2820219978922002 	 0.0
0.2830219978922002 	 0.0
0.28402199789220023 	 0.0
0.28502199789220023 	 0.0
0.28602199789220023 	 0.0
0.28702199789220023 	 0.0
0.28802199789220023 	 0.0
0.28902199789220023 	 0.0
0.29002199789220023 	 0.0
0.29102199789220023 	 0.0
0.29202199789220024 	 0.0
0.29302199789220024 	 0.0
0.29402199789220024 	 0.0
0.29502199789220024 	 0.0
0.29602199789220024 	 0.0
0.29702199789220024 	 0.0
0.29802199789220024 	 0.0
0.29902199789220024 	 0.0
0.30002199789220024 	 0.0
0.30102199789220024 	 0.0
0.30202199789220024 	 0.0
0.30302199789220025 	 0.0
0.30402199789220025 	 0.0
0.30502199789220025 	 0.0
0.30602199789220025 	 0.0
0.30702199789220025 	 0.0
0.30802199789220025 	 0.0
0.30902199789220025 	 0.0
0.31002199789220025 	 0.0
0.31102199789220025 	 0.0
0.31202199789220025 	 0.0
0.31302199789220025 	 0.0
0.31402199789220026 	 0.0
0.31502199789220026 	 0.0
0.31602199789220026 	 0.0
0.31702199789220026 	 0.0
0.31802199789220026 	 0.0
0.31902199789220026 	 0.0
0.32002199789220026 	 0.0
0.32102199789220026 	 0.0
0.32202199789220026 	 0.0
0.32302199789220026 	 0.0
0.32402199789220026 	 0.0
0.32502199789220027 	 0.0
0.32602199789220027 	 0.0
0.32702199789220027 	 0.0
0.32802199789220027 	 0.0
0.32902199789220027 	 0.0
0.33002199789220027 	 0.0
0.33102199789220027 	 0.0
0.33202199789220027 	 0.0
0.33302199789220027 	 0.0
0.3340219978922003 	 0.0
0.3350219978922003 	 0.0
0.3360219978922003 	 0.0
0.3370219978922003 	 0.0
0.3380219978922003 	 0.0
0.3390219978922003 	 0.0
0.3400219978922003 	 0.0
0.3410219978922003 	 0.0
0.3420219978922003 	 0.0
0.3430219978922003 	 0.0
0.3440219978922003 	 0.0
0.3450219978922003 	 0.0
0.3460219978922003 	 0.0
0.3470219978922003 	 0.0
0.3480219978922003 	 0.0
0.3490219978922003 	 0.0
0.3500219978922003 	 0.0
0.3510219978922003 	 0.0
0.3520219978922003 	 0.0
0.3530219978922003 	 0.0
0.3540219978922003 	 0.0
0.3550219978922003 	 0.0
0.3560219978922003 	 0.0
0.3570219978922003 	 0.0
0.3580219978922003 	 0.0
0.3590219978922003 	 0.0
0.3600219978922003 	 0.0
0.3610219978922003 	 0.0
0.3620219978922003 	 0.0
0.3630219978922003 	 0.0
0.3640219978922003 	 0.0
0.3650219978922003 	 0.0
0.3660219978922003 	 0.0
0.3670219978922003 	 0.0
0.3680219978922003 	 0.0
0.3690219978922003 	 0.0
0.3700219978922003 	 0.0
0.3710219978922003 	 0.0
0.3720219978922003 	 0.0
0.3730219978922003 	 0.0
0.3740219978922003 	 0.0
0.3750219978922003 	 0.0
0.3760219978922003 	 0.0
0.3770219978922003 	 0.0
0.3780219978922003 	 0.0
0.3790219978922003 	 0.0
0.3800219978922003 	 0.0
0.3810219978922003 	 0.0
0.3820219978922003 	 0.0
0.3830219978922003 	 0.0
0.3840219978922003 	 0.0
0.3850219978922003 	 0.0
0.3860219978922003 	 0.0
0.3870219978922003 	 0.0
0.3880219978922003 	 0.0
0.3890219978922003 	 0.0
0.3900219978922003 	 0.0
0.3910219978922003 	 0.0
0.3920219978922003 	 0.0
0.3930219978922003 	 0.0
0.3940219978922003 	 0.0
0.3950219978922003 	 0.0
0.39602199789220033 	 0.0
0.39702199789220033 	 0.0
0.39802199789220033 	 0.0
0.39902199789220033 	 0.0
0.40002199789220033 	 0.0
0.40102199789220033 	 0.0
0.40202199789220033 	 0.0
0.40302199789220033 	 0.0
0.40402199789220034 	 0.0
0.40502199789220034 	 0.0
0.40602199789220034 	 0.0
0.40702199789220034 	 0.0
0.40802199789220034 	 0.0
0.40902199789220034 	 0.0
0.41002199789220034 	 0.0
0.41102199789220034 	 0.0
0.41202199789220034 	 0.0
0.41302199789220034 	 0.0
0.41402199789220034 	 0.0
0.41502199789220034 	 0.0
0.41602199789220035 	 0.0
0.41702199789220035 	 0.0
0.41802199789220035 	 0.0
0.41902199789220035 	 0.0
0.42002199789220035 	 0.0
0.42102199789220035 	 0.0
0.42202199789220035 	 0.0
0.42302199789220035 	 0.0
0.42402199789220035 	 0.0
0.42502199789220035 	 0.0
0.42602199789220035 	 0.0
0.42702199789220036 	 0.0
0.42802199789220036 	 0.0
0.42902199789220036 	 0.0
0.43002199789220036 	 0.0
0.43102199789220036 	 0.0
0.43202199789220036 	 0.0
0.43302199789220036 	 0.0
0.43402199789220036 	 0.0
0.43502199789220036 	 0.0
0.43602199789220036 	 0.0
0.43702199789220036 	 0.0
0.43802199789220037 	 0.0
0.43902199789220037 	 0.0
0.44002199789220037 	 0.0
0.44102199789220037 	 0.0
0.44202199789220037 	 0.0
0.44302199789220037 	 0.0
0.44402199789220037 	 0.0
0.44502199789220037 	 0.0
0.4460219978922004 	 0.0
0.4470219978922004 	 0.0
0.4480219978922004 	 0.0
0.4490219978922004 	 0.0
0.4500219978922004 	 0.0
0.4510219978922004 	 0.0
0.4520219978922004 	 0.0
0.4530219978922004 	 0.0
0.4540219978922004 	 0.0
0.4550219978922004 	 0.0
0.4560219978922004 	 0.0
0.4570219978922004 	 0.0
0.4580219978922004 	 0.0
0.4590219978922004 	 0.0
0.4600219978922004 	 0.0
0.4610219978922004 	 0.0
0.4620219978922004 	 0.0
0.4630219978922004 	 0.0
0.4640219978922004 	 0.0
0.4650219978922004 	 0.0
0.4660219978922004 	 0.0
0.4670219978922004 	 0.0
0.4680219978922004 	 0.0
0.4690219978922004 	 0.0
0.4700219978922004 	 0.0
0.4710219978922004 	 0.0
0.4720219978922004 	 0.0
0.4730219978922004 	 0.0
0.4740219978922004 	 0.0
0.4750219978922004 	 0.0
0.4760219978922004 	 0.0
0.4770219978922004 	 0.0
0.4780219978922004 	 0.0
0.4790219978922004 	 0.0
0.4800219978922004 	 0.0
0.4810219978922004 	 0.0
0.4820219978922004 	 0.0
0.4830219978922004 	 0.0
0.4840219978922004 	 0.0
0.4850219978922004 	 0.0
0.4860219978922004 	 0.0
0.4870219978922004 	 0.0
0.4880219978922004 	 0.0
0.4890219978922004 	 0.0
0.4900219978922004 	 0.0
0.4910219978922004 	 0.0
0.4920219978922004 	 0.0
0.4930219978922004 	 0.0
0.4940219978922004 	 0.0
0.4950219978922004 	 0.0
0.4960219978922004 	 0.0
0.4970219978922004 	 0.0
0.4980219978922004 	 0.0
0.4990219978922004 	 0.0
0.5000219978922004 	 0.0
0.5010219978922004 	 0.0
0.5020219978922004 	 0.0
0.5030219978922004 	 0.0
0.5040219978922004 	 0.0
0.5050219978922004 	 0.0
0.5060219978922004 	 0.0
0.5070219978922004 	 0.0
0.5080219978922004 	 0.0
0.5090219978922004 	 0.0
0.5100219978922004 	 0.0
0.5110219978922004 	 0.0
0.5120219978922004 	 0.0
0.5130219978922004 	 0.0
0.5140219978922004 	 0.0
0.5150219978922004 	 0.0
0.5160219978922004 	 0.0
0.5170219978922004 	 0.0
0.5180219978922004 	 0.0
0.5190219978922004 	 0.0
0.5200219978922004 	 0.0
0.5210219978922004 	 0.0
0.5220219978922004 	 0.0
0.5230219978922004 	 0.0
0.5240219978922004 	 0.0
0.5250219978922004 	 0.0
0.5260219978922004 	 0.0
0.5270219978922004 	 0.0
0.5280219978922004 	 0.0
0.5290219978922004 	 0.0
0.5300219978922004 	 0.0
0.5310219978922004 	 0.0
0.5320219978922004 	 0.0
0.5330219978922004 	 0.0
0.5340219978922004 	 0.0
0.5350219978922004 	 0.0
0.5360219978922004 	 0.0
0.5370219978922004 	 0.0
0.5380219978922004 	 0.0
0.5390219978922004 	 0.0
0.5400219978922004 	 0.0
0.5410219978922004 	 0.0
0.5420219978922004 	 0.0
0.5430219978922004 	 0.0
0.5440219978922004 	 0.0
0.5450219978922004 	 0.0
0.5460219978922004 	 0.0
0.5470219978922004 	 0.0
0.5480219978922004 	 0.0
0.5490219978922004 	 0.0
0.5500219978922004 	 0.0
0.5510219978922004 	 0.0
0.5520219978922004 	 0.0
0.5530219978922004 	 0.0
0.5540219978922004 	 0.0
0.5550219978922004 	 0.0
0.5560219978922004 	 0.0
0.5570219978922004 	 0.0
0.5580219978922004 	 0.0
0.5590219978922004 	 0.0
0.5600219978922004 	 0.0
0.5610219978922004 	 0.0
0.5620219978922004 	 0.0
0.5630219978922004 	 0.0
0.5640219978922004 	 0.0
0.5650219978922004 	 0.0
0.5660219978922004 	 0.0
0.5670219978922004 	 0.0
0.5680219978922004 	 0.0
0.5690219978922004 	 0.0
0.5700219978922004 	 0.0
0.5710219978922004 	 0.0
0.5720219978922004 	 0.0
0.5730219978922004 	 0.0
0.5740219978922004 	 0.0
0.5750219978922004 	 0.0
0.5760219978922004 	 0.0
0.5770219978922004 	 0.0
0.5780219978922004 	 0.0
0.5790219978922004 	 0.0
0.5800219978922004 	 0.0
0.5810219978922004 	 0.0
0.5820219978922004 	 0.0
0.5830219978922004 	 0.0
0.5840219978922004 	 0.0
0.5850219978922004 	 0.0
0.5860219978922004 	 0.0
0.5870219978922004 	 0.0
0.5880219978922004 	 0.0
0.5890219978922004 	 0.0
0.5900219978922004 	 0.0
0.5910219978922004 	 0.0
0.5920219978922004 	 0.0
0.5930219978922004 	 0.0
0.5940219978922004 	 0.0
0.5950219978922004 	 0.0
0.5960219978922005 	 0.0
0.5970219978922005 	 0.0
0.5980219978922005 	 0.0
0.5990219978922005 	 0.0
0.6000219978922005 	 0.0
0.6010219978922005 	 0.0
0.6020219978922005 	 0.0
0.6030219978922005 	 0.0
0.6040219978922005 	 0.0
0.6050219978922005 	 0.0
0.6060219978922005 	 0.0
0.6070219978922005 	 0.0
0.6080219978922005 	 0.0
0.6090219978922005 	 0.0
0.6100219978922005 	 0.0
0.6110219978922005 	 0.0
0.6120219978922005 	 0.0
0.6130219978922005 	 0.0
0.6140219978922005 	 0.0
0.6150219978922005 	 0.0
0.6160219978922005 	 0.0
0.6170219978922005 	 0.0
0.6180219978922005 	 0.0
0.6190219978922005 	 0.0
0.6200219978922005 	 0.0
0.6210219978922005 	 0.0
0.6220219978922005 	 0.0
0.6230219978922005 	 0.0
0.6240219978922005 	 0.0
0.6250219978922005 	 0.0
0.6260219978922005 	 0.0
0.6270219978922005 	 0.0
0.6280219978922005 	 0.0
0.6290219978922005 	 0.0
0.6300219978922005 	 0.0
0.6310219978922005 	 0.0
0.6320219978922005 	 0.0
0.6330219978922005 	 0.0
0.6340219978922005 	 0.0
0.6350219978922005 	 0.0
0.6360219978922005 	 0.0
0.6370219978922005 	 0.0
0.6380219978922005 	 0.0
0.6390219978922005 	 0.0
0.6400219978922005 	 0.0
0.6410219978922005 	 0.0
0.6420219978922005 	 0.0
0.6430219978922005 	 0.0
0.6440219978922005 	 0.0
0.6450219978922005 	 0.0
0.6460219978922005 	 0.0
0.6470219978922005 	 0.0
0.6480219978922005 	 0.0
0.6490219978922005 	 0.0
0.6500219978922005 	 0.0
0.6510219978922005 	 0.0
0.6520219978922005 	 0.0
0.6530219978922005 	 0.0
0.6540219978922005 	 0.0
0.6550219978922005 	 0.0
0.6560219978922005 	 0.0
0.6570219978922005 	 0.0
0.6580219978922005 	 0.0
0.6590219978922005 	 0.0
0.6600219978922005 	 0.0
0.6610219978922005 	 0.0
0.6620219978922005 	 0.0
0.6630219978922005 	 0.0
0.6640219978922005 	 0.0
0.6650219978922005 	 0.0
0.6660219978922005 	 0.0
0.6670219978922005 	 0.0
0.6680219978922005 	 0.0
0.6690219978922005 	 0.0
0.6700219978922005 	 0.0
0.6710219978922005 	 0.0
0.6720219978922005 	 0.0
0.6730219978922005 	 0.0
0.6740219978922005 	 0.0
0.6750219978922005 	 0.0
0.6760219978922005 	 0.0
0.6770219978922005 	 0.0
0.6780219978922005 	 0.0
0.6790219978922005 	 0.0
0.6800219978922005 	 0.0
0.6810219978922005 	 0.0
0.6820219978922005 	 0.0
0.6830219978922005 	 0.0
0.6840219978922005 	 0.0
0.6850219978922005 	 0.0
0.6860219978922005 	 0.0
0.6870219978922005 	 0.0
0.6880219978922005 	 0.0
0.6890219978922005 	 0.0
0.6900219978922005 	 0.0
0.6910219978922005 	 0.0
0.6920219978922005 	 0.0
0.6930219978922005 	 0.0
0.6940219978922005 	 0.0
0.6950219978922005 	 0.0
0.6960219978922005 	 0.0
0.6970219978922005 	 0.0
0.6980219978922005 	 0.0
0.6990219978922005 	 0.0
0.7000219978922005 	 0.0
0.7010219978922005 	 0.0
0.7020219978922005 	 0.0
0.7030219978922005 	 0.0
0.7040219978922005 	 0.0
0.7050219978922005 	 0.0
0.7060219978922005 	 0.0
0.7070219978922005 	 0.0
0.7080219978922005 	 0.0
0.7090219978922006 	 0.0
0.7100219978922006 	 0.0
0.7110219978922006 	 0.0
0.7120219978922006 	 0.0
0.7130219978922006 	 0.0
0.7140219978922006 	 0.0
0.7150219978922006 	 0.0
0.7160219978922006 	 0.0
0.7170219978922006 	 0.0
0.7180219978922006 	 0.0
0.7190219978922006 	 0.0
0.7200219978922006 	 0.0
0.7210219978922006 	 0.0
0.7220219978922006 	 0.0
0.7230219978922006 	 0.0
0.7240219978922006 	 0.0
0.7250219978922006 	 0.0
0.7260219978922006 	 0.0
0.7270219978922006 	 0.0
0.7280219978922006 	 0.0
0.7290219978922006 	 0.0
0.7300219978922006 	 0.0
0.7310219978922006 	 0.0
0.7320219978922006 	 0.0
0.7330219978922006 	 0.0
0.7340219978922006 	 0.0
0.7350219978922006 	 0.0
0.7360219978922006 	 0.0
0.7370219978922006 	 0.0
0.7380219978922006 	 0.0
0.7390219978922006 	 0.0
0.7400219978922006 	 0.0
0.7410219978922006 	 0.0
0.7420219978922006 	 0.0
0.7430219978922006 	 0.0
0.7440219978922006 	 0.0
0.7450219978922006 	 0.0
0.7460219978922006 	 0.0
0.7470219978922006 	 0.0
0.7480219978922006 	 0.0
0.7490219978922006 	 0.0
0.7500219978922006 	 0.0
0.7510219978922006 	 0.0
0.7520219978922006 	 0.0
0.7530219978922006 	 0.0
0.7540219978922006 	 0.0
0.7550219978922006 	 0.0
0.7560219978922006 	 0.0
0.7570219978922006 	 0.0
0.7580219978922006 	 0.0
0.7590219978922006 	 0.0
0.7600219978922006 	 0.0
0.7610219978922006 	 0.0
0.7620219978922006 	 0.0
0.7630219978922006 	 0.0
0.7640219978922006 	 0.0
0.7650219978922006 	 0.0
0.7660219978922006 	 0.0
0.7670219978922006 	 0.0
0.7680219978922006 	 0.0
0.7690219978922006 	 0.0
0.7700219978922006 	 0.0
0.7710219978922006 	 0.0
0.7720219978922006 	 0.0
0.7730219978922006 	 0.0
0.7740219978922006 	 0.0
0.7750219978922006 	 0.0
0.7760219978922006 	 0.0
0.7770219978922006 	 0.0
0.7780219978922006 	 0.0
0.7790219978922006 	 0.0
0.7800219978922006 	 0.0
0.7810219978922006 	 0.0
0.7820219978922006 	 0.0
0.7830219978922006 	 0.0
0.7840219978922006 	 0.0
0.7850219978922006 	 0.0
0.7860219978922006 	 0.0
0.7870219978922006 	 0.0
0.7880219978922006 	 0.0
0.7890219978922006 	 0.0
0.7900219978922006 	 0.0
0.7910219978922006 	 0.0
0.7920219978922006 	 0.0
0.7930219978922006 	 0.0
0.7940219978922006 	 0.0
0.7950219978922006 	 0.0
0.7960219978922006 	 0.0
0.7970219978922006 	 0.0
0.7980219978922006 	 0.0
0.7990219978922006 	 0.0
0.8000219978922006 	 0.0
0.8010219978922006 	 0.0
0.8020219978922006 	 0.0
0.8030219978922006 	 0.0
0.8040219978922006 	 0.0
0.8050219978922006 	 0.0
0.8060219978922006 	 0.0
0.8070219978922006 	 0.0
0.8080219978922006 	 0.0
0.8090219978922006 	 0.0
0.8100219978922006 	 0.0
0.8110219978922006 	 0.0
0.8120219978922006 	 0.0
0.8130219978922006 	 0.0
0.8140219978922006 	 0.0
0.8150219978922006 	 0.0
0.8160219978922006 	 0.0
0.8170219978922006 	 0.0
0.8180219978922006 	 0.0
0.8190219978922006 	 0.0
0.8200219978922006 	 0.0
0.8210219978922007 	 0.0
0.8220219978922007 	 0.0
0.8230219978922007 	 0.0
0.8240219978922007 	 0.0
0.8250219978922007 	 0.0
0.8260219978922007 	 0.0
0.8270219978922007 	 0.0
0.8280219978922007 	 0.0
0.8290219978922007 	 0.0
0.8300219978922007 	 0.0
0.8310219978922007 	 0.0
0.8320219978922007 	 0.0
0.8330219978922007 	 0.0
0.8340219978922007 	 0.0
0.8350219978922007 	 0.0
0.8360219978922007 	 0.0
0.8370219978922007 	 0.0
0.8380219978922007 	 0.0
0.8390219978922007 	 0.0
0.8400219978922007 	 0.0
0.8410219978922007 	 0.0
0.8420219978922007 	 0.0
0.8430219978922007 	 0.0
0.8440219978922007 	 0.0
0.8450219978922007 	 0.0
0.8460219978922007 	 0.0
0.8470219978922007 	 0.0
0.8480219978922007 	 0.0
0.8490219978922007 	 0.0
0.8500219978922007 	 0.0
0.8510219978922007 	 0.0
0.8520219978922007 	 0.0
0.8530219978922007 	 0.0
0.8540219978922007 	 0.0
0.8550219978922007 	 0.0
0.8560219978922007 	 0.0
0.8570219978922007 	 0.0
0.8580219978922007 	 0.0
0.8590219978922007 	 0.0
0.8600219978922007 	 0.0
0.8610219978922007 	 0.0
0.8620219978922007 	 0.0
0.8630219978922007 	 0.0
0.8640219978922007 	 0.0
0.8650219978922007 	 0.0
0.8660219978922007 	 0.0
0.8670219978922007 	 0.0
0.8680219978922007 	 0.0
0.8690219978922007 	 0.0
0.8700219978922007 	 0.0
0.8710219978922007 	 0.0
0.8720219978922007 	 0.0
0.8730219978922007 	 0.0
0.8740219978922007 	 0.0
0.8750219978922007 	 0.0
0.8760219978922007 	 0.0
0.8770219978922007 	 0.0
0.8780219978922007 	 0.0
0.8790219978922007 	 0.0
0.8800219978922007 	 0.0
0.8810219978922007 	 0.0
0.8820219978922007 	 0.0
0.8830219978922007 	 0.0
0.8840219978922007 	 0.0
0.8850219978922007 	 0.0
0.8860219978922007 	 0.0
0.8870219978922007 	 0.0
0.8880219978922007 	 0.0
0.8890219978922007 	 0.0
0.8900219978922007 	 0.0
0.8910219978922007 	 0.0
0.8920219978922007 	 0.0
0.8930219978922007 	 0.0
0.8940219978922007 	 0.0
0.8950219978922007 	 0.0
0.8960219978922007 	 0.0
0.8970219978922007 	 0.0
0.8980219978922007 	 0.0
0.8990219978922007 	 0.0
0.9000219978922007 	 0.0
0.9010219978922007 	 0.0
0.9020219978922007 	 0.0
0.9030219978922007 	 0.0
0.9040219978922007 	 0.0
0.9050219978922007 	 0.0
0.9060219978922007 	 0.0
0.9070219978922007 	 0.0
0.9080219978922007 	 0.0
0.9090219978922007 	 0.0
0.9100219978922007 	 0.0
0.9110219978922007 	 0.0
0.9120219978922007 	 0.0
0.9130219978922007 	 0.0
0.9140219978922007 	 0.0
0.9150219978922007 	 0.0
0.9160219978922007 	 0.0
0.9170219978922007 	 0.0
0.9180219978922007 	 0.0
0.9190219978922007 	 0.0
0.9200219978922007 	 0.0
0.9210219978922007 	 0.0
0.9220219978922007 	 0.0
0.9230219978922007 	 0.0
0.9240219978922007 	 0.0
0.9250219978922007 	 0.0
0.9260219978922007 	 0.0
0.9270219978922007 	 0.0
0.9280219978922007 	 0.0
0.9290219978922007 	 0.0
0.9300219978922007 	 0.0
0.9310219978922007 	 0.0
0.9320219978922007 	 0.0
0.9330219978922007 	 0.0
0.9340219978922008 	 0.0
0.9350219978922008 	 0.0
0.9360219978922008 	 0.0
0.9370219978922008 	 0.0
0.9380219978922008 	 0.0
0.9390219978922008 	 0.0
0.9400219978922008 	 0.0
0.9410219978922008 	 0.0
0.9420219978922008 	 0.0
0.9430219978922008 	 0.0
0.9440219978922008 	 0.0
0.9450219978922008 	 0.0
0.9460219978922008 	 0.0
0.9470219978922008 	 0.0
0.9480219978922008 	 0.0
0.9490219978922008 	 0.0
0.9500219978922008 	 0.0
0.9510219978922008 	 0.0
0.9520219978922008 	 0.0
0.9530219978922008 	 0.0
0.9540219978922008 	 0.0
0.9550219978922008 	 0.0
0.9560219978922008 	 0.0
0.9570219978922008 	 0.0
0.9580219978922008 	 0.0
0.9590219978922008 	 0.0
0.9600219978922008 	 0.0
0.9610219978922008 	 0.0
0.9620219978922008 	 0.0
0.9630219978922008 	 0.0
0.9640219978922008 	 0.0
0.9650219978922008 	 0.0
0.9660219978922008 	 0.0
0.9670219978922008 	 0.0
0.9680219978922008 	 0.0
0.9690219978922008 	 0.0
0.9700219978922008 	 0.0
0.9710219978922008 	 0.0
0.9720219978922008 	 0.0
0.9730219978922008 	 0.0
0.9740219978922008 	 0.0
0.9750219978922008 	 0.0
0.9760219978922008 	 0.0
0.9770219978922008 	 0.0
0.9780219978922008 	 0.0
0.9790219978922008 	 0.0
0.9800219978922008 	 0.0
0.9810219978922008 	 0.0
0.9820219978922008 	 0.0
0.9830219978922008 	 0.0
0.9840219978922008 	 0.0
0.9850219978922008 	 0.0
0.9860219978922008 	 0.0
0.9870219978922008 	 0.0
0.9880219978922008 	 0.0
0.9890219978922008 	 0.0
0.9900219978922008 	 0.0
0.9910219978922008 	 0.0
0.9920219978922008 	 0.0
0.9930219978922008 	 0.0
0.9940219978922008 	 0.0
0.9950219978922008 	 0.0
0.9960219978922008 	 0.0
0.9970219978922008 	 0.0
0.9980219978922008 	 0.0
0.9990219978922008 	 0.0
1.0000219978922007 	 0.0
1.0010219978922006 	 0.0
1.0020219978922005 	 0.0
1.0030219978922004 	 0.0
1.0040219978922003 	 0.0
1.0050219978922001 	 0.0
1.0060219978922 	 0.0
1.0070219978922 	 0.0
1.0080219978921998 	 0.0
1.0090219978921997 	 0.0
1.0100219978921996 	 0.0
1.0110219978921995 	 0.0
1.0120219978921994 	 0.0
1.0130219978921993 	 0.0
1.0140219978921992 	 0.0
1.015021997892199 	 0.0
1.016021997892199 	 0.0
1.0170219978921988 	 0.0
1.0180219978921987 	 0.0
1.0190219978921986 	 0.0
1.0200219978921985 	 0.0
1.0210219978921984 	 0.0
1.0220219978921983 	 0.0
1.0230219978921982 	 0.0
1.024021997892198 	 0.0
1.025021997892198 	 0.0
1.0260219978921978 	 0.0
1.0270219978921977 	 0.0
1.0280219978921976 	 0.0
1.0290219978921975 	 0.0
1.0300219978921974 	 0.0
1.0310219978921973 	 0.0
1.0320219978921972 	 0.0
1.033021997892197 	 0.0
1.034021997892197 	 0.0
1.0350219978921968 	 0.0
1.0360219978921967 	 0.0
1.0370219978921966 	 0.0
1.0380219978921965 	 0.0
1.0390219978921964 	 0.0
1.0400219978921963 	 0.0
1.0410219978921962 	 0.0
1.042021997892196 	 0.0
1.043021997892196 	 0.0
1.0440219978921959 	 0.0
1.0450219978921957 	 0.0
1.0460219978921956 	 0.0
1.0470219978921955 	 0.0
1.0480219978921954 	 0.0
1.0490219978921953 	 0.0
1.0500219978921952 	 0.0
1.051021997892195 	 0.0
1.052021997892195 	 0.0
1.0530219978921949 	 0.0
1.0540219978921948 	 0.0
1.0550219978921946 	 0.0
1.0560219978921945 	 0.0
1.0570219978921944 	 0.0
1.0580219978921943 	 0.0
1.0590219978921942 	 0.0
1.060021997892194 	 0.0
1.061021997892194 	 0.0
1.0620219978921939 	 0.0
1.0630219978921938 	 0.0
1.0640219978921936 	 0.0
1.0650219978921935 	 0.0
1.0660219978921934 	 0.0
1.0670219978921933 	 0.0
1.0680219978921932 	 0.0
1.069021997892193 	 0.0
1.070021997892193 	 0.0
1.0710219978921929 	 0.0
1.0720219978921928 	 0.0
1.0730219978921927 	 0.0
1.0740219978921925 	 0.0
1.0750219978921924 	 0.0
1.0760219978921923 	 0.0
1.0770219978921922 	 0.0
1.078021997892192 	 0.0
1.079021997892192 	 0.0
1.0800219978921919 	 0.0
1.0810219978921918 	 0.0
1.0820219978921917 	 0.0
1.0830219978921916 	 0.0
1.0840219978921914 	 0.0
1.0850219978921913 	 0.0
1.0860219978921912 	 0.0
1.0870219978921911 	 0.0
1.088021997892191 	 0.0
1.089021997892191 	 0.0
1.0900219978921908 	 0.0
1.0910219978921907 	 0.0
1.0920219978921906 	 0.0
1.0930219978921905 	 0.0
1.0940219978921903 	 0.0
1.0950219978921902 	 0.0
1.0960219978921901 	 0.0
1.09702199789219 	 0.0
1.09802199789219 	 0.0
1.0990219978921898 	 0.0
1.1000219978921897 	 0.0
1.1010219978921896 	 0.0
1.1020219978921895 	 0.0
1.1030219978921894 	 0.0
1.1040219978921892 	 0.0
1.1050219978921891 	 0.0
1.106021997892189 	 0.0
1.107021997892189 	 0.0
1.1080219978921888 	 0.0
1.1090219978921887 	 0.0
1.1100219978921886 	 0.0
1.1110219978921885 	 0.0
1.1120219978921884 	 0.0
1.1130219978921883 	 0.0
1.1140219978921881 	 0.0
1.115021997892188 	 0.0
1.116021997892188 	 0.0
1.1170219978921878 	 0.0
1.1180219978921877 	 0.0
1.1190219978921876 	 0.0
1.1200219978921875 	 0.0
1.1210219978921874 	 0.0
1.1220219978921873 	 0.0
1.1230219978921872 	 0.0
1.124021997892187 	 0.0
1.125021997892187 	 0.0
1.1260219978921868 	 0.0
1.1270219978921867 	 0.0
1.1280219978921866 	 0.0
1.1290219978921865 	 0.0
1.1300219978921864 	 0.0
1.1310219978921863 	 0.0
1.1320219978921862 	 0.0
1.133021997892186 	 0.0
1.134021997892186 	 0.0
1.1350219978921858 	 0.0
1.1360219978921857 	 0.0
1.1370219978921856 	 0.0
1.1380219978921855 	 0.0
1.1390219978921854 	 0.0
1.1400219978921853 	 0.0
1.1410219978921852 	 0.0
1.142021997892185 	 0.0
1.143021997892185 	 0.0
1.1440219978921848 	 0.0
1.1450219978921847 	 0.0
1.1460219978921846 	 0.0
1.1470219978921845 	 0.0
1.1480219978921844 	 0.0
1.1490219978921843 	 0.0
1.1500219978921842 	 0.0
1.151021997892184 	 0.0
1.152021997892184 	 0.0
1.1530219978921838 	 0.0
1.1540219978921837 	 0.0
1.1550219978921836 	 0.0
1.1560219978921835 	 0.0
1.1570219978921834 	 0.0
1.1580219978921833 	 0.0
1.1590219978921832 	 0.0
1.160021997892183 	 0.0
1.161021997892183 	 0.0
1.1620219978921829 	 0.0
1.1630219978921827 	 0.0
1.1640219978921826 	 0.0
1.1650219978921825 	 0.0
1.1660219978921824 	 0.0
1.1670219978921823 	 0.0
1.1680219978921822 	 0.0
1.169021997892182 	 0.0
1.170021997892182 	 0.0
1.1710219978921819 	 0.0
1.1720219978921818 	 0.0
1.1730219978921816 	 0.0
1.1740219978921815 	 0.0
1.1750219978921814 	 0.0
1.1760219978921813 	 0.0
1.1770219978921812 	 0.0
1.178021997892181 	 0.0
1.179021997892181 	 0.0
1.1800219978921809 	 0.0
1.1810219978921808 	 0.0
1.1820219978921807 	 0.0
1.1830219978921805 	 0.0
1.1840219978921804 	 0.0
1.1850219978921803 	 0.0
1.1860219978921802 	 0.0
1.18702199789218 	 0.0
1.18802199789218 	 0.0
1.1890219978921799 	 0.0
1.1900219978921798 	 0.0
1.1910219978921797 	 0.0
1.1920219978921796 	 0.0
1.1930219978921794 	 0.0
1.1940219978921793 	 0.0
1.1950219978921792 	 0.0
1.1960219978921791 	 0.0
1.197021997892179 	 0.0
1.198021997892179 	 0.0
1.1990219978921788 	 0.0
1.2000219978921787 	 0.0
1.2010219978921786 	 0.0
1.2020219978921785 	 0.0
1.2030219978921783 	 0.0
1.2040219978921782 	 0.0
1.2050219978921781 	 0.0
1.206021997892178 	 0.0
1.207021997892178 	 0.0
1.2080219978921778 	 0.0
1.2090219978921777 	 0.0
1.2100219978921776 	 0.0
1.2110219978921775 	 0.0
1.2120219978921773 	 0.0
1.2130219978921772 	 0.0
1.2140219978921771 	 0.0
1.215021997892177 	 0.0
1.216021997892177 	 0.0
1.2170219978921768 	 0.0
1.2180219978921767 	 0.0
1.2190219978921766 	 0.0
1.2200219978921765 	 0.0
1.2210219978921764 	 0.0
1.2220219978921762 	 0.0
1.2230219978921761 	 0.0
1.224021997892176 	 0.0
1.225021997892176 	 0.0
1.2260219978921758 	 0.0
1.2270219978921757 	 0.0
1.2280219978921756 	 0.0
1.2290219978921755 	 0.0
1.2300219978921754 	 0.0
1.2310219978921753 	 0.0
1.2320219978921751 	 0.0
1.233021997892175 	 0.0
1.234021997892175 	 0.0
1.2350219978921748 	 0.0
1.2360219978921747 	 0.0
1.2370219978921746 	 0.0
1.2380219978921745 	 0.0
1.2390219978921744 	 0.0
1.2400219978921743 	 0.0
1.2410219978921742 	 0.0
1.242021997892174 	 0.0
1.243021997892174 	 0.0
1.2440219978921738 	 0.0
1.2450219978921737 	 0.0
1.2460219978921736 	 0.0
1.2470219978921735 	 0.0
1.2480219978921734 	 0.0
1.2490219978921733 	 0.0
1.2500219978921732 	 0.0
1.251021997892173 	 0.0
1.252021997892173 	 0.0
1.2530219978921728 	 0.0
1.2540219978921727 	 0.0
1.2550219978921726 	 0.0
1.2560219978921725 	 0.0
1.2570219978921724 	 0.0
1.2580219978921723 	 0.0
1.2590219978921722 	 0.0
1.260021997892172 	 0.0
1.261021997892172 	 0.0
1.2620219978921718 	 0.0
1.2630219978921717 	 0.0
1.2640219978921716 	 0.0
1.2650219978921715 	 0.0
1.2660219978921714 	 0.0
1.2670219978921713 	 0.0
1.2680219978921712 	 0.0
1.269021997892171 	 0.0
1.270021997892171 	 0.0
1.2710219978921709 	 0.0
1.2720219978921707 	 0.0
1.2730219978921706 	 0.0
1.2740219978921705 	 0.0
1.2750219978921704 	 0.0
1.2760219978921703 	 0.0
1.2770219978921702 	 0.0
1.27802199789217 	 0.0
1.27902199789217 	 0.0
1.2800219978921699 	 0.0
1.2810219978921698 	 0.0
1.2820219978921696 	 0.0
1.2830219978921695 	 0.0
1.2840219978921694 	 0.0
1.2850219978921693 	 0.0
1.2860219978921692 	 0.0
1.287021997892169 	 0.0
1.288021997892169 	 0.0
1.2890219978921689 	 0.0
1.2900219978921688 	 5.856666822164409e-10
1.2910219978921686 	 4.110610520392283e-09
1.2920219978921685 	 1.0847380624326302e-08
1.2930219978921684 	 2.0822321936568524e-08
1.2940219978921683 	 3.406544143060121e-08
1.2950219978921682 	 5.060308416516379e-08
1.296021997892168 	 7.046449523700373e-08
1.297021997892168 	 9.367922868206659e-08
1.2980219978921679 	 1.20275938715206e-07
1.2990219978921678 	 1.508715669743681e-07
1.3000219978921677 	 1.904339375597308e-07
1.3010219978921675 	 2.401588461819281e-07
1.3020219978921674 	 3.0013606458786305e-07
1.3030219978921673 	 3.7045407899950577e-07
1.3040219978921672 	 4.5120268624573656e-07
1.305021997892167 	 5.424729711160573e-07
1.306021997892167 	 6.44351986233745e-07
1.3070219978921669 	 7.569346416560847e-07
1.3080219978921668 	 8.803133584754128e-07
1.3090219978921667 	 1.0145828898195125e-06
1.3100219978921666 	 1.1598420507545386e-06
1.3110219978921664 	 1.3161887198745525e-06
1.3120219978921663 	 1.483719140563018e-06
1.3130219978921662 	 1.6625286679295755e-06
1.3140219978921661 	 1.852716306178114e-06
1.315021997892166 	 2.054382945507463e-06
1.316021997892166 	 2.26763412834232e-06
1.3170219978921658 	 2.4925769503388285e-06
1.3180219978921657 	 2.7293218213100947e-06
1.3190219978921656 	 2.977981007479454e-06
1.3200219978921655 	 3.23866741732472e-06
1.3210219978921653 	 3.511497576067512e-06
1.3220219978921652 	 3.796576153692676e-06
1.3230219978921651 	 4.094000380913043e-06
1.324021997892165 	 4.4038684526939874e-06
1.325021997892165 	 4.726270424385132e-06
1.3260219978921648 	 5.061294981298677e-06
1.3270219978921647 	 5.40902827659432e-06
1.3280219978921646 	 5.769566417779056e-06
1.3290219978921645 	 6.143066561848788e-06
1.3300219978921644 	 6.529721009211573e-06
1.3310219978921642 	 6.9297190223538705e-06
1.3320219978921641 	 7.34318779404217e-06
1.333021997892164 	 7.770244793496634e-06
1.334021997892164 	 8.211001117306922e-06
1.3350219978921638 	 8.665562518431516e-06
1.3360219978921637 	 9.134032460984248e-06
1.3370219978921636 	 9.616513415069728e-06
1.3380219978921635 	 1.0113096482270694e-05
1.3390219978921634 	 1.0623909594986867e-05
1.3400219978921633 	 1.1149115465111859e-05
1.3410219978921631 	 1.1688871993006548e-05
1.342021997892163 	 1.224332970153793e-05
1.343021997892163 	 1.281262607110591e-05
1.3440219978921628 	 1.339690916937827e-05
1.3450219978921627 	 1.3996325795313634e-05
1.3460219978921626 	 1.4611023411319678e-05
1.3470219978921625 	 1.5241156625151302e-05
1.3480219978921624 	 1.5886885568295086e-05
1.3490219978921623 	 1.6548378889320913e-05
1.3500219978921622 	 1.7225805822069406e-05
1.351021997892162 	 1.79193438023256e-05
1.352021997892162 	 1.8629173623034512e-05
1.3530219978921618 	 1.9355483092686717e-05
1.3540219978921617 	 2.0098468459243097e-05
1.3550219978921616 	 2.0858322537701787e-05
1.3560219978921615 	 2.1635253912336817e-05
1.3570219978921614 	 2.242946615190896e-05
1.3580219978921613 	 2.3241179004101255e-05
1.3590219978921612 	 2.407060756508869e-05
1.360021997892161 	 2.491798356082042e-05
1.361021997892161 	 2.578340365058677e-05
1.3620219978921608 	 2.6666460309762687e-05
1.3630219978921607 	 2.7567190109444628e-05
1.3640219978921606 	 2.8486714547309002e-05
1.3650219978921605 	 2.942525718132865e-05
1.3660219978921604 	 3.038298835923501e-05
1.3670219978921603 	 3.136006355465686e-05
1.3680219978921602 	 3.2356644794702054e-05
1.36902199789216 	 3.337287891316962e-05
1.37002199789216 	 3.44089188960121e-05
1.3710219978921598 	 3.54649238634709e-05
1.3720219978921597 	 3.6541137694142846e-05
1.3730219978921596 	 3.763782453659131e-05
1.3740219978921595 	 3.8755259911481745e-05
1.3750219978921594 	 3.98937239306577e-05
1.3760219978921593 	 4.1053508578565907e-05
1.3770219978921592 	 4.223491243672982e-05
1.378021997892159 	 4.343823904598623e-05
1.379021997892159 	 4.4663810392958274e-05
1.3800219978921588 	 4.5911947543321415e-05
1.3810219978921587 	 4.7182978151994206e-05
1.3820219978921586 	 4.84771938034759e-05
1.3830219978921585 	 4.979488500213808e-05
1.3840219978921584 	 5.113634269532649e-05
1.3850219978921583 	 5.250186581006136e-05
1.3860219978921582 	 5.3891753903507144e-05
1.387021997892158 	 5.5306315828125787e-05
1.388021997892158 	 5.6745854257373e-05
1.3890219978921579 	 5.821057417907708e-05
1.3900219978921577 	 5.9700576042496365e-05
1.3910219978921576 	 6.121600758631468e-05
1.3920219978921575 	 6.275727987358103e-05
1.3930219978921574 	 6.432487781145917e-05
1.3940219978921573 	 6.591931031759436e-05
1.3950219978921572 	 6.754110010002692e-05
1.396021997892157 	 6.919076069754931e-05
1.397021997892157 	 7.086870283249004e-05
1.3980219978921569 	 7.25753114490576e-05
1.3990219978921568 	 7.431098133483666e-05
1.4000219978921566 	 7.607191597612473e-05
1.4010219978921565 	 7.786692767937661e-05
1.4020219978921564 	 7.969220257425595e-05
1.4030219978921563 	 8.154815167712848e-05
1.4040219978921562 	 8.343519316674846e-05
1.405021997892156 	 8.535374099069001e-05
1.406021997892156 	 8.730422412010013e-05
1.4070219978921559 	 8.928706586034914e-05
1.4080219978921558 	 9.130269724504217e-05
1.4090219978921557 	 9.33515559783773e-05
1.4100219978921555 	 9.543407503394157e-05
1.4110219978921554 	 9.755067606757039e-05
1.4120219978921553 	 9.970167225355409e-05
1.4130219978921552 	 0.00010188735561250276
1.414021997892155 	 0.00010410810024133567
1.415021997892155 	 0.00010636435381259325
1.4160219978921549 	 0.00010865658433666206
1.4170219978921548 	 0.00011098525571145344
1.4180219978921547 	 0.00011335084265390182
1.4190219978921546 	 0.00011575383037561553
1.4200219978921544 	 0.00011819470332767465
1.4210219978921543 	 0.00012067396621782175
1.4220219978921542 	 0.0001231921240596812
1.4230219978921541 	 0.00012574969246047953
1.424021997892154 	 0.00012834720741061826
1.425021997892154 	 0.0001309852029116796
1.4260219978921538 	 0.000133664237316768
1.4270219978921537 	 0.00013638487060303172
1.4280219978921536 	 0.00013914767501728531
1.4290219978921535 	 0.0001419532458049768
1.4300219978921533 	 0.00014480218184763875
1.4310219978921532 	 0.00014769509634042578
1.4320219978921531 	 0.0001506326292243952
1.433021997892153 	 0.00015361542336179637
1.434021997892153 	 0.00015664415054481582
1.4350219978921528 	 0.00015971948805111477
1.4360219978921527 	 0.00016284212857024577
1.4370219978921526 	 0.00016601279017807534
1.4380219978921525 	 0.00016923220046374896
1.4390219978921523 	 0.0001725010910777095
1.4400219978921522 	 0.00017582016108310143
1.4410219978921521 	 0.00017919011538046462
1.442021997892152 	 0.00018261168340120927
1.443021997892152 	 0.00018608559800315183
1.4440219978921518 	 0.00018961260469439503
1.4450219978921517 	 0.00019319347238737518
1.4460219978921516 	 0.00019682897204393684
1.4470219978921515 	 0.00020051988689602892
1.4480219978921514 	 0.00020426702361896258
1.4490219978921512 	 0.000208071188561476
1.4500219978921511 	 0.00021193321041866592
1.451021997892151 	 0.00021585393771979752
1.452021997892151 	 0.00021983426891295811
1.4530219978921508 	 0.00022387513650485628
1.4540219978921507 	 0.00022797748681944164
1.4550219978921506 	 0.00023214227854044048
1.4560219978921505 	 0.0002363705001627201
1.4570219978921504 	 0.00024066311922008968
1.4580219978921503 	 0.00024502101529951664
1.4590219978921501 	 0.0002494450645916864
1.46002199789215 	 0.0002539361380381191
1.46102199789215 	 0.00025849512615200326
1.4620219978921498 	 0.00026312292003928355
1.4630219978921497 	 0.00026782043027310127
1.4640219978921496 	 0.0002725888034267434
1.4650219978921495 	 0.00027742941089865656
1.4660219978921494 	 0.00028234366791164375
1.4670219978921493 	 0.00028733303426421
1.4680219978921492 	 0.00029239899973602425
1.469021997892149 	 0.00029754309531023095
1.470021997892149 	 0.0003027668915108174
1.4710219978921488 	 0.0003080718980997019
1.4720219978921487 	 0.00031345927556320337
1.4730219978921486 	 0.0003189301067395286
1.4740219978921485 	 0.00032448548218430155
1.4750219978921484 	 0.0003301264998180176
1.4760219978921483 	 0.0003358542646454063
1.4770219978921482 	 0.00034166988827638654
1.478021997892148 	 0.0003475744889969151
1.479021997892148 	 0.00035356919167799187
1.4800219978921478 	 0.0003596551274254388
1.4810219978921477 	 0.0003658334333262992
1.4820219978921476 	 0.0003721052516589917
1.4830219978921475 	 0.0003784720850131121
1.4840219978921474 	 0.0003849368074591477
1.4850219978921473 	 0.00039150271869332583
1.4860219978921472 	 0.00039817324543661633
1.487021997892147 	 0.00040495194406803243
1.488021997892147 	 0.0004118424118871775
1.4890219978921468 	 0.00041884639132429925
1.4900219978921467 	 0.0004259637400954835
1.4910219978921466 	 0.00043319266207916276
1.4920219978921465 	 0.00044052759966662643
1.4930219978921464 	 0.00044796913942578883
1.4940219978921463 	 0.00045551970803938975
1.4950219978921462 	 0.00046318180664354613
1.496021997892146 	 0.00047095801185421796
1.497021997892146 	 0.00047885097557676294
1.4980219978921459 	 0.00048686342870887193
1.4990219978921457 	 0.0004949981836580474
1.5000219978921456 	 0.0005032581363521317
1.5010219978921455 	 0.0005116462681994084
1.5020219978921454 	 0.0005201656481952826
1.5030219978921453 	 0.0005288194364444877
1.5040219978921452 	 0.0005376108857955882
1.505021997892145 	 0.0005465433441716293
1.506021997892145 	 0.0005556199951039908
1.5070219978921449 	 0.0005648431124593077
1.5080219978921447 	 0.0005742140050537548
1.5090219978921446 	 0.0005837310917650848
1.5100219978921445 	 0.0005933919059800649
1.5110219978921444 	 0.0006031953580259605
1.5120219978921443 	 0.0006131463400079481
1.5130219978921442 	 0.0006232512845116115
1.514021997892144 	 0.0006335146317830325
1.515021997892144 	 0.0006439388035286081
1.5160219978921439 	 0.0006545261651302809
1.5170219978921438 	 0.0006652791057446037
1.5180219978921436 	 0.0006762000390530891
1.5190219978921435 	 0.000687291403331166
1.5200219978921434 	 0.0006985556611831537
1.5210219978921433 	 0.0007099952929099829
1.5220219978921432 	 0.000721612790569613
1.523021997892143 	 0.0007334106875395689
1.524021997892143 	 0.0007453915349455265
1.5250219978921429 	 0.0007575579269111409
1.5260219978921428 	 0.0007699124155782525
1.5270219978921427 	 0.0007824575947352176
1.5280219978921425 	 0.0007951961068667661
1.5290219978921424 	 0.0008081306135809521
1.5300219978921423 	 0.000821263778722955
1.5310219978921422 	 0.0008345983796273201
1.532021997892142 	 0.0008481375577361593
1.533021997892142 	 0.0008618845786209682
1.5340219978921419 	 0.0008758427548442762
1.5350219978921418 	 0.0008900154448569583
1.5360219978921417 	 0.0009044060533549957
1.5370219978921416 	 0.0009190180318018994
1.5380219978921414 	 0.0009338548661029411
1.5390219978921413 	 0.000948919842205609
1.5400219978921412 	 0.0009642160423611114
1.5410219978921411 	 0.000979746556858703
1.542021997892141 	 0.000995514494862584
1.543021997892141 	 0.0010115229862799296
1.5440219978921408 	 0.0010277751752101557
1.5450219978921407 	 0.0010442742169096116
1.5460219978921406 	 0.0010610232770273081
1.5470219978921405 	 0.0010780258440379151
1.5480219978921403 	 0.0010952866134708785
1.5490219978921402 	 0.0011128106502626162
1.5500219978921401 	 0.0011306015522659389
1.55102199789214 	 0.0011486583158904146
1.55202199789214 	 0.001166983411088278
1.5530219978921398 	 0.0011855804888416747
1.5540219978921397 	 0.0012044532216619374
1.5550219978921396 	 0.0012236052997661006
1.5560219978921395 	 0.0012430404312124327
1.5570219978921394 	 0.0012627623457924
1.5580219978921392 	 0.0012827747874504017
1.5590219978921391 	 0.0013030815103085886
1.560021997892139 	 0.0013236862700198764
1.561021997892139 	 0.0013445928510398431
1.5620219978921388 	 0.0013658050374174206
1.5630219978921387 	 0.0013873265634892773
1.5640219978921386 	 0.001409159641415485
1.5650219978921385 	 0.0014313049382392105
1.5660219978921384 	 0.001453762896217504
1.5670219978921383 	 0.0014765337940954157
1.5680219978921381 	 0.0014996137686383209
1.569021997892138 	 0.0015229991686245127
1.570021997892138 	 0.0015466923565959363
1.5710219978921378 	 0.0015706946694716759
1.5720219978921377 	 0.0015950116552679457
1.5730219978921376 	 0.0016196499953322688
1.5740219978921375 	 0.001644616540275531
1.5750219978921374 	 0.0016699183700793583
1.5760219978921373 	 0.0016955628592281097
1.5770219978921372 	 0.001721557761343651
1.578021997892137 	 0.0017479112382600053
1.579021997892137 	 0.00177463199741817
1.5800219978921368 	 0.0018017292847996706
1.5810219978921367 	 0.0018292130536760919
1.5820219978921366 	 0.0018570940645585194
1.5830219978921365 	 0.0018853839804354553
1.5840219978921364 	 0.0019140954413501613
1.5850219978921363 	 0.0019432420999756655
1.5860219978921362 	 0.0019728385938267063
1.587021997892136 	 0.002002900424959018
1.588021997892136 	 0.0020334367933447163
1.5890219978921358 	 0.002064365231439706
1.5900219978921357 	 0.0020956595715302517
1.5910219978921356 	 0.002127332007689173
1.5920219978921355 	 0.0021593921408572516
1.5930219978921354 	 0.0021918466969722355
1.5940219978921353 	 0.0022246993211882497
1.5950219978921352 	 0.0022579507011094434
1.596021997892135 	 0.0022915991576808984
1.597021997892135 	 0.0023256416329505854
1.5980219978921348 	 0.0023600748177358666
1.5990219978921347 	 0.0023948962592117854
1.6000219978921346 	 0.0024301052493090444
1.6010219978921345 	 0.002465700889596976
1.6020219978921344 	 0.002501675209415771
1.6030219978921343 	 0.0025380197687858526
1.6040219978921342 	 0.0025747275072787387
1.605021997892134 	 0.0026117923605357145
1.606021997892134 	 0.0026492088599409606
1.6070219978921338 	 0.0026869717750118097
1.6080219978921337 	 0.0027250757848448497
1.6090219978921336 	 0.0027635152277841924
1.6100219978921335 	 0.002802283904338147
1.6110219978921334 	 0.0028413771875898304
1.6120219978921333 	 0.0028807980434510066
1.6130219978921332 	 0.0029205509161810356
1.614021997892133 	 0.002960636358781837
1.615021997892133 	 0.003001051023908079
1.6160219978921329 	 0.00304179086557926
1.6170219978921327 	 0.0030828512726688616
1.6180219978921326 	 0.0031242270864752534
1.6190219978921325 	 0.0031659126125412294
1.6200219978921324 	 0.0032079016344297995
1.6210219978921323 	 0.003250187421792316
1.6220219978921322 	 0.003292762707545896
1.623021997892132 	 0.0033356196661286294
1.624021997892132 	 0.0033787499817507544
1.6250219978921319 	 0.003422144878330764
1.6260219978921318 	 0.0034657951208254493
1.6270219978921316 	 0.0035096909963798677
1.6280219978921315 	 0.00355382236075833
1.6290219978921314 	 0.003598178629701787
1.6300219978921313 	 0.003642748930497353
1.6310219978921312 	 0.003687518385450281
1.632021997892131 	 0.0037324582524628524
1.633021997892131 	 0.003777535477468687
1.6340219978921309 	 0.0038227212993322897
1.6350219978921308 	 0.0038680068283233554
1.6360219978921307 	 0.003913388029422767
1.6370219978921305 	 0.0039588609659269415
1.6380219978921304 	 0.004004421643180402
1.6390219978921303 	 0.004050061167061288
1.6400219978921302 	 0.004095765802706161
1.64102199789213 	 0.004141521474480294
1.64202199789213 	 0.004187313880523987
1.6430219978921299 	 0.004233128534133089
1.6440219978921298 	 0.00427895087101769
1.6450219978921297 	 0.004324766293246745
1.6460219978921296 	 0.004370560165855109
1.6470219978921294 	 0.004416317755699212
1.6480219978921293 	 0.004462024337204016
1.6490219978921292 	 0.004507665238792147
1.650021997892129 	 0.004553225861678046
1.651021997892129 	 0.004598690292051095
1.652021997892129 	 0.004644037342450155
1.6530219978921288 	 0.004689244397788809
1.6540219978921287 	 0.004734288679648548
1.6550219978921286 	 0.004779147272410135
1.6560219978921285 	 0.004823797100670509
1.6570219978921283 	 0.004868214849480859
1.6580219978921282 	 0.004912377056908345
1.6590219978921281 	 0.004956260118694373
1.660021997892128 	 0.004999840390414657
1.661021997892128 	 0.005043100795816317
1.6620219978921278 	 0.005086049841399474
1.6630219978921277 	 0.00512870200240325
1.6640219978921276 	 0.005171054338066419
1.6650219978921275 	 0.005213086837328402
1.6660219978921273 	 0.0052547786911948955
1.6670219978921272 	 0.00529610889512918
1.6680219978921271 	 0.0053370563125494305
1.669021997892127 	 0.005377599695769621
1.670021997892127 	 0.005417717688755081
1.6710219978921268 	 0.005457389832944241
1.6720219978921267 	 0.00549659937739793
1.6730219978921266 	 0.005535330515170223
1.6740219978921265 	 0.005573567514272327
1.6750219978921264 	 0.005611294725480277
1.6760219978921262 	 0.005648496586733676
1.6770219978921261 	 0.005685157612123686
1.678021997892126 	 0.005721262440173434
1.679021997892126 	 0.0057567958112674355
1.6800219978921258 	 0.005791742808935722
1.6810219978921257 	 0.005826088560206696
1.6820219978921256 	 0.0058598184832033525
1.6830219978921255 	 0.005892918312381808
1.6840219978921254 	 0.005925374098100645
1.6850219978921253 	 0.0059571722293955826
1.6860219978921251 	 0.005988299470776778
1.687021997892125 	 0.0060187430026507754
1.688021997892125 	 0.0060484907072513305
1.6890219978921248 	 0.006077536279208933
1.6900219978921247 	 0.00610587908096657
1.6910219978921246 	 0.006133517359986464
1.6920219978921245 	 0.006160442412763971
1.6930219978921244 	 0.006186644415516895
1.6940219978921243 	 0.0062121141794862795
1.6950219978921242 	 0.006236843162920058
1.696021997892124 	 0.006260823507149299
1.697021997892124 	 0.006284048088715335
1.6980219978921238 	 0.006306510511444962
1.6990219978921237 	 0.006328205116031959
1.7000219978921236 	 0.006349126995891161
1.7010219978921235 	 0.006362532249111629
1.7020219978921234 	 0.006374579730730791
1.7030219978921233 	 0.006385768792611963
1.7040219978921232 	 0.006396105688065748
1.705021997892123 	 0.006405597335677298
1.706021997892123 	 0.006414251296183586
1.7070219978921228 	 0.0064220757170378095
1.7080219978921227 	 0.006429079433534972
1.7090219978921226 	 0.0064352717547979475
1.7100219978921225 	 0.006440662563582798
1.7110219978921224 	 0.0064452622585051515
1.7120219978921223 	 0.006449081727314618
1.7130219978921222 	 0.00645213231989694
1.714021997892122 	 0.006454425821092762
1.715021997892122 	 0.006455974423419013
1.7160219978921218 	 0.006456790699775864
1.7170219978921217 	 0.006456887576219169
1.7180219978921216 	 0.006456278304874425
1.7190219978921215 	 0.006454976437064783
1.7200219978921214 	 0.006452995796721568
1.7210219978921213 	 0.006450350454141624
1.7220219978921212 	 0.006447054700151976
1.723021997892121 	 0.006443123020737549
1.724021997892121 	 0.006438570072183744
1.7250219978921209 	 0.006433410656781148
1.7260219978921207 	 0.006427659699135493
1.7270219978921206 	 0.006421332223121566
1.7280219978921205 	 0.006414443268769907
1.7290219978921204 	 0.006407008113612718
1.7300219978921203 	 0.006399041887224428
1.7310219978921202 	 0.006390559794094553
1.73202199789212 	 0.006381577033474437
1.73302199789212 	 0.006372108780777654
1.7340219978921199 	 0.006362170169782336
1.7350219978921197 	 0.006351776275643548
1.7360219978921196 	 0.006340942098720422
1.7370219978921195 	 0.006329682549219624
1.7380219978921194 	 0.006318012432654274
1.7390219978921193 	 0.006305946436114228
1.7400219978921192 	 0.006293499115341617
1.741021997892119 	 0.0062806848826030956
1.742021997892119 	 0.006267517995348021
1.7430219978921189 	 0.006254012545639989
1.7440219978921188 	 0.006240182450347417
1.7450219978921186 	 0.006226041442077143
1.7460219978921185 	 0.006211603060833843
1.7470219978921184 	 0.006196880646386485
1.7480219978921183 	 0.00618188733132235
1.7490219978921182 	 0.006166636034767884
1.750021997892118 	 0.006151139456755032
1.751021997892118 	 0.006135410073211013
1.7520219978921179 	 0.006119460131549001
1.7530219978921178 	 0.006103301646836717
1.7540219978921177 	 0.006086946368764732
1.7550219978921175 	 0.006070405897980046
1.7560219978921174 	 0.006053691505142048
1.7570219978921173 	 0.006036814248364632
1.7580219978921172 	 0.0060197849421107065
1.759021997892117 	 0.006002614156337547
1.760021997892117 	 0.005985312216057133
1.7610219978921169 	 0.005967889201288614
1.7620219978921168 	 0.005950354947380892
1.7630219978921167 	 0.00593271904568335
1.7640219978921166 	 0.005914990844543566
1.7650219978921164 	 0.005897179450610968
1.7660219978921163 	 0.005879293730426423
1.7670219978921162 	 0.005861342312277841
1.7680219978921161 	 0.005843333588302822
1.769021997892116 	 0.00582527571681983
1.770021997892116 	 0.005807176624870037
1.7710219978921158 	 0.005789044010952712
1.7720219978921157 	 0.0057708853479375285
1.7730219978921156 	 0.005752707886137968
1.7740219978921155 	 0.005734518656530558
1.7750219978921153 	 0.005716324474105456
1.7760219978921152 	 0.005698131941334415
1.7770219978921151 	 0.005679947397841705
1.778021997892115 	 0.005661777139802807
1.779021997892115 	 0.005643627099889743
1.7800219978921148 	 0.005625503067077982
1.7810219978921147 	 0.005607410636483963
1.7820219978921146 	 0.005589355213281414
1.7830219978921145 	 0.005571342016655355
1.7840219978921144 	 0.005553376083784851
1.7850219978921142 	 0.005535462273846133
1.7860219978921141 	 0.005517605272028031
1.787021997892114 	 0.005499809593552404
1.788021997892114 	 0.005482079587692587
1.7890219978921138 	 0.005464419441783467
1.7900219978921137 	 0.005446833185217181
1.7910219978921136 	 0.00542932469341882
1.7920219978921135 	 0.0054118976917972034
1.7930219978921134 	 0.00539455575966577
1.7940219978921133 	 0.005377302334129457
1.7950219978921131 	 0.005360140713933452
1.796021997892113 	 0.005343074063270313
1.797021997892113 	 0.00532610541554205
1.7980219978921128 	 0.005309237677074372
1.7990219978921127 	 0.005292473630780251
1.8000219978921126 	 0.0052758159397705146
1.8010219978921125 	 0.0052592671252459835
1.8020219978921124 	 0.0052428296727109105
1.8030219978921123 	 0.005226505881247977
1.8040219978921122 	 0.005210297969736865
1.805021997892112 	 0.005194208054447758
1.806021997892112 	 0.005178238152297912
1.8070219978921118 	 0.005162390184045263
1.8080219978921117 	 0.005146665977418336
1.8090219978921116 	 0.005131067270182115
1.8100219978921115 	 0.005115595713139442
1.8110219978921114 	 0.005100252873067855
1.8120219978921113 	 0.005085040235591677
1.8130219978921112 	 0.005069959207989601
1.814021997892111 	 0.0050550111219377514
1.815021997892111 	 0.005040197236188616
1.8160219978921108 	 0.00502551873918626
1.8170219978921107 	 0.005010976751618082
1.8180219978921106 	 0.004996572328903917
1.8190219978921105 	 0.004982306463622805
1.8200219978921104 	 0.004968180087878364
1.8210219978921103 	 0.004954194075603284
1.8220219978921102 	 0.004940349244803847
1.82302199789211 	 0.004926646359745248
1.82402199789211 	 0.004913086133078604
1.8250219978921098 	 0.004899669181355617
1.8260219978921097 	 0.004886396213351542
1.8270219978921096 	 0.004873267752421752
1.8280219978921095 	 0.004860284324897218
1.8290219978921094 	 0.004847446415287912
1.8300219978921093 	 0.004834754468079937
1.8310219978921092 	 0.004822208889481238
1.832021997892109 	 0.004809810049116931
1.833021997892109 	 0.004797558281675289
1.8340219978921088 	 0.004785453888505481
1.8350219978921087 	 0.004773497139168132
1.8360219978921086 	 0.004761688272939761
1.8370219978921085 	 0.004750027500272131
1.8380219978921084 	 0.00473851500420767
1.8390219978921083 	 0.004727150941751878
1.8400219978921082 	 0.0047159354452039354
1.841021997892108 	 0.004704868623446392
1.842021997892108 	 0.004693950563195128
1.8430219978921079 	 0.00468318133021047
1.8440219978921077 	 0.004672560970470568
1.8450219978921076 	 0.004662089511308021
1.8460219978921075 	 0.0046517669625106735
1.8470219978921074 	 0.004641593294784153
1.8480219978921073 	 0.004631568531230196
1.8490219978921072 	 0.004621692612627643
1.850021997892107 	 0.00461196548891166
1.851021997892107 	 0.00460238709747352
1.8520219978921069 	 0.004592957364066644
1.8530219978921068 	 0.0045836762036832925
1.8540219978921066 	 0.004574543521402818
1.8550219978921065 	 0.004565559213212331
1.8560219978921064 	 0.00455672316680058
1.8570219978921063 	 0.004548035262325862
1.8580219978921062 	 0.004539495373158737
1.859021997892106 	 0.004531103366600354
1.860021997892106 	 0.004522859104577102
1.8610219978921059 	 0.004514762444312357
1.8620219978921058 	 0.004506813238976012
1.8630219978921057 	 0.004499011338312525
1.8640219978921055 	 0.004491356589248117
1.8650219978921054 	 0.004483848836477869
1.8660219978921053 	 0.00447648792303327
1.8670219978921052 	 0.004469273690830917
1.868021997892105 	 0.004462205981202977
1.869021997892105 	 0.004455284635409977
1.8700219978921049 	 0.004448509495136514
1.8710219978921048 	 0.004441880402970484
1.8720219978921047 	 0.004435397202866364
1.8730219978921046 	 0.004429059698460085
1.8740219978921044 	 0.004422867822060429
1.8750219978921043 	 0.004416821382188722
1.8760219978921042 	 0.0044109202325977774
1.877021997892104 	 0.004405164230502235
1.878021997892104 	 0.004399553236956846
1.879021997892104 	 0.0043940871172222324
1.8800219978921038 	 0.0043887657411185495
1.8810219978921037 	 0.004383588983367492
1.8820219978921036 	 0.00437855672392306
1.8830219978921034 	 0.004373668848291433
1.8840219978921033 	 0.004368925247840365
1.8850219978921032 	 0.0043643258200984966
1.8860219978921031 	 0.004359870469044862
1.887021997892103 	 0.004355559105389012
1.888021997892103 	 0.004351391646842055
1.8890219978921028 	 0.004347368018378913
1.8900219978921027 	 0.004343488152492132
1.8910219978921026 	 0.004339751989437556
1.8920219978921025 	 0.004336159477472118
1.8930219978921023 	 0.004332710573084025
1.8940219978921022 	 0.004329405220153472
1.8950219978921021 	 0.0043262434344170445
1.896021997892102 	 0.0043232251773032285
1.897021997892102 	 0.004320350440384598
1.8980219978921018 	 0.00431761922451108
1.8990219978921017 	 0.0043150315399998335
1.9000219978921016 	 0.004312587406819166
1.9010219978921015 	 0.004310286854766747
1.9020219978921014 	 0.004308129923642228
1.9030219978921012 	 0.004306116663414518
1.9040219978921011 	 0.004304247134383853
1.905021997892101 	 0.004302521407338779
1.906021997892101 	 0.00430093956370831
1.9070219978921008 	 0.004299501695709301
1.9080219978921007 	 0.004298207906489217
1.9090219978921006 	 0.0042970583102644394
1.9100219978921005 	 0.0042960530324542045
1.9110219978921004 	 0.004295192209810265
1.9120219978921003 	 0.004294475990542472
1.9130219978921001 	 0.004293904534440244
1.9140219978921 	 0.004293478012990117
1.9150219978921 	 0.004293196609489393
1.9160219978920998 	 0.004293060519155983
1.9170219978920997 	 0.004293069949234517
1.9180219978920996 	 0.0042932251190987486
1.9190219978920995 	 0.0042935262603503365
1.9200219978920994 	 0.004293973616914001
1.9210219978920993 	 0.004294567404232961
1.9220219978920992 	 0.004295307972903684
1.923021997892099 	 0.004296195563496029
1.924021997892099 	 0.0042972304701077045
1.9250219978920988 	 0.004298412999582214
1.9260219978920987 	 0.004299743471582837
1.9270219978920986 	 0.004301222218663066
1.9280219978920985 	 0.004302849586333478
1.9290219978920984 	 0.004304625933125005
1.9300219978920983 	 0.004306551630648583
1.9310219978920982 	 0.004308627063651096
1.932021997892098 	 0.004310852630067597
1.933021997892098 	 0.004313228741069665
1.9340219978920978 	 0.004315755821109955
1.9350219978920977 	 0.004318434307962692
1.9360219978920976 	 0.004321264652760146
1.9370219978920975 	 0.004324247320024917
1.9380219978920974 	 0.004327382787697934
1.9390219978920973 	 0.00433067154716202
1.9400219978920972 	 0.004334114103260962
1.941021997892097 	 0.004337710953228857
1.942021997892097 	 0.004341462671005868
1.9430219978920968 	 0.004345369780833012
1.9440219978920967 	 0.0043494328414919615
1.9450219978920966 	 0.004353652425246875
1.9460219978920965 	 0.004358029117832682
1.9470219978920964 	 0.00436256351843763
1.9480219978920963 	 0.004367256239679753
1.9490219978920962 	 0.00437210790757715
1.950021997892096 	 0.004377119161511651
1.951021997892096 	 0.0043822906541857816
1.9520219978920959 	 0.004387623051572624
1.9530219978920957 	 0.00439311703285832
1.9540219978920956 	 0.004398773290376902
1.9550219978920955 	 0.004404592529537168
1.9560219978920954 	 0.004410575468741156
1.9570219978920953 	 0.0044167228392939595
1.9580219978920952 	 0.0044230353853044885
1.959021997892095 	 0.004429513863576736
1.960021997892095 	 0.004436159043491184
1.9610219978920949 	 0.004442971706875915
1.9620219978920947 	 0.004449952647866969
1.9630219978920946 	 0.004457102672757491
1.9640219978920945 	 0.004464422599835133
1.9650219978920944 	 0.004471913259207325
1.9660219978920943 	 0.004479575492613706
1.9670219978920942 	 0.004487410153225316
1.968021997892094 	 0.004495418105429892
1.969021997892094 	 0.004503600181678228
1.9700219978920939 	 0.004511957353825969
1.9710219978920938 	 0.004520490475660362
1.9720219978920936 	 0.004529200453989892
1.9730219978920935 	 0.004538088205536219
1.9740219978920934 	 0.004547154656622756
1.9750219978920933 	 0.0045564007428445935
1.9760219978920932 	 0.004565827408719027
1.977021997892093 	 0.004575435607315881
1.978021997892093 	 0.004585226299866739
1.9790219978920929 	 0.004595200455352192
1.9800219978920928 	 0.004605359050066288
1.9810219978920927 	 0.004615703067157066
1.9820219978920925 	 0.0046262334961423845
1.9830219978920924 	 0.004636951332399865
1.9840219978920923 	 0.0046478575766299626
1.9850219978920922 	 0.004658953234291133
1.986021997892092 	 0.004670239315005804
1.987021997892092 	 0.004681716831936176
1.9880219978920919 	 0.004693386778332192
1.9890219978920918 	 0.004705250217953986
1.9900219978920917 	 0.004717308147793314
1.9910219978920916 	 0.0047295615882802875
1.9920219978920914 	 0.004742011559765689
1.9930219978920913 	 0.004754659081688213
1.9940219978920912 	 0.004767505171702069
1.9950219978920911 	 0.004780550844763436
1.996021997892091 	 0.004793797112174173
1.997021997892091 	 0.0048072449805812295
1.9980219978920908 	 0.004820895450930001
1.9990219978920907 	 0.004834749517370017
