0.0010219978922 	 0
0.0020219978922 	 0.0
0.0030219978922 	 0.0
0.0040219978922 	 0.0
0.0050219978922 	 0.0
0.0060219978922 	 0.0
0.0070219978922 	 0.0
0.0080219978922 	 0.0
0.009021997892200002 	 0.0
0.010021997892200003 	 0.0
0.011021997892200004 	 0.0
0.012021997892200004 	 0.0
0.013021997892200005 	 0.0
0.014021997892200006 	 0.0
0.015021997892200007 	 0.0
0.016021997892200008 	 0.0
0.01702199789220001 	 0.0
0.01802199789220001 	 0.0
0.01902199789220001 	 0.0
0.02002199789220001 	 0.0
0.021021997892200012 	 0.0
0.022021997892200013 	 0.0
0.023021997892200014 	 0.0
0.024021997892200015 	 0.0
0.025021997892200016 	 0.0
0.026021997892200017 	 0.0
0.027021997892200018 	 0.0
0.02802199789220002 	 0.0
0.02902199789220002 	 0.0
0.03002199789220002 	 0.0
0.03102199789220002 	 0.0
0.03202199789220002 	 0.0
0.03302199789220002 	 0.0
0.03402199789220002 	 0.0
0.03502199789220002 	 0.0
0.03602199789220002 	 0.0
0.03702199789220002 	 0.0
0.038021997892200024 	 0.0
0.039021997892200025 	 0.0
0.040021997892200026 	 0.0
0.04102199789220003 	 0.0
0.04202199789220003 	 0.0
0.04302199789220003 	 0.0
0.04402199789220003 	 0.0
0.04502199789220003 	 0.0
0.04602199789220003 	 0.0
0.04702199789220003 	 0.0
0.04802199789220003 	 0.0
0.049021997892200034 	 0.0
0.050021997892200035 	 0.0
0.051021997892200036 	 0.0
0.052021997892200036 	 0.0
0.05302199789220004 	 0.0
0.05402199789220004 	 0.0
0.05502199789220004 	 0.0
0.05602199789220004 	 0.0
0.05702199789220004 	 0.0
0.05802199789220004 	 0.0
0.05902199789220004 	 0.0
0.060021997892200044 	 0.0
0.061021997892200044 	 0.0
0.062021997892200045 	 0.0
0.06302199789220005 	 0.0
0.06402199789220005 	 0.0
0.06502199789220005 	 0.0
0.06602199789220005 	 0.0
0.06702199789220005 	 0.0
0.06802199789220005 	 0.0
0.06902199789220005 	 0.0
0.07002199789220005 	 0.0
0.07102199789220005 	 0.0
0.07202199789220005 	 0.0
0.07302199789220006 	 0.0
0.07402199789220006 	 0.0
0.07502199789220006 	 0.0
0.07602199789220006 	 0.0
0.07702199789220006 	 0.0
0.07802199789220006 	 0.0
0.07902199789220006 	 0.0
0.08002199789220006 	 0.0
0.08102199789220006 	 0.0
0.08202199789220006 	 0.0
0.08302199789220006 	 0.0
0.08402199789220006 	 0.0
0.08502199789220007 	 0.0
0.08602199789220007 	 0.0
0.08702199789220007 	 0.0
0.08802199789220007 	 0.0
0.08902199789220007 	 0.0
0.09002199789220007 	 0.0
0.09102199789220007 	 0.0
0.09202199789220007 	 0.0
0.09302199789220007 	 0.0
0.09402199789220007 	 0.0
0.09502199789220007 	 0.0
0.09602199789220008 	 0.0
0.09702199789220008 	 0.0
0.09802199789220008 	 0.0
0.09902199789220008 	 0.0
0.10002199789220008 	 0.0
0.10102199789220008 	 0.0
0.10202199789220008 	 0.0
0.10302199789220008 	 0.0
0.10402199789220008 	 0.0
0.10502199789220008 	 0.0
0.10602199789220008 	 0.0
0.10702199789220009 	 0.0
0.10802199789220009 	 0.0
0.10902199789220009 	 0.0
0.11002199789220009 	 0.0
0.11102199789220009 	 0.0
0.11202199789220009 	 0.0
0.11302199789220009 	 0.0
0.11402199789220009 	 0.0
0.11502199789220009 	 0.0
0.1160219978922001 	 0.0
0.1170219978922001 	 0.0
0.1180219978922001 	 0.0
0.1190219978922001 	 0.0
0.1200219978922001 	 0.0
0.1210219978922001 	 0.0
0.1220219978922001 	 0.0
0.1230219978922001 	 0.0
0.1240219978922001 	 0.0
0.1250219978922001 	 0.0
0.1260219978922001 	 0.0
0.1270219978922001 	 0.0
0.1280219978922001 	 0.0
0.1290219978922001 	 0.0
0.1300219978922001 	 0.0
0.1310219978922001 	 0.0
0.1320219978922001 	 0.0
0.1330219978922001 	 0.0
0.1340219978922001 	 0.0
0.1350219978922001 	 0.0
0.1360219978922001 	 0.0
0.1370219978922001 	 0.0
0.1380219978922001 	 0.0
0.1390219978922001 	 0.0
0.1400219978922001 	 0.0
0.1410219978922001 	 0.0
0.1420219978922001 	 0.0
0.1430219978922001 	 0.0
0.1440219978922001 	 0.0
0.1450219978922001 	 0.0
0.1460219978922001 	 0.0
0.1470219978922001 	 0.0
0.1480219978922001 	 0.0
0.1490219978922001 	 0.0
0.1500219978922001 	 0.0
0.1510219978922001 	 0.0
0.1520219978922001 	 0.0
0.1530219978922001 	 0.0
0.1540219978922001 	 0.0
0.15502199789220011 	 0.0
0.15602199789220011 	 0.0
0.15702199789220012 	 0.0
0.15802199789220012 	 0.0
0.15902199789220012 	 0.0
0.16002199789220012 	 0.0
0.16102199789220012 	 0.0
0.16202199789220012 	 0.0
0.16302199789220012 	 0.0
0.16402199789220012 	 0.0
0.16502199789220012 	 0.0
0.16602199789220012 	 0.0
0.16702199789220012 	 0.0
0.16802199789220013 	 0.0
0.16902199789220013 	 0.0
0.17002199789220013 	 0.0
0.17102199789220013 	 0.0
0.17202199789220013 	 0.0
0.17302199789220013 	 0.0
0.17402199789220013 	 0.0
0.17502199789220013 	 0.0
0.17602199789220013 	 0.0
0.17702199789220013 	 0.0
0.17802199789220013 	 0.0
0.17902199789220014 	 0.0
0.18002199789220014 	 0.0
0.18102199789220014 	 0.0
0.18202199789220014 	 0.0
0.18302199789220014 	 0.0
0.18402199789220014 	 0.0
0.18502199789220014 	 0.0
0.18602199789220014 	 0.0
0.18702199789220014 	 0.0
0.18802199789220014 	 0.0
0.18902199789220014 	 0.0
0.19002199789220015 	 0.0
0.19102199789220015 	 0.0
0.19202199789220015 	 0.0
0.19302199789220015 	 0.0
0.19402199789220015 	 0.0
0.19502199789220015 	 0.0
0.19602199789220015 	 0.0
0.19702199789220015 	 0.0
0.19802199789220015 	 0.0
0.19902199789220015 	 0.0
0.20002199789220015 	 0.0
0.20102199789220015 	 0.0
0.20202199789220016 	 0.0
0.20302199789220016 	 0.0
0.20402199789220016 	 0.0
0.20502199789220016 	 0.0
0.20602199789220016 	 0.0
0.20702199789220016 	 0.0
0.20802199789220016 	 0.0
0.20902199789220016 	 0.0
0.21002199789220016 	 0.0
0.21102199789220016 	 0.0
0.21202199789220016 	 0.0
0.21302199789220017 	 0.0
0.21402199789220017 	 0.0
0.21502199789220017 	 0.0
0.21602199789220017 	 0.0
0.21702199789220017 	 0.0
0.21802199789220017 	 0.0
0.21902199789220017 	 0.0
0.22002199789220017 	 0.0
0.22102199789220017 	 0.0
0.22202199789220017 	 0.0
0.22302199789220017 	 0.0
0.22402199789220018 	 0.0
0.22502199789220018 	 0.0
0.22602199789220018 	 0.0
0.22702199789220018 	 0.0
0.22802199789220018 	 0.0
0.22902199789220018 	 0.0
0.23002199789220018 	 0.0
0.23102199789220018 	 0.0
0.23202199789220018 	 0.0
0.23302199789220018 	 0.0
0.23402199789220018 	 0.0
0.23502199789220019 	 0.0
0.23602199789220019 	 0.0
0.2370219978922002 	 0.0
0.2380219978922002 	 0.0
0.2390219978922002 	 0.0
0.2400219978922002 	 0.0
0.2410219978922002 	 0.0
0.2420219978922002 	 0.0
0.2430219978922002 	 0.0
0.2440219978922002 	 0.0
0.2450219978922002 	 0.0
0.2460219978922002 	 0.0
0.2470219978922002 	 0.0
0.2480219978922002 	 0.0
0.2490219978922002 	 0.0
0.2500219978922002 	 0.0
0.2510219978922002 	 0.0
0.2520219978922002 	 0.0
0.2530219978922002 	 0.0
0.2540219978922002 	 0.0
0.2550219978922002 	 0.0
0.2560219978922002 	 0.0
0.2570219978922002 	 0.0
0.2580219978922002 	 0.0
0.2590219978922002 	 0.0
0.2600219978922002 	 0.0
0.2610219978922002 	 0.0
0.2620219978922002 	 0.0
0.2630219978922002 	 0.0
0.2640219978922002 	 0.0
0.2650219978922002 	 0.0
0.2660219978922002 	 0.0
0.2670219978922002 	 0.0
0.2680219978922002 	 0.0
0.2690219978922002 	 0.0
0.2700219978922002 	 0.0
0.2710219978922002 	 0.0
0.2720219978922002 	 0.0
0.2730219978922002 	 0.0
0.2740219978922002 	 0.0
0.2750219978922002 	 0.0
0.2760219978922002 	 0.0
0.2770219978922002 	 0.0
0.2780219978922002 	 0.0
0.2790219978922002 	 0.0
0.2800219978922002 	 0.0
0.2810219978922002 	 0.0
0.2820219978922002 	 0.0
0.2830219978922002 	 0.0
0.28402199789220023 	 0.0
0.28502199789220023 	 0.0
0.28602199789220023 	 0.0
0.28702199789220023 	 0.0
0.28802199789220023 	 0.0
0.28902199789220023 	 0.0
0.29002199789220023 	 0.0
0.29102199789220023 	 0.0
0.29202199789220024 	 0.0
0.29302199789220024 	 0.0
0.29402199789220024 	 0.0
0.29502199789220024 	 0.0
0.29602199789220024 	 0.0
0.29702199789220024 	 0.0
0.29802199789220024 	 0.0
0.29902199789220024 	 0.0
0.30002199789220024 	 0.0
0.30102199789220024 	 0.0
0.30202199789220024 	 0.0
0.30302199789220025 	 0.0
0.30402199789220025 	 0.0
0.30502199789220025 	 0.0
0.30602199789220025 	 0.0
0.30702199789220025 	 0.0
0.30802199789220025 	 0.0
0.30902199789220025 	 0.0
0.31002199789220025 	 0.0
0.31102199789220025 	 0.0
0.31202199789220025 	 0.0
0.31302199789220025 	 0.0
0.31402199789220026 	 0.0
0.31502199789220026 	 0.0
0.31602199789220026 	 0.0
0.31702199789220026 	 0.0
0.31802199789220026 	 0.0
0.31902199789220026 	 0.0
0.32002199789220026 	 0.0
0.32102199789220026 	 0.0
0.32202199789220026 	 0.0
0.32302199789220026 	 0.0
0.32402199789220026 	 0.0
0.32502199789220027 	 0.0
0.32602199789220027 	 0.0
0.32702199789220027 	 0.0
0.32802199789220027 	 0.0
0.32902199789220027 	 0.0
0.33002199789220027 	 0.0
0.33102199789220027 	 0.0
0.33202199789220027 	 0.0
0.33302199789220027 	 0.0
0.3340219978922003 	 0.0
0.3350219978922003 	 0.0
0.3360219978922003 	 0.0
0.3370219978922003 	 0.0
0.3380219978922003 	 0.0
0.3390219978922003 	 0.0
0.3400219978922003 	 0.0
0.3410219978922003 	 0.0
0.3420219978922003 	 0.0
0.3430219978922003 	 0.0
0.3440219978922003 	 0.0
0.3450219978922003 	 0.0
0.3460219978922003 	 0.0
0.3470219978922003 	 0.0
0.3480219978922003 	 0.0
0.3490219978922003 	 0.0
0.3500219978922003 	 0.0
0.3510219978922003 	 0.0
0.3520219978922003 	 0.0
0.3530219978922003 	 0.0
0.3540219978922003 	 0.0
0.3550219978922003 	 0.0
0.3560219978922003 	 0.0
0.3570219978922003 	 0.0
0.3580219978922003 	 0.0
0.3590219978922003 	 0.0
0.3600219978922003 	 0.0
0.3610219978922003 	 0.0
0.3620219978922003 	 0.0
0.3630219978922003 	 0.0
0.3640219978922003 	 0.0
0.3650219978922003 	 0.0
0.3660219978922003 	 0.0
0.3670219978922003 	 0.0
0.3680219978922003 	 0.0
0.3690219978922003 	 0.0
0.3700219978922003 	 0.0
0.3710219978922003 	 0.0
0.3720219978922003 	 0.0
0.3730219978922003 	 0.0
0.3740219978922003 	 0.0
0.3750219978922003 	 0.0
0.3760219978922003 	 0.0
0.3770219978922003 	 0.0
0.3780219978922003 	 0.0
0.3790219978922003 	 0.0
0.3800219978922003 	 0.0
0.3810219978922003 	 0.0
0.3820219978922003 	 0.0
0.3830219978922003 	 0.0
0.3840219978922003 	 0.0
0.3850219978922003 	 0.0
0.3860219978922003 	 0.0
0.3870219978922003 	 0.0
0.3880219978922003 	 0.0
0.3890219978922003 	 0.0
0.3900219978922003 	 0.0
0.3910219978922003 	 0.0
0.3920219978922003 	 0.0
0.3930219978922003 	 0.0
0.3940219978922003 	 0.0
0.3950219978922003 	 0.0
0.39602199789220033 	 0.0
0.39702199789220033 	 0.0
0.39802199789220033 	 0.0
0.39902199789220033 	 0.0
0.40002199789220033 	 0.0
0.40102199789220033 	 0.0
0.40202199789220033 	 0.0
0.40302199789220033 	 0.0
0.40402199789220034 	 0.0
0.40502199789220034 	 0.0
0.40602199789220034 	 0.0
0.40702199789220034 	 0.0
0.40802199789220034 	 0.0
0.40902199789220034 	 0.0
0.41002199789220034 	 0.0
0.41102199789220034 	 0.0
0.41202199789220034 	 0.0
0.41302199789220034 	 0.0
0.41402199789220034 	 0.0
0.41502199789220034 	 0.0
0.41602199789220035 	 0.0
0.41702199789220035 	 0.0
0.41802199789220035 	 0.0
0.41902199789220035 	 0.0
0.42002199789220035 	 0.0
0.42102199789220035 	 0.0
0.42202199789220035 	 0.0
0.42302199789220035 	 0.0
0.42402199789220035 	 0.0
0.42502199789220035 	 0.0
0.42602199789220035 	 0.0
0.42702199789220036 	 0.0
0.42802199789220036 	 0.0
0.42902199789220036 	 0.0
0.43002199789220036 	 0.0
0.43102199789220036 	 0.0
0.43202199789220036 	 0.0
0.43302199789220036 	 0.0
0.43402199789220036 	 0.0
0.43502199789220036 	 0.0
0.43602199789220036 	 0.0
0.43702199789220036 	 0.0
0.43802199789220037 	 0.0
0.43902199789220037 	 0.0
0.44002199789220037 	 0.0
0.44102199789220037 	 0.0
0.44202199789220037 	 0.0
0.44302199789220037 	 0.0
0.44402199789220037 	 0.0
0.44502199789220037 	 0.0
0.4460219978922004 	 0.0
0.4470219978922004 	 0.0
0.4480219978922004 	 0.0
0.4490219978922004 	 0.0
0.4500219978922004 	 0.0
0.4510219978922004 	 0.0
0.4520219978922004 	 0.0
0.4530219978922004 	 0.0
0.4540219978922004 	 0.0
0.4550219978922004 	 0.0
0.4560219978922004 	 0.0
0.4570219978922004 	 0.0
0.4580219978922004 	 0.0
0.4590219978922004 	 0.0
0.4600219978922004 	 0.0
0.4610219978922004 	 0.0
0.4620219978922004 	 0.0
0.4630219978922004 	 0.0
0.4640219978922004 	 0.0
0.4650219978922004 	 0.0
0.4660219978922004 	 0.0
0.4670219978922004 	 0.0
0.4680219978922004 	 0.0
0.4690219978922004 	 0.0
0.4700219978922004 	 0.0
0.4710219978922004 	 0.0
0.4720219978922004 	 0.0
0.4730219978922004 	 0.0
0.4740219978922004 	 0.0
0.4750219978922004 	 0.0
0.4760219978922004 	 0.0
0.4770219978922004 	 0.0
0.4780219978922004 	 0.0
0.4790219978922004 	 0.0
0.4800219978922004 	 0.0
0.4810219978922004 	 0.0
0.4820219978922004 	 0.0
0.4830219978922004 	 0.0
0.4840219978922004 	 0.0
0.4850219978922004 	 0.0
0.4860219978922004 	 0.0
0.4870219978922004 	 0.0
0.4880219978922004 	 0.0
0.4890219978922004 	 0.0
0.4900219978922004 	 0.0
0.4910219978922004 	 0.0
0.4920219978922004 	 0.0
0.4930219978922004 	 0.0
0.4940219978922004 	 0.0
0.4950219978922004 	 0.0
0.4960219978922004 	 0.0
0.4970219978922004 	 0.0
0.4980219978922004 	 0.0
0.4990219978922004 	 0.0
0.5000219978922004 	 0.0
0.5010219978922004 	 0.0
0.5020219978922004 	 0.0
0.5030219978922004 	 0.0
0.5040219978922004 	 0.0
0.5050219978922004 	 0.0
0.5060219978922004 	 0.0
0.5070219978922004 	 0.0
0.5080219978922004 	 0.0
0.5090219978922004 	 0.0
0.5100219978922004 	 0.0
0.5110219978922004 	 0.0
0.5120219978922004 	 0.0
0.5130219978922004 	 0.0
0.5140219978922004 	 0.0
0.5150219978922004 	 0.0
0.5160219978922004 	 0.0
0.5170219978922004 	 0.0
0.5180219978922004 	 0.0
0.5190219978922004 	 0.0
0.5200219978922004 	 0.0
0.5210219978922004 	 0.0
0.5220219978922004 	 0.0
0.5230219978922004 	 0.0
0.5240219978922004 	 0.0
0.5250219978922004 	 0.0
0.5260219978922004 	 0.0
0.5270219978922004 	 0.0
0.5280219978922004 	 0.0
0.5290219978922004 	 0.0
0.5300219978922004 	 0.0
0.5310219978922004 	 0.0
0.5320219978922004 	 0.0
0.5330219978922004 	 0.0
0.5340219978922004 	 0.0
0.5350219978922004 	 0.0
0.5360219978922004 	 0.0
0.5370219978922004 	 0.0
0.5380219978922004 	 0.0
0.5390219978922004 	 0.0
0.5400219978922004 	 0.0
0.5410219978922004 	 0.0
0.5420219978922004 	 0.0
0.5430219978922004 	 0.0
0.5440219978922004 	 0.0
0.5450219978922004 	 0.0
0.5460219978922004 	 0.0
0.5470219978922004 	 0.0
0.5480219978922004 	 0.0
0.5490219978922004 	 0.0
0.5500219978922004 	 0.0
0.5510219978922004 	 0.0
0.5520219978922004 	 0.0
0.5530219978922004 	 0.0
0.5540219978922004 	 0.0
0.5550219978922004 	 0.0
0.5560219978922004 	 0.0
0.5570219978922004 	 0.0
0.5580219978922004 	 0.0
0.5590219978922004 	 0.0
0.5600219978922004 	 0.0
0.5610219978922004 	 0.0
0.5620219978922004 	 0.0
0.5630219978922004 	 0.0
0.5640219978922004 	 0.0
0.5650219978922004 	 0.0
0.5660219978922004 	 0.0
0.5670219978922004 	 0.0
0.5680219978922004 	 0.0
0.5690219978922004 	 0.0
0.5700219978922004 	 0.0
0.5710219978922004 	 0.0
0.5720219978922004 	 0.0
0.5730219978922004 	 0.0
0.5740219978922004 	 0.0
0.5750219978922004 	 0.0
0.5760219978922004 	 0.0
0.5770219978922004 	 0.0
0.5780219978922004 	 0.0
0.5790219978922004 	 0.0
0.5800219978922004 	 0.0
0.5810219978922004 	 0.0
0.5820219978922004 	 0.0
0.5830219978922004 	 0.0
0.5840219978922004 	 0.0
0.5850219978922004 	 0.0
0.5860219978922004 	 0.0
0.5870219978922004 	 0.0
0.5880219978922004 	 0.0
0.5890219978922004 	 0.0
0.5900219978922004 	 0.0
0.5910219978922004 	 0.0
0.5920219978922004 	 0.0
0.5930219978922004 	 0.0
0.5940219978922004 	 0.0
0.5950219978922004 	 0.0
0.5960219978922005 	 0.0
0.5970219978922005 	 0.0
0.5980219978922005 	 0.0
0.5990219978922005 	 0.0
0.6000219978922005 	 0.0
0.6010219978922005 	 0.0
0.6020219978922005 	 0.0
0.6030219978922005 	 0.0
0.6040219978922005 	 0.0
0.6050219978922005 	 0.0
0.6060219978922005 	 0.0
0.6070219978922005 	 0.0
0.6080219978922005 	 0.0
0.6090219978922005 	 0.0
0.6100219978922005 	 0.0
0.6110219978922005 	 0.0
0.6120219978922005 	 0.0
0.6130219978922005 	 0.0
0.6140219978922005 	 0.0
0.6150219978922005 	 0.0
0.6160219978922005 	 0.0
0.6170219978922005 	 0.0
0.6180219978922005 	 0.0
0.6190219978922005 	 0.0
0.6200219978922005 	 0.0
0.6210219978922005 	 0.0
0.6220219978922005 	 0.0
0.6230219978922005 	 0.0
0.6240219978922005 	 0.0
0.6250219978922005 	 0.0
0.6260219978922005 	 0.0
0.6270219978922005 	 0.0
0.6280219978922005 	 0.0
0.6290219978922005 	 0.0
0.6300219978922005 	 0.0
0.6310219978922005 	 0.0
0.6320219978922005 	 0.0
0.6330219978922005 	 0.0
0.6340219978922005 	 0.0
0.6350219978922005 	 0.0
0.6360219978922005 	 0.0
0.6370219978922005 	 0.0
0.6380219978922005 	 0.0
0.6390219978922005 	 0.0
0.6400219978922005 	 0.0
0.6410219978922005 	 0.0
0.6420219978922005 	 0.0
0.6430219978922005 	 0.0
0.6440219978922005 	 0.0
0.6450219978922005 	 0.0
0.6460219978922005 	 0.0
0.6470219978922005 	 0.0
0.6480219978922005 	 0.0
0.6490219978922005 	 0.0
0.6500219978922005 	 0.0
0.6510219978922005 	 0.0
0.6520219978922005 	 0.0
0.6530219978922005 	 0.0
0.6540219978922005 	 0.0
0.6550219978922005 	 0.0
0.6560219978922005 	 0.0
0.6570219978922005 	 0.0
0.6580219978922005 	 0.0
0.6590219978922005 	 0.0
0.6600219978922005 	 0.0
0.6610219978922005 	 0.0
0.6620219978922005 	 0.0
0.6630219978922005 	 0.0
0.6640219978922005 	 0.0
0.6650219978922005 	 0.0
0.6660219978922005 	 0.0
0.6670219978922005 	 0.0
0.6680219978922005 	 0.0
0.6690219978922005 	 0.0
0.6700219978922005 	 0.0
0.6710219978922005 	 0.0
0.6720219978922005 	 0.0
0.6730219978922005 	 0.0
0.6740219978922005 	 0.0
0.6750219978922005 	 0.0
0.6760219978922005 	 0.0
0.6770219978922005 	 0.0
0.6780219978922005 	 0.0
0.6790219978922005 	 0.0
0.6800219978922005 	 0.0
0.6810219978922005 	 0.0
0.6820219978922005 	 0.0
0.6830219978922005 	 0.0
0.6840219978922005 	 0.0
0.6850219978922005 	 0.0
0.6860219978922005 	 0.0
0.6870219978922005 	 0.0
0.6880219978922005 	 0.0
0.6890219978922005 	 0.0
0.6900219978922005 	 0.0
0.6910219978922005 	 0.0
0.6920219978922005 	 0.0
0.6930219978922005 	 0.0
0.6940219978922005 	 0.0
0.6950219978922005 	 0.0
0.6960219978922005 	 0.0
0.6970219978922005 	 0.0
0.6980219978922005 	 0.0
0.6990219978922005 	 0.0
0.7000219978922005 	 0.0
0.7010219978922005 	 0.0
0.7020219978922005 	 0.0
0.7030219978922005 	 0.0
0.7040219978922005 	 0.0
0.7050219978922005 	 0.0
0.7060219978922005 	 0.0
0.7070219978922005 	 0.0
0.7080219978922005 	 0.0
0.7090219978922006 	 0.0
0.7100219978922006 	 0.0
0.7110219978922006 	 0.0
0.7120219978922006 	 0.0
0.7130219978922006 	 0.0
0.7140219978922006 	 0.0
0.7150219978922006 	 0.0
0.7160219978922006 	 0.0
0.7170219978922006 	 0.0
0.7180219978922006 	 0.0
0.7190219978922006 	 0.0
0.7200219978922006 	 0.0
0.7210219978922006 	 0.0
0.7220219978922006 	 0.0
0.7230219978922006 	 0.0
0.7240219978922006 	 0.0
0.7250219978922006 	 0.0
0.7260219978922006 	 0.0
0.7270219978922006 	 0.0
0.7280219978922006 	 0.0
0.7290219978922006 	 0.0
0.7300219978922006 	 0.0
0.7310219978922006 	 0.0
0.7320219978922006 	 0.0
0.7330219978922006 	 0.0
0.7340219978922006 	 0.0
0.7350219978922006 	 0.0
0.7360219978922006 	 0.0
0.7370219978922006 	 0.0
0.7380219978922006 	 0.0
0.7390219978922006 	 0.0
0.7400219978922006 	 0.0
0.7410219978922006 	 0.0
0.7420219978922006 	 0.0
0.7430219978922006 	 0.0
0.7440219978922006 	 0.0
0.7450219978922006 	 0.0
0.7460219978922006 	 0.0
0.7470219978922006 	 0.0
0.7480219978922006 	 0.0
0.7490219978922006 	 0.0
0.7500219978922006 	 0.0
0.7510219978922006 	 0.0
0.7520219978922006 	 0.0
0.7530219978922006 	 0.0
0.7540219978922006 	 0.0
0.7550219978922006 	 0.0
0.7560219978922006 	 0.0
0.7570219978922006 	 0.0
0.7580219978922006 	 0.0
0.7590219978922006 	 0.0
0.7600219978922006 	 0.0
0.7610219978922006 	 0.0
0.7620219978922006 	 0.0
0.7630219978922006 	 0.0
0.7640219978922006 	 0.0
0.7650219978922006 	 0.0
0.7660219978922006 	 0.0
0.7670219978922006 	 0.0
0.7680219978922006 	 0.0
0.7690219978922006 	 0.0
0.7700219978922006 	 0.0
0.7710219978922006 	 0.0
0.7720219978922006 	 0.0
0.7730219978922006 	 0.0
0.7740219978922006 	 0.0
0.7750219978922006 	 0.0
0.7760219978922006 	 0.0
0.7770219978922006 	 0.0
0.7780219978922006 	 0.0
0.7790219978922006 	 0.0
0.7800219978922006 	 0.0
0.7810219978922006 	 0.0
0.7820219978922006 	 0.0
0.7830219978922006 	 0.0
0.7840219978922006 	 0.0
0.7850219978922006 	 0.0
0.7860219978922006 	 0.0
0.7870219978922006 	 0.0
0.7880219978922006 	 0.0
0.7890219978922006 	 0.0
0.7900219978922006 	 0.0
0.7910219978922006 	 0.0
0.7920219978922006 	 0.0
0.7930219978922006 	 0.0
0.7940219978922006 	 0.0
0.7950219978922006 	 0.0
0.7960219978922006 	 0.0
0.7970219978922006 	 0.0
0.7980219978922006 	 0.0
0.7990219978922006 	 0.0
0.8000219978922006 	 0.0
0.8010219978922006 	 0.0
0.8020219978922006 	 0.0
0.8030219978922006 	 0.0
0.8040219978922006 	 0.0
0.8050219978922006 	 0.0
0.8060219978922006 	 0.0
0.8070219978922006 	 0.0
0.8080219978922006 	 0.0
0.8090219978922006 	 0.0
0.8100219978922006 	 0.0
0.8110219978922006 	 0.0
0.8120219978922006 	 0.0
0.8130219978922006 	 0.0
0.8140219978922006 	 0.0
0.8150219978922006 	 0.0
0.8160219978922006 	 0.0
0.8170219978922006 	 0.0
0.8180219978922006 	 0.0
0.8190219978922006 	 0.0
0.8200219978922006 	 0.0
0.8210219978922007 	 0.0
0.8220219978922007 	 0.0
0.8230219978922007 	 0.0
0.8240219978922007 	 0.0
0.8250219978922007 	 0.0
0.8260219978922007 	 0.0
0.8270219978922007 	 3.0412867068816624e-21
0.8280219978922007 	 2.377339264160203e-14
0.8290219978922007 	 3.6814978519860454e-13
0.8300219978922007 	 1.842852644394076e-12
0.8310219978922007 	 5.7898656566820516e-12
0.8320219978922007 	 1.4091791171462962e-11
0.8330219978922007 	 2.9157510412299326e-11
0.8340219978922007 	 5.3943966149626444e-11
0.8350219978922007 	 9.193129793991736e-11
0.8360219978922007 	 1.4713443605134567e-10
0.8370219978922007 	 2.241120810266513e-10
0.8380219978922007 	 3.2793796837668944e-10
0.8390219978922007 	 4.642324378994639e-10
0.8400219978922007 	 6.391245048057887e-10
0.8410219978922007 	 8.592870190205192e-10
0.8420219978922007 	 1.1318951228224753e-09
0.8430219978922007 	 1.4646632016260753e-09
0.8440219978922007 	 1.8658014155837084e-09
0.8450219978922007 	 2.3440474035475952e-09
0.8460219978922007 	 2.9086508254469337e-09
0.8470219978922007 	 3.569347427591388e-09
0.8480219978922007 	 4.336400281907273e-09
0.8490219978922007 	 5.220546139594911e-09
0.8500219978922007 	 6.23218254916833e-09
0.8510219978922007 	 7.384591216450939e-09
0.8520219978922007 	 8.68926321071521e-09
0.8530219978922007 	 1.0158903434073536e-08
0.8540219978922007 	 1.1806696131441555e-08
0.8550219978922007 	 1.3646275495740407e-08
0.8560219978922007 	 1.569176689666106e-08
0.8570219978922007 	 1.7957761989252043e-08
0.8580219978922007 	 2.045928807356992e-08
0.8590219978922007 	 2.3211860116405294e-08
0.8600219978922007 	 2.623141463018207e-08
0.8610219978922007 	 2.953435748109865e-08
0.8620219978922007 	 3.313753092285579e-08
0.8630219978922007 	 3.7058225541660466e-08
0.8640219978922007 	 4.1314140634368643e-08
0.8650219978922007 	 4.5923431880240194e-08
0.8660219978922007 	 5.0904683046252326e-08
0.8670219978922007 	 5.6276874340008794e-08
0.8680219978922007 	 6.20594310425584e-08
0.8690219978922007 	 6.82721949088704e-08
0.8700219978922007 	 7.493539282944675e-08
0.8710219978922007 	 8.206968599946446e-08
0.8720219978922007 	 8.969614133794844e-08
0.8730219978922007 	 9.783620067552967e-08
0.8740219978922007 	 1.0651173013124722e-07
0.8750219978922007 	 1.1574498272082294e-07
0.8760219978922007 	 1.2555861362540177e-07
0.8770219978922007 	 1.3597563874531478e-07
0.8780219978922007 	 1.4701948867960299e-07
0.8790219978922007 	 1.587139787558162e-07
0.8800219978922007 	 1.7108327775986944e-07
0.8810219978922007 	 1.84151961348973e-07
0.8820219978922007 	 1.9794497342855e-07
0.8830219978922007 	 2.1248764319277056e-07
0.8840219978922007 	 2.2780564334820066e-07
0.8850219978922007 	 2.439250470741026e-07
0.8860219978922007 	 2.6087228793848997e-07
0.8870219978922007 	 2.78674178418561e-07
0.8880219978922007 	 2.973578670594857e-07
0.8890219978922007 	 3.1695089839579284e-07
0.8900219978922007 	 3.374811717406982e-07
0.8910219978922007 	 3.5897694866200135e-07
0.8920219978922007 	 3.8146676897849804e-07
0.8930219978922007 	 4.049795372627062e-07
0.8940219978922007 	 4.295444880748956e-07
0.8950219978922007 	 4.55191204483657e-07
0.8960219978922007 	 4.819495713768892e-07
0.8970219978922007 	 5.098498374159243e-07
0.8980219978922007 	 5.389225695857439e-07
0.8990219978922007 	 5.691986721047729e-07
0.9000219978922007 	 6.007093388409746e-07
0.9010219978922007 	 6.334861163677001e-07
0.9020219978922007 	 6.675608575225572e-07
0.9030219978922007 	 7.029657404946913e-07
0.9040219978922007 	 7.397332204580325e-07
0.9050219978922007 	 7.778960933009066e-07
0.9060219978922007 	 8.174874482954187e-07
0.9070219978922007 	 8.585406871452999e-07
0.9080219978922007 	 9.01089474898085e-07
0.9090219978922007 	 9.451678039410572e-07
0.9100219978922007 	 9.908099458301392e-07
0.9110219978922007 	 1.0380504514189832e-06
0.9120219978922007 	 1.0869241248906869e-06
0.9130219978922007 	 1.1374660349384718e-06
0.9140219978922007 	 1.1897115130774232e-06
0.9150219978922007 	 1.243696148046887e-06
0.9160219978922007 	 1.2994557822293409e-06
0.9170219978922007 	 1.3570265060354622e-06
0.9180219978922007 	 1.4164430091326313e-06
0.9190219978922007 	 1.477735465502409e-06
0.9200219978922007 	 1.5409432518948723e-06
0.9210219978922007 	 1.6061040724145529e-06
0.9220219978922007 	 1.673255335599158e-06
0.9230219978922007 	 1.74243448936478e-06
0.9240219978922007 	 1.81367910042762e-06
0.9250219978922007 	 1.88702688060769e-06
0.9260219978922007 	 1.9625156947454744e-06
0.9270219978922007 	 2.0401835606139545e-06
0.9280219978922007 	 2.120068644683614e-06
0.9290219978922007 	 2.2022092554039187e-06
0.9300219978922007 	 2.286643834793032e-06
0.9310219978922007 	 2.373411170819965e-06
0.9320219978922007 	 2.462551062564901e-06
0.9330219978922007 	 2.5541037886649145e-06
0.9340219978922008 	 2.6481099274926414e-06
0.9350219978922008 	 2.744610356919814e-06
0.9360219978922008 	 2.843646253418502e-06
0.9370219978922008 	 2.945259090441783e-06
0.9380219978922008 	 3.0494906339356648e-06
0.9390219978922008 	 3.156382896209526e-06
0.9400219978922008 	 3.265978126309266e-06
0.9410219978922008 	 3.378318855677702e-06
0.9420219978922008 	 3.4934479396572313e-06
0.9430219978922008 	 3.611408510866551e-06
0.9440219978922008 	 3.7322439565833103e-06
0.9450219978922008 	 3.855997907226555e-06
0.9460219978922008 	 3.9827142228473355e-06
0.9470219978922008 	 4.112436977383049e-06
0.9480219978922008 	 4.245210440400589e-06
0.9490219978922008 	 4.38107905603987e-06
0.9500219978922008 	 4.520087418763791e-06
0.9510219978922008 	 4.662279844788152e-06
0.9520219978922008 	 4.80769914322345e-06
0.9530219978922008 	 4.956387559512454e-06
0.9540219978922008 	 5.108387048985883e-06
0.9550219978922008 	 5.263739214585803e-06
0.9560219978922008 	 5.422485474941054e-06
0.9570219978922008 	 5.584667693195719e-06
0.9580219978922008 	 5.750327508077283e-06
0.9590219978922008 	 5.919505978752572e-06
0.9600219978922008 	 6.092243270162497e-06
0.9610219978922008 	 6.2685788043233245e-06
0.9620219978922008 	 6.448550890821814e-06
0.9630219978922008 	 6.632197058190327e-06
0.9640219978922008 	 6.8195538850920126e-06
0.9650219978922008 	 7.010656923799604e-06
0.9660219978922008 	 7.205540254715689e-06
0.9670219978922008 	 7.404236255147443e-06
0.9680219978922008 	 7.606775349320874e-06
0.9690219978922008 	 7.813185724712759e-06
0.9700219978922008 	 8.023493009593415e-06
0.9710219978922008 	 8.237719647432228e-06
0.9720219978922008 	 8.45588371746444e-06
0.9730219978922008 	 8.677999107800981e-06
0.9740219978922008 	 8.904075175592051e-06
0.9750219978922008 	 9.134116110467137e-06
0.9760219978922008 	 9.368120202279802e-06
0.9770219978922008 	 9.606078996370107e-06
0.9780219978922008 	 9.847976316183463e-06
0.9790219978922008 	 1.0093787129123306e-05
0.9800219978922008 	 1.0343476226357396e-05
0.9810219978922008 	 1.0597000913574067e-05
0.9820219978922008 	 1.0854321567300228e-05
0.9830219978922008 	 1.1115383077965799e-05
0.9840219978922008 	 1.1379996026175392e-05
0.9850219978922008 	 1.1648056024691174e-05
0.9860219978922008 	 1.1919577747833565e-05
0.9870219978922008 	 1.2194362751953037e-05
0.9880219978922008 	 1.2471340838136967e-05
0.9890219978922008 	 1.2749099159181803e-05
0.9900219978922008 	 1.3027590271292444e-05
0.9910219978922008 	 1.330624290041908e-05
0.9920219978922008 	 1.3584266941450832e-05
0.9930219978922008 	 1.3860670935346839e-05
0.9940219978922008 	 1.4134236959491438e-05
0.9950219978922008 	 1.4403476161747272e-05
0.9960219978922008 	 1.4661754642933442e-05
0.9970219978922008 	 1.4903487862982601e-05
0.9980219978922008 	 1.512700689541823e-05
0.9990219978922008 	 1.5328197639340924e-05
1.0000219978922007 	 1.55016612678099e-05
1.0010219978922006 	 1.5640716938491582e-05
1.0020219978922005 	 1.573710930196104e-05
1.0030219978922004 	 1.5780583879821985e-05
1.0040219978922003 	 1.5758601792761088e-05
1.0050219978922001 	 1.565609994938461e-05
1.0060219978922 	 1.5454666049344595e-05
1.0070219978922 	 1.5132667445670183e-05
1.0080219978921998 	 1.4665513911216351e-05
1.0090219978921997 	 1.4026563454719244e-05
1.0100219978921996 	 1.3189405712823062e-05
1.0110219978921995 	 1.213248597183792e-05
1.0120219978921994 	 1.0846024854356284e-05
1.0130219978921993 	 9.342743069587194e-06
1.0140219978921992 	 7.671256380218343e-06
1.015021997892199 	 5.927495753948846e-06
1.016021997892199 	 4.257125640673371e-06
1.0170219978921988 	 2.8396475254293244e-06
1.0180219978921987 	 1.8528938500553907e-06
1.0190219978921986 	 1.4256901462127577e-06
1.0200219978921985 	 1.60353781177998e-06
1.0210219978921984 	 2.346206116774561e-06
1.0220219978921983 	 3.548372592724792e-06
1.0230219978921982 	 5.077483813188817e-06
1.024021997892198 	 6.804500967528796e-06
1.025021997892198 	 8.624203077956584e-06
1.0260219978921978 	 1.0460276434718538e-05
1.0270219978921977 	 1.2263276477421269e-05
1.0280219978921976 	 1.4004757409852005e-05
1.0290219978921975 	 1.5670980789097034e-05
1.0300219978921974 	 1.7258014497749728e-05
1.0310219978921973 	 1.8767260160563792e-05
1.0320219978921972 	 2.0203185296721126e-05
1.033021997892197 	 2.1572381276937827e-05
1.034021997892197 	 2.288208420937062e-05
1.0350219978921968 	 2.4139427869695363e-05
1.0360219978921967 	 2.535119905343877e-05
1.0370219978921966 	 2.6523742426650695e-05
1.0380219978921965 	 2.7662849690476172e-05
1.0390219978921964 	 2.8773746148151935e-05
1.0400219978921963 	 2.9861117425639478e-05
1.0410219978921962 	 3.0929116730117795e-05
1.042021997892196 	 3.1981273913817414e-05
1.043021997892196 	 3.302065086574359e-05
1.0440219978921959 	 3.40499285467175e-05
1.0450219978921957 	 3.507145337938326e-05
1.0460219978921956 	 3.6087278641684746e-05
1.0470219978921955 	 3.709923677926612e-05
1.0480219978921954 	 3.810907916166318e-05
1.0490219978921953 	 3.9118416330839826e-05
1.0500219978921952 	 4.012871198656759e-05
1.051021997892195 	 4.114129126987848e-05
1.052021997892195 	 4.21573229783886e-05
1.0530219978921949 	 4.317786415380342e-05
1.0540219978921948 	 4.420388295764454e-05
1.0550219978921946 	 4.523627000678354e-05
1.0560219978921945 	 4.627584818725622e-05
1.0570219978921944 	 4.7323380887549644e-05
1.0580219978921943 	 4.837957857746702e-05
1.0590219978921942 	 4.9445105949209867e-05
1.060021997892194 	 5.0520587760069724e-05
1.061021997892194 	 5.160661110990569e-05
1.0620219978921939 	 5.2703721710006936e-05
1.0630219978921938 	 5.381243111617896e-05
1.0640219978921936 	 5.493323797130333e-05
1.0650219978921935 	 5.606662699310716e-05
1.0660219978921934 	 5.7213054594213464e-05
1.0670219978921933 	 5.8372916735224295e-05
1.0680219978921932 	 5.954658330811349e-05
1.069021997892193 	 6.0734406164677315e-05
1.070021997892193 	 6.193672133844854e-05
1.0710219978921929 	 6.31538702700468e-05
1.0720219978921928 	 6.438625862387686e-05
1.0730219978921927 	 6.563430547060014e-05
1.0740219978921925 	 6.689842764881604e-05
1.0750219978921924 	 6.817904078081218e-05
1.0760219978921923 	 6.947656020590598e-05
1.0770219978921922 	 7.079140184318332e-05
1.078021997892192 	 7.212398298842838e-05
1.079021997892192 	 7.347472305879012e-05
1.0800219978921919 	 7.484404428704165e-05
1.0810219978921918 	 7.623233462278335e-05
1.0820219978921917 	 7.763983946548132e-05
1.0830219978921916 	 7.906676153566328e-05
1.0840219978921914 	 8.051329294030302e-05
1.0850219978921913 	 8.197961528408549e-05
1.0860219978921912 	 8.346589975719787e-05
1.0870219978921911 	 8.49723997703652e-05
1.088021997892191 	 8.649971203080469e-05
1.089021997892191 	 8.804842318592487e-05
1.0900219978921908 	 8.961902912772009e-05
1.0910219978921907 	 9.121200179650468e-05
1.0920219978921906 	 9.28277031031802e-05
1.0930219978921905 	 9.446646886468788e-05
1.0940219978921903 	 9.61286356985352e-05
1.0950219978921902 	 9.781454116734158e-05
1.0960219978921901 	 9.952452392797654e-05
1.09702199789219 	 0.00010125892386377946
1.09802199789219 	 0.00010301808220776911
1.0990219978921898 	 0.00010480234266565662
1.1000219978921897 	 0.00010661204013316426
1.1010219978921896 	 0.00010844753278258461
1.1020219978921895 	 0.00011030927163160751
1.1030219978921894 	 0.00011219774535037109
1.1040219978921892 	 0.00011411345960476813
1.1050219978921891 	 0.00011605693140670175
1.106021997892189 	 0.00011802868914737614
1.107021997892189 	 0.00012002920884965157
1.1080219978921888 	 0.00012205873089568432
1.1090219978921887 	 0.00012411743096693022
1.1100219978921886 	 0.00012620547418854818
1.1110219978921885 	 0.0001283231050644089
1.1120219978921884 	 0.00013047090589295545
1.1130219978921883 	 0.0001326495531858447
1.1140219978921881 	 0.0001348596663125648
1.115021997892188 	 0.0001371018062819508
1.116021997892188 	 0.00013937654322474375
1.1170219978921878 	 0.00014168445947079073
1.1180219978921877 	 0.00014402614986810114
1.1190219978921876 	 0.00014640222209772523
1.1200219978921875 	 0.00014881329699088626
1.1210219978921874 	 0.0001512599463037193
1.1220219978921873 	 0.00015374251443247387
1.1230219978921872 	 0.00015626128672940935
1.124021997892187 	 0.00015881654171892034
1.125021997892187 	 0.00016140855060956105
1.1260219978921868 	 0.0001640375790769676
1.1270219978921867 	 0.0001667038787730407
1.1280219978921866 	 0.00016940789708110726
1.1290219978921865 	 0.00017215083358317922
1.1300219978921864 	 0.0001749341124045682
1.1310219978921863 	 0.00017775903552906972
1.1320219978921862 	 0.00018062627100757508
1.133021997892186 	 0.00018353633700154853
1.134021997892186 	 0.00018648975431185188
1.1350219978921858 	 0.00018948452865652542
1.1360219978921857 	 0.00019252629695273467
1.1370219978921856 	 0.00019561299248198094
1.1380219978921855 	 0.00019874514927062457
1.1390219978921854 	 0.00020192338557442909
1.1400219978921853 	 0.00020514840498886674
1.1410219978921852 	 0.00020842089752091966
1.142021997892185 	 0.00021174145660833983
1.143021997892185 	 0.00021511065553777583
1.1440219978921848 	 0.00021852912191955157
1.1450219978921847 	 0.0002219976828375202
1.1460219978921846 	 0.0002255172281337696
1.1470219978921845 	 0.00022908866740766124
1.1480219978921844 	 0.0002327129304996111
1.1490219978921843 	 0.00023639097095827863
1.1500219978921842 	 0.0002401237545683266
1.151021997892184 	 0.00024391224979603015
1.152021997892184 	 0.0002477573371192148
1.1530219978921838 	 0.00025165988786203747
1.1540219978921837 	 0.0002556207877926574
1.1550219978921836 	 0.0002596409328115306
1.1560219978921835 	 0.00026372123130969846
1.1570219978921834 	 0.00026786261817599976
1.1580219978921833 	 0.00027206604042953863
1.1590219978921832 	 0.00027633246017377193
1.160021997892183 	 0.00028066285533771807
1.161021997892183 	 0.0002850581918248502
1.1620219978921829 	 0.00028951934352321033
1.1630219978921827 	 0.0002940471753906982
1.1640219978921826 	 0.0002986426952767648
1.1650219978921825 	 0.00030330707683482214
1.1660219978921824 	 0.00030804160463341435
1.1670219978921823 	 0.00031284761220375383
1.1680219978921822 	 0.000317726468500792
1.169021997892182 	 0.0003226795626020989
1.170021997892182 	 0.00032770832844667666
1.1710219978921819 	 0.00033281415862604726
1.1720219978921818 	 0.00033799820669560524
1.1730219978921816 	 0.00034326157971775886
1.1740219978921815 	 0.0003486053987851874
1.1750219978921814 	 0.0003540307990791894
1.1760219978921813 	 0.0003595389300362324
1.1770219978921812 	 0.0003651309555738955
1.178021997892181 	 0.0003708080305397361
1.179021997892181 	 0.0003765713693446573
1.1800219978921809 	 0.00038242218270880364
1.1810219978921808 	 0.0003883618483002662
1.1820219978921807 	 0.0003943923256732008
1.1830219978921805 	 0.0004005157908267141
1.1840219978921804 	 0.0004067345177469785
1.1850219978921803 	 0.00041305082140992015
1.1860219978921802 	 0.00041946706861823173
1.18702199789218 	 0.00042598527962030313
1.18802199789218 	 0.0004326059179356252
1.1890219978921799 	 0.00043932980537327834
1.1900219978921798 	 0.0004461584957909519
1.1910219978921797 	 0.00045309360800511523
1.1920219978921796 	 0.0004601368340000487
1.1930219978921794 	 0.00046728990594092885
1.1940219978921793 	 0.00047455458557920575
1.1950219978921792 	 0.00048193266472536136
1.1960219978921791 	 0.000489425965789668
1.197021997892179 	 0.000497036342346119
1.198021997892179 	 0.0005047656797433966
1.1990219978921788 	 0.0005126158956750675
1.2000219978921787 	 0.0005205889408169539
1.2010219978921786 	 0.0005286869857236528
1.2020219978921785 	 0.0005369129054810534
1.2030219978921783 	 0.0005452698379601824
1.2040219978921782 	 0.0005537610057957684
1.2050219978921781 	 0.0005623895240352303
1.206021997892178 	 0.000571157829600373
1.207021997892178 	 0.0005800682259172628
1.2080219978921778 	 0.0005891230555027686
1.2090219978921777 	 0.0005983247006081021
1.2100219978921776 	 0.0006076755839004127
1.2110219978921775 	 0.0006171782453377631
1.2120219978921773 	 0.0006268355599179111
1.2130219978921772 	 0.0006366505146007222
1.2140219978921771 	 0.000646625762932197
1.215021997892177 	 0.0006567635892766552
1.216021997892177 	 0.0006670663129945599
1.2170219978921768 	 0.0006775362706202694
1.2180219978921767 	 0.0006881758239803913
1.2190219978921766 	 0.0006989873602816656
1.2200219978921765 	 0.0007099732921494517
1.2210219978921764 	 0.0007211364841819323
1.2220219978921762 	 0.0007324814679280117
1.2230219978921761 	 0.000744013294646286
1.224021997892176 	 0.0007557371748138788
1.225021997892176 	 0.0007676584824732642
1.2260219978921758 	 0.0007797821738005634
1.2270219978921757 	 0.000792111132779315
1.2280219978921756 	 0.0008046477121821328
1.2290219978921755 	 0.0008173942935235386
1.2300219978921754 	 0.0008303532452745015
1.2310219978921753 	 0.0008435272871871855
1.2320219978921751 	 0.0008569205021854105
1.233021997892175 	 0.0008705373795159279
1.234021997892175 	 0.000884382512427717
1.2350219978921748 	 0.0008984606001075832
1.2360219978921747 	 0.0009127764499516458
1.2370219978921746 	 0.0009273349798504285
1.2380219978921745 	 0.0009421411881317698
1.2390219978921744 	 0.0009571992073521851
1.2400219978921743 	 0.00097251236891743
1.2410219978921742 	 0.0009880841985104106
1.242021997892174 	 0.0010039191043272095
1.243021997892174 	 0.0010200217703391294
1.2440219978921738 	 0.0010363969632852979
1.2450219978921737 	 0.0010530495331882005
1.2460219978921736 	 0.0010699844142607327
1.2470219978921735 	 0.0010872070373963245
1.2480219978921734 	 0.0011047245185141416
1.2490219978921733 	 0.001122544496084065
1.2500219978921732 	 0.0011406748702178892
1.251021997892173 	 0.0011591232715073957
1.252021997892173 	 0.0011778957117070772
1.2530219978921728 	 0.0011969978823103211
1.2540219978921727 	 0.0012164355628834838
1.2550219978921726 	 0.001236214620593664
1.2560219978921725 	 0.0012563410102977377
1.2570219978921724 	 0.0012768207744396616
1.2580219978921723 	 0.0012976600600246421
1.2590219978921722 	 0.001318865050900195
1.260021997892172 	 0.001340442067892165
1.261021997892172 	 0.0013623961320822183
1.2620219978921718 	 0.0013847270754391038
1.2630219978921717 	 0.001407433554228381
1.2640219978921716 	 0.001430520945183014
1.2650219978921715 	 0.0014540014171171083
1.2660219978921714 	 0.001477887808264855
1.2670219978921713 	 0.0015021925271760204
1.2680219978921712 	 0.001526924989164646
1.269021997892171 	 0.0015520940937414724
1.270021997892171 	 0.0015777088956565753
1.2710219978921709 	 0.0016037783185657763
1.2720219978921707 	 0.0016303102819995201
1.2730219978921706 	 0.0016573125295155787
1.2740219978921705 	 0.001684792884818991
1.2750219978921704 	 0.001712759248066431
1.2760219978921703 	 0.0017412196159166029
1.2770219978921702 	 0.0017701819866738269
1.27802199789217 	 0.001799654493169743
1.27902199789217 	 0.0018296453091297845
1.2800219978921699 	 0.0018601626675691786
1.2810219978921698 	 0.0018912147047503867
1.2820219978921696 	 0.0019228090238329143
1.2830219978921695 	 0.001954953100985744
1.2840219978921694 	 0.0019876544308912495
1.2850219978921693 	 0.002020920414274613
1.2860219978921692 	 0.002054758505484938
1.287021997892169 	 0.0020891791413582485
1.288021997892169 	 0.002124203807048706
1.2890219978921689 	 0.002159844300162881
1.2900219978921688 	 0.002196099982665386
1.2910219978921686 	 0.0022329715758804504
1.2920219978921685 	 0.002270468490593507
1.2930219978921684 	 0.002308602251718771
1.2940219978921683 	 0.0023473846255714086
1.2950219978921682 	 0.0023868274999608013
1.296021997892168 	 0.0024269429112785458
1.297021997892168 	 0.0024677430421763753
1.2980219978921679 	 0.0025092402203101133
1.2990219978921678 	 0.002551446915216345
1.3000219978921677 	 0.002594375760919185
1.3010219978921675 	 0.0026380377032684463
1.3020219978921674 	 0.0026824372429161887
1.3030219978921673 	 0.0027275769509895456
1.3040219978921672 	 0.0027734589577743706
1.305021997892167 	 0.0028200849311145883
1.306021997892167 	 0.00286745842806904
1.3070219978921669 	 0.002915591642690585
1.3080219978921668 	 0.002964499061487437
1.3090219978921667 	 0.0030141952886384603
1.3100219978921666 	 0.003064695279755798
1.3110219978921664 	 0.003116011849157091
1.3120219978921663 	 0.003168149027440308
1.3130219978921662 	 0.0032211086341789267
1.3140219978921661 	 0.003274897957846412
1.315021997892166 	 0.003329529813028654
1.316021997892166 	 0.0033850173599605684
1.3170219978921658 	 0.003441373935484703
1.3180219978921657 	 0.0034986128748602497
1.3190219978921656 	 0.0035567477845813694
1.3200219978921655 	 0.0036157923660010464
1.3210219978921653 	 0.0036757570192083883
1.3220219978921652 	 0.003736639026416147
1.3230219978921651 	 0.0037984317953166395
1.324021997892165 	 0.0038611277743214397
1.325021997892165 	 0.003924718427847997
1.3260219978921648 	 0.003989194262326516
1.3270219978921647 	 0.004054544589373578
1.3280219978921646 	 0.004120769365291596
1.3290219978921645 	 0.004187911851592625
1.3300219978921644 	 0.004256027563857386
1.3310219978921642 	 0.004325162156598635
1.3320219978921641 	 0.004395317845143099
1.333021997892164 	 0.004466487741671763
1.334021997892164 	 0.00453866348138853
1.3350219978921638 	 0.004611835591331364
1.3360219978921637 	 0.004685993530708065
1.3370219978921636 	 0.004761125744265367
1.3380219978921635 	 0.00483722014816266
1.3390219978921634 	 0.004914279491822589
1.3400219978921633 	 0.0049923212229227515
1.3410219978921631 	 0.005071361197628648
1.342021997892163 	 0.005151405456051556
1.343021997892163 	 0.005232457476090285
1.3440219978921628 	 0.005314520504527291
1.3450219978921627 	 0.005397597565719673
1.3460219978921626 	 0.005481691456232251
1.3470219978921625 	 0.005566805318706747
1.3480219978921624 	 0.0056529443198523825
1.3490219978921623 	 0.0057401140662733455
1.3500219978921622 	 0.005828320105062822
1.351021997892162 	 0.005917568141591627
1.352021997892162 	 0.0060078647170622845
1.3530219978921618 	 0.006099216262350843
1.3540219978921617 	 0.006191629435378469
1.3550219978921616 	 0.0062851108249884855
1.3560219978921615 	 0.006379667024158661
1.3570219978921614 	 0.00647530461042744
1.3580219978921613 	 0.006572030171208636
1.3590219978921612 	 0.006669850314330544
1.360021997892161 	 0.006768771671031508
1.361021997892161 	 0.006868766077219457
1.3620219978921608 	 0.006969671796720272
1.3630219978921607 	 0.007071454571511276
1.3640219978921606 	 0.007174351975765436
1.3650219978921605 	 0.0072783639198258435
1.3660219978921604 	 0.007383473542892286
1.3670219978921603 	 0.007489662898730422
1.3680219978921602 	 0.007596912979748464
1.36902199789216 	 0.007705203714674264
1.37002199789216 	 0.007814513954232764
1.3710219978921598 	 0.007924826134197002
1.3720219978921597 	 0.008036139481120265
1.3730219978921596 	 0.00814845721458695
1.3740219978921595 	 0.008261782596243048
1.3750219978921594 	 0.008376118948593737
1.3760219978921593 	 0.008491469639451615
1.3770219978921592 	 0.008607838035463162
1.378021997892159 	 0.008725227547450204
1.379021997892159 	 0.008843641643919115
1.3800219978921588 	 0.008963083849808484
1.3810219978921587 	 0.009083555728623927
1.3820219978921586 	 0.009205051168223427
1.3830219978921585 	 0.009327561836599683
1.3840219978921584 	 0.009451078939714773
1.3850219978921583 	 0.009575593218888798
1.3860219978921582 	 0.009701094953404956
1.387021997892158 	 0.00982757398439687
1.388021997892158 	 0.00995501879542147
1.3890219978921579 	 0.01008339923106156
1.3900219978921577 	 0.010212666584863108
1.3910219978921576 	 0.01034278133175911
1.3920219978921575 	 0.010473747297108668
1.3930219978921574 	 0.010605579027813386
1.3940219978921573 	 0.010738291564495317
1.3950219978921572 	 0.010871900421302757
1.396021997892157 	 0.01100641646875827
1.397021997892157 	 0.011141831555375983
1.3980219978921569 	 0.01127813244914367
1.3990219978921568 	 0.01141530517746617
1.4000219978921566 	 0.011552698964945329
1.4010219978921565 	 0.011691581868976604
1.4020219978921564 	 0.01183128994256099
1.4030219978921563 	 0.011971806120433394
1.4040219978921562 	 0.01211311243724394
1.405021997892156 	 0.01225518999396791
1.406021997892156 	 0.012398018965902534
1.4070219978921559 	 0.012541578672144879
1.4080219978921558 	 0.012685847480748979
1.4090219978921557 	 0.012830802778349335
1.4100219978921555 	 0.012976420973317148
1.4110219978921554 	 0.013122673980972407
1.4120219978921553 	 0.01326951935441409
1.4130219978921552 	 0.013416910616066877
1.414021997892155 	 0.013564810993981899
1.415021997892155 	 0.013713193283636056
1.4160219978921549 	 0.013862029976943113
1.4170219978921548 	 0.014011292920051549
1.4180219978921547 	 0.01416095335222598
1.4190219978921546 	 0.014310981957580206
1.4200219978921544 	 0.01446134892278643
1.4210219978921543 	 0.014612024013255901
1.4220219978921542 	 0.014762976710924655
1.4230219978921541 	 0.014914176293858926
1.424021997892154 	 0.015065591793451804
1.425021997892154 	 0.015217192016957622
1.4260219978921538 	 0.015368945563980543
1.4270219978921537 	 0.015520820794220637
1.4280219978921536 	 0.015672785925539404
1.4290219978921535 	 0.015824809079933794
1.4300219978921533 	 0.015976858303438594
1.4310219978921532 	 0.01612890163819643
1.4320219978921531 	 0.016280907325888327
1.433021997892153 	 0.016432843735800735
1.434021997892153 	 0.016584679236716405
1.4350219978921528 	 0.016736382164667538
1.4360219978921527 	 0.016887920796690097
1.4370219978921526 	 0.017039263280294252
1.4380219978921525 	 0.017190378309969473
1.4390219978921523 	 0.017341232356700487
1.4400219978921522 	 0.017491787337943952
1.4410219978921521 	 0.017642004747982283
1.442021997892152 	 0.017791845898476488
1.443021997892152 	 0.01794127175051907
1.4440219978921518 	 0.01809024376235001
1.4450219978921517 	 0.018238722462770474
1.4460219978921516 	 0.018386668378548566
1.4470219978921515 	 0.01853404178260257
1.4480219978921514 	 0.01868080272303143
1.4490219978921512 	 0.018826911039040498
1.4500219978921511 	 0.018972326370941515
1.451021997892151 	 0.019117009097065395
1.452021997892151 	 0.019260922946148236
1.4530219978921508 	 0.01940403249136176
1.4540219978921507 	 0.01954630229318356
1.4550219978921506 	 0.019687696893523798
1.4560219978921505 	 0.019828180824493474
1.4570219978921504 	 0.019967716334841828
1.4580219978921503 	 0.02010625712332093
1.4590219978921501 	 0.020243754749828067
1.46002199789215 	 0.020380160638782126
1.46102199789215 	 0.020515426099551808
1.4620219978921498 	 0.020649502346949827
1.4630219978921497 	 0.020782341431275796
1.4640219978921496 	 0.02091391224687816
1.4650219978921495 	 0.021044199929367582
1.4660219978921494 	 0.02117319080425583
1.4670219978921493 	 0.021300871772551227
1.4680219978921492 	 0.02142723032875442
1.469021997892149 	 0.02155225457317962
1.470021997892149 	 0.021675933222272827
1.4710219978921488 	 0.021798248455862524
1.4720219978921487 	 0.02191915610587591
1.4730219978921486 	 0.022038605974335056
1.4740219978921485 	 0.022156548068520427
1.4750219978921484 	 0.02227293262918349
1.4760219978921483 	 0.022387710165393065
1.4770219978921482 	 0.02250083147769154
1.478021997892148 	 0.022612247719240346
1.479021997892148 	 0.022721910446030412
1.4800219978921478 	 0.022829771650792613
1.4810219978921477 	 0.022935783804246566
1.4820219978921476 	 0.02303989986385299
1.4830219978921475 	 0.02314209474116277
1.4840219978921474 	 0.023242426282348412
1.4850219978921473 	 0.02334097191625921
1.4860219978921472 	 0.023437810865592885
1.487021997892147 	 0.023533023708059497
1.488021997892147 	 0.023626686999762843
1.4890219978921468 	 0.02371876597066204
1.4900219978921467 	 0.02380911986896179
1.4910219978921466 	 0.023897521667618805
1.4920219978921465 	 0.02398354929827207
1.4930219978921464 	 0.02406713124029135
1.4940219978921463 	 0.024148296166240292
1.4950219978921462 	 0.024227074115186712
1.496021997892146 	 0.024303496414563138
1.497021997892146 	 0.024377595540241576
1.4980219978921459 	 0.02444940517745487
1.4990219978921457 	 0.0245189602123122
1.5000219978921456 	 0.024586296693125734
1.5010219978921455 	 0.024651451786232556
1.5020219978921454 	 0.02471446373614394
1.5030219978921453 	 0.024775371889023495
1.5040219978921452 	 0.02483421662064566
1.505021997892145 	 0.024891039295525327
1.506021997892145 	 0.024945870469021473
1.5070219978921449 	 0.02499869759058592
1.5080219978921447 	 0.02504946574654682
1.5090219978921446 	 0.025097997521711633
1.5100219978921445 	 0.025144087718300397
1.5110219978921444 	 0.02518759992306233
1.5120219978921443 	 0.025228651711555652
1.5130219978921442 	 0.02526741638771573
1.514021997892144 	 0.025303977494093317
1.515021997892144 	 0.025338334011964656
1.5160219978921439 	 0.025370482551166387
1.5170219978921438 	 0.025400420654255195
1.5180219978921436 	 0.025428146832365498
1.5190219978921435 	 0.025453660572502
1.5200219978921434 	 0.02547696233170345
1.5210219978921433 	 0.02549805330270258
1.5220219978921432 	 0.025516935225286873
1.523021997892143 	 0.025533611451764155
1.524021997892143 	 0.02554808633233237
1.5250219978921429 	 0.025560365130472374
1.5260219978921428 	 0.02557045258235288
1.5270219978921427 	 0.02557835484948865
1.5280219978921425 	 0.02558407959559393
1.5290219978921424 	 0.02558763633892494
1.5300219978921423 	 0.02558903390069511
1.5310219978921422 	 0.025588285223014623
1.532021997892142 	 0.0255854143628484
1.533021997892142 	 0.025580448539629482
1.5340219978921419 	 0.02557341565944425
1.5350219978921418 	 0.02556434425112176
1.5360219978921417 	 0.025553263447811954
1.5370219978921416 	 0.02554020297320742
1.5380219978921414 	 0.02552519277619642
1.5390219978921413 	 0.02550825673035441
1.5400219978921412 	 0.0254894130582613
1.5410219978921411 	 0.025468680346584886
1.542021997892141 	 0.025446077853633467
1.543021997892141 	 0.02542162556151078
1.5440219978921408 	 0.025395344014353605
1.5450219978921407 	 0.0253672542573963
1.5460219978921406 	 0.02533737783626165
1.5470219978921405 	 0.02530574414842705
1.5480219978921403 	 0.025272410235913076
1.5490219978921402 	 0.025237439457513004
1.5500219978921401 	 0.025200859951097335
1.55102199789214 	 0.0251625989198617
1.55202199789214 	 0.025122665220034025
1.5530219978921398 	 0.025081094183690957
1.5540219978921397 	 0.02503792133012123
1.5550219978921396 	 0.024993182294607917
1.5560219978921395 	 0.024946912844059716
1.5570219978921394 	 0.02489914896535621
1.5580219978921392 	 0.024849926722341747
1.5590219978921391 	 0.02479928219622651
1.560021997892139 	 0.024747251468314004
1.561021997892139 	 0.024693870663141985
1.5620219978921388 	 0.024639176147388198
1.5630219978921387 	 0.024583203198308125
1.5640219978921386 	 0.024525960608985032
1.5650219978921385 	 0.02446743268384571
1.5660219978921384 	 0.024407603713776406
1.5670219978921383 	 0.024346459197329588
1.5680219978921381 	 0.024283921520454454
1.569021997892138 	 0.024219925073422403
1.570021997892138 	 0.02415450621380314
1.5710219978921378 	 0.024087686533908744
1.5720219978921377 	 0.024019553102006926
1.5730219978921376 	 0.02395020714062765
1.5740219978921375 	 0.023879748622040158
1.5750219978921374 	 0.023808277059542842
1.5760219978921373 	 0.02373589228314562
1.5770219978921372 	 0.02366269539503011
1.578021997892137 	 0.023588789084969416
1.579021997892137 	 0.023514278249378646
1.5800219978921368 	 0.02343927077196377
1.5810219978921367 	 0.023363878369658673
1.5820219978921366 	 0.023288217478403962
1.5830219978921365 	 0.023212409759108148
1.5840219978921364 	 0.023136582267919276
1.5850219978921363 	 0.02306086711168662
1.5860219978921362 	 0.022985400368534113
1.587021997892136 	 0.022910320035584724
1.588021997892136 	 0.022835685042924752
1.5890219978921358 	 0.02276054092907981
1.5900219978921357 	 0.022684613759656892
1.5910219978921356 	 0.022608060741204535
1.5920219978921355 	 0.0225310046921214
1.5930219978921354 	 0.022453533642697643
1.5940219978921353 	 0.02237570285141139
1.5950219978921352 	 0.022297537166773292
1.596021997892135 	 0.022219040600531856
1.597021997892135 	 0.022140207415143793
1.5980219978921348 	 0.022061033677653392
1.5990219978921347 	 0.02198152742119892
1.6000219978921346 	 0.02190171572301092
1.6010219978921345 	 0.021821625975569362
1.6020219978921344 	 0.02174122610712511
1.6030219978921343 	 0.021660486334087837
1.6040219978921342 	 0.02157939467654719
1.605021997892134 	 0.02149795242303282
1.606021997892134 	 0.02141616987077855
1.6070219978921338 	 0.02133406280526068
1.6080219978921337 	 0.021251649544069214
1.6090219978921336 	 0.02116894887102746
1.6100219978921335 	 0.02108597868255149
1.6110219978921334 	 0.021002771320277634
1.6120219978921333 	 0.020919416676405515
1.6130219978921332 	 0.02083601315339763
1.614021997892133 	 0.020752629251050283
1.615021997892133 	 0.02066930596229432
1.6160219978921329 	 0.020586080755053464
1.6170219978921327 	 0.020502988754072183
1.6180219978921326 	 0.020420063052686357
1.6190219978921325 	 0.02033733496098969
1.6200219978921324 	 0.0202548342450631
1.6210219978921323 	 0.020172589309463775
1.6220219978921322 	 0.02009062717481081
1.623021997892132 	 0.020008973465441646
1.624021997892132 	 0.019927652930298717
1.6250219978921319 	 0.0198466896904519
1.6260219978921318 	 0.01976610729812101
1.6270219978921316 	 0.019685928675118237
1.6280219978921315 	 0.01960617641567257
1.6290219978921314 	 0.019526872942985062
1.6300219978921313 	 0.019448040600232856
1.6310219978921312 	 0.019369683183590662
1.632021997892131 	 0.01929173575689045
1.633021997892131 	 0.019214118884083135
1.6340219978921309 	 0.019136782950291253
1.6350219978921308 	 0.019059782692944303
1.6360219978921307 	 0.01898319628902629
1.6370219978921305 	 0.01890710074371755
1.6380219978921304 	 0.018831571133582012
1.6390219978921303 	 0.018756658223579917
1.6400219978921302 	 0.01868239046498198
1.64102199789213 	 0.018608795806095046
1.64202199789213 	 0.01853590218113749
1.6430219978921299 	 0.018463737635149413
1.6440219978921298 	 0.01839233071891406
1.6450219978921297 	 0.018321710579352165
1.6460219978921296 	 0.018251906842177253
1.6470219978921294 	 0.01818294926463671
1.6480219978921293 	 0.01811486809323658
1.6490219978921292 	 0.018047694153286064
1.650021997892129 	 0.017981458821007577
1.651021997892129 	 0.017916188517200067
1.652021997892129 	 0.01785188975836922
1.6530219978921288 	 0.017788564995458885
1.6540219978921287 	 0.017726217552674648
1.6550219978921286 	 0.01766485160694684
1.6560219978921285 	 0.01760447198804276
1.6570219978921283 	 0.017545083784766487
1.6580219978921282 	 0.017486692591089776
1.6590219978921281 	 0.017429304508522765
1.660021997892128 	 0.017372926062582946
1.661021997892128 	 0.0173175872983394
1.6620219978921278 	 0.01726340456215528
1.6630219978921277 	 0.017210509804520994
1.6640219978921276 	 0.017158972114258007
1.6650219978921275 	 0.017108802327756863
1.6660219978921273 	 0.017060008988538617
1.6670219978921272 	 0.01701260035555778
1.6680219978921271 	 0.01696658456986405
1.669021997892127 	 0.01692196967595788
1.670021997892127 	 0.016878763584108336
1.6710219978921268 	 0.016836977128308436
1.6720219978921267 	 0.01679663246199955
1.6730219978921266 	 0.01675775411570199
1.6740219978921265 	 0.016720366247148295
1.6750219978921264 	 0.016684492650173712
1.6760219978921262 	 0.01665015675281236
1.6770219978921261 	 0.016617381569791968
1.678021997892126 	 0.01658618982816868
1.679021997892126 	 0.016556604038018286
1.6800219978921258 	 0.016528646535709145
1.6810219978921257 	 0.01650233952771197
1.6820219978921256 	 0.016477705145138025
1.6830219978921255 	 0.016454765627434403
1.6840219978921254 	 0.016433543274094322
1.6850219978921253 	 0.016414060458629365
1.6860219978921251 	 0.016396339676091398
1.687021997892125 	 0.016380403593821074
1.688021997892125 	 0.016366275759313785
1.6890219978921248 	 0.01635399426125755
1.6900219978921247 	 0.016343610887568187
1.6910219978921246 	 0.016335172671246918
1.6920219978921245 	 0.016328706513922736
1.6930219978921244 	 0.016324234985996843
1.6940219978921243 	 0.01632178093612603
1.6950219978921242 	 0.016321367401900242
1.696021997892124 	 0.01632301757475892
1.697021997892124 	 0.016326754795875333
1.6980219978921238 	 0.016332602384491544
1.6990219978921237 	 0.016340583501926156
1.7000219978921236 	 0.016350721020345068
1.7010219978921235 	 0.016345722526065243
1.7020219978921234 	 0.016341518470414918
1.7030219978921233 	 0.016339408529652207
1.7040219978921232 	 0.016339419106933116
1.705021997892123 	 0.016341574727672073
1.706021997892123 	 0.016345897784988617
1.7070219978921228 	 0.01635240826759567
1.7080219978921227 	 0.016361123469942947
1.7090219978921226 	 0.016372057684588066
1.7100219978921225 	 0.01638522187695394
1.7110219978921224 	 0.016400623342848013
1.7120219978921223 	 0.016418265349365663
1.7130219978921222 	 0.016438146760082654
1.714021997892122 	 0.0164602616457565
1.715021997892122 	 0.0164845988821082
1.7160219978921218 	 0.016511141736641224
1.7170219978921217 	 0.01653986744687583
1.7180219978921216 	 0.01657074679282775
1.7190219978921215 	 0.016603743667043872
1.7200219978921214 	 0.016638814646011545
1.7210219978921213 	 0.016675908567284514
1.7220219978921212 	 0.01671496611720348
1.723021997892121 	 0.016755919434625913
1.724021997892121 	 0.016798691736607262
1.7250219978921209 	 0.016843196972478085
1.7260219978921207 	 0.016889339513226572
1.7270219978921206 	 0.016937013883503858
1.7280219978921205 	 0.016986104543902675
1.7290219978921204 	 0.017036485731398827
1.7300219978921203 	 0.01708802136596687
1.7310219978921202 	 0.017140565031367384
1.73202199789212 	 0.01719396003793026
1.73302199789212 	 0.01724803957480883
1.7340219978921199 	 0.01730262695863445
1.7350219978921197 	 0.017357535984748308
1.7360219978921196 	 0.017412571386213233
1.7370219978921195 	 0.017467529404614282
1.7380219978921194 	 0.017522198475239108
1.7390219978921193 	 0.017576360027600713
1.7400219978921192 	 0.017629789400444115
1.741021997892119 	 0.017682256868387616
1.742021997892119 	 0.017733528775228238
1.7430219978921189 	 0.017783368766730413
1.7440219978921188 	 0.017831539113470747
1.7450219978921186 	 0.017877802112086318
1.7460219978921185 	 0.017921921551137164
1.7470219978921184 	 0.01796366422580749
1.7480219978921183 	 0.018002801483907305
1.7490219978921182 	 0.0180391107841595
1.750021997892118 	 0.018072377246628614
1.751021997892118 	 0.01810239517442031
1.7520219978921179 	 0.018128969525496794
1.7530219978921178 	 0.01815191731364102
1.7540219978921177 	 0.018171068918279448
1.7550219978921175 	 0.018186269284031498
1.7560219978921174 	 0.018197378992480345
1.7570219978921173 	 0.01820427519071262
1.7580219978921172 	 0.018206852363606352
1.759021997892117 	 0.018205022939588002
1.760021997892117 	 0.01819871772255688
1.7610219978921169 	 0.018187886145798998
1.7620219978921168 	 0.018172496346897944
1.7630219978921167 	 0.018152535065802337
1.7640219978921166 	 0.01812800737124364
1.7650219978921164 	 0.018098936223531224
1.7660219978921163 	 0.018065361884313038
1.7670219978921162 	 0.018027341186120392
1.7680219978921161 	 0.0179849466763673
1.769021997892116 	 0.01793826565191969
1.770021997892116 	 0.017887399101369935
1.7710219978921158 	 0.017832460572747788
1.7720219978921157 	 0.017773574984582853
1.7730219978921156 	 0.017710877398031215
1.7740219978921155 	 0.01764451176722409
1.7750219978921153 	 0.017574629684134382
1.7760219978921152 	 0.017501389133134395
1.7770219978921151 	 0.017424953269087592
1.778021997892115 	 0.01734548923133296
1.779021997892115 	 0.017263167004330452
1.7800219978921148 	 0.017178158334094574
1.7810219978921147 	 0.017090635707889414
1.7820219978921146 	 0.017000771403037154
1.7830219978921145 	 0.01690873660913351
1.7840219978921144 	 0.016814700626498293
1.7850219978921142 	 0.016718830142336476
1.7860219978921141 	 0.016621288584863093
1.787021997892114 	 0.016522235773195854
1.788021997892114 	 0.01642182654836762
1.7890219978921138 	 0.01632021166775327
1.7900219978921137 	 0.016217536576359215
1.7910219978921136 	 0.016113941341368253
1.7920219978921135 	 0.016009560428724666
1.7930219978921134 	 0.01590452253704892
1.7940219978921133 	 0.01579895048431492
1.7950219978921131 	 0.015692961142646133
1.796021997892113 	 0.01558666541659019
1.797021997892113 	 0.015480168260303614
1.7980219978921128 	 0.01537356872920698
1.7990219978921127 	 0.015266960061844134
1.8000219978921126 	 0.015160429787889335
1.8010219978921125 	 0.01505405985848151
1.8020219978921124 	 0.014947926795319352
1.8030219978921123 	 0.014842101855216021
1.8040219978921122 	 0.014736651207082355
1.805021997892112 	 0.014631636118578243
1.806021997892112 	 0.01452711314993672
1.8070219978921118 	 0.01442313435272413
1.8080219978921117 	 0.014319747471546768
1.8090219978921116 	 0.014216996146949192
1.8100219978921115 	 0.014114920117971204
1.8110219978921114 	 0.014013555423035806
1.8120219978921113 	 0.013912934598031682
1.8130219978921112 	 0.013813086870629147
1.814021997892111 	 0.013714038350027869
1.815021997892111 	 0.013615812211479958
1.8160219978921108 	 0.013518428875061978
1.8170219978921107 	 0.013421906178285946
1.8180219978921106 	 0.013326259542242964
1.8190219978921105 	 0.013231502131064029
1.8200219978921104 	 0.013137645004562389
1.8210219978921103 	 0.013044697263991495
1.8220219978921102 	 0.012952666190911665
1.82302199789211 	 0.012861557379210253
1.82402199789211 	 0.012771374860362708
1.8250219978921098 	 0.012682121222058031
1.8260219978921097 	 0.012593797720341781
1.8270219978921096 	 0.012506404385453722
1.8280219978921095 	 0.01241994012155606
1.8290219978921094 	 0.01233440280056264
1.8300219978921093 	 0.012249789350290648
1.8310219978921092 	 0.012166095837162914
1.832021997892109 	 0.01208331754369408
1.833021997892109 	 0.012001449040995522
1.8340219978921088 	 0.0119204842565338
1.8350219978921087 	 0.01184041653737552
1.8360219978921086 	 0.011761238709148298
1.8370219978921085 	 0.011682943130942721
1.8380219978921084 	 0.011605521746374766
1.8390219978921083 	 0.011528966131021641
1.8400219978921082 	 0.011453267536437365
1.841021997892108 	 0.01137841693094664
1.842021997892108 	 0.011304405037408202
1.8430219978921079 	 0.011231222368130553
1.8440219978921077 	 0.011158859257115355
1.8450219978921076 	 0.01108730588979537
1.8460219978921075 	 0.01101655233042588
1.8470219978921074 	 0.010946588547280818
1.8480219978921073 	 0.010877404435796803
1.8490219978921072 	 0.010808989839800692
1.850021997892107 	 0.010741334570949165
1.851021997892107 	 0.010674428426501207
1.8520219978921069 	 0.010608261205538002
1.8530219978921068 	 0.010542822723737652
1.8540219978921066 	 0.010478102826805986
1.8550219978921065 	 0.0104140914026588
1.8560219978921064 	 0.010350778392444452
1.8570219978921063 	 0.010288153800491074
1.8580219978921062 	 0.010226207703256553
1.859021997892106 	 0.010164930257355008
1.860021997892106 	 0.010104311706728552
1.8610219978921059 	 0.010044342389028545
1.8620219978921058 	 0.009985012741266633
1.8630219978921057 	 0.009926313304791462
1.8640219978921055 	 0.009868234729643604
1.8650219978921054 	 0.009810767778337356
1.8660219978921053 	 0.00975390345850302
1.8670219978921052 	 0.00969763250759061
1.868021997892105 	 0.009641946173067385
1.869021997892105 	 0.009586835695227258
1.8700219978921049 	 0.009532292438637575
1.8710219978921048 	 0.00947830789333486
1.8720219978921047 	 0.009424873675706493
1.8730219978921046 	 0.009371981529085853
1.8740219978921044 	 0.009319623324086087
1.8750219978921043 	 0.009267791058695933
1.8760219978921042 	 0.009216476858159621
1.877021997892104 	 0.009165672974660623
1.878021997892104 	 0.009115371786828223
1.879021997892104 	 0.00906556579908398
1.8800219978921038 	 0.009016247640844011
1.8810219978921037 	 0.008967410065592036
1.8820219978921036 	 0.00891904594983644
1.8830219978921034 	 0.008871148291964247
1.8840219978921033 	 0.008823710211003347
1.8850219978921032 	 0.008776724945303757
1.8860219978921031 	 0.008730185851147708
1.887021997892103 	 0.008684086401297524
1.888021997892103 	 0.008638420183489755
1.8890219978921028 	 0.008593180898883
1.8900219978921027 	 0.008548362360466556
1.8910219978921026 	 0.008503958491436323
1.8920219978921025 	 0.008459963323543688
1.8930219978921023 	 0.00841637099542294
1.8940219978921022 	 0.008373175750902068
1.8950219978921021 	 0.008330371937301347
1.896021997892102 	 0.008287954003723931
1.897021997892102 	 0.00824591649934212
1.8980219978921018 	 0.00820425407168253
1.8990219978921017 	 0.008162961464913555
1.9000219978921016 	 0.008122033518137563
1.9010219978921015 	 0.008081465163690505
1.9020219978921014 	 0.008041251425451144
1.9030219978921012 	 0.008001387417161951
1.9040219978921011 	 0.007961868340763466
1.905021997892101 	 0.007922689484743674
1.906021997892101 	 0.007883846222504024
1.9070219978921008 	 0.00784533401074312
1.9080219978921007 	 0.007807148387859451
1.9090219978921006 	 0.007769284972373863
1.9100219978921005 	 0.0077317394613729915
1.9110219978921004 	 0.007694507628973938
1.9120219978921003 	 0.007657585324811327
1.9130219978921001 	 0.007620968472546754
1.9140219978921 	 0.007584653068401537
1.9150219978921 	 0.007548635179712718
1.9160219978920998 	 0.007512910943512925
1.9170219978920997 	 0.007477476565134104
1.9180219978920996 	 0.0074423283168352635
1.9190219978920995 	 0.007407462536454531
1.9200219978920994 	 0.007372875626085229
1.9210219978920993 	 0.0073385640507763064
1.9220219978920992 	 0.007304524337256792
1.923021997892099 	 0.0072707530726843555
1.924021997892099 	 0.007237246903417737
1.9250219978920988 	 0.007204002629536432
1.9260219978920987 	 0.0071710168205311765
1.9270219978920986 	 0.007138286389196951
1.9280219978920985 	 0.007105808206893845
1.9290219978920984 	 0.007073579198397748
1.9300219978920983 	 0.0070415963408121725
1.9310219978920982 	 0.007009856662502359
1.932021997892098 	 0.006978357242051475
1.933021997892098 	 0.0069470952072384915
1.9340219978920978 	 0.006916067734037468
1.9350219978920977 	 0.006885272045637936
1.9360219978920976 	 0.006854705411485982
1.9370219978920975 	 0.006824365146345784
1.9380219978920974 	 0.006794248609381169
1.9390219978920973 	 0.006764353203256878
1.9400219978920972 	 0.00673467637325919
1.941021997892097 	 0.006705215606435589
1.942021997892097 	 0.006675968430753032
1.9430219978920968 	 0.006646932414274557
1.9440219978920967 	 0.006618105164353811
1.9450219978920966 	 0.006589484326847202
1.9460219978920965 	 0.006561067585343287
1.9470219978920964 	 0.006532852660409064
1.9480219978920963 	 0.006504837308852838
1.9490219978920962 	 0.006477019323003286
1.950021997892096 	 0.0064493965300043985
1.951021997892096 	 0.006421966791126002
1.9520219978920959 	 0.006394728001089455
1.9530219978920957 	 0.006367678087408282
1.9540219978920956 	 0.006340815009743322
1.9550219978920955 	 0.006314136759272202
1.9560219978920954 	 0.006287641358072677
1.9570219978920953 	 0.0062613268585196445
1.9580219978920952 	 0.006235191342695519
1.959021997892095 	 0.006209232921813561
1.960021997892095 	 0.006183449735654072
1.9610219978920949 	 0.006157839952012895
1.9620219978920947 	 0.0061324017661622396
1.9630219978920946 	 0.0061071334003232735
1.9640219978920945 	 0.00608203310315048
1.9650219978920944 	 0.0060570991492272614
1.9660219978920943 	 0.006032329838572687
1.9670219978920942 	 0.006007723496159124
1.968021997892094 	 0.005983278471440408
1.969021997892094 	 0.0059589931378903945
1.9700219978920939 	 0.005934865892551652
1.9710219978920938 	 0.005910895155593936
1.9720219978920936 	 0.005887079369882466
1.9730219978920935 	 0.005863417000555458
1.9740219978920934 	 0.005839906534611004
1.9750219978920933 	 0.0058165464805028195
1.9760219978920932 	 0.00579333536774489
1.977021997892093 	 0.00577027182341468
1.978021997892093 	 0.0057473542640859975
1.9790219978920929 	 0.005724581357185363
1.9800219978920928 	 0.005701951712682066
1.9810219978920927 	 0.005679463959753227
1.9820219978920925 	 0.005657116746436914
1.9830219978920924 	 0.005634908739292681
1.9840219978920923 	 0.005612838623069381
1.9850219978920922 	 0.005590905100380079
1.986021997892092 	 0.005569106891383833
1.987021997892092 	 0.005547442733474336
1.9880219978920919 	 0.005525911380975077
1.9890219978920918 	 0.00550451160484098
1.9900219978920917 	 0.005483242192366367
1.9910219978920916 	 0.005462101946899032
1.9920219978920914 	 0.005441089687560332
1.9930219978920913 	 0.005420204248971178
1.9940219978920912 	 0.005399444480983709
1.9950219978920911 	 0.005378809248418601
1.996021997892091 	 0.005358297430807795
1.997021997892091 	 0.00533790792214263
1.9980219978920908 	 0.0053176396306271224
1.9990219978920907 	 0.005297491478436378
