 1.0000e-02  0.0000e+00
 2.0000e-02  0.0000e+00
 3.0000e-02  0.0000e+00
 4.0000e-02  0.0000e+00
 5.0000e-02  0.0000e+00
 6.0000e-02  0.0000e+00
 7.0000e-02  0.0000e+00
 8.0000e-02  0.0000e+00
 9.0000e-02  0.0000e+00
 1.0000e-01  0.0000e+00
 1.1000e-01  0.0000e+00
 1.2000e-01  0.0000e+00
 1.3000e-01  0.0000e+00
 1.4000e-01  0.0000e+00
 1.5000e-01  0.0000e+00
 1.6000e-01  0.0000e+00
 1.7000e-01  0.0000e+00
 1.8000e-01  0.0000e+00
 1.9000e-01  0.0000e+00
 2.0000e-01  0.0000e+00
 2.1000e-01  0.0000e+00
 2.2000e-01  0.0000e+00
 2.3000e-01  0.0000e+00
 2.4000e-01  0.0000e+00
 2.5000e-01  0.0000e+00
 2.6000e-01  0.0000e+00
 2.7000e-01  0.0000e+00
 2.8000e-01  0.0000e+00
 2.9000e-01  0.0000e+00
 3.0000e-01  0.0000e+00
 3.1000e-01  0.0000e+00
 3.2000e-01  0.0000e+00
 3.3000e-01  0.0000e+00
 3.4000e-01  0.0000e+00
 3.5000e-01  0.0000e+00
 3.6000e-01  0.0000e+00
 3.7000e-01  0.0000e+00
 3.8000e-01  0.0000e+00
 3.9000e-01  0.0000e+00
 4.0000e-01  0.0000e+00
 4.1000e-01  0.0000e+00
 4.2000e-01  0.0000e+00
 4.3000e-01  0.0000e+00
 4.4000e-01  0.0000e+00
 4.5000e-01  0.0000e+00
 4.6000e-01  0.0000e+00
 4.7000e-01  0.0000e+00
 4.8000e-01  0.0000e+00
 4.9000e-01  0.0000e+00
 5.0000e-01  0.0000e+00
 5.1000e-01  0.0000e+00
 5.2000e-01  0.0000e+00
 5.3000e-01  0.0000e+00
 5.4000e-01  0.0000e+00
 5.5000e-01  0.0000e+00
 5.6000e-01  0.0000e+00
 5.7000e-01  0.0000e+00
 5.8000e-01  0.0000e+00
 5.9000e-01  0.0000e+00
 6.0000e-01  0.0000e+00
 6.1000e-01  0.0000e+00
 6.2000e-01  0.0000e+00
 6.3000e-01  0.0000e+00
 6.4000e-01  0.0000e+00
 6.5000e-01  0.0000e+00
 6.6000e-01  0.0000e+00
 6.7000e-01  0.0000e+00
 6.8000e-01  0.0000e+00
 6.9000e-01  0.0000e+00
 7.0000e-01  0.0000e+00
 7.1000e-01  0.0000e+00
 7.2000e-01  0.0000e+00
 7.3000e-01  0.0000e+00
 7.4000e-01  0.0000e+00
 7.5000e-01  0.0000e+00
 7.6000e-01  0.0000e+00
 7.7000e-01  0.0000e+00
 7.8000e-01  0.0000e+00
 7.9000e-01  0.0000e+00
 8.0000e-01  0.0000e+00
 8.1000e-01  0.0000e+00
 8.2000e-01  0.0000e+00
 8.3000e-01  0.0000e+00
 8.4000e-01  0.0000e+00
 8.5000e-01  0.0000e+00
 8.6000e-01  0.0000e+00
 8.7000e-01  0.0000e+00
 8.8000e-01  0.0000e+00
 8.9000e-01  0.0000e+00
 9.0000e-01  0.0000e+00
 9.1000e-01  0.0000e+00
 9.2000e-01  0.0000e+00
 9.3000e-01  0.0000e+00
 9.4000e-01  0.0000e+00
 9.5000e-01  0.0000e+00
 9.6000e-01  0.0000e+00
 9.7000e-01  0.0000e+00
 9.8000e-01  0.0000e+00
 9.9000e-01  0.0000e+00
 1.0000e+00  0.0000e+00
 1.0100e+00  0.0000e+00
 1.0200e+00  0.0000e+00
 1.0300e+00  0.0000e+00
 1.0400e+00  0.0000e+00
 1.0500e+00  0.0000e+00
 1.0600e+00  0.0000e+00
 1.0700e+00  0.0000e+00
 1.0800e+00  0.0000e+00
 1.0900e+00  0.0000e+00
 1.1000e+00  0.0000e+00
 1.1100e+00  0.0000e+00
 1.1200e+00  0.0000e+00
 1.1300e+00  0.0000e+00
 1.1400e+00  0.0000e+00
 1.1500e+00  0.0000e+00
 1.1600e+00  0.0000e+00
 1.1700e+00  0.0000e+00
 1.1800e+00  0.0000e+00
 1.1900e+00  0.0000e+00
 1.2000e+00  0.0000e+00
 1.2100e+00  0.0000e+00
 1.2200e+00  0.0000e+00
 1.2300e+00  0.0000e+00
 1.2400e+00  0.0000e+00
 1.2500e+00  0.0000e+00
 1.2600e+00  0.0000e+00
 1.2700e+00  0.0000e+00
 1.2800e+00  0.0000e+00
 1.2900e+00  0.0000e+00
 1.3000e+00  0.0000e+00
 1.3100e+00  0.0000e+00
 1.3200e+00  0.0000e+00
 1.3300e+00  0.0000e+00
 1.3400e+00  0.0000e+00
 1.3500e+00  0.0000e+00
 1.3600e+00  0.0000e+00
 1.3700e+00  0.0000e+00
 1.3800e+00  0.0000e+00
 1.3900e+00  0.0000e+00
 1.4000e+00  0.0000e+00
 1.4100e+00  0.0000e+00
 1.4200e+00  0.0000e+00
 1.4300e+00  0.0000e+00
 1.4400e+00  0.0000e+00
 1.4500e+00  0.0000e+00
 1.4600e+00  0.0000e+00
 1.4700e+00  0.0000e+00
 1.4800e+00  0.0000e+00
 1.4900e+00  0.0000e+00
 1.5000e+00  0.0000e+00
 1.5100e+00  0.0000e+00
 1.5200e+00  0.0000e+00
 1.5300e+00  0.0000e+00
 1.5400e+00  0.0000e+00
 1.5500e+00  0.0000e+00
 1.5600e+00  0.0000e+00
 1.5700e+00  0.0000e+00
 1.5800e+00  0.0000e+00
 1.5900e+00  0.0000e+00
 1.6000e+00  0.0000e+00
 1.6100e+00  0.0000e+00
 1.6200e+00  0.0000e+00
 1.6300e+00  0.0000e+00
 1.6400e+00  0.0000e+00
 1.6500e+00  0.0000e+00
 1.6600e+00  0.0000e+00
 1.6700e+00  0.0000e+00
 1.6800e+00  0.0000e+00
 1.6900e+00  0.0000e+00
 1.7000e+00  0.0000e+00
 1.7100e+00  0.0000e+00
 1.7200e+00  0.0000e+00
 1.7300e+00  0.0000e+00
 1.7400e+00  0.0000e+00
 1.7500e+00  0.0000e+00
 1.7600e+00  0.0000e+00
 1.7700e+00  0.0000e+00
 1.7800e+00  0.0000e+00
 1.7900e+00  0.0000e+00
 1.8000e+00  0.0000e+00
 1.8100e+00  0.0000e+00
 1.8200e+00  0.0000e+00
 1.8300e+00  0.0000e+00
 1.8400e+00  0.0000e+00
 1.8500e+00  0.0000e+00
 1.8600e+00  0.0000e+00
 1.8700e+00  0.0000e+00
 1.8800e+00  0.0000e+00
 1.8900e+00  0.0000e+00
 1.9000e+00  0.0000e+00
 1.9100e+00  0.0000e+00
 1.9200e+00  0.0000e+00
 1.9300e+00  0.0000e+00
 1.9400e+00  0.0000e+00
 1.9500e+00  0.0000e+00
 1.9600e+00  0.0000e+00
 1.9700e+00  0.0000e+00
 1.9800e+00  0.0000e+00
 1.9900e+00  0.0000e+00
 2.0000e+00  0.0000e+00
 2.0100e+00  0.0000e+00
 2.0200e+00  0.0000e+00
 2.0300e+00  0.0000e+00
 2.0400e+00  0.0000e+00
 2.0500e+00  0.0000e+00
 2.0600e+00  0.0000e+00
 2.0700e+00  0.0000e+00
 2.0800e+00  0.0000e+00
 2.0900e+00  0.0000e+00
 2.1000e+00  0.0000e+00
 2.1100e+00  0.0000e+00
 2.1200e+00  0.0000e+00
 2.1300e+00  0.0000e+00
 2.1400e+00  0.0000e+00
 2.1500e+00  0.0000e+00
 2.1600e+00  0.0000e+00
 2.1700e+00  0.0000e+00
 2.1800e+00  0.0000e+00
 2.1900e+00  0.0000e+00
 2.2000e+00  0.0000e+00
 2.2100e+00  0.0000e+00
 2.2200e+00  0.0000e+00
 2.2300e+00  0.0000e+00
 2.2400e+00  0.0000e+00
 2.2500e+00  0.0000e+00
 2.2600e+00  0.0000e+00
 2.2700e+00  0.0000e+00
 2.2800e+00  0.0000e+00
 2.2900e+00  0.0000e+00
 2.3000e+00  0.0000e+00
 2.3100e+00  0.0000e+00
 2.3200e+00  0.0000e+00
 2.3300e+00  0.0000e+00
 2.3400e+00  0.0000e+00
 2.3500e+00  0.0000e+00
 2.3600e+00  0.0000e+00
 2.3700e+00  0.0000e+00
 2.3800e+00  0.0000e+00
 2.3900e+00  0.0000e+00
 2.4000e+00  0.0000e+00
 2.4100e+00  0.0000e+00
 2.4200e+00  0.0000e+00
 2.4300e+00  0.0000e+00
 2.4400e+00  0.0000e+00
 2.4500e+00  0.0000e+00
 2.4600e+00  0.0000e+00
 2.4700e+00  0.0000e+00
 2.4800e+00  0.0000e+00
 2.4900e+00  0.0000e+00
 2.5000e+00  0.0000e+00
 2.5100e+00  0.0000e+00
 2.5200e+00  0.0000e+00
 2.5300e+00  0.0000e+00
 2.5400e+00  0.0000e+00
 2.5500e+00  0.0000e+00
 2.5600e+00  0.0000e+00
 2.5700e+00  0.0000e+00
 2.5800e+00  0.0000e+00
 2.5900e+00  0.0000e+00
 2.6000e+00  0.0000e+00
 2.6100e+00  0.0000e+00
 2.6200e+00  0.0000e+00
 2.6300e+00  0.0000e+00
 2.6400e+00  0.0000e+00
 2.6500e+00  0.0000e+00
 2.6600e+00  0.0000e+00
 2.6700e+00  0.0000e+00
 2.6800e+00  0.0000e+00
 2.6900e+00  0.0000e+00
 2.7000e+00  0.0000e+00
 2.7100e+00  0.0000e+00
 2.7200e+00  0.0000e+00
 2.7300e+00  0.0000e+00
 2.7400e+00  0.0000e+00
 2.7500e+00  0.0000e+00
 2.7600e+00  0.0000e+00
 2.7700e+00  0.0000e+00
 2.7800e+00  0.0000e+00
 2.7900e+00  0.0000e+00
 2.8000e+00  0.0000e+00
 2.8100e+00  0.0000e+00
 2.8200e+00  0.0000e+00
 2.8300e+00  0.0000e+00
 2.8400e+00  0.0000e+00
 2.8500e+00  0.0000e+00
 2.8600e+00  0.0000e+00
 2.8700e+00  0.0000e+00
 2.8800e+00  0.0000e+00
 2.8900e+00  0.0000e+00
 2.9000e+00  0.0000e+00
 2.9100e+00  0.0000e+00
 2.9200e+00  0.0000e+00
 2.9300e+00  0.0000e+00
 2.9400e+00  0.0000e+00
 2.9500e+00  0.0000e+00
 2.9600e+00  0.0000e+00
 2.9700e+00  0.0000e+00
 2.9800e+00  0.0000e+00
 2.9900e+00  0.0000e+00
 3.0000e+00  0.0000e+00
 3.0100e+00  3.7427e-02
 3.0200e+00  5.1891e-02
 3.0300e+00  6.2547e-02
 3.0400e+00  7.1224e-02
 3.0500e+00  7.8633e-02
 3.0600e+00  8.5139e-02
 3.0700e+00  9.0961e-02
 3.0800e+00  9.6240e-02
 3.0900e+00  1.0108e-01
 3.1000e+00  1.0554e-01
 3.1100e+00  1.0969e-01
 3.1200e+00  1.1356e-01
 3.1300e+00  1.1720e-01
 3.1400e+00  1.2062e-01
 3.1500e+00  1.2386e-01
 3.1600e+00  1.2692e-01
 3.1700e+00  1.2983e-01
 3.1800e+00  1.3260e-01
 3.1900e+00  1.3524e-01
 3.2000e+00  1.3776e-01
 3.2100e+00  1.4018e-01
 3.2200e+00  1.4249e-01
 3.2300e+00  1.4471e-01
 3.2400e+00  1.4685e-01
 3.2500e+00  1.4890e-01
 3.2600e+00  1.5087e-01
 3.2700e+00  1.5278e-01
 3.2800e+00  1.5461e-01
 3.2900e+00  1.5639e-01
 3.3000e+00  1.5810e-01
 3.3100e+00  1.5976e-01
 3.3200e+00  1.6136e-01
 3.3300e+00  1.6292e-01
 3.3400e+00  1.6442e-01
 3.3500e+00  1.6588e-01
 3.3600e+00  1.6729e-01
 3.3700e+00  1.6867e-01
 3.3800e+00  1.7000e-01
 3.3900e+00  1.7129e-01
 3.4000e+00  1.7255e-01
 3.4100e+00  1.7378e-01
 3.4200e+00  1.7497e-01
 3.4300e+00  1.7612e-01
 3.4400e+00  1.7725e-01
 3.4500e+00  1.7835e-01
 3.4600e+00  1.7942e-01
 3.4700e+00  1.8046e-01
 3.4800e+00  1.8148e-01
 3.4900e+00  1.8247e-01
 3.5000e+00  1.8344e-01
 3.5100e+00  1.8438e-01
 3.5200e+00  1.8530e-01
 3.5300e+00  1.8620e-01
 3.5400e+00  1.8708e-01
 3.5500e+00  1.8794e-01
 3.5600e+00  1.8555e-01
 3.5700e+00  1.8448e-01
 3.5800e+00  1.8395e-01
 3.5900e+00  1.8366e-01
 3.6000e+00  1.8351e-01
 3.6100e+00  1.8344e-01
 3.6200e+00  1.8343e-01
 3.6300e+00  1.8347e-01
 3.6400e+00  1.8354e-01
 3.6500e+00  1.8364e-01
 3.6600e+00  1.8376e-01
 3.6700e+00  1.8390e-01
 3.6800e+00  1.8405e-01
 3.6900e+00  1.8421e-01
 3.7000e+00  1.8438e-01
 3.7100e+00  1.8455e-01
 3.7200e+00  1.8474e-01
 3.7300e+00  1.8492e-01
 3.7400e+00  1.8511e-01
 3.7500e+00  1.8530e-01
 3.7600e+00  1.8549e-01
 3.7700e+00  1.8569e-01
 3.7800e+00  1.8588e-01
 3.7900e+00  1.8608e-01
 3.8000e+00  1.8627e-01
 3.8100e+00  1.8647e-01
 3.8200e+00  1.8666e-01
 3.8300e+00  1.8685e-01
 3.8400e+00  1.8705e-01
 3.8500e+00  1.8724e-01
 3.8600e+00  1.8743e-01
 3.8700e+00  1.8761e-01
 3.8800e+00  1.8780e-01
 3.8900e+00  1.8799e-01
 3.9000e+00  1.8817e-01
 3.9100e+00  1.8835e-01
 3.9200e+00  1.8853e-01
 3.9300e+00  1.8871e-01
 3.9400e+00  1.8888e-01
 3.9500e+00  1.8906e-01
 3.9600e+00  1.8923e-01
 3.9700e+00  1.8940e-01
 3.9800e+00  1.8957e-01
 3.9900e+00  1.8974e-01
 4.0000e+00  1.8990e-01
 4.0100e+00  1.9006e-01
 4.0200e+00  1.9022e-01
 4.0300e+00  1.9038e-01
 4.0400e+00  1.9054e-01
 4.0500e+00  1.9069e-01
 4.0600e+00  1.9084e-01
 4.0700e+00  1.9099e-01
 4.0800e+00  1.9114e-01
 4.0900e+00  1.9129e-01
 4.1000e+00  1.9143e-01
 4.1100e+00  1.9158e-01
 4.1200e+00  1.9172e-01
 4.1300e+00  1.9186e-01
 4.1400e+00  1.9200e-01
 4.1500e+00  1.9213e-01
 4.1600e+00  1.9227e-01
 4.1700e+00  1.9240e-01
 4.1800e+00  1.9253e-01
 4.1900e+00  1.9266e-01
 4.2000e+00  1.9278e-01
 4.2100e+00  1.9291e-01
 4.2200e+00  1.9303e-01
 4.2300e+00  1.9316e-01
 4.2400e+00  1.9328e-01
 4.2500e+00  1.9340e-01
 4.2600e+00  1.9351e-01
 4.2700e+00  1.9363e-01
 4.2800e+00  1.9374e-01
 4.2900e+00  1.9386e-01
 4.3000e+00  1.9397e-01
 4.3100e+00  1.9408e-01
 4.3200e+00  1.9419e-01
 4.3300e+00  1.9430e-01
 4.3400e+00  1.9440e-01
 4.3500e+00  1.9451e-01
 4.3600e+00  1.9461e-01
 4.3700e+00  1.9471e-01
 4.3800e+00  1.9481e-01
 4.3900e+00  1.9491e-01
 4.4000e+00  1.9501e-01
 4.4100e+00  1.9511e-01
 4.4200e+00  1.9520e-01
 4.4300e+00  1.9530e-01
 4.4400e+00  1.9539e-01
 4.4500e+00  1.9548e-01
 4.4600e+00  1.9557e-01
 4.4700e+00  1.9566e-01
 4.4800e+00  1.9575e-01
 4.4900e+00  1.9584e-01
 4.5000e+00  1.9593e-01
 4.5100e+00  1.9601e-01
 4.5200e+00  1.9610e-01
 4.5300e+00  1.9618e-01
 4.5400e+00  1.9626e-01
 4.5500e+00  1.9634e-01
 4.5600e+00  1.9642e-01
 4.5700e+00  1.9650e-01
 4.5800e+00  1.9658e-01
 4.5900e+00  1.9666e-01
 4.6000e+00  1.9673e-01
 4.6100e+00  1.9681e-01
 4.6200e+00  1.9688e-01
 4.6300e+00  1.9696e-01
 4.6400e+00  1.9703e-01
 4.6500e+00  1.9710e-01
 4.6600e+00  1.9717e-01
 4.6700e+00  1.9724e-01
 4.6800e+00  1.9731e-01
 4.6900e+00  1.9738e-01
 4.7000e+00  1.9745e-01
 4.7100e+00  1.9752e-01
 4.7200e+00  1.9758e-01
 4.7300e+00  1.9765e-01
 4.7400e+00  1.9771e-01
 4.7500e+00  1.9778e-01
 4.7600e+00  1.9784e-01
 4.7700e+00  1.9790e-01
 4.7800e+00  1.9796e-01
 4.7900e+00  1.9803e-01
 4.8000e+00  1.9809e-01
 4.8100e+00  1.9815e-01
 4.8200e+00  1.9820e-01
 4.8300e+00  1.9826e-01
 4.8400e+00  1.9832e-01
 4.8500e+00  1.9838e-01
 4.8600e+00  1.9843e-01
 4.8700e+00  1.9849e-01
 4.8800e+00  1.9854e-01
 4.8900e+00  1.9860e-01
 4.9000e+00  1.9865e-01
 4.9100e+00  1.9871e-01
 4.9200e+00  1.9876e-01
 4.9300e+00  1.9881e-01
 4.9400e+00  1.9886e-01
 4.9500e+00  1.9891e-01
 4.9600e+00  1.9896e-01
 4.9700e+00  1.9901e-01
 4.9800e+00  1.9906e-01
 4.9900e+00  1.9911e-01
 5.0000e+00  1.9916e-01
 5.0100e+00  1.9921e-01
 5.0200e+00  1.9925e-01
 5.0300e+00  1.9930e-01
 5.0400e+00  1.9935e-01
 5.0500e+00  1.9939e-01
 5.0600e+00  1.9944e-01
 5.0700e+00  1.9948e-01
 5.0800e+00  1.9952e-01
 5.0900e+00  1.9957e-01
 5.1000e+00  1.9961e-01
 5.1100e+00  1.9965e-01
 5.1200e+00  1.9970e-01
 5.1300e+00  1.9974e-01
 5.1400e+00  1.9978e-01
 5.1500e+00  1.9982e-01
 5.1600e+00  1.9986e-01
 5.1700e+00  1.9990e-01
 5.1800e+00  1.9994e-01
 5.1900e+00  1.9998e-01
 5.2000e+00  2.0002e-01
 5.2100e+00  2.0006e-01
 5.2200e+00  2.0009e-01
 5.2300e+00  2.0013e-01
 5.2400e+00  2.0017e-01
 5.2500e+00  2.0021e-01
 5.2600e+00  2.0024e-01
 5.2700e+00  2.0028e-01
 5.2800e+00  2.0031e-01
 5.2900e+00  2.0035e-01
 5.3000e+00  2.0038e-01
 5.3100e+00  2.0042e-01
 5.3200e+00  2.0045e-01
 5.3300e+00  2.0049e-01
 5.3400e+00  2.0052e-01
 5.3500e+00  2.0055e-01
 5.3600e+00  2.0059e-01
 5.3700e+00  2.0062e-01
 5.3800e+00  2.0065e-01
 5.3900e+00  2.0068e-01
 5.4000e+00  2.0071e-01
 5.4100e+00  2.0075e-01
 5.4200e+00  2.0078e-01
 5.4300e+00  2.0081e-01
 5.4400e+00  2.0084e-01
 5.4500e+00  2.0087e-01
 5.4600e+00  2.0090e-01
 5.4700e+00  2.0093e-01
 5.4800e+00  2.0096e-01
 5.4900e+00  2.0099e-01
 5.5000e+00  2.0101e-01
 5.5100e+00  2.0104e-01
 5.5200e+00  2.0107e-01
 5.5300e+00  2.0110e-01
 5.5400e+00  2.0113e-01
 5.5500e+00  2.0115e-01
 5.5600e+00  2.0118e-01
 5.5700e+00  2.0121e-01
 5.5800e+00  2.0123e-01
 5.5900e+00  2.0126e-01
 5.6000e+00  2.0128e-01
 5.6100e+00  2.0131e-01
 5.6200e+00  2.0134e-01
 5.6300e+00  2.0136e-01
 5.6400e+00  2.0139e-01
 5.6500e+00  2.0141e-01
 5.6600e+00  2.0144e-01
 5.6700e+00  2.0146e-01
 5.6800e+00  2.0148e-01
 5.6900e+00  2.0151e-01
 5.7000e+00  2.0153e-01
 5.7100e+00  2.0155e-01
 5.7200e+00  2.0158e-01
 5.7300e+00  2.0160e-01
 5.7400e+00  2.0162e-01
 5.7500e+00  2.0165e-01
 5.7600e+00  2.0167e-01
 5.7700e+00  2.0169e-01
 5.7800e+00  2.0171e-01
 5.7900e+00  2.0173e-01
 5.8000e+00  2.0176e-01
 5.8100e+00  2.0178e-01
 5.8200e+00  2.0180e-01
 5.8300e+00  2.0182e-01
 5.8400e+00  2.0184e-01
 5.8500e+00  2.0186e-01
 5.8600e+00  2.0188e-01
 5.8700e+00  2.0190e-01
 5.8800e+00  2.0192e-01
 5.8900e+00  2.0194e-01
 5.9000e+00  2.0196e-01
 5.9100e+00  2.0198e-01
 5.9200e+00  2.0200e-01
 5.9300e+00  2.0202e-01
 5.9400e+00  2.0204e-01
 5.9500e+00  2.0206e-01
 5.9600e+00  2.0207e-01
 5.9700e+00  2.0209e-01
 5.9800e+00  2.0211e-01
 5.9900e+00  2.0213e-01
 6.0000e+00  2.0215e-01
 6.0100e+00  2.0216e-01
 6.0200e+00  2.0218e-01
 6.0300e+00  2.0220e-01
 6.0400e+00  2.0222e-01
 6.0500e+00  2.0223e-01
 6.0600e+00  2.0225e-01
 6.0700e+00  2.0227e-01
 6.0800e+00  2.0228e-01
 6.0900e+00  2.0230e-01
 6.1000e+00  2.0232e-01
 6.1100e+00  2.0233e-01
 6.1200e+00  2.0235e-01
 6.1300e+00  2.0237e-01
 6.1400e+00  2.0238e-01
 6.1500e+00  2.0240e-01
 6.1600e+00  2.0241e-01
 6.1700e+00  2.0243e-01
 6.1800e+00  2.0244e-01
 6.1900e+00  2.0246e-01
 6.2000e+00  2.0247e-01
 6.2100e+00  2.0249e-01
 6.2200e+00  2.0250e-01
 6.2300e+00  2.0252e-01
 6.2400e+00  2.0253e-01
 6.2500e+00  2.0255e-01
 6.2600e+00  2.0256e-01
 6.2700e+00  2.0258e-01
 6.2800e+00  2.0259e-01
 6.2900e+00  2.0260e-01
 6.3000e+00  2.0262e-01
 6.3100e+00  2.0263e-01
 6.3200e+00  2.0265e-01
 6.3300e+00  2.0266e-01
 6.3400e+00  2.0267e-01
 6.3500e+00  2.0269e-01
 6.3600e+00  2.0270e-01
 6.3700e+00  2.0271e-01
 6.3800e+00  2.0272e-01
 6.3900e+00  2.0274e-01
 6.4000e+00  2.0275e-01
 6.4100e+00  2.0276e-01
 6.4200e+00  2.0278e-01
 6.4300e+00  2.0279e-01
 6.4400e+00  2.0280e-01
 6.4500e+00  2.0281e-01
 6.4600e+00  2.0282e-01
 6.4700e+00  2.0284e-01
 6.4800e+00  2.0285e-01
 6.4900e+00  2.0286e-01
 6.5000e+00  2.0287e-01
 6.5100e+00  2.0288e-01
 6.5200e+00  2.0290e-01
 6.5300e+00  2.0291e-01
 6.5400e+00  2.0292e-01
 6.5500e+00  2.0293e-01
 6.5600e+00  2.0294e-01
 6.5700e+00  2.0295e-01
 6.5800e+00  2.0296e-01
 6.5900e+00  2.0297e-01
 6.6000e+00  2.0298e-01
 6.6100e+00  2.0300e-01
 6.6200e+00  2.0301e-01
 6.6300e+00  2.0302e-01
 6.6400e+00  2.0303e-01
 6.6500e+00  2.0304e-01
 6.6600e+00  2.0305e-01
 6.6700e+00  2.0306e-01
 6.6800e+00  2.0307e-01
 6.6900e+00  2.0308e-01
 6.7000e+00  2.0309e-01
 6.7100e+00  2.0310e-01
 6.7200e+00  2.0311e-01
 6.7300e+00  2.0312e-01
 6.7400e+00  2.0313e-01
 6.7500e+00  2.0314e-01
 6.7600e+00  2.0315e-01
 6.7700e+00  2.0316e-01
 6.7800e+00  2.0317e-01
 6.7900e+00  2.0318e-01
 6.8000e+00  2.0318e-01
 6.8100e+00  2.0319e-01
 6.8200e+00  2.0320e-01
 6.8300e+00  2.0321e-01
 6.8400e+00  2.0322e-01
 6.8500e+00  2.0323e-01
 6.8600e+00  2.0324e-01
 6.8700e+00  2.0325e-01
 6.8800e+00  2.0326e-01
 6.8900e+00  2.0327e-01
 6.9000e+00  2.0327e-01
 6.9100e+00  2.0328e-01
 6.9200e+00  2.0329e-01
 6.9300e+00  2.0330e-01
 6.9400e+00  2.0331e-01
 6.9500e+00  2.0332e-01
 6.9600e+00  2.0332e-01
 6.9700e+00  2.0333e-01
 6.9800e+00  2.0334e-01
 6.9900e+00  2.0335e-01
 7.0000e+00  2.0336e-01
 7.0100e+00  2.0336e-01
 7.0200e+00  2.0337e-01
 7.0300e+00  2.0338e-01
 7.0400e+00  2.0339e-01
 7.0500e+00  2.0340e-01
 7.0600e+00  2.0340e-01
 7.0700e+00  2.0341e-01
 7.0800e+00  2.0342e-01
 7.0900e+00  2.0343e-01
 7.1000e+00  2.0343e-01
 7.1100e+00  2.0344e-01
 7.1200e+00  2.0345e-01
 7.1300e+00  2.0345e-01
 7.1400e+00  2.0346e-01
 7.1500e+00  2.0347e-01
 7.1600e+00  2.0348e-01
 7.1700e+00  2.0348e-01
 7.1800e+00  2.0349e-01
 7.1900e+00  2.0350e-01
 7.2000e+00  2.0350e-01
 7.2100e+00  2.0351e-01
 7.2200e+00  2.0352e-01
 7.2300e+00  2.0352e-01
 7.2400e+00  2.0353e-01
 7.2500e+00  2.0354e-01
 7.2600e+00  2.0354e-01
 7.2700e+00  2.0355e-01
 7.2800e+00  2.0356e-01
 7.2900e+00  2.0356e-01
 7.3000e+00  2.0357e-01
 7.3100e+00  2.0358e-01
 7.3200e+00  2.0358e-01
 7.3300e+00  2.0359e-01
 7.3400e+00  2.0360e-01
 7.3500e+00  2.0360e-01
 7.3600e+00  2.0361e-01
 7.3700e+00  2.0361e-01
 7.3800e+00  2.0362e-01
 7.3900e+00  2.0363e-01
 7.4000e+00  2.0363e-01
 7.4100e+00  2.0364e-01
 7.4200e+00  2.0364e-01
 7.4300e+00  2.0365e-01
 7.4400e+00  2.0366e-01
 7.4500e+00  2.0366e-01
 7.4600e+00  2.0367e-01
 7.4700e+00  2.0367e-01
 7.4800e+00  2.0368e-01
 7.4900e+00  2.0368e-01
 7.5000e+00  2.0369e-01
 7.5100e+00  2.0370e-01
 7.5200e+00  2.0370e-01
 7.5300e+00  2.0371e-01
 7.5400e+00  2.0371e-01
 7.5500e+00  2.0372e-01
 7.5600e+00  2.0372e-01
 7.5700e+00  2.0373e-01
 7.5800e+00  2.0373e-01
 7.5900e+00  2.0374e-01
 7.6000e+00  2.0374e-01
 7.6100e+00  2.0375e-01
 7.6200e+00  2.0375e-01
 7.6300e+00  2.0376e-01
 7.6400e+00  2.0376e-01
 7.6500e+00  2.0377e-01
 7.6600e+00  2.0377e-01
 7.6700e+00  2.0378e-01
 7.6800e+00  2.0378e-01
 7.6900e+00  2.0379e-01
 7.7000e+00  2.0379e-01
 7.7100e+00  2.0380e-01
 7.7200e+00  2.0380e-01
 7.7300e+00  2.0381e-01
 7.7400e+00  2.0381e-01
 7.7500e+00  2.0382e-01
 7.7600e+00  2.0382e-01
 7.7700e+00  2.0383e-01
 7.7800e+00  2.0383e-01
 7.7900e+00  2.0384e-01
 7.8000e+00  2.0384e-01
 7.8100e+00  2.0384e-01
 7.8200e+00  2.0385e-01
 7.8300e+00  2.0385e-01
 7.8400e+00  2.0386e-01
 7.8500e+00  2.0386e-01
 7.8600e+00  2.0387e-01
 7.8700e+00  2.0387e-01
 7.8800e+00  2.0388e-01
 7.8900e+00  2.0388e-01
 7.9000e+00  2.0388e-01
 7.9100e+00  2.0389e-01
 7.9200e+00  2.0389e-01
 7.9300e+00  2.0390e-01
 7.9400e+00  2.0390e-01
 7.9500e+00  2.0391e-01
 7.9600e+00  2.0391e-01
 7.9700e+00  2.0391e-01
 7.9800e+00  2.0392e-01
 7.9900e+00  2.0392e-01
 8.0000e+00  2.0393e-01
 8.0100e+00  2.0393e-01
 8.0200e+00  2.0393e-01
 8.0300e+00  2.0394e-01
 8.0400e+00  2.0394e-01
 8.0500e+00  2.0394e-01
 8.0600e+00  2.0395e-01
 8.0700e+00  2.0395e-01
 8.0800e+00  2.0396e-01
 8.0900e+00  2.0396e-01
 8.1000e+00  2.0396e-01
 8.1100e+00  2.0397e-01
 8.1200e+00  2.0397e-01
 8.1300e+00  2.0398e-01
 8.1400e+00  2.0398e-01
 8.1500e+00  2.0398e-01
 8.1600e+00  2.0399e-01
 8.1700e+00  2.0399e-01
 8.1800e+00  2.0399e-01
 8.1900e+00  2.0400e-01
 8.2000e+00  2.0400e-01
 8.2100e+00  2.0400e-01
 8.2200e+00  2.0401e-01
 8.2300e+00  2.0401e-01
 8.2400e+00  2.0401e-01
 8.2500e+00  2.0402e-01
 8.2600e+00  2.0402e-01
 8.2700e+00  2.0402e-01
 8.2800e+00  2.0403e-01
 8.2900e+00  2.0403e-01
 8.3000e+00  2.0403e-01
 8.3100e+00  2.0404e-01
 8.3200e+00  2.0404e-01
 8.3300e+00  2.0404e-01
 8.3400e+00  2.0405e-01
 8.3500e+00  2.0405e-01
 8.3600e+00  2.0405e-01
 8.3700e+00  2.0406e-01
 8.3800e+00  2.0406e-01
 8.3900e+00  2.0406e-01
 8.4000e+00  2.0407e-01
 8.4100e+00  2.0407e-01
 8.4200e+00  2.0407e-01
 8.4300e+00  2.0408e-01
 8.4400e+00  2.0408e-01
 8.4500e+00  2.0408e-01
 8.4600e+00  2.0408e-01
 8.4700e+00  2.0409e-01
 8.4800e+00  2.0409e-01
 8.4900e+00  2.0409e-01
 8.5000e+00  2.0410e-01
 8.5100e+00  2.0410e-01
 8.5200e+00  2.0410e-01
 8.5300e+00  2.0410e-01
 8.5400e+00  2.0411e-01
 8.5500e+00  2.0411e-01
 8.5600e+00  2.0411e-01
 8.5700e+00  2.0412e-01
 8.5800e+00  2.0412e-01
 8.5900e+00  2.0412e-01
 8.6000e+00  2.0412e-01
 8.6100e+00  2.0413e-01
 8.6200e+00  2.0413e-01
 8.6300e+00  2.0413e-01
 8.6400e+00  2.0414e-01
 8.6500e+00  2.0414e-01
 8.6600e+00  2.0414e-01
 8.6700e+00  2.0414e-01
 8.6800e+00  2.0415e-01
 8.6900e+00  2.0415e-01
 8.7000e+00  2.0415e-01
 8.7100e+00  2.0415e-01
 8.7200e+00  2.0416e-01
 8.7300e+00  2.0416e-01
 8.7400e+00  2.0416e-01
 8.7500e+00  2.0416e-01
 8.7600e+00  2.0417e-01
 8.7700e+00  2.0417e-01
 8.7800e+00  2.0417e-01
 8.7900e+00  2.0417e-01
 8.8000e+00  2.0418e-01
 8.8100e+00  2.0418e-01
 8.8200e+00  2.0418e-01
 8.8300e+00  2.0418e-01
 8.8400e+00  2.0419e-01
 8.8500e+00  2.0419e-01
 8.8600e+00  2.0419e-01
 8.8700e+00  2.0419e-01
 8.8800e+00  2.0420e-01
 8.8900e+00  2.0420e-01
 8.9000e+00  2.0420e-01
 8.9100e+00  2.0420e-01
 8.9200e+00  2.0420e-01
 8.9300e+00  2.0421e-01
 8.9400e+00  2.0421e-01
 8.9500e+00  2.0421e-01
 8.9600e+00  2.0421e-01
 8.9700e+00  2.0422e-01
 8.9800e+00  2.0422e-01
 8.9900e+00  2.0422e-01
 9.0000e+00  2.0422e-01
 9.0100e+00  2.0422e-01
 9.0200e+00  2.0423e-01
 9.0300e+00  2.0423e-01
 9.0400e+00  2.0423e-01
 9.0500e+00  2.0423e-01
 9.0600e+00  2.0424e-01
 9.0700e+00  2.0424e-01
 9.0800e+00  2.0424e-01
 9.0900e+00  2.0424e-01
 9.1000e+00  2.0424e-01
 9.1100e+00  2.0425e-01
 9.1200e+00  2.0425e-01
 9.1300e+00  2.0425e-01
 9.1400e+00  2.0425e-01
 9.1500e+00  2.0425e-01
 9.1600e+00  2.0426e-01
 9.1700e+00  2.0426e-01
 9.1800e+00  2.0426e-01
 9.1900e+00  2.0426e-01
 9.2000e+00  2.0426e-01
 9.2100e+00  2.0427e-01
 9.2200e+00  2.0427e-01
 9.2300e+00  2.0427e-01
 9.2400e+00  2.0427e-01
 9.2500e+00  2.0427e-01
 9.2600e+00  2.0428e-01
 9.2700e+00  2.0428e-01
 9.2800e+00  2.0428e-01
 9.2900e+00  2.0428e-01
 9.3000e+00  2.0428e-01
 9.3100e+00  2.0428e-01
 9.3200e+00  2.0429e-01
 9.3300e+00  2.0429e-01
 9.3400e+00  2.0429e-01
 9.3500e+00  2.0429e-01
 9.3600e+00  2.0429e-01
 9.3700e+00  2.0430e-01
 9.3800e+00  2.0430e-01
 9.3900e+00  2.0430e-01
 9.4000e+00  2.0430e-01
 9.4100e+00  2.0430e-01
 9.4200e+00  2.0430e-01
 9.4300e+00  2.0431e-01
 9.4400e+00  2.0431e-01
 9.4500e+00  2.0431e-01
 9.4600e+00  2.0431e-01
 9.4700e+00  2.0431e-01
 9.4800e+00  2.0431e-01
 9.4900e+00  2.0432e-01
 9.5000e+00  2.0432e-01
 9.5100e+00  2.0432e-01
 9.5200e+00  2.0432e-01
 9.5300e+00  2.0432e-01
 9.5400e+00  2.0432e-01
 9.5500e+00  2.0433e-01
 9.5600e+00  2.0433e-01
 9.5700e+00  2.0433e-01
 9.5800e+00  2.0433e-01
 9.5900e+00  2.0433e-01
 9.6000e+00  2.0433e-01
 9.6100e+00  2.0362e-01
 9.6200e+00  2.0333e-01
 9.6300e+00  2.0311e-01
 9.6400e+00  2.0292e-01
 9.6500e+00  2.0276e-01
 9.6600e+00  2.0262e-01
 9.6700e+00  2.0248e-01
 9.6800e+00  2.0236e-01
 9.6900e+00  2.0225e-01
 9.7000e+00  2.0214e-01
 9.7100e+00  2.0204e-01
 9.7200e+00  2.0194e-01
 9.7300e+00  2.0185e-01
 9.7400e+00  2.0176e-01
 9.7500e+00  2.0167e-01
 9.7600e+00  2.0159e-01
 9.7700e+00  2.0151e-01
 9.7800e+00  2.0144e-01
 9.7900e+00  2.0137e-01
 9.8000e+00  2.0129e-01
 9.8100e+00  2.0123e-01
 9.8200e+00  2.0116e-01
 9.8300e+00  2.0109e-01
 9.8400e+00  2.0103e-01
 9.8500e+00  2.0097e-01
 9.8600e+00  2.0091e-01
 9.8700e+00  2.0085e-01
 9.8800e+00  2.0079e-01
 9.8900e+00  2.0074e-01
 9.9000e+00  2.0068e-01
 9.9100e+00  2.0063e-01
 9.9200e+00  2.0058e-01
 9.9300e+00  2.0053e-01
 9.9400e+00  2.0047e-01
 9.9500e+00  2.0043e-01
 9.9600e+00  2.0038e-01
 9.9700e+00  2.0033e-01
 9.9800e+00  2.0028e-01
 9.9900e+00  2.0024e-01
