0.0010219978922 	 0
0.0020219978922 	 0.0
0.0030219978922 	 0.0
0.0040219978922 	 0.0
0.0050219978922 	 0.0
0.0060219978922 	 0.0
0.0070219978922 	 0.0
0.0080219978922 	 0.0
0.009021997892200002 	 0.0
0.010021997892200003 	 0.0
0.011021997892200004 	 0.0
0.012021997892200004 	 0.0
0.013021997892200005 	 0.0
0.014021997892200006 	 0.0
0.015021997892200007 	 0.0
0.016021997892200008 	 0.0
0.01702199789220001 	 0.0
0.01802199789220001 	 0.0
0.01902199789220001 	 0.0
0.02002199789220001 	 0.0
0.021021997892200012 	 0.0
0.022021997892200013 	 0.0
0.023021997892200014 	 0.0
0.024021997892200015 	 0.0
0.025021997892200016 	 0.0
0.026021997892200017 	 0.0
0.027021997892200018 	 0.0
0.02802199789220002 	 0.0
0.02902199789220002 	 0.0
0.03002199789220002 	 0.0
0.03102199789220002 	 0.0
0.03202199789220002 	 0.0
0.03302199789220002 	 0.0
0.03402199789220002 	 0.0
0.03502199789220002 	 0.0
0.03602199789220002 	 0.0
0.03702199789220002 	 0.0
0.038021997892200024 	 0.0
0.039021997892200025 	 0.0
0.040021997892200026 	 0.0
0.04102199789220003 	 0.0
0.04202199789220003 	 0.0
0.04302199789220003 	 0.0
0.04402199789220003 	 0.0
0.04502199789220003 	 0.0
0.04602199789220003 	 0.0
0.04702199789220003 	 0.0
0.04802199789220003 	 0.0
0.049021997892200034 	 0.0
0.050021997892200035 	 0.0
0.051021997892200036 	 0.0
0.052021997892200036 	 0.0
0.05302199789220004 	 0.0
0.05402199789220004 	 0.0
0.05502199789220004 	 0.0
0.05602199789220004 	 0.0
0.05702199789220004 	 0.0
0.05802199789220004 	 0.0
0.05902199789220004 	 0.0
0.060021997892200044 	 0.0
0.061021997892200044 	 0.0
0.062021997892200045 	 0.0
0.06302199789220005 	 0.0
0.06402199789220005 	 0.0
0.06502199789220005 	 0.0
0.06602199789220005 	 0.0
0.06702199789220005 	 0.0
0.06802199789220005 	 0.0
0.06902199789220005 	 0.0
0.07002199789220005 	 0.0
0.07102199789220005 	 0.0
0.07202199789220005 	 0.0
0.07302199789220006 	 0.0
0.07402199789220006 	 0.0
0.07502199789220006 	 0.0
0.07602199789220006 	 0.0
0.07702199789220006 	 0.0
0.07802199789220006 	 0.0
0.07902199789220006 	 0.0
0.08002199789220006 	 0.0
0.08102199789220006 	 0.0
0.08202199789220006 	 0.0
0.08302199789220006 	 0.0
0.08402199789220006 	 0.0
0.08502199789220007 	 0.0
0.08602199789220007 	 0.0
0.08702199789220007 	 0.0
0.08802199789220007 	 0.0
0.08902199789220007 	 0.0
0.09002199789220007 	 0.0
0.09102199789220007 	 0.0
0.09202199789220007 	 0.0
0.09302199789220007 	 0.0
0.09402199789220007 	 0.0
0.09502199789220007 	 0.0
0.09602199789220008 	 0.0
0.09702199789220008 	 0.0
0.09802199789220008 	 0.0
0.09902199789220008 	 0.0
0.10002199789220008 	 0.0
0.10102199789220008 	 0.0
0.10202199789220008 	 0.0
0.10302199789220008 	 0.0
0.10402199789220008 	 0.0
0.10502199789220008 	 0.0
0.10602199789220008 	 0.0
0.10702199789220009 	 0.0
0.10802199789220009 	 0.0
0.10902199789220009 	 0.0
0.11002199789220009 	 0.0
0.11102199789220009 	 0.0
0.11202199789220009 	 0.0
0.11302199789220009 	 0.0
0.11402199789220009 	 0.0
0.11502199789220009 	 0.0
0.1160219978922001 	 0.0
0.1170219978922001 	 0.0
0.1180219978922001 	 0.0
0.1190219978922001 	 0.0
0.1200219978922001 	 0.0
0.1210219978922001 	 0.0
0.1220219978922001 	 0.0
0.1230219978922001 	 0.0
0.1240219978922001 	 0.0
0.1250219978922001 	 0.0
0.1260219978922001 	 0.0
0.1270219978922001 	 0.0
0.1280219978922001 	 0.0
0.1290219978922001 	 0.0
0.1300219978922001 	 0.0
0.1310219978922001 	 0.0
0.1320219978922001 	 0.0
0.1330219978922001 	 0.0
0.1340219978922001 	 0.0
0.1350219978922001 	 0.0
0.1360219978922001 	 0.0
0.1370219978922001 	 0.0
0.1380219978922001 	 0.0
0.1390219978922001 	 0.0
0.1400219978922001 	 0.0
0.1410219978922001 	 0.0
0.1420219978922001 	 0.0
0.1430219978922001 	 0.0
0.1440219978922001 	 0.0
0.1450219978922001 	 0.0
0.1460219978922001 	 0.0
0.1470219978922001 	 0.0
0.1480219978922001 	 0.0
0.1490219978922001 	 0.0
0.1500219978922001 	 0.0
0.1510219978922001 	 0.0
0.1520219978922001 	 0.0
0.1530219978922001 	 0.0
0.1540219978922001 	 0.0
0.15502199789220011 	 0.0
0.15602199789220011 	 0.0
0.15702199789220012 	 0.0
0.15802199789220012 	 0.0
0.15902199789220012 	 0.0
0.16002199789220012 	 0.0
0.16102199789220012 	 0.0
0.16202199789220012 	 0.0
0.16302199789220012 	 0.0
0.16402199789220012 	 0.0
0.16502199789220012 	 0.0
0.16602199789220012 	 0.0
0.16702199789220012 	 0.0
0.16802199789220013 	 0.0
0.16902199789220013 	 0.0
0.17002199789220013 	 0.0
0.17102199789220013 	 0.0
0.17202199789220013 	 0.0
0.17302199789220013 	 0.0
0.17402199789220013 	 0.0
0.17502199789220013 	 0.0
0.17602199789220013 	 0.0
0.17702199789220013 	 0.0
0.17802199789220013 	 0.0
0.17902199789220014 	 0.0
0.18002199789220014 	 0.0
0.18102199789220014 	 0.0
0.18202199789220014 	 0.0
0.18302199789220014 	 0.0
0.18402199789220014 	 0.0
0.18502199789220014 	 0.0
0.18602199789220014 	 0.0
0.18702199789220014 	 0.0
0.18802199789220014 	 0.0
0.18902199789220014 	 0.0
0.19002199789220015 	 0.0
0.19102199789220015 	 0.0
0.19202199789220015 	 0.0
0.19302199789220015 	 0.0
0.19402199789220015 	 0.0
0.19502199789220015 	 0.0
0.19602199789220015 	 0.0
0.19702199789220015 	 0.0
0.19802199789220015 	 0.0
0.19902199789220015 	 0.0
0.20002199789220015 	 0.0
0.20102199789220015 	 0.0
0.20202199789220016 	 0.0
0.20302199789220016 	 0.0
0.20402199789220016 	 0.0
0.20502199789220016 	 0.0
0.20602199789220016 	 0.0
0.20702199789220016 	 0.0
0.20802199789220016 	 0.0
0.20902199789220016 	 0.0
0.21002199789220016 	 0.0
0.21102199789220016 	 0.0
0.21202199789220016 	 0.0
0.21302199789220017 	 0.0
0.21402199789220017 	 0.0
0.21502199789220017 	 0.0
0.21602199789220017 	 0.0
0.21702199789220017 	 0.0
0.21802199789220017 	 0.0
0.21902199789220017 	 0.0
0.22002199789220017 	 0.0
0.22102199789220017 	 0.0
0.22202199789220017 	 0.0
0.22302199789220017 	 0.0
0.22402199789220018 	 0.0
0.22502199789220018 	 0.0
0.22602199789220018 	 0.0
0.22702199789220018 	 0.0
0.22802199789220018 	 0.0
0.22902199789220018 	 0.0
0.23002199789220018 	 0.0
0.23102199789220018 	 0.0
0.23202199789220018 	 0.0
0.23302199789220018 	 0.0
0.23402199789220018 	 0.0
0.23502199789220019 	 0.0
0.23602199789220019 	 0.0
0.2370219978922002 	 0.0
0.2380219978922002 	 0.0
0.2390219978922002 	 0.0
0.2400219978922002 	 0.0
0.2410219978922002 	 0.0
0.2420219978922002 	 0.0
0.2430219978922002 	 0.0
0.2440219978922002 	 0.0
0.2450219978922002 	 0.0
0.2460219978922002 	 0.0
0.2470219978922002 	 0.0
0.2480219978922002 	 0.0
0.2490219978922002 	 0.0
0.2500219978922002 	 0.0
0.2510219978922002 	 0.0
0.2520219978922002 	 0.0
0.2530219978922002 	 0.0
0.2540219978922002 	 0.0
0.2550219978922002 	 0.0
0.2560219978922002 	 0.0
0.2570219978922002 	 0.0
0.2580219978922002 	 0.0
0.2590219978922002 	 0.0
0.2600219978922002 	 0.0
0.2610219978922002 	 0.0
0.2620219978922002 	 0.0
0.2630219978922002 	 0.0
0.2640219978922002 	 0.0
0.2650219978922002 	 0.0
0.2660219978922002 	 0.0
0.2670219978922002 	 0.0
0.2680219978922002 	 0.0
0.2690219978922002 	 0.0
0.2700219978922002 	 0.0
0.2710219978922002 	 0.0
0.2720219978922002 	 0.0
0.2730219978922002 	 0.0
0.2740219978922002 	 0.0
0.2750219978922002 	 0.0
0.2760219978922002 	 0.0
0.2770219978922002 	 0.0
0.2780219978922002 	 0.0
0.2790219978922002 	 0.0
0.2800219978922002 	 0.0
0.2810219978922002 	 0.0
0.2820219978922002 	 0.0
0.2830219978922002 	 0.0
0.28402199789220023 	 0.0
0.28502199789220023 	 0.0
0.28602199789220023 	 0.0
0.28702199789220023 	 0.0
0.28802199789220023 	 0.0
0.28902199789220023 	 0.0
0.29002199789220023 	 0.0
0.29102199789220023 	 0.0
0.29202199789220024 	 0.0
0.29302199789220024 	 0.0
0.29402199789220024 	 0.0
0.29502199789220024 	 0.0
0.29602199789220024 	 0.0
0.29702199789220024 	 0.0
0.29802199789220024 	 0.0
0.29902199789220024 	 0.0
0.30002199789220024 	 0.0
0.30102199789220024 	 0.0
0.30202199789220024 	 0.0
0.30302199789220025 	 0.0
0.30402199789220025 	 0.0
0.30502199789220025 	 0.0
0.30602199789220025 	 0.0
0.30702199789220025 	 0.0
0.30802199789220025 	 0.0
0.30902199789220025 	 0.0
0.31002199789220025 	 0.0
0.31102199789220025 	 0.0
0.31202199789220025 	 0.0
0.31302199789220025 	 0.0
0.31402199789220026 	 0.0
0.31502199789220026 	 0.0
0.31602199789220026 	 0.0
0.31702199789220026 	 0.0
0.31802199789220026 	 0.0
0.31902199789220026 	 0.0
0.32002199789220026 	 0.0
0.32102199789220026 	 0.0
0.32202199789220026 	 0.0
0.32302199789220026 	 0.0
0.32402199789220026 	 0.0
0.32502199789220027 	 0.0
0.32602199789220027 	 0.0
0.32702199789220027 	 0.0
0.32802199789220027 	 0.0
0.32902199789220027 	 0.0
0.33002199789220027 	 0.0
0.33102199789220027 	 0.0
0.33202199789220027 	 0.0
0.33302199789220027 	 0.0
0.3340219978922003 	 0.0
0.3350219978922003 	 0.0
0.3360219978922003 	 0.0
0.3370219978922003 	 0.0
0.3380219978922003 	 0.0
0.3390219978922003 	 0.0
0.3400219978922003 	 0.0
0.3410219978922003 	 0.0
0.3420219978922003 	 0.0
0.3430219978922003 	 0.0
0.3440219978922003 	 0.0
0.3450219978922003 	 0.0
0.3460219978922003 	 0.0
0.3470219978922003 	 0.0
0.3480219978922003 	 0.0
0.3490219978922003 	 0.0
0.3500219978922003 	 0.0
0.3510219978922003 	 0.0
0.3520219978922003 	 0.0
0.3530219978922003 	 0.0
0.3540219978922003 	 0.0
0.3550219978922003 	 0.0
0.3560219978922003 	 0.0
0.3570219978922003 	 0.0
0.3580219978922003 	 0.0
0.3590219978922003 	 0.0
0.3600219978922003 	 0.0
0.3610219978922003 	 0.0
0.3620219978922003 	 0.0
0.3630219978922003 	 0.0
0.3640219978922003 	 0.0
0.3650219978922003 	 0.0
0.3660219978922003 	 0.0
0.3670219978922003 	 0.0
0.3680219978922003 	 0.0
0.3690219978922003 	 0.0
0.3700219978922003 	 0.0
0.3710219978922003 	 0.0
0.3720219978922003 	 0.0
0.3730219978922003 	 0.0
0.3740219978922003 	 0.0
0.3750219978922003 	 0.0
0.3760219978922003 	 0.0
0.3770219978922003 	 0.0
0.3780219978922003 	 0.0
0.3790219978922003 	 0.0
0.3800219978922003 	 0.0
0.3810219978922003 	 0.0
0.3820219978922003 	 0.0
0.3830219978922003 	 0.0
0.3840219978922003 	 0.0
0.3850219978922003 	 0.0
0.3860219978922003 	 0.0
0.3870219978922003 	 0.0
0.3880219978922003 	 0.0
0.3890219978922003 	 0.0
0.3900219978922003 	 0.0
0.3910219978922003 	 0.0
0.3920219978922003 	 0.0
0.3930219978922003 	 0.0
0.3940219978922003 	 0.0
0.3950219978922003 	 0.0
0.39602199789220033 	 0.0
0.39702199789220033 	 0.0
0.39802199789220033 	 0.0
0.39902199789220033 	 0.0
0.40002199789220033 	 0.0
0.40102199789220033 	 0.0
0.40202199789220033 	 0.0
0.40302199789220033 	 0.0
0.40402199789220034 	 0.0
0.40502199789220034 	 0.0
0.40602199789220034 	 0.0
0.40702199789220034 	 0.0
0.40802199789220034 	 0.0
0.40902199789220034 	 0.0
0.41002199789220034 	 0.0
0.41102199789220034 	 0.0
0.41202199789220034 	 0.0
0.41302199789220034 	 0.0
0.41402199789220034 	 0.0
0.41502199789220034 	 0.0
0.41602199789220035 	 0.0
0.41702199789220035 	 0.0
0.41802199789220035 	 0.0
0.41902199789220035 	 0.0
0.42002199789220035 	 0.0
0.42102199789220035 	 0.0
0.42202199789220035 	 0.0
0.42302199789220035 	 0.0
0.42402199789220035 	 0.0
0.42502199789220035 	 0.0
0.42602199789220035 	 0.0
0.42702199789220036 	 0.0
0.42802199789220036 	 0.0
0.42902199789220036 	 0.0
0.43002199789220036 	 0.0
0.43102199789220036 	 0.0
0.43202199789220036 	 0.0
0.43302199789220036 	 0.0
0.43402199789220036 	 0.0
0.43502199789220036 	 0.0
0.43602199789220036 	 0.0
0.43702199789220036 	 0.0
0.43802199789220037 	 0.0
0.43902199789220037 	 0.0
0.44002199789220037 	 0.0
0.44102199789220037 	 0.0
0.44202199789220037 	 0.0
0.44302199789220037 	 0.0
0.44402199789220037 	 0.0
0.44502199789220037 	 0.0
0.4460219978922004 	 0.0
0.4470219978922004 	 0.0
0.4480219978922004 	 0.0
0.4490219978922004 	 0.0
0.4500219978922004 	 0.0
0.4510219978922004 	 0.0
0.4520219978922004 	 0.0
0.4530219978922004 	 0.0
0.4540219978922004 	 0.0
0.4550219978922004 	 0.0
0.4560219978922004 	 0.0
0.4570219978922004 	 0.0
0.4580219978922004 	 0.0
0.4590219978922004 	 0.0
0.4600219978922004 	 0.0
0.4610219978922004 	 0.0
0.4620219978922004 	 0.0
0.4630219978922004 	 0.0
0.4640219978922004 	 0.0
0.4650219978922004 	 0.0
0.4660219978922004 	 0.0
0.4670219978922004 	 0.0
0.4680219978922004 	 0.0
0.4690219978922004 	 0.0
0.4700219978922004 	 0.0
0.4710219978922004 	 0.0
0.4720219978922004 	 0.0
0.4730219978922004 	 0.0
0.4740219978922004 	 0.0
0.4750219978922004 	 0.0
0.4760219978922004 	 0.0
0.4770219978922004 	 0.0
0.4780219978922004 	 0.0
0.4790219978922004 	 0.0
0.4800219978922004 	 0.0
0.4810219978922004 	 0.0
0.4820219978922004 	 0.0
0.4830219978922004 	 0.0
0.4840219978922004 	 0.0
0.4850219978922004 	 0.0
0.4860219978922004 	 0.0
0.4870219978922004 	 0.0
0.4880219978922004 	 0.0
0.4890219978922004 	 0.0
0.4900219978922004 	 0.0
0.4910219978922004 	 0.0
0.4920219978922004 	 0.0
0.4930219978922004 	 0.0
0.4940219978922004 	 0.0
0.4950219978922004 	 0.0
0.4960219978922004 	 0.0
0.4970219978922004 	 0.0
0.4980219978922004 	 0.0
0.4990219978922004 	 0.0
0.5000219978922004 	 0.0
0.5010219978922004 	 0.0
0.5020219978922004 	 0.0
0.5030219978922004 	 0.0
0.5040219978922004 	 0.0
0.5050219978922004 	 0.0
0.5060219978922004 	 0.0
0.5070219978922004 	 0.0
0.5080219978922004 	 0.0
0.5090219978922004 	 0.0
0.5100219978922004 	 0.0
0.5110219978922004 	 0.0
0.5120219978922004 	 0.0
0.5130219978922004 	 0.0
0.5140219978922004 	 0.0
0.5150219978922004 	 0.0
0.5160219978922004 	 0.0
0.5170219978922004 	 0.0
0.5180219978922004 	 0.0
0.5190219978922004 	 0.0
0.5200219978922004 	 0.0
0.5210219978922004 	 0.0
0.5220219978922004 	 0.0
0.5230219978922004 	 0.0
0.5240219978922004 	 0.0
0.5250219978922004 	 0.0
0.5260219978922004 	 0.0
0.5270219978922004 	 0.0
0.5280219978922004 	 0.0
0.5290219978922004 	 0.0
0.5300219978922004 	 0.0
0.5310219978922004 	 0.0
0.5320219978922004 	 0.0
0.5330219978922004 	 0.0
0.5340219978922004 	 0.0
0.5350219978922004 	 0.0
0.5360219978922004 	 0.0
0.5370219978922004 	 0.0
0.5380219978922004 	 0.0
0.5390219978922004 	 0.0
0.5400219978922004 	 0.0
0.5410219978922004 	 0.0
0.5420219978922004 	 0.0
0.5430219978922004 	 0.0
0.5440219978922004 	 0.0
0.5450219978922004 	 0.0
0.5460219978922004 	 0.0
0.5470219978922004 	 0.0
0.5480219978922004 	 0.0
0.5490219978922004 	 0.0
0.5500219978922004 	 0.0
0.5510219978922004 	 0.0
0.5520219978922004 	 0.0
0.5530219978922004 	 0.0
0.5540219978922004 	 0.0
0.5550219978922004 	 0.0
0.5560219978922004 	 0.0
0.5570219978922004 	 0.0
0.5580219978922004 	 0.0
0.5590219978922004 	 0.0
0.5600219978922004 	 0.0
0.5610219978922004 	 0.0
0.5620219978922004 	 0.0
0.5630219978922004 	 0.0
0.5640219978922004 	 0.0
0.5650219978922004 	 0.0
0.5660219978922004 	 0.0
0.5670219978922004 	 0.0
0.5680219978922004 	 0.0
0.5690219978922004 	 0.0
0.5700219978922004 	 0.0
0.5710219978922004 	 0.0
0.5720219978922004 	 0.0
0.5730219978922004 	 0.0
0.5740219978922004 	 0.0
0.5750219978922004 	 0.0
0.5760219978922004 	 0.0
0.5770219978922004 	 0.0
0.5780219978922004 	 0.0
0.5790219978922004 	 0.0
0.5800219978922004 	 0.0
0.5810219978922004 	 0.0
0.5820219978922004 	 0.0
0.5830219978922004 	 0.0
0.5840219978922004 	 0.0
0.5850219978922004 	 0.0
0.5860219978922004 	 0.0
0.5870219978922004 	 0.0
0.5880219978922004 	 0.0
0.5890219978922004 	 0.0
0.5900219978922004 	 0.0
0.5910219978922004 	 0.0
0.5920219978922004 	 0.0
0.5930219978922004 	 0.0
0.5940219978922004 	 0.0
0.5950219978922004 	 0.0
0.5960219978922005 	 0.0
0.5970219978922005 	 0.0
0.5980219978922005 	 0.0
0.5990219978922005 	 0.0
0.6000219978922005 	 0.0
0.6010219978922005 	 0.0
0.6020219978922005 	 0.0
0.6030219978922005 	 0.0
0.6040219978922005 	 0.0
0.6050219978922005 	 0.0
0.6060219978922005 	 0.0
0.6070219978922005 	 0.0
0.6080219978922005 	 0.0
0.6090219978922005 	 0.0
0.6100219978922005 	 0.0
0.6110219978922005 	 0.0
0.6120219978922005 	 0.0
0.6130219978922005 	 0.0
0.6140219978922005 	 0.0
0.6150219978922005 	 0.0
0.6160219978922005 	 0.0
0.6170219978922005 	 0.0
0.6180219978922005 	 0.0
0.6190219978922005 	 0.0
0.6200219978922005 	 0.0
0.6210219978922005 	 0.0
0.6220219978922005 	 0.0
0.6230219978922005 	 0.0
0.6240219978922005 	 0.0
0.6250219978922005 	 0.0
0.6260219978922005 	 0.0
0.6270219978922005 	 0.0
0.6280219978922005 	 0.0
0.6290219978922005 	 0.0
0.6300219978922005 	 0.0
0.6310219978922005 	 0.0
0.6320219978922005 	 0.0
0.6330219978922005 	 0.0
0.6340219978922005 	 0.0
0.6350219978922005 	 0.0
0.6360219978922005 	 0.0
0.6370219978922005 	 0.0
0.6380219978922005 	 0.0
0.6390219978922005 	 0.0
0.6400219978922005 	 0.0
0.6410219978922005 	 0.0
0.6420219978922005 	 0.0
0.6430219978922005 	 0.0
0.6440219978922005 	 0.0
0.6450219978922005 	 0.0
0.6460219978922005 	 0.0
0.6470219978922005 	 0.0
0.6480219978922005 	 0.0
0.6490219978922005 	 0.0
0.6500219978922005 	 0.0
0.6510219978922005 	 0.0
0.6520219978922005 	 0.0
0.6530219978922005 	 0.0
0.6540219978922005 	 0.0
0.6550219978922005 	 0.0
0.6560219978922005 	 0.0
0.6570219978922005 	 0.0
0.6580219978922005 	 0.0
0.6590219978922005 	 0.0
0.6600219978922005 	 0.0
0.6610219978922005 	 0.0
0.6620219978922005 	 0.0
0.6630219978922005 	 0.0
0.6640219978922005 	 0.0
0.6650219978922005 	 0.0
0.6660219978922005 	 0.0
0.6670219978922005 	 0.0
0.6680219978922005 	 0.0
0.6690219978922005 	 0.0
0.6700219978922005 	 0.0
0.6710219978922005 	 0.0
0.6720219978922005 	 0.0
0.6730219978922005 	 0.0
0.6740219978922005 	 0.0
0.6750219978922005 	 0.0
0.6760219978922005 	 0.0
0.6770219978922005 	 0.0
0.6780219978922005 	 0.0
0.6790219978922005 	 0.0
0.6800219978922005 	 0.0
0.6810219978922005 	 0.0
0.6820219978922005 	 0.0
0.6830219978922005 	 0.0
0.6840219978922005 	 0.0
0.6850219978922005 	 0.0
0.6860219978922005 	 0.0
0.6870219978922005 	 0.0
0.6880219978922005 	 0.0
0.6890219978922005 	 0.0
0.6900219978922005 	 0.0
0.6910219978922005 	 0.0
0.6920219978922005 	 0.0
0.6930219978922005 	 0.0
0.6940219978922005 	 0.0
0.6950219978922005 	 0.0
0.6960219978922005 	 0.0
0.6970219978922005 	 0.0
0.6980219978922005 	 0.0
0.6990219978922005 	 0.0
0.7000219978922005 	 0.0
0.7010219978922005 	 0.0
0.7020219978922005 	 0.0
0.7030219978922005 	 0.0
0.7040219978922005 	 0.0
0.7050219978922005 	 0.0
0.7060219978922005 	 0.0
0.7070219978922005 	 0.0
0.7080219978922005 	 0.0
0.7090219978922006 	 0.0
0.7100219978922006 	 0.0
0.7110219978922006 	 0.0
0.7120219978922006 	 0.0
0.7130219978922006 	 0.0
0.7140219978922006 	 0.0
0.7150219978922006 	 0.0
0.7160219978922006 	 0.0
0.7170219978922006 	 0.0
0.7180219978922006 	 0.0
0.7190219978922006 	 0.0
0.7200219978922006 	 0.0
0.7210219978922006 	 0.0
0.7220219978922006 	 0.0
0.7230219978922006 	 0.0
0.7240219978922006 	 0.0
0.7250219978922006 	 0.0
0.7260219978922006 	 0.0
0.7270219978922006 	 0.0
0.7280219978922006 	 0.0
0.7290219978922006 	 0.0
0.7300219978922006 	 0.0
0.7310219978922006 	 0.0
0.7320219978922006 	 0.0
0.7330219978922006 	 0.0
0.7340219978922006 	 0.0
0.7350219978922006 	 0.0
0.7360219978922006 	 0.0
0.7370219978922006 	 0.0
0.7380219978922006 	 0.0
0.7390219978922006 	 0.0
0.7400219978922006 	 0.0
0.7410219978922006 	 0.0
0.7420219978922006 	 0.0
0.7430219978922006 	 0.0
0.7440219978922006 	 0.0
0.7450219978922006 	 0.0
0.7460219978922006 	 0.0
0.7470219978922006 	 0.0
0.7480219978922006 	 0.0
0.7490219978922006 	 0.0
0.7500219978922006 	 0.0
0.7510219978922006 	 0.0
0.7520219978922006 	 0.0
0.7530219978922006 	 0.0
0.7540219978922006 	 0.0
0.7550219978922006 	 0.0
0.7560219978922006 	 0.0
0.7570219978922006 	 0.0
0.7580219978922006 	 0.0
0.7590219978922006 	 0.0
0.7600219978922006 	 0.0
0.7610219978922006 	 0.0
0.7620219978922006 	 0.0
0.7630219978922006 	 0.0
0.7640219978922006 	 0.0
0.7650219978922006 	 0.0
0.7660219978922006 	 0.0
0.7670219978922006 	 0.0
0.7680219978922006 	 0.0
0.7690219978922006 	 0.0
0.7700219978922006 	 0.0
0.7710219978922006 	 0.0
0.7720219978922006 	 0.0
0.7730219978922006 	 0.0
0.7740219978922006 	 0.0
0.7750219978922006 	 0.0
0.7760219978922006 	 0.0
0.7770219978922006 	 0.0
0.7780219978922006 	 0.0
0.7790219978922006 	 0.0
0.7800219978922006 	 0.0
0.7810219978922006 	 0.0
0.7820219978922006 	 0.0
0.7830219978922006 	 0.0
0.7840219978922006 	 0.0
0.7850219978922006 	 0.0
0.7860219978922006 	 0.0
0.7870219978922006 	 0.0
0.7880219978922006 	 0.0
0.7890219978922006 	 0.0
0.7900219978922006 	 0.0
0.7910219978922006 	 0.0
0.7920219978922006 	 0.0
0.7930219978922006 	 0.0
0.7940219978922006 	 0.0
0.7950219978922006 	 0.0
0.7960219978922006 	 0.0
0.7970219978922006 	 0.0
0.7980219978922006 	 0.0
0.7990219978922006 	 0.0
0.8000219978922006 	 0.0
0.8010219978922006 	 0.0
0.8020219978922006 	 0.0
0.8030219978922006 	 0.0
0.8040219978922006 	 0.0
0.8050219978922006 	 0.0
0.8060219978922006 	 0.0
0.8070219978922006 	 0.0
0.8080219978922006 	 0.0
0.8090219978922006 	 0.0
0.8100219978922006 	 0.0
0.8110219978922006 	 0.0
0.8120219978922006 	 0.0
0.8130219978922006 	 0.0
0.8140219978922006 	 0.0
0.8150219978922006 	 0.0
0.8160219978922006 	 0.0
0.8170219978922006 	 0.0
0.8180219978922006 	 0.0
0.8190219978922006 	 0.0
0.8200219978922006 	 0.0
0.8210219978922007 	 0.0
0.8220219978922007 	 0.0
0.8230219978922007 	 0.0
0.8240219978922007 	 0.0
0.8250219978922007 	 0.0
0.8260219978922007 	 0.0
0.8270219978922007 	 0.0
0.8280219978922007 	 0.0
0.8290219978922007 	 0.0
0.8300219978922007 	 0.0
0.8310219978922007 	 0.0
0.8320219978922007 	 0.0
0.8330219978922007 	 0.0
0.8340219978922007 	 0.0
0.8350219978922007 	 0.0
0.8360219978922007 	 0.0
0.8370219978922007 	 0.0
0.8380219978922007 	 0.0
0.8390219978922007 	 0.0
0.8400219978922007 	 0.0
0.8410219978922007 	 0.0
0.8420219978922007 	 0.0
0.8430219978922007 	 0.0
0.8440219978922007 	 0.0
0.8450219978922007 	 0.0
0.8460219978922007 	 0.0
0.8470219978922007 	 0.0
0.8480219978922007 	 0.0
0.8490219978922007 	 0.0
0.8500219978922007 	 0.0
0.8510219978922007 	 0.0
0.8520219978922007 	 0.0
0.8530219978922007 	 0.0
0.8540219978922007 	 0.0
0.8550219978922007 	 0.0
0.8560219978922007 	 0.0
0.8570219978922007 	 0.0
0.8580219978922007 	 0.0
0.8590219978922007 	 0.0
0.8600219978922007 	 0.0
0.8610219978922007 	 0.0
0.8620219978922007 	 0.0
0.8630219978922007 	 0.0
0.8640219978922007 	 0.0
0.8650219978922007 	 0.0
0.8660219978922007 	 0.0
0.8670219978922007 	 0.0
0.8680219978922007 	 0.0
0.8690219978922007 	 0.0
0.8700219978922007 	 0.0
0.8710219978922007 	 0.0
0.8720219978922007 	 0.0
0.8730219978922007 	 0.0
0.8740219978922007 	 0.0
0.8750219978922007 	 0.0
0.8760219978922007 	 0.0
0.8770219978922007 	 0.0
0.8780219978922007 	 0.0
0.8790219978922007 	 0.0
0.8800219978922007 	 0.0
0.8810219978922007 	 0.0
0.8820219978922007 	 0.0
0.8830219978922007 	 0.0
0.8840219978922007 	 0.0
0.8850219978922007 	 0.0
0.8860219978922007 	 0.0
0.8870219978922007 	 0.0
0.8880219978922007 	 0.0
0.8890219978922007 	 0.0
0.8900219978922007 	 0.0
0.8910219978922007 	 0.0
0.8920219978922007 	 0.0
0.8930219978922007 	 0.0
0.8940219978922007 	 0.0
0.8950219978922007 	 0.0
0.8960219978922007 	 0.0
0.8970219978922007 	 0.0
0.8980219978922007 	 0.0
0.8990219978922007 	 0.0
0.9000219978922007 	 0.0
0.9010219978922007 	 0.0
0.9020219978922007 	 0.0
0.9030219978922007 	 0.0
0.9040219978922007 	 0.0
0.9050219978922007 	 0.0
0.9060219978922007 	 0.0
0.9070219978922007 	 0.0
0.9080219978922007 	 0.0
0.9090219978922007 	 0.0
0.9100219978922007 	 0.0
0.9110219978922007 	 0.0
0.9120219978922007 	 0.0
0.9130219978922007 	 0.0
0.9140219978922007 	 0.0
0.9150219978922007 	 0.0
0.9160219978922007 	 0.0
0.9170219978922007 	 0.0
0.9180219978922007 	 0.0
0.9190219978922007 	 0.0
0.9200219978922007 	 0.0
0.9210219978922007 	 0.0
0.9220219978922007 	 0.0
0.9230219978922007 	 0.0
0.9240219978922007 	 0.0
0.9250219978922007 	 0.0
0.9260219978922007 	 0.0
0.9270219978922007 	 0.0
0.9280219978922007 	 0.0
0.9290219978922007 	 0.0
0.9300219978922007 	 0.0
0.9310219978922007 	 0.0
0.9320219978922007 	 0.0
0.9330219978922007 	 0.0
0.9340219978922008 	 0.0
0.9350219978922008 	 0.0
0.9360219978922008 	 0.0
0.9370219978922008 	 0.0
0.9380219978922008 	 0.0
0.9390219978922008 	 0.0
0.9400219978922008 	 0.0
0.9410219978922008 	 0.0
0.9420219978922008 	 0.0
0.9430219978922008 	 0.0
0.9440219978922008 	 0.0
0.9450219978922008 	 0.0
0.9460219978922008 	 0.0
0.9470219978922008 	 0.0
0.9480219978922008 	 0.0
0.9490219978922008 	 0.0
0.9500219978922008 	 0.0
0.9510219978922008 	 0.0
0.9520219978922008 	 0.0
0.9530219978922008 	 0.0
0.9540219978922008 	 0.0
0.9550219978922008 	 0.0
0.9560219978922008 	 0.0
0.9570219978922008 	 0.0
0.9580219978922008 	 0.0
0.9590219978922008 	 0.0
0.9600219978922008 	 0.0
0.9610219978922008 	 0.0
0.9620219978922008 	 0.0
0.9630219978922008 	 0.0
0.9640219978922008 	 0.0
0.9650219978922008 	 0.0
0.9660219978922008 	 0.0
0.9670219978922008 	 0.0
0.9680219978922008 	 0.0
0.9690219978922008 	 0.0
0.9700219978922008 	 0.0
0.9710219978922008 	 0.0
0.9720219978922008 	 0.0
0.9730219978922008 	 0.0
0.9740219978922008 	 0.0
0.9750219978922008 	 0.0
0.9760219978922008 	 0.0
0.9770219978922008 	 0.0
0.9780219978922008 	 0.0
0.9790219978922008 	 0.0
0.9800219978922008 	 0.0
0.9810219978922008 	 0.0
0.9820219978922008 	 0.0
0.9830219978922008 	 0.0
0.9840219978922008 	 0.0
0.9850219978922008 	 0.0
0.9860219978922008 	 0.0
0.9870219978922008 	 0.0
0.9880219978922008 	 0.0
0.9890219978922008 	 0.0
0.9900219978922008 	 0.0
0.9910219978922008 	 0.0
0.9920219978922008 	 0.0
0.9930219978922008 	 0.0
0.9940219978922008 	 0.0
0.9950219978922008 	 0.0
0.9960219978922008 	 0.0
0.9970219978922008 	 0.0
0.9980219978922008 	 0.0
0.9990219978922008 	 0.0
1.0000219978922007 	 0.0
1.0010219978922006 	 0.0
1.0020219978922005 	 0.0
1.0030219978922004 	 0.0
1.0040219978922003 	 0.0
1.0050219978922001 	 0.0
1.0060219978922 	 0.0
1.0070219978922 	 0.0
1.0080219978921998 	 0.0
1.0090219978921997 	 0.0
1.0100219978921996 	 0.0
1.0110219978921995 	 0.0
1.0120219978921994 	 0.0
1.0130219978921993 	 0.0
1.0140219978921992 	 0.0
1.015021997892199 	 0.0
1.016021997892199 	 0.0
1.0170219978921988 	 0.0
1.0180219978921987 	 0.0
1.0190219978921986 	 0.0
1.0200219978921985 	 0.0
1.0210219978921984 	 0.0
1.0220219978921983 	 0.0
1.0230219978921982 	 0.0
1.024021997892198 	 0.0
1.025021997892198 	 0.0
1.0260219978921978 	 0.0
1.0270219978921977 	 0.0
1.0280219978921976 	 0.0
1.0290219978921975 	 0.0
1.0300219978921974 	 0.0
1.0310219978921973 	 0.0
1.0320219978921972 	 0.0
1.033021997892197 	 0.0
1.034021997892197 	 0.0
1.0350219978921968 	 0.0
1.0360219978921967 	 0.0
1.0370219978921966 	 0.0
1.0380219978921965 	 0.0
1.0390219978921964 	 0.0
1.0400219978921963 	 0.0
1.0410219978921962 	 0.0
1.042021997892196 	 0.0
1.043021997892196 	 0.0
1.0440219978921959 	 0.0
1.0450219978921957 	 0.0
1.0460219978921956 	 0.0
1.0470219978921955 	 0.0
1.0480219978921954 	 0.0
1.0490219978921953 	 0.0
1.0500219978921952 	 0.0
1.051021997892195 	 0.0
1.052021997892195 	 0.0
1.0530219978921949 	 0.0
1.0540219978921948 	 0.0
1.0550219978921946 	 0.0
1.0560219978921945 	 0.0
1.0570219978921944 	 0.0
1.0580219978921943 	 0.0
1.0590219978921942 	 0.0
1.060021997892194 	 0.0
1.061021997892194 	 0.0
1.0620219978921939 	 0.0
1.0630219978921938 	 0.0
1.0640219978921936 	 0.0
1.0650219978921935 	 0.0
1.0660219978921934 	 0.0
1.0670219978921933 	 0.0
1.0680219978921932 	 0.0
1.069021997892193 	 0.0
1.070021997892193 	 0.0
1.0710219978921929 	 0.0
1.0720219978921928 	 0.0
1.0730219978921927 	 0.0
1.0740219978921925 	 0.0
1.0750219978921924 	 0.0
1.0760219978921923 	 0.0
1.0770219978921922 	 0.0
1.078021997892192 	 0.0
1.079021997892192 	 0.0
1.0800219978921919 	 0.0
1.0810219978921918 	 0.0
1.0820219978921917 	 0.0
1.0830219978921916 	 0.0
1.0840219978921914 	 0.0
1.0850219978921913 	 0.0
1.0860219978921912 	 0.0
1.0870219978921911 	 0.0
1.088021997892191 	 0.0
1.089021997892191 	 0.0
1.0900219978921908 	 0.0
1.0910219978921907 	 0.0
1.0920219978921906 	 0.0
1.0930219978921905 	 0.0
1.0940219978921903 	 0.0
1.0950219978921902 	 0.0
1.0960219978921901 	 0.0
1.09702199789219 	 0.0
1.09802199789219 	 0.0
1.0990219978921898 	 0.0
1.1000219978921897 	 0.0
1.1010219978921896 	 0.0
1.1020219978921895 	 0.0
1.1030219978921894 	 0.0
1.1040219978921892 	 0.0
1.1050219978921891 	 0.0
1.106021997892189 	 0.0
1.107021997892189 	 0.0
1.1080219978921888 	 0.0
1.1090219978921887 	 0.0
1.1100219978921886 	 0.0
1.1110219978921885 	 0.0
1.1120219978921884 	 0.0
1.1130219978921883 	 0.0
1.1140219978921881 	 0.0
1.115021997892188 	 0.0
1.116021997892188 	 0.0
1.1170219978921878 	 0.0
1.1180219978921877 	 0.0
1.1190219978921876 	 0.0
1.1200219978921875 	 0.0
1.1210219978921874 	 0.0
1.1220219978921873 	 0.0
1.1230219978921872 	 0.0
1.124021997892187 	 0.0
1.125021997892187 	 0.0
1.1260219978921868 	 0.0
1.1270219978921867 	 0.0
1.1280219978921866 	 0.0
1.1290219978921865 	 0.0
1.1300219978921864 	 0.0
1.1310219978921863 	 0.0
1.1320219978921862 	 0.0
1.133021997892186 	 0.0
1.134021997892186 	 0.0
1.1350219978921858 	 0.0
1.1360219978921857 	 0.0
1.1370219978921856 	 0.0
1.1380219978921855 	 0.0
1.1390219978921854 	 0.0
1.1400219978921853 	 0.0
1.1410219978921852 	 0.0
1.142021997892185 	 0.0
1.143021997892185 	 0.0
1.1440219978921848 	 0.0
1.1450219978921847 	 0.0
1.1460219978921846 	 0.0
1.1470219978921845 	 0.0
1.1480219978921844 	 0.0
1.1490219978921843 	 0.0
1.1500219978921842 	 0.0
1.151021997892184 	 0.0
1.152021997892184 	 0.0
1.1530219978921838 	 0.0
1.1540219978921837 	 0.0
1.1550219978921836 	 0.0
1.1560219978921835 	 0.0
1.1570219978921834 	 0.0
1.1580219978921833 	 0.0
1.1590219978921832 	 0.0
1.160021997892183 	 0.0
1.161021997892183 	 0.0
1.1620219978921829 	 0.0
1.1630219978921827 	 0.0
1.1640219978921826 	 0.0
1.1650219978921825 	 0.0
1.1660219978921824 	 0.0
1.1670219978921823 	 0.0
1.1680219978921822 	 0.0
1.169021997892182 	 0.0
1.170021997892182 	 0.0
1.1710219978921819 	 0.0
1.1720219978921818 	 0.0
1.1730219978921816 	 0.0
1.1740219978921815 	 0.0
1.1750219978921814 	 0.0
1.1760219978921813 	 0.0
1.1770219978921812 	 0.0
1.178021997892181 	 0.0
1.179021997892181 	 0.0
1.1800219978921809 	 0.0
1.1810219978921808 	 0.0
1.1820219978921807 	 0.0
1.1830219978921805 	 0.0
1.1840219978921804 	 0.0
1.1850219978921803 	 0.0
1.1860219978921802 	 0.0
1.18702199789218 	 0.0
1.18802199789218 	 0.0
1.1890219978921799 	 0.0
1.1900219978921798 	 0.0
1.1910219978921797 	 0.0
1.1920219978921796 	 0.0
1.1930219978921794 	 0.0
1.1940219978921793 	 0.0
1.1950219978921792 	 0.0
1.1960219978921791 	 0.0
1.197021997892179 	 0.0
1.198021997892179 	 0.0
1.1990219978921788 	 0.0
1.2000219978921787 	 0.0
1.2010219978921786 	 0.0
1.2020219978921785 	 0.0
1.2030219978921783 	 0.0
1.2040219978921782 	 0.0
1.2050219978921781 	 0.0
1.206021997892178 	 0.0
1.207021997892178 	 0.0
1.2080219978921778 	 0.0
1.2090219978921777 	 0.0
1.2100219978921776 	 0.0
1.2110219978921775 	 0.0
1.2120219978921773 	 0.0
1.2130219978921772 	 0.0
1.2140219978921771 	 0.0
1.215021997892177 	 0.0
1.216021997892177 	 0.0
1.2170219978921768 	 0.0
1.2180219978921767 	 0.0
1.2190219978921766 	 0.0
1.2200219978921765 	 0.0
1.2210219978921764 	 0.0
1.2220219978921762 	 0.0
1.2230219978921761 	 0.0
1.224021997892176 	 0.0
1.225021997892176 	 0.0
1.2260219978921758 	 0.0
1.2270219978921757 	 0.0
1.2280219978921756 	 0.0
1.2290219978921755 	 0.0
1.2300219978921754 	 0.0
1.2310219978921753 	 0.0
1.2320219978921751 	 0.0
1.233021997892175 	 0.0
1.234021997892175 	 0.0
1.2350219978921748 	 0.0
1.2360219978921747 	 0.0
1.2370219978921746 	 0.0
1.2380219978921745 	 0.0
1.2390219978921744 	 0.0
1.2400219978921743 	 0.0
1.2410219978921742 	 0.0
1.242021997892174 	 0.0
1.243021997892174 	 0.0
1.2440219978921738 	 0.0
1.2450219978921737 	 0.0
1.2460219978921736 	 0.0
1.2470219978921735 	 0.0
1.2480219978921734 	 0.0
1.2490219978921733 	 0.0
1.2500219978921732 	 0.0
1.251021997892173 	 0.0
1.252021997892173 	 0.0
1.2530219978921728 	 0.0
1.2540219978921727 	 0.0
1.2550219978921726 	 0.0
1.2560219978921725 	 0.0
1.2570219978921724 	 0.0
1.2580219978921723 	 0.0
1.2590219978921722 	 0.0
1.260021997892172 	 0.0
1.261021997892172 	 0.0
1.2620219978921718 	 0.0
1.2630219978921717 	 0.0
1.2640219978921716 	 0.0
1.2650219978921715 	 0.0
1.2660219978921714 	 0.0
1.2670219978921713 	 0.0
1.2680219978921712 	 0.0
1.269021997892171 	 0.0
1.270021997892171 	 0.0
1.2710219978921709 	 0.0
1.2720219978921707 	 0.0
1.2730219978921706 	 0.0
1.2740219978921705 	 0.0
1.2750219978921704 	 0.0
1.2760219978921703 	 0.0
1.2770219978921702 	 0.0
1.27802199789217 	 0.0
1.27902199789217 	 0.0
1.2800219978921699 	 0.0
1.2810219978921698 	 0.0
1.2820219978921696 	 0.0
1.2830219978921695 	 0.0
1.2840219978921694 	 0.0
1.2850219978921693 	 0.0
1.2860219978921692 	 0.0
1.287021997892169 	 0.0
1.288021997892169 	 0.0
1.2890219978921689 	 0.0
1.2900219978921688 	 0.0
1.2910219978921686 	 0.0
1.2920219978921685 	 0.0
1.2930219978921684 	 0.0
1.2940219978921683 	 0.0
1.2950219978921682 	 0.0
1.296021997892168 	 0.0
1.297021997892168 	 0.0
1.2980219978921679 	 0.0
1.2990219978921678 	 5.872376337539881e-10
1.3000219978921677 	 6.700104481051313e-09
1.3010219978921675 	 1.9502388473084993e-08
1.3020219978921674 	 3.905423336159653e-08
1.3030219978921673 	 6.541391729977348e-08
1.3040219978921672 	 9.864116015905062e-08
1.305021997892167 	 1.3879718329472212e-07
1.306021997892167 	 1.8593909243104644e-07
1.3070219978921669 	 2.4013044345434163e-07
1.3080219978921668 	 3.0143138233390584e-07
1.3090219978921667 	 3.6990288802145655e-07
1.3100219978921666 	 4.456114851529246e-07
1.3110219978921664 	 5.286201649570244e-07
1.3120219978921663 	 6.189927479664365e-07
1.3130219978921662 	 7.16792800863846e-07
1.3140219978921661 	 8.220852114984992e-07
1.315021997892166 	 9.349369633771229e-07
1.316021997892166 	 1.0554163999809747e-06
1.3170219978921658 	 1.1835932983885156e-06
1.3180219978921657 	 1.3195389863958585e-06
1.3190219978921656 	 1.463327998664982e-06
1.3200219978921655 	 1.6150320163840459e-06
1.3210219978921653 	 1.7747276208411534e-06
1.3220219978921652 	 1.942484452587146e-06
1.3230219978921651 	 2.118369504607427e-06
1.324021997892165 	 2.3024496463928476e-06
1.325021997892165 	 2.494785048434784e-06
1.3260219978921648 	 2.6954384512156663e-06
1.3270219978921647 	 2.9044685231676106e-06
1.3280219978921646 	 3.121941543535443e-06
1.3290219978921645 	 3.347953478187163e-06
1.3300219978921644 	 3.5826226556603667e-06
1.3310219978921642 	 3.826068257131153e-06
1.3320219978921641 	 4.078372456171154e-06
1.333021997892164 	 4.339614323391823e-06
1.334021997892164 	 4.609870652675482e-06
1.3350219978921638 	 4.889211135995132e-06
1.3360219978921637 	 5.177708078478571e-06
1.3370219978921636 	 5.4754311562608515e-06
1.3380219978921635 	 5.782443185084327e-06
1.3390219978921634 	 6.098828607999223e-06
1.3400219978921633 	 6.424692008535371e-06
1.3410219978921631 	 6.7601349241512055e-06
1.342021997892163 	 7.105255817569794e-06
1.343021997892163 	 7.46014489606596e-06
1.3440219978921628 	 7.824898838567398e-06
1.3450219978921627 	 8.199615689581679e-06
1.3460219978921626 	 8.584389964481631e-06
1.3470219978921625 	 8.979325313540058e-06
1.3480219978921624 	 9.384523998601732e-06
1.3490219978921623 	 9.800098351179463e-06
1.3500219978921622 	 1.022615639977696e-05
1.351021997892162 	 1.0662816139781816e-05
1.352021997892162 	 1.1110192885819315e-05
1.3530219978921618 	 1.1568410593826622e-05
1.3540219978921617 	 1.2037596370666223e-05
1.3550219978921616 	 1.251787557461055e-05
1.3560219978921615 	 1.3009383906864061e-05
1.3570219978921614 	 1.3512253683705755e-05
1.3580219978921613 	 1.4026627847902926e-05
1.3590219978921612 	 1.4552646179784852e-05
1.360021997892161 	 1.5090459394065352e-05
1.361021997892161 	 1.564013593821478e-05
1.3620219978921608 	 1.620143829983081e-05
1.3630219978921607 	 1.6774396463295633e-05
1.3640219978921606 	 1.7359701819278356e-05
1.3650219978921605 	 1.7957500648051564e-05
1.3660219978921604 	 1.856790748213888e-05
1.3670219978921603 	 1.9191027135248492e-05
1.3680219978921602 	 1.9826968963677198e-05
1.36902199789216 	 2.0475832371979247e-05
1.37002199789216 	 2.1137721043843337e-05
1.3710219978921598 	 2.1812741232714914e-05
1.3720219978921597 	 2.250105416789184e-05
1.3730219978921596 	 2.320282927058545e-05
1.3740219978921595 	 2.3918248291204078e-05
1.3750219978921594 	 2.464749100788499e-05
1.3760219978921593 	 2.5390749863373373e-05
1.3770219978921592 	 2.6148217289833998e-05
1.378021997892159 	 2.692009131119448e-05
1.379021997892159 	 2.7706581518897352e-05
1.3800219978921588 	 2.85078960799584e-05
1.3810219978921587 	 2.932425041106187e-05
1.3820219978921586 	 3.01558331385205e-05
1.3830219978921585 	 3.100283759166331e-05
1.3840219978921584 	 3.186545234173581e-05
1.3850219978921583 	 3.274387628432068e-05
1.3860219978921582 	 3.363830368063284e-05
1.387021997892158 	 3.4548939341301495e-05
1.388021997892158 	 3.5475982297535306e-05
1.3890219978921579 	 3.6419568750034344e-05
1.3900219978921577 	 3.737977399343838e-05
1.3910219978921576 	 3.835669740909742e-05
1.3920219978921575 	 3.935060865085945e-05
1.3930219978921574 	 4.0361818742540706e-05
1.3940219978921573 	 4.139065890291731e-05
1.3950219978921572 	 4.2437467357302476e-05
1.396021997892157 	 4.350257512910737e-05
1.397021997892157 	 4.4586253655795807e-05
1.3980219978921569 	 4.5688752981732386e-05
1.3990219978921568 	 4.6810334305124986e-05
1.4000219978921566 	 4.7948614318631794e-05
1.4010219978921565 	 4.9109156773813366e-05
1.4020219978921564 	 5.028957076098348e-05
1.4030219978921563 	 5.149012436544944e-05
1.4040219978921562 	 5.271109449410155e-05
1.405021997892156 	 5.395275262015328e-05
1.406021997892156 	 5.521538090660323e-05
1.4070219978921559 	 5.649925847204995e-05
1.4080219978921558 	 5.7804666887922954e-05
1.4090219978921557 	 5.913189630543924e-05
1.4100219978921555 	 6.048123105956228e-05
1.4110219978921554 	 6.185294949280855e-05
1.4120219978921553 	 6.32472616404778e-05
1.4130219978921552 	 6.466436145830051e-05
1.414021997892155 	 6.610449924638741e-05
1.415021997892155 	 6.756796908323054e-05
1.4160219978921549 	 6.905507916011398e-05
1.4170219978921548 	 7.056613561057164e-05
1.4180219978921547 	 7.210144890692477e-05
1.4190219978921546 	 7.366134068330965e-05
1.4200219978921544 	 7.524612918253707e-05
1.4210219978921543 	 7.685614675107703e-05
1.4220219978921542 	 7.849172582225693e-05
1.4230219978921541 	 8.015320574283591e-05
1.424021997892154 	 8.184093930569792e-05
1.425021997892154 	 8.355527784345507e-05
1.4260219978921538 	 8.529658876957142e-05
1.4270219978921537 	 8.706524044727604e-05
1.4280219978921536 	 8.886160925538724e-05
1.4290219978921535 	 9.068608673009741e-05
1.4300219978921533 	 9.253906665522979e-05
1.4310219978921532 	 9.442095215893197e-05
1.4320219978921531 	 9.633216395443708e-05
1.433021997892153 	 9.827312447059361e-05
1.434021997892153 	 0.00010024427522837504
1.4350219978921528 	 0.00010224606121471592
1.4360219978921527 	 0.00010427893750767611
1.4370219978921526 	 0.0001063433759520236
1.4380219978921525 	 0.00010843985363061434
1.4390219978921523 	 0.00011056885376224902
1.4400219978921522 	 0.00011273083424056325
1.4410219978921521 	 0.00011492625983143977
1.442021997892152 	 0.00011715561077775093
1.443021997892152 	 0.00011941936945895548
1.4440219978921518 	 0.00012171802657774133
1.4450219978921517 	 0.0001240520883466109
1.4460219978921516 	 0.00012642206223809993
1.4470219978921515 	 0.0001288284638165734
1.4480219978921514 	 0.00013127182420024524
1.4490219978921512 	 0.0001337526733838849
1.4500219978921511 	 0.00013627155938498954
1.451021997892151 	 0.00013882903831224515
1.452021997892151 	 0.0001414257009092487
1.4530219978921508 	 0.0001440621627226979
1.4540219978921507 	 0.00014673904349291864
1.4550219978921506 	 0.00014945697431264547
1.4560219978921505 	 0.00015221660523007073
1.4570219978921504 	 0.0001550185727953197
1.4580219978921503 	 0.00015786345714805902
1.4590219978921501 	 0.00016075183670744545
1.46002199789215 	 0.00016368428552090947
1.46102199789215 	 0.0001666613932011616
1.4620219978921498 	 0.00016968374726070542
1.4630219978921497 	 0.00017275194791494994
1.4640219978921496 	 0.00017586675054431938
1.4650219978921495 	 0.00017902905321615794
1.4660219978921494 	 0.00018223978268014552
1.4670219978921493 	 0.00018549989766622726
1.4680219978921492 	 0.00018881037396472808
1.469021997892149 	 0.0001921722153402293
1.470021997892149 	 0.00019558645156093074
1.4710219978921488 	 0.0001990540736025576
1.4720219978921487 	 0.00020257584714063797
1.4730219978921486 	 0.00020615248788996286
1.4740219978921485 	 0.00020978471673852305
1.4750219978921484 	 0.00021347325951901472
1.4760219978921483 	 0.00021721884682660643
1.4770219978921482 	 0.0002210222137081741
1.478021997892148 	 0.0002248840997070003
1.479021997892148 	 0.0002288052488028278
1.4800219978921478 	 0.0002327864091840981
1.4810219978921477 	 0.00023682833308252515
1.4820219978921476 	 0.00024093177626032284
1.4830219978921475 	 0.00024509772798327105
1.4840219978921474 	 0.0002493280661674588
1.4850219978921473 	 0.0002536249453942111
1.4860219978921472 	 0.0002579906036474977
1.487021997892147 	 0.0002624273640607858
1.488021997892147 	 0.00026693757744192893
1.4890219978921468 	 0.00027152239329505316
1.4900219978921467 	 0.0002761817394506233
1.4910219978921466 	 0.00028091447077991505
1.4920219978921465 	 0.00028571700136651156
1.4930219978921464 	 0.00029058972822309923
1.4940219978921463 	 0.0002955342420935634
1.4950219978921462 	 0.00030055218267403366
1.496021997892146 	 0.00030564523929980074
1.497021997892146 	 0.0003108151508423227
1.4980219978921459 	 0.00031606370813300026
1.4990219978921457 	 0.00032139275561880504
1.5000219978921456 	 0.00032680419268951586
1.5010219978921455 	 0.0003322999749726934
1.5020219978921454 	 0.00033788211572431204
1.5030219978921453 	 0.00034355268813951337
1.5040219978921452 	 0.0003493138264380973
1.505021997892145 	 0.00035516772740259566
1.506021997892145 	 0.00036111648176620405
1.5070219978921449 	 0.0003671615896741265
1.5080219978921447 	 0.00037330392612892806
1.5090219978921446 	 0.00037954248152886053
1.5100219978921445 	 0.0003858756750238919
1.5110219978921444 	 0.00039230281818373785
1.5120219978921443 	 0.0003988271127209955
1.5130219978921442 	 0.0004054527637802414
1.514021997892144 	 0.00041218268200057866
1.515021997892144 	 0.0004190184655972831
1.5160219978921439 	 0.0004259616765036204
1.5170219978921438 	 0.0004330138924735423
1.5180219978921436 	 0.00044017670757155454
1.5190219978921435 	 0.00044745173221929124
1.5200219978921434 	 0.0004548405930246094
1.5210219978921433 	 0.00046234492846419247
1.5220219978921432 	 0.00046996638501414214
1.523021997892143 	 0.00047770663640213265
1.524021997892143 	 0.00048556736583216264
1.5250219978921429 	 0.0004935502921055371
1.5260219978921428 	 0.0005016570998115923
1.5270219978921427 	 0.00050988950339169
1.5280219978921425 	 0.0005182492493539686
1.5290219978921424 	 0.0005267380970080285
1.5300219978921423 	 0.0005353578074566624
1.5310219978921422 	 0.0005441102161192259
1.532021997892142 	 0.0005529973961712553
1.533021997892142 	 0.0005620215021791431
1.5340219978921419 	 0.0005711847198275992
1.5350219978921418 	 0.0005804892652063879
1.5360219978921417 	 0.0005899373850484415
1.5370219978921416 	 0.0005995313570760481
1.5380219978921414 	 0.0006092734819645835
1.5390219978921413 	 0.0006191659303989994
1.5400219978921412 	 0.0006292107405574069
1.5410219978921411 	 0.0006394099562186938
1.542021997892141 	 0.0006497656338307072
1.543021997892141 	 0.0006602798437282643
1.5440219978921408 	 0.0006709546658559638
1.5450219978921407 	 0.0006817921877836762
1.5460219978921406 	 0.0006927945042038219
1.5470219978921405 	 0.000703963920950055
1.5480219978921403 	 0.0007153035325579776
1.5490219978921402 	 0.0007268166755310583
1.5500219978921401 	 0.0007385057288488906
1.55102199789214 	 0.0007503700659611735
1.55202199789214 	 0.0007624113289285392
1.5530219978921398 	 0.000774631931597032
1.5540219978921397 	 0.0007870343022845099
1.5550219978921396 	 0.0007996208812801059
1.5560219978921395 	 0.0008123941209298218
1.5570219978921394 	 0.0008253564881774875
1.5580219978921392 	 0.0008385104596080787
1.5590219978921391 	 0.000851858518845224
1.560021997892139 	 0.000865403155191957
1.561021997892139 	 0.000879146864330385
1.5620219978921388 	 0.000893092154804207
1.5630219978921387 	 0.0009072414987827341
1.5640219978921386 	 0.0009215963732712683
1.5650219978921385 	 0.0009361572446865091
1.5660219978921384 	 0.0009509244320845811
1.5670219978921383 	 0.0009658981471903853
1.5680219978921381 	 0.0009810758915716799
1.569021997892138 	 0.0009964553042495893
1.570021997892138 	 0.0010120379580025524
1.5710219978921378 	 0.0010278247545440064
1.5720219978921377 	 0.001043819351309779
1.5730219978921376 	 0.0010600261482051061
1.5740219978921375 	 0.0010764496568677197
1.5750219978921374 	 0.0010930945400378284
1.5760219978921373 	 0.0011099656542348242
1.5770219978921372 	 0.0011270681052205657
1.578021997892137 	 0.0011444072614392143
1.579021997892137 	 0.001161988866651301
1.5800219978921368 	 0.001179819001665177
1.5810219978921367 	 0.0011979042173669
1.5820219978921366 	 0.0012162515947432262
1.5830219978921365 	 0.0012348688074252975
1.5840219978921364 	 0.0012537641707226494
1.5850219978921363 	 0.0012729466651251698
1.5860219978921362 	 0.0012924259183009397
1.587021997892136 	 0.0013122121264718214
1.588021997892136 	 0.001332311358988085
1.5890219978921358 	 0.0013526696213906756
1.5900219978921357 	 0.0013732697965703827
1.5910219978921356 	 0.001394119902195982
1.5920219978921355 	 0.0014152262582379498
1.5930219978921354 	 0.0014365933016180605
1.5940219978921353 	 0.0014582234506723376
1.5950219978921352 	 0.001480117185247076
1.596021997892135 	 0.0015022734334170285
1.597021997892135 	 0.0015246902185579924
1.5980219978921348 	 0.0015473653984102796
1.5990219978921347 	 0.0015702973912700101
1.6000219978921346 	 0.001593485758732091
1.6010219978921345 	 0.0016169299370788848
1.6020219978921344 	 0.001640624724047944
1.6030219978921343 	 0.0016645646079104924
1.6040219978921342 	 0.0016887449800641063
1.605021997892134 	 0.0017131618838040449
1.606021997892134 	 0.0017378117519450714
1.6070219978921338 	 0.0017626911723653033
1.6080219978921337 	 0.0017877966725238375
1.6090219978921336 	 0.0018131245552199815
1.6100219978921335 	 0.001838670778306093
1.6110219978921334 	 0.0018644323032277824
1.6120219978921333 	 0.0018904110999553136
1.6130219978921332 	 0.0019166100999372423
1.614021997892133 	 0.001943029681315829
1.615021997892133 	 0.0019696676622120786
1.6160219978921329 	 0.0019965214014774804
1.6170219978921327 	 0.0020235878861966056
1.6180219978921326 	 0.0020508637431287387
1.6190219978921325 	 0.002078345246379582
1.6200219978921324 	 0.002106028326361586
1.6210219978921323 	 0.002133908575011558
1.6220219978921322 	 0.002161981230729179
1.623021997892132 	 0.0021902411640197304
1.624021997892132 	 0.0022186829222302236
1.6250219978921319 	 0.002247300749140454
1.6260219978921318 	 0.0022760885857752897
1.6270219978921316 	 0.00230504005796486
1.6280219978921315 	 0.002334148506778454
1.6290219978921314 	 0.0023634069711560824
1.6300219978921313 	 0.002392808333820161
1.6310219978921312 	 0.0024223428104724414
1.632021997892131 	 0.0024519915182111317
1.633021997892131 	 0.002481732737396685
1.6340219978921309 	 0.0025115475644476326
1.6350219978921308 	 0.0025414301482892146
1.6360219978921307 	 0.002571377826674426
1.6370219978921305 	 0.0026013880015526136
1.6380219978921304 	 0.002631458036402697
1.6390219978921303 	 0.0026615820745275703
1.6400219978921302 	 0.0026917510768572723
1.64102199789213 	 0.0027219557787230434
1.64202199789213 	 0.002752186765114935
1.6430219978921299 	 0.0027824344978700684
1.6440219978921298 	 0.0028126893861727858
1.6450219978921297 	 0.0028429418154548884
1.6460219978921296 	 0.0028731821451844493
1.6470219978921294 	 0.0029034006686864335
1.6480219978921293 	 0.0029335876826754193
1.6490219978921292 	 0.002963733517806999
1.650021997892129 	 0.0029938285510667886
1.651021997892129 	 0.003023862293247224
1.652021997892129 	 0.0030538207856623018
1.6530219978921288 	 0.003083689128558769
1.6540219978921287 	 0.0031134523123839473
1.6550219978921286 	 0.0031430952349822136
1.6560219978921285 	 0.003172602686756525
1.6570219978921283 	 0.003201959298217641
1.6580219978921282 	 0.0032311496008662365
1.6590219978921281 	 0.003260158046293924
1.660021997892128 	 0.003288969009453944
1.661021997892128 	 0.0033175712316273367
1.6620219978921278 	 0.003345970266918988
1.6630219978921277 	 0.003374175597713279
1.6640219978921276 	 0.00340218525000449
1.6650219978921275 	 0.003429986018378396
1.6660219978921273 	 0.0034575641705960987
1.6670219978921272 	 0.0034849058438899097
1.6680219978921271 	 0.0035119970867465784
1.669021997892127 	 0.0035388238726960326
1.670021997892127 	 0.0035653721021357268
1.6710219978921268 	 0.003591628264295189
1.6720219978921267 	 0.003617581286879628
1.6730219978921266 	 0.00364322071763743
1.6740219978921265 	 0.0036685361525022955
1.6750219978921264 	 0.00369351724075865
1.6760219978921262 	 0.003718153687963906
1.6770219978921261 	 0.0037424352487263677
1.678021997892126 	 0.0037663517585136337
1.679021997892126 	 0.0037898931002351495
1.6800219978921258 	 0.003813049437352565
1.6810219978921257 	 0.003835810905499001
1.6820219978921256 	 0.003858167849492916
1.6830219978921255 	 0.0038801108215446955
1.6840219978921254 	 0.0039016305810254093
1.6850219978921253 	 0.0039227181095150745
1.6860219978921251 	 0.003943364635087557
1.687021997892125 	 0.003963561658987065
1.688021997892125 	 0.003983301143992348
1.6890219978921248 	 0.004002578880260451
1.6900219978921247 	 0.004021394390820968
1.6910219978921246 	 0.004039746464883844
1.6920219978921245 	 0.004057629313774171
1.6930219978921244 	 0.004075036410665057
1.6940219978921243 	 0.00409196164667552
1.6950219978921242 	 0.004108399338844968
1.696021997892124 	 0.004124344253979213
1.697021997892124 	 0.004139791643074278
1.6980219978921238 	 0.004154737236183935
1.6990219978921237 	 0.0041691772488183405
1.7000219978921236 	 0.004183108392475326
1.7010219978921235 	 0.0041920872509694455
1.7020219978921234 	 0.004200171336484987
1.7030219978921233 	 0.004207689588195002
1.7040219978921232 	 0.0042146460695433865
1.705021997892123 	 0.0042210452835203865
1.706021997892123 	 0.00422689215748527
1.7070219978921228 	 0.004232192027431067
1.7080219978921227 	 0.004236950621755022
1.7090219978921226 	 0.00424117404459839
1.7100219978921225 	 0.0042448687588187255
1.7110219978921224 	 0.004248041568657196
1.7120219978921223 	 0.004250699602162217
1.7130219978921222 	 0.00425285029342953
1.714021997892122 	 0.004254501364717373
1.715021997892122 	 0.004255660808493454
1.7160219978921218 	 0.004256336869468475
1.7170219978921217 	 0.004256538026668947
1.7180219978921216 	 0.004256272975599531
1.7190219978921215 	 0.00425555061054274
1.7200219978921214 	 0.004254380007041316
1.7210219978921213 	 0.004252770404605733
1.7220219978921212 	 0.004250731189686834
1.723021997892121 	 0.004248271878950485
1.724021997892121 	 0.004245402102888515
1.7250219978921209 	 0.004242131589797246
1.7260219978921207 	 0.004238470150152169
1.7270219978921206 	 0.0042344276614044475
1.7280219978921205 	 0.004230013992476478
1.7290219978921204 	 0.004225239232472688
1.7300219978921203 	 0.004220113312332274
1.7310219978921202 	 0.004214646234553995
1.73202199789212 	 0.004208847999628521
1.73302199789212 	 0.004202728593753111
1.7340219978921199 	 0.004196297977073291
1.7350219978921197 	 0.004189566072457019
1.7360219978921196 	 0.004182542754804609
1.7370219978921195 	 0.004175237840895549
1.7380219978921194 	 0.004167661079771816
1.7390219978921193 	 0.004159822143655082
1.7400219978921192 	 0.0041517306193939495
1.741021997892119 	 0.004143396000435669
1.742021997892119 	 0.004134827679315383
1.7430219978921189 	 0.004126034940654699
1.7440219978921188 	 0.004117026954660271
1.7450219978921186 	 0.0041078127711119405
1.7460219978921185 	 0.004098401313829164
1.7470219978921184 	 0.004088801375603472
1.7480219978921183 	 0.0040790216135841995
1.7490219978921182 	 0.004069070545103881
1.750021997892118 	 0.0040589565439293485
1.751021997892118 	 0.004048687836924045
1.7520219978921179 	 0.004038272501106777
1.7530219978921178 	 0.004027718461091797
1.7540219978921177 	 0.004017033486894978
1.7550219978921175 	 0.004006225192090674
1.7560219978921174 	 0.0039953010323038754
1.7570219978921173 	 0.003984268304022175
1.7580219978921172 	 0.003973134143712243
1.759021997892117 	 0.003961905527225489
1.760021997892117 	 0.003950589269477927
1.7610219978921169 	 0.003939192024389272
1.7620219978921168 	 0.003927720285066698
1.7630219978921167 	 0.003916180384218856
1.7640219978921166 	 0.0039045784947862004
1.7650219978921164 	 0.0038929206307737347
1.7660219978921163 	 0.003881212648273049
1.7670219978921162 	 0.0038694602466604828
1.7680219978921161 	 0.0038576689699589325
1.769021997892116 	 0.003845844208351088
1.770021997892116 	 0.0038339911998323383
1.7710219978921158 	 0.0038221150319920506
1.7720219978921157 	 0.0038102206439122434
1.7730219978921156 	 0.0037983128281732564
1.7740219978921155 	 0.0037863962329562958
1.7750219978921153 	 0.003774475364233347
1.7760219978921152 	 0.0037625545880352034
1.7770219978921151 	 0.0037506380788877077
1.778021997892115 	 0.003738730037945271
1.779021997892115 	 0.0037268343716446613
1.7800219978921148 	 0.003714954910197772
1.7810219978921147 	 0.0037030953560961586
1.7820219978921146 	 0.0036912592866788574
1.7830219978921145 	 0.003679450156725708
1.7840219978921144 	 0.003667671301070272
1.7850219978921142 	 0.0036559259372267883
1.7860219978921141 	 0.003644217168025858
1.787021997892114 	 0.0036325479842540093
1.788021997892114 	 0.003620921267292522
1.7890219978921138 	 0.0036093397917512965
1.7900219978921137 	 0.003597806228093773
1.7910219978921136 	 0.0035863231452491935
1.7920219978921135 	 0.003574893013208933
1.7930219978921134 	 0.0035635182056036156
1.7940219978921133 	 0.0035522010022582744
1.7950219978921131 	 0.0035409435917228343
1.796021997892113 	 0.003529748073775589
1.797021997892113 	 0.0035186164618973953
1.7980219978921128 	 0.003507550685714748
1.7990219978921127 	 0.003496552593409829
1.8000219978921126 	 0.0034856239540960064
1.8010219978921125 	 0.003474766460157387
1.8020219978921124 	 0.003463981729551136
1.8030219978921123 	 0.0034532713080714997
1.8040219978921122 	 0.003442636671574611
1.805021997892112 	 0.003432079228163228
1.806021997892112 	 0.003421600320330787
1.8070219978921118 	 0.003411201227064219
1.8080219978921117 	 0.0034008831659050496
1.8090219978921116 	 0.003390647294968513
1.8100219978921115 	 0.003380494714920424
1.8110219978921114 	 0.0033704264709117013
1.8120219978921113 	 0.003360443554470428
1.8130219978921112 	 0.003350546905351596
1.814021997892111 	 0.003340737413344505
1.815021997892111 	 0.0033310159200380766
1.8160219978921108 	 0.0033213832205443257
1.8170219978921107 	 0.003311840065180186
1.8180219978921106 	 0.0033023871611081645
1.8190219978921105 	 0.0032930251739360745
1.8200219978921104 	 0.003283754729276421
1.8210219978921103 	 0.003274576414265788
1.8220219978921102 	 0.003265490779044812
1.82302199789211 	 0.0032564983381992594
1.82402199789211 	 0.003247599572162751
1.8250219978921098 	 0.0032387948820268276
1.8260219978921097 	 0.0032300847771786433
1.8270219978921096 	 0.0032214695969912882
1.8280219978921095 	 0.003212949698571648
1.8290219978921094 	 0.003204525411334539
1.8300219978921093 	 0.0031961970381884958
1.8310219978921092 	 0.003187964856687754
1.832021997892109 	 0.003179829120151069
1.833021997892109 	 0.0031717900587480683
1.8340219978921088 	 0.003163847880553862
1.8350219978921087 	 0.003156002772572587
1.8360219978921086 	 0.003148254901730607
1.8370219978921085 	 0.0031406044158400212
1.8380219978921084 	 0.003133051444533261
1.8390219978921083 	 0.0031255961001693624
1.8400219978921082 	 0.003118238478712715
1.841021997892108 	 0.00311097866058487
1.842021997892108 	 0.003103816711490176
1.8430219978921079 	 0.0030967526832158406
1.8440219978921077 	 0.0030897866144071274
1.8450219978921076 	 0.0030829185313183496
1.8460219978921075 	 0.0030761484485402535
1.8470219978921074 	 0.0030694763697045025
1.8480219978921073 	 0.003062902288165836
1.8490219978921072 	 0.003056426187662539
1.850021997892107 	 0.003050048042955869
1.851021997892107 	 0.0030437678204489524
1.8520219978921069 	 0.0030375854787858367
1.8530219978921068 	 0.0030315009694311976
1.8540219978921066 	 0.0030255142372313075
1.8550219978921065 	 0.0030196252209568042
1.8560219978921064 	 0.0030138338538278167
1.8570219978921063 	 0.0030081400640219577
1.8580219978921062 	 0.0030025437751657084
1.859021997892106 	 0.0029970449068097193
1.860021997892106 	 0.002991643374888502
1.8610219978921059 	 0.0029863390921650106
1.8620219978921058 	 0.002981131968660575
1.8630219978921057 	 0.002976021912070667
1.8640219978921055 	 0.002971008828166902
1.8650219978921054 	 0.002966092621185799
1.8660219978921053 	 0.0029612731942046237
1.8670219978921052 	 0.002956550449504814
1.868021997892105 	 0.002951924288923362
1.869021997892105 	 0.0029473946141925405
1.8700219978921049 	 0.0029429613272683483
1.8710219978921048 	 0.002938624330648098
1.8720219978921047 	 0.0029343835276774604
1.8730219978921046 	 0.0029302387807143677
1.8740219978921044 	 0.0029261900799744766
1.8750219978921043 	 0.002922237290929849
1.8760219978921042 	 0.002918380323191576
1.877021997892104 	 0.0029146190886083848
1.878021997892104 	 0.002910953501517586
1.879021997892104 	 0.0029073834789877413
1.8800219978921038 	 0.0029039089410533565
1.8810219978921037 	 0.002900529810941861
1.8820219978921036 	 0.0028972460152931756
1.8830219978921034 	 0.0028940574843720848
1.8840219978921033 	 0.002890964152273685
1.8850219978921032 	 0.002887965957122168
1.8860219978921031 	 0.0028850628412631376
1.887021997892103 	 0.0028822547514497196
1.888021997892103 	 0.002879541639022671
1.8890219978921028 	 0.0028769234600846865
1.8900219978921027 	 0.0028744001756691247
1.8910219978921026 	 0.002871971751903352
1.8920219978921025 	 0.002869638160166886
1.8930219978921023 	 0.002867399377244501
1.8940219978921022 	 0.0028652553854745153
1.8950219978921021 	 0.0028632061728923867
1.896021997892102 	 0.0028612517333698154
1.897021997892102 	 0.0028593920667494607
1.8980219978921018 	 0.0028576271789754752
1.8990219978921017 	 0.002855957082219972
1.9000219978921016 	 0.0028543817950055384
1.9010219978921015 	 0.002852901342323986
1.9020219978921014 	 0.0028515157557513905
1.9030219978921012 	 0.00285022507355961
1.9040219978921011 	 0.0028490293408243404
1.905021997892101 	 0.0028479286095298272
1.906021997892101 	 0.0028469229386703632
1.9070219978921008 	 0.0028460123943486325
1.9080219978921007 	 0.0028451970498710047
1.9090219978921006 	 0.0028444769858398727
1.9100219978921005 	 0.0028438522902430965
1.9110219978921004 	 0.002843323058540626
1.9120219978921003 	 0.0028428893937484092
1.9130219978921001 	 0.0028425514065195836
1.9140219978921 	 0.002842309215223076
1.9150219978921 	 0.0028421629460196047
1.9160219978920998 	 0.0028421127329351765
1.9170219978920997 	 0.0028421587179320988
1.9180219978920996 	 0.002842301050977546
1.9190219978920995 	 0.002842539890109714
1.9200219978920994 	 0.002842875401501581
1.9210219978920993 	 0.002843307718626136
1.9220219978920992 	 0.0028438371058621334
1.923021997892099 	 0.0028444637132864084
1.924021997892099 	 0.002845187740201704
1.9250219978920988 	 0.002846009394329177
1.9260219978920987 	 0.0028469288918581146
1.9270219978920986 	 0.002847946457493299
1.9280219978920985 	 0.0028490623245000244
1.9290219978920984 	 0.0028502767347467067
1.9300219978920983 	 0.0028515899387451023
1.9310219978920982 	 0.002853002195688065
1.932021997892098 	 0.0028545137734848373
1.933021997892098 	 0.0028561249487937743
1.9340219978920978 	 0.0028578360070525446
1.9350219978920977 	 0.0028596472425056418
1.9360219978920976 	 0.0028615589582292244
1.9370219978920975 	 0.002863571466153184
1.9380219978920974 	 0.002865685087080362
1.9390219978920973 	 0.0028679001507028344
1.9400219978920972 	 0.002870216995615198
1.941021997892097 	 0.0028726359693247287
1.942021997892097 	 0.0028751574282583187
1.9430219978920968 	 0.0028777817377661085
1.9440219978920967 	 0.0028805092721216393
1.9450219978920966 	 0.002883340414518479
1.9460219978920965 	 0.002886275557063096
1.9470219978920964 	 0.002889315100763923
1.9480219978920963 	 0.0028924594555163885
1.9490219978920962 	 0.002895709040083843
1.950021997892096 	 0.002899064282074096
1.951021997892096 	 0.0029025256179115084
1.9520219978920959 	 0.002906093492804369
1.9530219978920957 	 0.002909768360707393
1.9540219978920956 	 0.0029135506842791307
1.9550219978920955 	 0.0029174409348340885
1.9560219978920954 	 0.002921439592289293
1.9570219978920953 	 0.0029255471451050956
1.9580219978920952 	 0.002929764090219974
1.959021997892095 	 0.00293409093297904
1.960021997892095 	 0.002938528187055998
1.9610219978920949 	 0.002943076374368277
1.9620219978920947 	 0.0029477360249850278
1.9630219978920946 	 0.0029525076770276822
1.9640219978920945 	 0.00295739187656272
1.9650219978920944 	 0.00296238917748639
1.9660219978920943 	 0.002967500141400904
1.9670219978920942 	 0.0029727253374818596
1.968021997892094 	 0.0029780653423364346
1.969021997892094 	 0.002983520696927515
1.9700219978920939 	 0.00298909207799835
1.9710219978920938 	 0.002994780040687453
1.9720219978920936 	 0.00300058518971192
1.9730219978920935 	 0.003006508136358815
1.9740219978920934 	 0.003012549498279205
1.9750219978920933 	 0.003018709899269807
1.9760219978920932 	 0.0030249899690417735
1.977021997892093 	 0.0030313903429760748
1.978021997892093 	 0.0030379116618648775
1.9790219978920929 	 0.0030445545716383496
1.9800219978920928 	 0.003051319723076327
1.9810219978920927 	 0.003058207771504127
1.9820219978920925 	 0.0030652193764719522
1.9830219978920924 	 0.0030723552014171374
1.9840219978920923 	 0.0030796159133085555
1.9850219978920922 	 0.0030870021822725076
1.986021997892092 	 0.0030945146811992546
1.987021997892092 	 0.0031021540853295114
1.9880219978920919 	 0.003109921071820015
1.9890219978920918 	 0.0031178163192874054
1.9900219978920917 	 0.003125840507329521
1.9910219978920916 	 0.0031339943160232113
1.9920219978920914 	 0.003142278425397802
1.9930219978920913 	 0.0031506935148832124
1.9940219978920912 	 0.0031592402627317645
1.9950219978920911 	 0.003167919345412703
1.996021997892091 	 0.003176731436978339
1.997021997892091 	 0.003185677208400801
1.9980219978920908 	 0.0031947573268782275
1.9990219978920907 	 0.0032039724551093237
