0.0010219978922 	 0
0.0020219978922 	 0.0
0.0030219978922 	 0.0
0.0040219978922 	 0.0
0.0050219978922 	 0.0
0.0060219978922 	 0.0
0.0070219978922 	 0.0
0.0080219978922 	 0.0
0.009021997892200002 	 0.0
0.010021997892200003 	 0.0
0.011021997892200004 	 0.0
0.012021997892200004 	 0.0
0.013021997892200005 	 0.0
0.014021997892200006 	 0.0
0.015021997892200007 	 0.0
0.016021997892200008 	 0.0
0.01702199789220001 	 0.0
0.01802199789220001 	 0.0
0.01902199789220001 	 0.0
0.02002199789220001 	 0.0
0.021021997892200012 	 0.0
0.022021997892200013 	 0.0
0.023021997892200014 	 0.0
0.024021997892200015 	 0.0
0.025021997892200016 	 0.0
0.026021997892200017 	 0.0
0.027021997892200018 	 0.0
0.02802199789220002 	 0.0
0.02902199789220002 	 0.0
0.03002199789220002 	 0.0
0.03102199789220002 	 0.0
0.03202199789220002 	 0.0
0.03302199789220002 	 0.0
0.03402199789220002 	 0.0
0.03502199789220002 	 0.0
0.03602199789220002 	 0.0
0.03702199789220002 	 0.0
0.038021997892200024 	 0.0
0.039021997892200025 	 0.0
0.040021997892200026 	 0.0
0.04102199789220003 	 0.0
0.04202199789220003 	 0.0
0.04302199789220003 	 0.0
0.04402199789220003 	 0.0
0.04502199789220003 	 0.0
0.04602199789220003 	 0.0
0.04702199789220003 	 0.0
0.04802199789220003 	 0.0
0.049021997892200034 	 0.0
0.050021997892200035 	 0.0
0.051021997892200036 	 0.0
0.052021997892200036 	 0.0
0.05302199789220004 	 0.0
0.05402199789220004 	 0.0
0.05502199789220004 	 0.0
0.05602199789220004 	 0.0
0.05702199789220004 	 0.0
0.05802199789220004 	 0.0
0.05902199789220004 	 0.0
0.060021997892200044 	 0.0
0.061021997892200044 	 0.0
0.062021997892200045 	 0.0
0.06302199789220005 	 0.0
0.06402199789220005 	 0.0
0.06502199789220005 	 0.0
0.06602199789220005 	 0.0
0.06702199789220005 	 0.0
0.06802199789220005 	 0.0
0.06902199789220005 	 0.0
0.07002199789220005 	 0.0
0.07102199789220005 	 0.0
0.07202199789220005 	 0.0
0.07302199789220006 	 0.0
0.07402199789220006 	 0.0
0.07502199789220006 	 0.0
0.07602199789220006 	 0.0
0.07702199789220006 	 0.0
0.07802199789220006 	 0.0
0.07902199789220006 	 0.0
0.08002199789220006 	 0.0
0.08102199789220006 	 0.0
0.08202199789220006 	 0.0
0.08302199789220006 	 0.0
0.08402199789220006 	 0.0
0.08502199789220007 	 0.0
0.08602199789220007 	 0.0
0.08702199789220007 	 0.0
0.08802199789220007 	 0.0
0.08902199789220007 	 0.0
0.09002199789220007 	 0.0
0.09102199789220007 	 0.0
0.09202199789220007 	 0.0
0.09302199789220007 	 0.0
0.09402199789220007 	 0.0
0.09502199789220007 	 0.0
0.09602199789220008 	 0.0
0.09702199789220008 	 0.0
0.09802199789220008 	 0.0
0.09902199789220008 	 0.0
0.10002199789220008 	 0.0
0.10102199789220008 	 0.0
0.10202199789220008 	 0.0
0.10302199789220008 	 0.0
0.10402199789220008 	 0.0
0.10502199789220008 	 0.0
0.10602199789220008 	 0.0
0.10702199789220009 	 0.0
0.10802199789220009 	 0.0
0.10902199789220009 	 0.0
0.11002199789220009 	 0.0
0.11102199789220009 	 0.0
0.11202199789220009 	 0.0
0.11302199789220009 	 0.0
0.11402199789220009 	 0.0
0.11502199789220009 	 0.0
0.1160219978922001 	 0.0
0.1170219978922001 	 0.0
0.1180219978922001 	 0.0
0.1190219978922001 	 0.0
0.1200219978922001 	 0.0
0.1210219978922001 	 0.0
0.1220219978922001 	 0.0
0.1230219978922001 	 0.0
0.1240219978922001 	 0.0
0.1250219978922001 	 0.0
0.1260219978922001 	 0.0
0.1270219978922001 	 0.0
0.1280219978922001 	 0.0
0.1290219978922001 	 0.0
0.1300219978922001 	 0.0
0.1310219978922001 	 0.0
0.1320219978922001 	 0.0
0.1330219978922001 	 0.0
0.1340219978922001 	 0.0
0.1350219978922001 	 0.0
0.1360219978922001 	 0.0
0.1370219978922001 	 0.0
0.1380219978922001 	 0.0
0.1390219978922001 	 0.0
0.1400219978922001 	 0.0
0.1410219978922001 	 0.0
0.1420219978922001 	 0.0
0.1430219978922001 	 0.0
0.1440219978922001 	 0.0
0.1450219978922001 	 0.0
0.1460219978922001 	 0.0
0.1470219978922001 	 0.0
0.1480219978922001 	 0.0
0.1490219978922001 	 0.0
0.1500219978922001 	 0.0
0.1510219978922001 	 0.0
0.1520219978922001 	 0.0
0.1530219978922001 	 0.0
0.1540219978922001 	 0.0
0.15502199789220011 	 0.0
0.15602199789220011 	 0.0
0.15702199789220012 	 0.0
0.15802199789220012 	 0.0
0.15902199789220012 	 0.0
0.16002199789220012 	 0.0
0.16102199789220012 	 0.0
0.16202199789220012 	 0.0
0.16302199789220012 	 0.0
0.16402199789220012 	 0.0
0.16502199789220012 	 0.0
0.16602199789220012 	 0.0
0.16702199789220012 	 0.0
0.16802199789220013 	 0.0
0.16902199789220013 	 0.0
0.17002199789220013 	 0.0
0.17102199789220013 	 0.0
0.17202199789220013 	 0.0
0.17302199789220013 	 0.0
0.17402199789220013 	 0.0
0.17502199789220013 	 0.0
0.17602199789220013 	 0.0
0.17702199789220013 	 0.0
0.17802199789220013 	 0.0
0.17902199789220014 	 0.0
0.18002199789220014 	 0.0
0.18102199789220014 	 0.0
0.18202199789220014 	 0.0
0.18302199789220014 	 0.0
0.18402199789220014 	 0.0
0.18502199789220014 	 0.0
0.18602199789220014 	 0.0
0.18702199789220014 	 0.0
0.18802199789220014 	 0.0
0.18902199789220014 	 0.0
0.19002199789220015 	 0.0
0.19102199789220015 	 0.0
0.19202199789220015 	 0.0
0.19302199789220015 	 0.0
0.19402199789220015 	 0.0
0.19502199789220015 	 0.0
0.19602199789220015 	 0.0
0.19702199789220015 	 0.0
0.19802199789220015 	 0.0
0.19902199789220015 	 0.0
0.20002199789220015 	 0.0
0.20102199789220015 	 0.0
0.20202199789220016 	 0.0
0.20302199789220016 	 0.0
0.20402199789220016 	 0.0
0.20502199789220016 	 0.0
0.20602199789220016 	 0.0
0.20702199789220016 	 0.0
0.20802199789220016 	 0.0
0.20902199789220016 	 0.0
0.21002199789220016 	 0.0
0.21102199789220016 	 0.0
0.21202199789220016 	 0.0
0.21302199789220017 	 0.0
0.21402199789220017 	 0.0
0.21502199789220017 	 0.0
0.21602199789220017 	 0.0
0.21702199789220017 	 0.0
0.21802199789220017 	 0.0
0.21902199789220017 	 0.0
0.22002199789220017 	 0.0
0.22102199789220017 	 0.0
0.22202199789220017 	 0.0
0.22302199789220017 	 0.0
0.22402199789220018 	 0.0
0.22502199789220018 	 0.0
0.22602199789220018 	 0.0
0.22702199789220018 	 0.0
0.22802199789220018 	 0.0
0.22902199789220018 	 0.0
0.23002199789220018 	 0.0
0.23102199789220018 	 0.0
0.23202199789220018 	 0.0
0.23302199789220018 	 0.0
0.23402199789220018 	 0.0
0.23502199789220019 	 0.0
0.23602199789220019 	 0.0
0.2370219978922002 	 0.0
0.2380219978922002 	 0.0
0.2390219978922002 	 0.0
0.2400219978922002 	 0.0
0.2410219978922002 	 0.0
0.2420219978922002 	 0.0
0.2430219978922002 	 0.0
0.2440219978922002 	 0.0
0.2450219978922002 	 0.0
0.2460219978922002 	 0.0
0.2470219978922002 	 0.0
0.2480219978922002 	 0.0
0.2490219978922002 	 0.0
0.2500219978922002 	 0.0
0.2510219978922002 	 0.0
0.2520219978922002 	 0.0
0.2530219978922002 	 0.0
0.2540219978922002 	 0.0
0.2550219978922002 	 0.0
0.2560219978922002 	 0.0
0.2570219978922002 	 0.0
0.2580219978922002 	 0.0
0.2590219978922002 	 0.0
0.2600219978922002 	 0.0
0.2610219978922002 	 0.0
0.2620219978922002 	 0.0
0.2630219978922002 	 0.0
0.2640219978922002 	 0.0
0.2650219978922002 	 0.0
0.2660219978922002 	 0.0
0.2670219978922002 	 0.0
0.2680219978922002 	 0.0
0.2690219978922002 	 0.0
0.2700219978922002 	 0.0
0.2710219978922002 	 0.0
0.2720219978922002 	 0.0
0.2730219978922002 	 0.0
0.2740219978922002 	 0.0
0.2750219978922002 	 0.0
0.2760219978922002 	 0.0
0.2770219978922002 	 0.0
0.2780219978922002 	 0.0
0.2790219978922002 	 0.0
0.2800219978922002 	 0.0
0.2810219978922002 	 0.0
0.2820219978922002 	 0.0
0.2830219978922002 	 0.0
0.28402199789220023 	 0.0
0.28502199789220023 	 0.0
0.28602199789220023 	 0.0
0.28702199789220023 	 0.0
0.28802199789220023 	 0.0
0.28902199789220023 	 0.0
0.29002199789220023 	 0.0
0.29102199789220023 	 0.0
0.29202199789220024 	 0.0
0.29302199789220024 	 0.0
0.29402199789220024 	 0.0
0.29502199789220024 	 0.0
0.29602199789220024 	 0.0
0.29702199789220024 	 0.0
0.29802199789220024 	 0.0
0.29902199789220024 	 0.0
0.30002199789220024 	 0.0
0.30102199789220024 	 0.0
0.30202199789220024 	 0.0
0.30302199789220025 	 0.0
0.30402199789220025 	 0.0
0.30502199789220025 	 0.0
0.30602199789220025 	 0.0
0.30702199789220025 	 0.0
0.30802199789220025 	 0.0
0.30902199789220025 	 0.0
0.31002199789220025 	 0.0
0.31102199789220025 	 0.0
0.31202199789220025 	 0.0
0.31302199789220025 	 0.0
0.31402199789220026 	 0.0
0.31502199789220026 	 0.0
0.31602199789220026 	 0.0
0.31702199789220026 	 0.0
0.31802199789220026 	 0.0
0.31902199789220026 	 0.0
0.32002199789220026 	 0.0
0.32102199789220026 	 0.0
0.32202199789220026 	 0.0
0.32302199789220026 	 0.0
0.32402199789220026 	 0.0
0.32502199789220027 	 0.0
0.32602199789220027 	 0.0
0.32702199789220027 	 0.0
0.32802199789220027 	 0.0
0.32902199789220027 	 0.0
0.33002199789220027 	 0.0
0.33102199789220027 	 0.0
0.33202199789220027 	 0.0
0.33302199789220027 	 0.0
0.3340219978922003 	 0.0
0.3350219978922003 	 0.0
0.3360219978922003 	 0.0
0.3370219978922003 	 0.0
0.3380219978922003 	 0.0
0.3390219978922003 	 0.0
0.3400219978922003 	 0.0
0.3410219978922003 	 0.0
0.3420219978922003 	 0.0
0.3430219978922003 	 0.0
0.3440219978922003 	 0.0
0.3450219978922003 	 0.0
0.3460219978922003 	 0.0
0.3470219978922003 	 0.0
0.3480219978922003 	 0.0
0.3490219978922003 	 0.0
0.3500219978922003 	 0.0
0.3510219978922003 	 0.0
0.3520219978922003 	 0.0
0.3530219978922003 	 0.0
0.3540219978922003 	 0.0
0.3550219978922003 	 0.0
0.3560219978922003 	 0.0
0.3570219978922003 	 0.0
0.3580219978922003 	 0.0
0.3590219978922003 	 0.0
0.3600219978922003 	 0.0
0.3610219978922003 	 0.0
0.3620219978922003 	 0.0
0.3630219978922003 	 0.0
0.3640219978922003 	 0.0
0.3650219978922003 	 0.0
0.3660219978922003 	 0.0
0.3670219978922003 	 0.0
0.3680219978922003 	 0.0
0.3690219978922003 	 0.0
0.3700219978922003 	 0.0
0.3710219978922003 	 0.0
0.3720219978922003 	 0.0
0.3730219978922003 	 0.0
0.3740219978922003 	 0.0
0.3750219978922003 	 0.0
0.3760219978922003 	 0.0
0.3770219978922003 	 0.0
0.3780219978922003 	 0.0
0.3790219978922003 	 0.0
0.3800219978922003 	 0.0
0.3810219978922003 	 0.0
0.3820219978922003 	 0.0
0.3830219978922003 	 0.0
0.3840219978922003 	 0.0
0.3850219978922003 	 0.0
0.3860219978922003 	 0.0
0.3870219978922003 	 0.0
0.3880219978922003 	 0.0
0.3890219978922003 	 0.0
0.3900219978922003 	 0.0
0.3910219978922003 	 0.0
0.3920219978922003 	 0.0
0.3930219978922003 	 0.0
0.3940219978922003 	 0.0
0.3950219978922003 	 0.0
0.39602199789220033 	 0.0
0.39702199789220033 	 0.0
0.39802199789220033 	 0.0
0.39902199789220033 	 0.0
0.40002199789220033 	 0.0
0.40102199789220033 	 0.0
0.40202199789220033 	 0.0
0.40302199789220033 	 0.0
0.40402199789220034 	 0.0
0.40502199789220034 	 0.0
0.40602199789220034 	 0.0
0.40702199789220034 	 0.0
0.40802199789220034 	 0.0
0.40902199789220034 	 0.0
0.41002199789220034 	 0.0
0.41102199789220034 	 0.0
0.41202199789220034 	 0.0
0.41302199789220034 	 0.0
0.41402199789220034 	 0.0
0.41502199789220034 	 0.0
0.41602199789220035 	 0.0
0.41702199789220035 	 0.0
0.41802199789220035 	 0.0
0.41902199789220035 	 0.0
0.42002199789220035 	 0.0
0.42102199789220035 	 0.0
0.42202199789220035 	 0.0
0.42302199789220035 	 0.0
0.42402199789220035 	 0.0
0.42502199789220035 	 0.0
0.42602199789220035 	 0.0
0.42702199789220036 	 0.0
0.42802199789220036 	 0.0
0.42902199789220036 	 0.0
0.43002199789220036 	 0.0
0.43102199789220036 	 0.0
0.43202199789220036 	 0.0
0.43302199789220036 	 0.0
0.43402199789220036 	 0.0
0.43502199789220036 	 0.0
0.43602199789220036 	 0.0
0.43702199789220036 	 0.0
0.43802199789220037 	 0.0
0.43902199789220037 	 0.0
0.44002199789220037 	 0.0
0.44102199789220037 	 0.0
0.44202199789220037 	 0.0
0.44302199789220037 	 0.0
0.44402199789220037 	 0.0
0.44502199789220037 	 0.0
0.4460219978922004 	 0.0
0.4470219978922004 	 0.0
0.4480219978922004 	 0.0
0.4490219978922004 	 0.0
0.4500219978922004 	 0.0
0.4510219978922004 	 0.0
0.4520219978922004 	 0.0
0.4530219978922004 	 0.0
0.4540219978922004 	 0.0
0.4550219978922004 	 0.0
0.4560219978922004 	 0.0
0.4570219978922004 	 0.0
0.4580219978922004 	 0.0
0.4590219978922004 	 0.0
0.4600219978922004 	 0.0
0.4610219978922004 	 0.0
0.4620219978922004 	 0.0
0.4630219978922004 	 0.0
0.4640219978922004 	 0.0
0.4650219978922004 	 0.0
0.4660219978922004 	 0.0
0.4670219978922004 	 0.0
0.4680219978922004 	 0.0
0.4690219978922004 	 0.0
0.4700219978922004 	 0.0
0.4710219978922004 	 0.0
0.4720219978922004 	 0.0
0.4730219978922004 	 0.0
0.4740219978922004 	 0.0
0.4750219978922004 	 0.0
0.4760219978922004 	 0.0
0.4770219978922004 	 0.0
0.4780219978922004 	 0.0
0.4790219978922004 	 0.0
0.4800219978922004 	 0.0
0.4810219978922004 	 0.0
0.4820219978922004 	 0.0
0.4830219978922004 	 0.0
0.4840219978922004 	 0.0
0.4850219978922004 	 0.0
0.4860219978922004 	 0.0
0.4870219978922004 	 0.0
0.4880219978922004 	 0.0
0.4890219978922004 	 0.0
0.4900219978922004 	 0.0
0.4910219978922004 	 0.0
0.4920219978922004 	 0.0
0.4930219978922004 	 0.0
0.4940219978922004 	 0.0
0.4950219978922004 	 0.0
0.4960219978922004 	 0.0
0.4970219978922004 	 0.0
0.4980219978922004 	 0.0
0.4990219978922004 	 0.0
0.5000219978922004 	 0.0
0.5010219978922004 	 0.0
0.5020219978922004 	 0.0
0.5030219978922004 	 0.0
0.5040219978922004 	 0.0
0.5050219978922004 	 0.0
0.5060219978922004 	 0.0
0.5070219978922004 	 0.0
0.5080219978922004 	 0.0
0.5090219978922004 	 0.0
0.5100219978922004 	 0.0
0.5110219978922004 	 0.0
0.5120219978922004 	 0.0
0.5130219978922004 	 0.0
0.5140219978922004 	 0.0
0.5150219978922004 	 0.0
0.5160219978922004 	 0.0
0.5170219978922004 	 0.0
0.5180219978922004 	 0.0
0.5190219978922004 	 0.0
0.5200219978922004 	 0.0
0.5210219978922004 	 0.0
0.5220219978922004 	 0.0
0.5230219978922004 	 0.0
0.5240219978922004 	 0.0
0.5250219978922004 	 0.0
0.5260219978922004 	 0.0
0.5270219978922004 	 0.0
0.5280219978922004 	 0.0
0.5290219978922004 	 0.0
0.5300219978922004 	 0.0
0.5310219978922004 	 0.0
0.5320219978922004 	 0.0
0.5330219978922004 	 0.0
0.5340219978922004 	 0.0
0.5350219978922004 	 0.0
0.5360219978922004 	 0.0
0.5370219978922004 	 0.0
0.5380219978922004 	 0.0
0.5390219978922004 	 0.0
0.5400219978922004 	 0.0
0.5410219978922004 	 0.0
0.5420219978922004 	 0.0
0.5430219978922004 	 0.0
0.5440219978922004 	 0.0
0.5450219978922004 	 0.0
0.5460219978922004 	 0.0
0.5470219978922004 	 0.0
0.5480219978922004 	 0.0
0.5490219978922004 	 0.0
0.5500219978922004 	 0.0
0.5510219978922004 	 0.0
0.5520219978922004 	 0.0
0.5530219978922004 	 0.0
0.5540219978922004 	 0.0
0.5550219978922004 	 0.0
0.5560219978922004 	 0.0
0.5570219978922004 	 0.0
0.5580219978922004 	 0.0
0.5590219978922004 	 0.0
0.5600219978922004 	 0.0
0.5610219978922004 	 0.0
0.5620219978922004 	 0.0
0.5630219978922004 	 0.0
0.5640219978922004 	 0.0
0.5650219978922004 	 0.0
0.5660219978922004 	 0.0
0.5670219978922004 	 0.0
0.5680219978922004 	 0.0
0.5690219978922004 	 0.0
0.5700219978922004 	 0.0
0.5710219978922004 	 0.0
0.5720219978922004 	 0.0
0.5730219978922004 	 0.0
0.5740219978922004 	 0.0
0.5750219978922004 	 0.0
0.5760219978922004 	 0.0
0.5770219978922004 	 0.0
0.5780219978922004 	 0.0
0.5790219978922004 	 0.0
0.5800219978922004 	 0.0
0.5810219978922004 	 0.0
0.5820219978922004 	 0.0
0.5830219978922004 	 0.0
0.5840219978922004 	 0.0
0.5850219978922004 	 0.0
0.5860219978922004 	 0.0
0.5870219978922004 	 0.0
0.5880219978922004 	 0.0
0.5890219978922004 	 0.0
0.5900219978922004 	 0.0
0.5910219978922004 	 0.0
0.5920219978922004 	 0.0
0.5930219978922004 	 0.0
0.5940219978922004 	 0.0
0.5950219978922004 	 0.0
0.5960219978922005 	 0.0
0.5970219978922005 	 0.0
0.5980219978922005 	 0.0
0.5990219978922005 	 0.0
0.6000219978922005 	 0.0
0.6010219978922005 	 0.0
0.6020219978922005 	 0.0
0.6030219978922005 	 0.0
0.6040219978922005 	 0.0
0.6050219978922005 	 0.0
0.6060219978922005 	 0.0
0.6070219978922005 	 0.0
0.6080219978922005 	 0.0
0.6090219978922005 	 0.0
0.6100219978922005 	 0.0
0.6110219978922005 	 0.0
0.6120219978922005 	 0.0
0.6130219978922005 	 3.422921030757377e-09
0.6140219978922005 	 7.737548482297104e-09
0.6150219978922005 	 1.138060343797604e-08
0.6160219978922005 	 1.4407629012642951e-08
0.6170219978922005 	 1.687273964613618e-08
0.6180219978922005 	 1.8828630364217984e-08
0.6190219978922005 	 2.0326586000506556e-08
0.6200219978922005 	 2.1416490391409473e-08
0.6210219978922005 	 2.2146835556299562e-08
0.6220219978922005 	 2.256473087542896e-08
0.6230219978922005 	 2.2715912278325092e-08
0.6240219978922005 	 2.264475145566533e-08
0.6250219978922005 	 2.239426510787721e-08
0.6260219978922005 	 2.2006124243963202e-08
0.6270219978922005 	 2.1520663544297207e-08
0.6280219978922005 	 2.097689080138839e-08
0.6290219978922005 	 2.0412496452851802e-08
0.6300219978922005 	 1.9863863221066098e-08
0.6310219978922005 	 1.9366075874234186e-08
0.6320219978922005 	 1.895293112379344e-08
0.6330219978922005 	 1.865694767334572e-08
0.6340219978922005 	 1.8509376434490984e-08
0.6350219978922005 	 1.854021092516192e-08
0.6360219978922005 	 1.877819786624052e-08
0.6370219978922005 	 1.925084799243804e-08
0.6380219978922005 	 1.9984447093588352e-08
0.6390219978922005 	 2.1004067302651472e-08
0.6400219978922005 	 2.2333578646888595e-08
0.6410219978922005 	 2.3995660878776648e-08
0.6420219978922005 	 2.601181560335766e-08
0.6430219978922005 	 2.8402378718791514e-08
0.6440219978922005 	 3.1186533186958224e-08
0.6450219978922005 	 3.438232215099545e-08
0.6460219978922005 	 3.8006662416679855e-08
0.6470219978922005 	 4.207535831455218e-08
0.6480219978922005 	 4.660311595965216e-08
0.6490219978922005 	 5.1603557925663444e-08
0.6500219978922005 	 5.708923835017393e-08
0.6510219978922005 	 6.307165848762064e-08
0.6520219978922005 	 6.956128272633688e-08
0.6530219978922005 	 7.656755508587765e-08
0.6540219978922005 	 8.4098916210628e-08
0.6550219978922005 	 9.216282087530296e-08
0.6560219978922005 	 1.007657560177444e-07
0.6570219978922005 	 1.0991325931394065e-07
0.6580219978922005 	 1.1960993830982777e-07
0.6590219978922005 	 1.298594901239372e-07
0.6600219978922005 	 1.406647217344454e-07
0.6610219978922005 	 1.5202757086357163e-07
0.6620219978922005 	 1.6394912747167826e-07
0.6630219978922005 	 1.7643280799298113e-07
0.6640219978922005 	 1.895458844637634e-07
0.6650219978922005 	 2.0341232050017308e-07
0.6660219978922005 	 2.1815195906956442e-07
0.6670219978922005 	 2.338781808969996e-07
0.6680219978922005 	 2.506980134346022e-07
0.6690219978922005 	 2.687122430906098e-07
0.6700219978922005 	 2.8801553079505053e-07
0.6710219978922005 	 3.086965309749496e-07
0.6720219978922005 	 3.308380140073868e-07
0.6730219978922005 	 3.5451699221406266e-07
0.6740219978922005 	 3.7980484945572793e-07
0.6750219978922005 	 4.067674743792751e-07
0.6760219978922005 	 4.354653973642694e-07
0.6770219978922005 	 4.6595393120930246e-07
0.6780219978922005 	 4.982833155916923e-07
0.6790219978922005 	 5.324988653267992e-07
0.6800219978922005 	 5.686411224454753e-07
0.6810219978922005 	 6.067460121001175e-07
0.6820219978922005 	 6.468450023009661e-07
0.6830219978922005 	 6.889652674754126e-07
0.6840219978922005 	 7.331298558334637e-07
0.6850219978922005 	 7.793578605123691e-07
0.6860219978922005 	 8.276645944629933e-07
0.6870219978922005 	 8.780617690296353e-07
0.6880219978922005 	 9.30565920750605e-07
0.6890219978922005 	 9.853591728696551e-07
0.6900219978922005 	 1.0427694542255487e-06
0.6910219978922005 	 1.1031112375099865e-06
0.6920219978922005 	 1.1666797377252297e-06
0.6930219978922005 	 1.2337515356825176e-06
0.6940219978922005 	 1.3045852154808767e-06
0.6950219978922005 	 1.3794220157572045e-06
0.6960219978922005 	 1.4584864944520522e-06
0.6970219978922005 	 1.5419872067861732e-06
0.6980219978922005 	 1.630117396091583e-06
0.6990219978922005 	 1.7230556970868346e-06
0.7000219978922005 	 1.8209668511312593e-06
0.7010219978922005 	 1.924002432933183e-06
0.7020219978922005 	 2.0323015881269853e-06
0.7030219978922005 	 2.1459917810698116e-06
0.7040219978922005 	 2.2651895521418333e-06
0.7050219978922005 	 2.390001283764355e-06
0.7060219978922005 	 2.5205239742764264e-06
0.7070219978922005 	 2.6568460187337e-06
0.7080219978922005 	 2.7990479956118178e-06
0.7090219978922006 	 2.9472034583108242e-06
0.7100219978922006 	 3.101379730265718e-06
0.7110219978922006 	 3.2616387023712006e-06
0.7120219978922006 	 3.4280376313251453e-06
0.7130219978922006 	 3.6006416702579783e-06
0.7140219978922006 	 3.7797531260596047e-06
0.7150219978922006 	 3.965883735131769e-06
0.7160219978922006 	 4.1595288314722774e-06
0.7170219978922006 	 4.3611600477329235e-06
0.7180219978922006 	 4.571227144791423e-06
0.7190219978922006 	 4.790159840147354e-06
0.7200219978922006 	 5.0183696309525185e-06
0.7210219978922006 	 5.256251607094451e-06
0.7220219978922006 	 5.504186249320291e-06
0.7230219978922006 	 5.762541206898238e-06
0.7240219978922006 	 6.03167304876521e-06
0.7250219978922006 	 6.311928981485736e-06
0.7260219978922006 	 6.603648526631653e-06
0.7270219978922006 	 6.907165149373728e-06
0.7280219978922006 	 7.222807829127144e-06
0.7290219978922006 	 7.550902561991472e-06
0.7300219978922006 	 7.891773783437423e-06
0.7310219978922006 	 8.245745698181263e-06
0.7320219978922006 	 8.61314350240268e-06
0.7330219978922006 	 8.994294481349144e-06
0.7340219978922006 	 9.389528962851256e-06
0.7350219978922006 	 9.799181104266641e-06
0.7360219978922006 	 1.0223589486757805e-05
0.7370219978922006 	 1.06630974864599e-05
0.7380219978922006 	 1.111804679495824e-05
0.7390219978922006 	 1.1588648396636861e-05
0.7400219978922006 	 1.207499603944588e-05
0.7410219978922006 	 1.257719164754593e-05
0.7420219978922006 	 1.3095348254100366e-05
0.7430219978922006 	 1.36295872829031e-05
0.7440219978922006 	 1.4180035194965706e-05
0.7450219978922006 	 1.4746819382511483e-05
0.7460219978922006 	 1.5330063166733295e-05
0.7470219978922006 	 1.5929879722987605e-05
0.7480219978922006 	 1.654636471597704e-05
0.7490219978922006 	 1.717958737553906e-05
0.7500219978922006 	 1.7829579677767828e-05
0.7510219978922006 	 1.8496323212245295e-05
0.7520219978922006 	 1.9179733208755074e-05
0.7530219978922006 	 1.9879639058817238e-05
0.7540219978922006 	 2.0595760489285594e-05
0.7550219978922006 	 2.1327678314509594e-05
0.7560219978922006 	 2.2074798393527996e-05
0.7570219978922006 	 2.2836307027341782e-05
0.7580219978922006 	 2.3611115519321737e-05
0.7590219978922006 	 2.4397790951039467e-05
0.7600219978922006 	 2.5194469346792296e-05
0.7610219978922006 	 2.5998746250385455e-05
0.7620219978922006 	 2.6807538241683864e-05
0.7630219978922006 	 2.761687218311401e-05
0.7640219978922006 	 2.8420979764428892e-05
0.7650219978922006 	 2.9212085112817257e-05
0.7660219978922006 	 2.9980869834893618e-05
0.7670219978922006 	 3.071645395252604e-05
0.7680219978922006 	 3.140536897371805e-05
0.7690219978922006 	 3.2030711719393954e-05
0.7700219978922006 	 3.2571288799958656e-05
0.7710219978922006 	 3.300064347976033e-05
0.7720219978922006 	 3.3286075178532785e-05
0.7730219978922006 	 3.338794122318157e-05
0.7740219978922006 	 3.3259893427041944e-05
0.7750219978922006 	 3.285138553503379e-05
0.7760219978922006 	 3.21149455143835e-05
0.7770219978922006 	 3.102230440057918e-05
0.7780219978922006 	 2.95946085674365e-05
0.7790219978922006 	 2.7949374817990165e-05
0.7800219978922006 	 2.6353752369423395e-05
0.7810219978922006 	 2.5244934109611026e-05
0.7820219978922006 	 2.5153253914244795e-05
0.7830219978922006 	 2.6504510331133627e-05
0.7840219978922006 	 2.940542287866247e-05
0.7850219978922006 	 3.358765716917307e-05
0.7860219978922006 	 3.8560761134727385e-05
0.7870219978922006 	 4.383465492367023e-05
0.7880219978922006 	 4.905741016109122e-05
0.7890219978922006 	 5.403772002005354e-05
0.7900219978922006 	 5.870508652480045e-05
0.7910219978922006 	 6.306005905187864e-05
0.7920219978922006 	 6.713722576422352e-05
0.7930219978922006 	 7.0983028037618e-05
0.7940219978922006 	 7.464419179660823e-05
0.7950219978922006 	 7.816285840181255e-05
0.7960219978922006 	 8.157508406610128e-05
0.7970219978922006 	 8.491089957686714e-05
0.7980219978922006 	 8.819499026323749e-05
0.7990219978922006 	 9.144754307621572e-05
0.8000219978922006 	 9.468506216068181e-05
0.8010219978922006 	 9.792107933050431e-05
0.8020219978922006 	 0.00010116674344707563
0.8030219978922006 	 0.00010443129681274458
0.8040219978922006 	 0.00010772245493355508
0.8050219978922006 	 0.00011104670717333844
0.8060219978922006 	 0.00011440955415668106
0.8070219978922006 	 0.00011781569524528941
0.8080219978922006 	 0.00012126917686160238
0.8090219978922006 	 0.00012477351018843973
0.8100219978922006 	 0.0001283317649105624
0.8110219978922006 	 0.0001319459249042225
0.8120219978922006 	 0.0001356149274595785
0.8130219978922006 	 0.0001393368486245487
0.8140219978922006 	 0.00014311258506929844
0.8150219978922006 	 0.0001469458369048371
0.8160219978922006 	 0.00015084033403684561
0.8170219978922006 	 0.0001547997421011184
0.8180219978922006 	 0.00015882768006876275
0.8190219978922006 	 0.0001629277350256534
0.8200219978922006 	 0.0001671034746091777
0.8210219978922007 	 0.00017135794489298668
0.8220219978922007 	 0.00017569224203062476
0.8230219978922007 	 0.00018010693937688956
0.8240219978922007 	 0.00018460253622999974
0.8250219978922007 	 0.00018917946321800888
0.8260219978922007 	 0.00019383808689341032
0.8270219978922007 	 0.0001985787136741517
0.8280219978922007 	 0.0002034015932438892
0.8290219978922007 	 0.000208306921503909
0.8300219978922007 	 0.00021329484315274694
0.8310219978922007 	 0.00021836545395615274
0.8320219978922007 	 0.00022351880275914694
0.8330219978922007 	 0.00022875489328300357
0.8340219978922007 	 0.00023407368574275097
0.8350219978922007 	 0.00023947509831481254
0.8360219978922007 	 0.00024495900847942907
0.8370219978922007 	 0.00025052525425843785
0.8380219978922007 	 0.0002561738487535729
0.8390219978922007 	 0.00026190923869962344
0.8400219978922007 	 0.0002677402011317226
0.8410219978922007 	 0.0002736744138463219
0.8420219978922007 	 0.0002797142030306805
0.8430219978922007 	 0.0002858606168430829
0.8440219978922007 	 0.0002921146912367121
0.8450219978922007 	 0.0002984774501751271
0.8460219978922007 	 0.0003049499058084928
0.8470219978922007 	 0.0003115330586157992
0.8480219978922007 	 0.0003182278975175495
0.8490219978922007 	 0.00032503539996294714
0.8500219978922007 	 0.0003319111900724562
0.8510219978922007 	 0.00033894571759652913
0.8520219978922007 	 0.0003460956002138786
0.8530219978922007 	 0.00035336176410917823
0.8540219978922007 	 0.0003607451243485758
0.8550219978922007 	 0.00036824658489897357
0.8560219978922007 	 0.00037586703863925146
0.8570219978922007 	 0.000383607367364815
0.8580219978922007 	 0.00039146844178663057
0.8590219978922007 	 0.0003994511215256847
0.8600219978922007 	 0.0004075562551039004
0.8610219978922007 	 0.00041578467993214427
0.8620219978922007 	 0.00042413722229607786
0.8630219978922007 	 0.0004326147274734469
0.8640219978922007 	 0.00044121865965388745
0.8650219978922007 	 0.00044995108188783167
0.8660219978922007 	 0.00045881409341637006
0.8670219978922007 	 0.0004678098060368519
0.8680219978922007 	 0.0004769403434767373
0.8690219978922007 	 0.00048620784075412333
0.8700219978922007 	 0.0004956144435263382
0.8710219978922007 	 0.0005051623074279944
0.8720219978922007 	 0.0005148535973998727
0.8730219978922007 	 0.000524690487009773
0.8740219978922007 	 0.0005346751577665835
0.8750219978922007 	 0.0005448097984286122
0.8760219978922007 	 0.0005550966043071834
0.8770219978922007 	 0.0005655377765664749
0.8780219978922007 	 0.0005761355215204016
0.8790219978922007 	 0.0005868920499274298
0.8800219978922007 	 0.000597809576283767
0.8810219978922007 	 0.0006088902969284706
0.8820219978922007 	 0.000620136330570795
0.8830219978922007 	 0.0006315497773575717
0.8840219978922007 	 0.0006431327366523155
0.8850219978922007 	 0.0006548873063886031
0.8860219978922007 	 0.0006668155824252655
0.8870219978922007 	 0.0006789196579034377
0.8880219978922007 	 0.0006912016356155523
0.8890219978922007 	 0.0007036638858661445
0.8900219978922007 	 0.0007163090350414357
0.8910219978922007 	 0.0007291396959529851
0.8920219978922007 	 0.0007421583836796793
0.8930219978922007 	 0.0007553675798770384
0.8940219978922007 	 0.0007687697525995344
0.8950219978922007 	 0.0007823673549305746
0.8960219978922007 	 0.0007961628236046588
0.8970219978922007 	 0.0008101585776214517
0.8980219978922007 	 0.0008243570168519636
0.8990219978922007 	 0.0008387605206363301
0.9000219978922007 	 0.0008533714463731349
0.9010219978922007 	 0.0008681921280997335
0.9020219978922007 	 0.0008832248750633882
0.9030219978922007 	 0.000898471970282402
0.9040219978922007 	 0.0009139356690973438
0.9050219978922007 	 0.0009296181977105382
0.9060219978922007 	 0.0009455217517143734
0.9070219978922007 	 0.0009616484946066893
0.9080219978922007 	 0.0009780005562927126
0.9090219978922007 	 0.0009945800315722833
0.9100219978922007 	 0.0010113889786113235
0.9110219978922007 	 0.0010284294104165176
0.9120219978922007 	 0.0010457032730938445
0.9130219978922007 	 0.0010632125597975683
0.9140219978922007 	 0.0010809612442512007
0.9150219978922007 	 0.0010989551846610289
0.9160219978922007 	 0.001117200293518589
0.9170219978922007 	 0.0011357024592797125
0.9180219978922007 	 0.0011544662035689165
0.9190219978922007 	 0.001173492380559278
0.9200219978922007 	 0.0011927892589755208
0.9210219978922007 	 0.0012123626662164468
0.9220219978922007 	 0.0012322151816797704
0.9230219978922007 	 0.0012523485202615883
0.9240219978922007 	 0.0012727642490586342
0.9250219978922007 	 0.0012934638170087583
0.9260219978922007 	 0.001314448568278414
0.9270219978922007 	 0.0013357197486482762
0.9280219978922007 	 0.0013572785084048087
0.9290219978922007 	 0.0013791259032899395
0.9300219978922007 	 0.0014012628942747874
0.9310219978922007 	 0.0014236904797840445
0.9320219978922007 	 0.0014464100773286307
0.9330219978922007 	 0.0014694231694451026
0.9340219978922008 	 0.0014927311899604829
0.9350219978922008 	 0.0015163355228154745
0.9360219978922008 	 0.0015402375006142225
0.9370219978922008 	 0.001564438402910321
0.9380219978922008 	 0.001588940132465431
0.9390219978922008 	 0.0016137586445618365
0.9400219978922008 	 0.0016389231989118599
0.9410219978922008 	 0.0016644589202916497
0.9420219978922008 	 0.0016903734756080336
0.9430219978922008 	 0.001716670375966063
0.9440219978922008 	 0.0017433530441098065
0.9450219978922008 	 0.001770424809251115
0.9460219978922008 	 0.001797888901431586
0.9470219978922008 	 0.0018257484453663988
0.9480219978922008 	 0.0018540064537113446
0.9490219978922008 	 0.0018826658196964474
0.9500219978922008 	 0.0019117293090085117
0.9510219978922008 	 0.0019411971009737393
0.9520219978922008 	 0.0019710600325260094
0.9530219978922008 	 0.0020013065796083648
0.9540219978922008 	 0.0020319249910602474
0.9550219978922008 	 0.0020629032794668273
0.9560219978922008 	 0.002094229302277893
0.9570219978922008 	 0.002125891011859986
0.9580219978922008 	 0.002157876197874843
0.9590219978922008 	 0.0021901847859555684
0.9600219978922008 	 0.002222862804998963
0.9610219978922008 	 0.002255966768280193
0.9620219978922008 	 0.0022895527563038132
0.9630219978922008 	 0.002323674236105077
0.9640219978922008 	 0.0023583400050882697
0.9650219978922008 	 0.002393516696937752
0.9660219978922008 	 0.0024291688364007314
0.9670219978922008 	 0.0024652604369321705
0.9680219978922008 	 0.0025017549614972127
0.9690219978922008 	 0.0025386152769470136
0.9700219978922008 	 0.002575803601230075
0.9710219978922008 	 0.0026132992770242455
0.9720219978922008 	 0.0026511475275848564
0.9730219978922008 	 0.002689407980438836
0.9740219978922008 	 0.0027281388548858676
0.9750219978922008 	 0.002767396785461087
0.9760219978922008 	 0.0028072366220052427
0.9770219978922008 	 0.0028477112021795654
0.9780219978922008 	 0.0028888710914282065
0.9790219978922008 	 0.0029307642844186178
0.9800219978922008 	 0.0029734358571426233
0.9810219978922008 	 0.003016571900009806
0.9820219978922008 	 0.00305852733837034
0.9830219978922008 	 0.003097851555268443
0.9840219978922008 	 0.003143425346299841
0.9850219978922008 	 0.0031942467704641686
0.9860219978922008 	 0.0032373887531586625
0.9870219978922008 	 0.0032761497440898183
0.9880219978922008 	 0.003313525541323301
0.9890219978922008 	 0.0033508172995835557
0.9900219978922008 	 0.0033881838222710567
0.9910219978922008 	 0.0034255873533446607
0.9920219978922008 	 0.0034629367214031263
0.9930219978922008 	 0.0035000936274125817
0.9940219978922008 	 0.0035368676656864543
0.9950219978922008 	 0.0035730065340003917
0.9960219978922008 	 0.0036069982560061843
0.9970219978922008 	 0.0036376311457545323
0.9980219978922008 	 0.0036646709890675393
0.9990219978922008 	 0.0036872912549548707
1.0000219978922007 	 0.0037043681697409596
1.0010219978922006 	 0.003714486520006664
1.0020219978922005 	 0.0037158737561720384
1.0030219978922004 	 0.0037063033854872938
1.0040219978922003 	 0.0036828024577513366
1.0050219978922001 	 0.003631932009397699
1.0060219978922 	 0.003558059809404713
1.0070219978922 	 0.003459867863581195
1.0080219978921998 	 0.0033312354509563527
1.0090219978921997 	 0.0031658225470048745
1.0100219978921996 	 0.0029576727809966156
1.0110219978921995 	 0.0027030844646179627
1.0120219978921994 	 0.00240108923605398
1.0130219978921993 	 0.0020551189157483455
1.0140219978921992 	 0.0016768005150239772
1.015021997892199 	 0.0012878468023518929
1.016021997892199 	 0.0009196839079174077
1.0170219978921988 	 0.0006099153387370635
1.0180219978921987 	 0.0003955192380047515
1.0190219978921986 	 0.000302779631031241
1.0200219978921985 	 0.0003388150759106279
1.0210219978921984 	 0.0004911612627363323
1.0220219978921983 	 0.000741305474599769
1.0230219978921982 	 0.001054664057806718
1.024021997892198 	 0.001408241091751555
1.025021997892198 	 0.0017789589627099896
1.0260219978921978 	 0.0021485906805273273
1.0270219978921977 	 0.0025029999575989503
1.0280219978921976 	 0.0028318752522453997
1.0290219978921975 	 0.003143771246016419
1.0300219978921974 	 0.0034438361799497695
1.0310219978921973 	 0.0037313740026606074
1.0320219978921972 	 0.00400520215669477
1.033021997892197 	 0.0042637010017818186
1.034021997892197 	 0.004504856875044719
1.0350219978921968 	 0.00473188666771227
1.0360219978921967 	 0.00494830820228849
1.0370219978921966 	 0.005155259367356731
1.0380219978921965 	 0.0053537394338693525
1.0390219978921964 	 0.0055449719926389945
1.0400219978921963 	 0.005730427382483325
1.0410219978921962 	 0.005911383814954697
1.042021997892196 	 0.006088556679921884
1.043021997892196 	 0.0062624463237008375
1.0440219978921959 	 0.006433459470693608
1.0450219978921957 	 0.006601921955952574
1.0460219978921956 	 0.006768089793309623
1.0470219978921955 	 0.006932226516417353
1.0480219978921954 	 0.007094802228037615
1.0490219978921953 	 0.007256313084042974
1.0500219978921952 	 0.007417226944008795
1.051021997892195 	 0.0075779436567795224
1.052021997892195 	 0.007738677872305214
1.0530219978921949 	 0.007899582589845945
1.0540219978921948 	 0.008060789606845245
1.0550219978921946 	 0.008222412225697731
1.0560219978921945 	 0.008384547582667464
1.0570219978921944 	 0.008547284466258532
1.0580219978921943 	 0.008710721102162587
1.0590219978921942 	 0.008874950121727846
1.060021997892194 	 0.00904005472618921
1.061021997892194 	 0.009206137241239839
1.0620219978921939 	 0.00937339569176697
1.0630219978921938 	 0.009542038822835745
1.0640219978921936 	 0.009712132598495897
1.0650219978921935 	 0.009883606935736793
1.0660219978921934 	 0.010056414368311126
1.0670219978921933 	 0.010230626907046535
1.0680219978921932 	 0.010406341228769175
1.069021997892193 	 0.010583649881779067
1.070021997892193 	 0.0107626415460563
1.0710219978921929 	 0.010943391680739718
1.0720219978921928 	 0.01112593685930656
1.0730219978921927 	 0.011310303181548402
1.0740219978921925 	 0.011496514999432527
1.0750219978921924 	 0.01168459513061626
1.0760219978921923 	 0.011874565050944356
1.0770219978921922 	 0.012066445068651918
1.078021997892192 	 0.012260254481697761
1.079021997892192 	 0.012456011721067526
1.0800219978921919 	 0.012653734481125571
1.0810219978921918 	 0.012853464702648039
1.0820219978921917 	 0.013055336061925375
1.0830219978921916 	 0.013259501246151082
1.0840219978921914 	 0.013466109942482896
1.0850219978921913 	 0.013675308801218884
1.0860219978921912 	 0.013887241392072673
1.0870219978921911 	 0.014101729962975625
1.088021997892191 	 0.01431746716866816
1.089021997892191 	 0.014534148428144126
1.0900219978921908 	 0.014752674420224397
1.0910219978921907 	 0.014973812825616882
1.0920219978921906 	 0.015197663617578532
1.0930219978921905 	 0.015424170000058855
1.0940219978921903 	 0.015653274393691796
1.0950219978921902 	 0.01588491848036715
1.0960219978921901 	 0.016119043246603907
1.09702199789219 	 0.016355589022444966
1.09802199789219 	 0.01659449551737901
1.0990219978921898 	 0.0168357047241571
1.1000219978921897 	 0.017079217658327994
1.1010219978921896 	 0.017325088514510992
1.1020219978921895 	 0.017573362952664196
1.1030219978921894 	 0.017824035482181214
1.1040219978921892 	 0.018077047878903393
1.1050219978921891 	 0.018332340050966508
1.106021997892189 	 0.018589852718933424
1.107021997892189 	 0.018849591563274978
1.1080219978921888 	 0.019111801467916707
1.1090219978921887 	 0.019376779662636512
1.1100219978921886 	 0.019644819054636428
1.1110219978921885 	 0.01991600753742776
1.1120219978921884 	 0.02018968112121818
1.1130219978921883 	 0.020465032979232804
1.1140219978921881 	 0.02074182701266868
1.115021997892188 	 0.021020361481988725
1.116021997892188 	 0.021300954124232392
1.1170219978921878 	 0.021583921195687222
1.1180219978921877 	 0.021869577441280413
1.1190219978921876 	 0.0221582360685364
1.1200219978921875 	 0.02245020872549055
1.1210219978921874 	 0.022745665104431215
1.1220219978921873 	 0.02304424845439652
1.1230219978921872 	 0.023345479709454053
1.124021997892187 	 0.02364888061171874
1.125021997892187 	 0.02395397372135148
1.1260219978921868 	 0.024260282470061966
1.1270219978921867 	 0.024567331235062315
1.1280219978921866 	 0.0248749549560506
1.1290219978921865 	 0.025184147422367555
1.1300219978921864 	 0.025496171052337844
1.1310219978921863 	 0.02581202381399227
1.1320219978921862 	 0.026131722818884498
1.133021997892186 	 0.026455056117930233
1.134021997892186 	 0.026781811956614093
1.1350219978921858 	 0.027111418540625484
1.1360219978921857 	 0.02744439706505333
1.1370219978921856 	 0.027780163650853486
1.1380219978921855 	 0.02811848822299586
1.1390219978921854 	 0.028458747562149
1.1400219978921853 	 0.028799951547998456
1.1410219978921852 	 0.029141500915698636
1.142021997892185 	 0.02948428873922367
1.143021997892185 	 0.029829548094055674
1.1440219978921848 	 0.030178225583446034
1.1450219978921847 	 0.030530228490067562
1.1460219978921846 	 0.030885224169465316
1.1470219978921845 	 0.031242882987420548
1.1480219978921844 	 0.031602878358944195
1.1490219978921843 	 0.031964886777520206
1.1500219978921842 	 0.03232858784059678
1.151021997892184 	 0.03269375529860539
1.152021997892184 	 0.03306050521160211
1.1530219978921838 	 0.03342903204496738
1.1540219978921837 	 0.03379952843918517
1.1550219978921836 	 0.03417218459750627
1.1560219978921835 	 0.03454718856374274
1.1570219978921834 	 0.03492472801075232
1.1580219978921833 	 0.03530498829544349
1.1590219978921832 	 0.03568815280438965
1.160021997892183 	 0.036074403003642896
1.161021997892183 	 0.036463819617808826
1.1620219978921829 	 0.03685611267729015
1.1630219978921827 	 0.03725088635208202
1.1640219978921826 	 0.03764731485852564
1.1650219978921825 	 0.03804445603745012
1.1660219978921824 	 0.038442421935313116
1.1670219978921823 	 0.03884157250856447
1.1680219978921822 	 0.03924226560853236
1.169021997892182 	 0.03964485696796886
1.170021997892182 	 0.04004970019644622
1.1710219978921819 	 0.04045707118588096
1.1720219978921818 	 0.04086696123432717
1.1730219978921816 	 0.04127929486907313
1.1740219978921815 	 0.04169399617620134
1.1750219978921814 	 0.04211098878456102
1.1760219978921813 	 0.042530195863439084
1.1770219978921812 	 0.04295154012769719
1.178021997892181 	 0.043374941061849685
1.179021997892181 	 0.04380032296093746
1.1800219978921809 	 0.044227607446924326
1.1810219978921808 	 0.044656680321836555
1.1820219978921807 	 0.04508729443649568
1.1830219978921805 	 0.04551917924561791
1.1840219978921804 	 0.045952073206891327
1.1850219978921803 	 0.04638571646745717
1.1860219978921802 	 0.04681985429324818
1.18702199789218 	 0.04725476210426572
1.18802199789218 	 0.04769259239230134
1.1890219978921799 	 0.048134236264359864
1.1900219978921798 	 0.048578977618563036
1.1910219978921797 	 0.049026147339205094
1.1920219978921796 	 0.04947546968541911
1.1930219978921794 	 0.04992676144117521
1.1940219978921793 	 0.05037984043054911
1.1950219978921792 	 0.050834525513546426
1.1960219978921791 	 0.05129063658893025
1.197021997892179 	 0.051747994599087535
1.198021997892179 	 0.052206421539311904
1.1990219978921788 	 0.05266574046228553
1.2000219978921787 	 0.053125775489848516
1.2010219978921786 	 0.05358645534006338
1.2020219978921785 	 0.05404809683114001
1.2030219978921783 	 0.05451110688063107
1.2040219978921782 	 0.054975891570001274
1.2050219978921781 	 0.05544280969962307
1.206021997892178 	 0.055912044927825005
1.207021997892178 	 0.05638373817275846
1.2080219978921778 	 0.05685802820465973
1.2090219978921777 	 0.05733505164732905
1.2100219978921776 	 0.05781494297931569
1.2110219978921775 	 0.05829760896754444
1.2120219978921773 	 0.05878211414514817
1.2130219978921772 	 0.05926736418362444
1.2140219978921771 	 0.05975286888954269
1.215021997892177 	 0.0602387005973649
1.216021997892177 	 0.060724950896705175
1.2170219978921768 	 0.061211708614381126
1.2180219978921767 	 0.06169905982866983
1.2190219978921766 	 0.062187087888962
1.2200219978921765 	 0.06267587343005919
1.2210219978921764 	 0.06316553343865657
1.2220219978921762 	 0.06365633000335534
1.2230219978921761 	 0.06414856087759481
1.224021997892176 	 0.0646425255034051
1.225021997892176 	 0.06513852498240576
1.2260219978921758 	 0.06563680135507399
1.2270219978921757 	 0.06613736917188198
1.2280219978921756 	 0.06664018672414415
1.2290219978921755 	 0.06714520885734648
1.2300219978921754 	 0.06765238697409327
1.2310219978921753 	 0.0681616121588656
1.2320219978921751 	 0.06867256181908557
1.233021997892175 	 0.06918486753903105
1.234021997892175 	 0.0696981654606518
1.2350219978921748 	 0.07021209624798788
1.2360219978921747 	 0.0707263050717039
1.2370219978921746 	 0.07124044158778506
1.2380219978921745 	 0.07175420397842097
1.2390219978921744 	 0.07226820751259615
1.2400219978921743 	 0.07278391992831615
1.2410219978921742 	 0.073302436108443
1.242021997892174 	 0.07382338540152535
1.243021997892174 	 0.07434606108783554
1.2440219978921738 	 0.07486976292952652
1.2450219978921737 	 0.07539379714051986
1.2460219978921736 	 0.07591747639326059
1.2470219978921735 	 0.0764405153591146
1.2480219978921734 	 0.0769641101640133
1.2490219978921733 	 0.07748979346341595
1.2500219978921732 	 0.0780190864088999
1.251021997892173 	 0.078553064235225
1.252021997892173 	 0.07909117062898242
1.2530219978921728 	 0.07963247551610256
1.2540219978921727 	 0.08017605718536373
1.2550219978921726 	 0.08072100218400698
1.2560219978921725 	 0.08126640526550208
1.2570219978921724 	 0.08181136933856789
1.2580219978921723 	 0.082355005432843
1.2590219978921722 	 0.0828964326748605
1.260021997892172 	 0.08343477826649798
1.261021997892172 	 0.08397029700035949
1.2620219978921718 	 0.08450741794447109
1.2630219978921717 	 0.08505127167196505
1.2640219978921716 	 0.08560240869851712
1.2650219978921715 	 0.08615712190957013
1.2660219978921714 	 0.08671158453676277
1.2670219978921713 	 0.08726306345604322
1.2680219978921712 	 0.08781276490796579
1.269021997892171 	 0.08836279628435995
1.270021997892171 	 0.08891524467504787
1.2710219978921709 	 0.08947170888049694
1.2720219978921707 	 0.09003202342524315
1.2730219978921706 	 0.0905956158422855
1.2740219978921705 	 0.0911619186316641
1.2750219978921704 	 0.09173036917343645
1.2760219978921703 	 0.09230040969495666
1.2770219978921702 	 0.09287148724585804
1.27802199789217 	 0.09344305367745162
1.27902199789217 	 0.09401456563920711
1.2800219978921699 	 0.09458548456856262
1.2810219978921698 	 0.09515561568360724
1.2820219978921696 	 0.09572603126697514
1.2830219978921695 	 0.09629808635793131
1.2840219978921694 	 0.09687311988064547
1.2850219978921693 	 0.09745245461410404
1.2860219978921692 	 0.09803739716389334
1.287021997892169 	 0.09862759576299526
1.288021997892169 	 0.09921683840689301
1.2890219978921689 	 0.09980305174237736
1.2900219978921688 	 0.10038935265956808
1.2910219978921686 	 0.10097835548853322
1.2920219978921685 	 0.10157017692261361
1.2930219978921684 	 0.10216435882889523
1.2940219978921683 	 0.10276045019930058
1.2950219978921682 	 0.10335800710000627
1.296021997892168 	 0.10395659263895796
1.297021997892168 	 0.10455577691256149
1.2980219978921679 	 0.10515513698990829
1.2990219978921678 	 0.1057542568092807
1.3000219978921677 	 0.10635272671901058
1.3010219978921675 	 0.10695048439900619
1.3020219978921674 	 0.10754873788965165
1.3030219978921673 	 0.10814897301603159
1.3040219978921672 	 0.10875265301806394
1.305021997892167 	 0.10936121855680718
1.306021997892167 	 0.1099754573650896
1.3070219978921669 	 0.11059379149584767
1.3080219978921668 	 0.11121411443628113
1.3090219978921667 	 0.11183434747390976
1.3100219978921666 	 0.11245243961569576
1.3110219978921664 	 0.1130672195152914
1.3120219978921663 	 0.1136807120544377
1.3130219978921662 	 0.11429557978540819
1.3140219978921661 	 0.11491283729412963
1.315021997892166 	 0.11553196909731225
1.316021997892166 	 0.11615240950528324
1.3170219978921658 	 0.11677360251816263
1.3180219978921657 	 0.117395001843598
1.3190219978921656 	 0.11801607080655914
1.3200219978921655 	 0.1186362822816046
1.3210219978921653 	 0.11925539890875712
1.3220219978921652 	 0.11987423178510616
1.3230219978921651 	 0.12049381853917966
1.324021997892165 	 0.1211151756892995
1.325021997892165 	 0.12173929883053894
1.3260219978921648 	 0.12236716263158395
1.3270219978921647 	 0.12299972072822633
1.3280219978921646 	 0.12363698415817577
1.3290219978921645 	 0.12427552643046039
1.3300219978921644 	 0.12491118438927729
1.3310219978921642 	 0.1255408863042567
1.3320219978921641 	 0.12616543750406914
1.333021997892164 	 0.12678658062306583
1.334021997892164 	 0.12740601543229985
1.3350219978921638 	 0.12802541103419104
1.3360219978921637 	 0.12864640813596412
1.3370219978921636 	 0.12927061968457026
1.3380219978921635 	 0.1298994971798294
1.3390219978921634 	 0.1305316873089896
1.3400219978921633 	 0.1311632367278763
1.3410219978921631 	 0.13179092824787011
1.342021997892163 	 0.13241451857276998
1.343021997892163 	 0.13303445146577883
1.3440219978921628 	 0.13365116595624302
1.3450219978921627 	 0.13426509663120575
1.3460219978921626 	 0.13487667356449587
1.3470219978921625 	 0.13548633001104968
1.3480219978921624 	 0.13609452485711618
1.3490219978921623 	 0.13670172047318824
1.3500219978921622 	 0.13730837583786695
1.351021997892162 	 0.13791466270636468
1.352021997892162 	 0.13851969270106843
1.3530219978921618 	 0.1391223414272961
1.3540219978921617 	 0.13972149961026523
1.3550219978921616 	 0.14031607331540513
1.3560219978921615 	 0.14090498357695486
1.3570219978921614 	 0.14148716571043649
1.3580219978921613 	 0.14206156961155933
1.3590219978921612 	 0.14262715969258055
1.360021997892161 	 0.1431829146852221
1.361021997892161 	 0.14373215990084884
1.3620219978921608 	 0.1442943404441646
1.3630219978921607 	 0.14487237133363734
1.3640219978921606 	 0.14543701087146882
1.3650219978921605 	 0.14598871552992396
1.3660219978921604 	 0.14652984237485334
1.3670219978921603 	 0.14706271595419054
1.3680219978921602 	 0.1475896298328101
1.36902199789216 	 0.1481128474332471
1.37002199789216 	 0.1486346024945311
1.3710219978921598 	 0.14915657165024052
1.3720219978921597 	 0.14967843974412715
1.3730219978921596 	 0.1501994363090059
1.3740219978921595 	 0.15071880227263876
1.3750219978921594 	 0.15123579017720523
1.3760219978921593 	 0.15174966375097806
1.3770219978921592 	 0.15225969693801497
1.378021997892159 	 0.15276517457331884
1.379021997892159 	 0.15326539244449602
1.3800219978921588 	 0.1537596570755024
1.3810219978921587 	 0.1542473584392633
1.3820219978921586 	 0.1547281672885495
1.3830219978921585 	 0.15520182095737917
1.3840219978921584 	 0.155668059464693
1.3850219978921583 	 0.1561266255688369
1.3860219978921582 	 0.1565772649023656
1.387021997892158 	 0.1570197264378686
1.388021997892158 	 0.15745383446896213
1.3890219978921579 	 0.15788092385714647
1.3900219978921577 	 0.15830373143981236
1.3910219978921576 	 0.15872442955731914
1.3920219978921575 	 0.15914298625926673
1.3930219978921574 	 0.15955886398607397
1.3940219978921573 	 0.1599715338282492
1.3950219978921572 	 0.1603804750923581
1.396021997892157 	 0.16078522355338562
1.397021997892157 	 0.16118550234913306
1.3980219978921569 	 0.1615810774796026
1.3990219978921568 	 0.1619717141511953
1.4000219978921566 	 0.16234823850364485
1.4010219978921565 	 0.16272853570443735
1.4020219978921564 	 0.16310317901990354
1.4030219978921563 	 0.16347193085398415
1.4040219978921562 	 0.1638345516377839
1.405021997892156 	 0.16419079962719768
1.406021997892156 	 0.16454043126314968
1.4070219978921559 	 0.16488320231909712
1.4080219978921558 	 0.16521886684277365
1.4090219978921557 	 0.16554717698651658
1.4100219978921555 	 0.16586788327755014
1.4110219978921554 	 0.16618104337680004
1.4120219978921553 	 0.16648786253804665
1.4130219978921552 	 0.16678976559809433
1.414021997892155 	 0.16708746897274399
1.415021997892155 	 0.16738102968034999
1.4160219978921549 	 0.1676704779483845
1.4170219978921548 	 0.16795584367497077
1.4180219978921547 	 0.16823715688153873
1.4190219978921546 	 0.16851444828550693
1.4200219978921544 	 0.1687877499049375
1.4210219978921543 	 0.16905709583737566
1.4220219978921542 	 0.16932252369666725
1.4230219978921541 	 0.16958407530574726
1.424021997892154 	 0.1698417959654443
1.425021997892154 	 0.17009573448238158
1.4260219978921538 	 0.17034594312025447
1.4270219978921537 	 0.17059247700974667
1.4280219978921536 	 0.1708353950003844
1.4290219978921535 	 0.1710747598995268
1.4300219978921533 	 0.17131063841179833
1.4310219978921532 	 0.17154302608016336
1.4320219978921531 	 0.1717716432478474
1.433021997892153 	 0.17199615309118121
1.434021997892153 	 0.17221622646153847
1.4350219978921528 	 0.1724315412394776
1.4360219978921527 	 0.17264178177077807
1.4370219978921526 	 0.17284663786974475
1.4380219978921525 	 0.17304582668607438
1.4390219978921523 	 0.1732393664686032
1.4400219978921522 	 0.17342753238200137
1.4410219978921521 	 0.17361060828612615
1.442021997892152 	 0.17378887716430103
1.443021997892152 	 0.1739626215818063
1.4440219978921518 	 0.17413212242990056
1.4450219978921517 	 0.1742976587218091
1.4460219978921516 	 0.1744595071755534
1.4470219978921515 	 0.17461794188171492
1.4480219978921514 	 0.17477323438796646
1.4490219978921512 	 0.17492565365228657
1.4500219978921511 	 0.1750754659368156
1.451021997892151 	 0.17522286790190938
1.452021997892151 	 0.1753678046841836
1.4530219978921508 	 0.1755101643509142
1.4540219978921507 	 0.17564983602627451
1.4550219978921506 	 0.1757867096183901
1.4560219978921505 	 0.17592067568280836
1.4570219978921504 	 0.17605171884283694
1.4580219978921503 	 0.17618017315684578
1.4590219978921501 	 0.17630645034877648
1.46002199789215 	 0.17643095733603473
1.46102199789215 	 0.17655409616230155
1.4620219978921498 	 0.17667626392486144
1.4630219978921497 	 0.17679782167458347
1.4640219978921496 	 0.17691846473958564
1.4650219978921495 	 0.1770372679234064
1.4660219978921494 	 0.1771532905836214
1.4670219978921493 	 0.17726560101245795
1.4680219978921492 	 0.17737327636937805
1.469021997892149 	 0.17747540254355476
1.470021997892149 	 0.17757107398337169
1.4710219978921488 	 0.17765975298980013
1.4720219978921487 	 0.17774224951738118
1.4730219978921486 	 0.17781967896855902
1.4740219978921485 	 0.17789314545961496
1.4750219978921484 	 0.17796374191666364
1.4760219978921483 	 0.178032550206571
1.4770219978921482 	 0.1781006411568293
1.478021997892148 	 0.17816907485963238
1.479021997892148 	 0.17823890086765348
1.4800219978921478 	 0.17831115824356422
1.4810219978921477 	 0.1783868756520162
1.4820219978921476 	 0.17846707117527572
1.4830219978921475 	 0.17855198451816298
1.4840219978921474 	 0.1786389817219604
1.4850219978921473 	 0.1787247837235935
1.4860219978921472 	 0.17880614222172916
1.487021997892147 	 0.17887983838387725
1.488021997892147 	 0.17894287051354832
1.4890219978921468 	 0.17899616295052218
1.4900219978921467 	 0.17904430408956928
1.4910219978921466 	 0.17909136872944204
1.4920219978921465 	 0.17913880857857553
1.4930219978921464 	 0.1791864487989468
1.4940219978921463 	 0.17923386474952668
1.4950219978921462 	 0.1792806354897365
1.496021997892146 	 0.1793263435166794
1.497021997892146 	 0.17937057402835196
1.4980219978921459 	 0.17941291564847456
1.4990219978921457 	 0.17945296060699667
1.5000219978921456 	 0.17949030467355084
1.5010219978921455 	 0.17952454702825094
1.5020219978921454 	 0.17955529014233654
1.5030219978921453 	 0.17958214009614976
1.5040219978921452 	 0.17960470617878768
1.505021997892145 	 0.17962260069521657
1.506021997892145 	 0.17963535409059048
1.5070219978921449 	 0.17964218381574867
1.5080219978921447 	 0.17964331902203273
1.5090219978921446 	 0.17964302105735108
1.5100219978921445 	 0.1796464574790236
1.5110219978921444 	 0.17965679772240017
1.5120219978921443 	 0.17966988084477675
1.5130219978921442 	 0.17968001687476023
1.514021997892144 	 0.17968449560416558
1.515021997892144 	 0.17968339187222712
1.5160219978921439 	 0.1796768872482856
1.5170219978921438 	 0.17966516105246422
1.5180219978921436 	 0.17964839068759317
1.5190219978921435 	 0.1796267517729973
1.5200219978921434 	 0.17960041819066536
1.5210219978921433 	 0.1795695605276155
1.5220219978921432 	 0.17953434485409017
1.523021997892143 	 0.1794949403280491
1.524021997892143 	 0.1794515149640964
1.5250219978921429 	 0.17940423515086493
1.5260219978921428 	 0.17935325566454585
1.5270219978921427 	 0.1792987335095971
1.5280219978921425 	 0.17924083093967824
1.5290219978921424 	 0.17917970854188478
1.5300219978921423 	 0.17911552175147255
1.5310219978921422 	 0.17904838658587488
1.532021997892142 	 0.17897827103660363
1.533021997892142 	 0.17890510918249672
1.5340219978921419 	 0.17882883562656626
1.5350219978921418 	 0.17874938524049264
1.5360219978921417 	 0.17866669322775885
1.5370219978921416 	 0.17858069521926406
1.5380219978921414 	 0.17849133735142056
1.5390219978921413 	 0.1783987779756611
1.5400219978921412 	 0.17830337391417356
1.5410219978921411 	 0.17820548705692743
1.542021997892141 	 0.17810547713189287
1.543021997892141 	 0.17800370226165937
1.5440219978921408 	 0.1779005180225838
1.5450219978921407 	 0.1777962772075528
1.5460219978921406 	 0.17769133000611304
1.5470219978921405 	 0.1775857868881982
1.5480219978921403 	 0.1774788692613451
1.5490219978921402 	 0.17736959618315626
1.5500219978921401 	 0.177256746669466
1.55102199789214 	 0.17713859359766784
1.55202199789214 	 0.17701472614660374
1.5530219978921398 	 0.17688509208361
1.5540219978921397 	 0.1767496395107546
1.5550219978921396 	 0.17660831653443507
1.5560219978921395 	 0.17646107154330637
1.5570219978921394 	 0.17630785399857227
1.5580219978921392 	 0.17614861358516185
1.5590219978921391 	 0.17598329994506073
1.560021997892139 	 0.17581186270495547
1.561021997892139 	 0.1756342519289808
1.5620219978921388 	 0.17545041967896172
1.5630219978921387 	 0.17526036275974052
1.5640219978921386 	 0.1750649699432112
1.5650219978921385 	 0.17486596525887116
1.5660219978921384 	 0.17466509586387668
1.5670219978921383 	 0.17446410081501526
1.5680219978921381 	 0.1742642495745405
1.569021997892138 	 0.17406687840053842
1.570021997892138 	 0.17387403806165058
1.5710219978921378 	 0.17368685698121988
1.5720219978921377 	 0.1735039336487853
1.5730219978921376 	 0.17332328568129027
1.5740219978921375 	 0.17314294395802368
1.5750219978921374 	 0.1729609587322354
1.5760219978921373 	 0.17277540554210782
1.5770219978921372 	 0.172584392349562
1.578021997892137 	 0.1723860619338516
1.579021997892137 	 0.17217859638013064
1.5800219978921368 	 0.17196022264235536
1.5810219978921367 	 0.17172921847521963
1.5820219978921366 	 0.17148391853516054
1.5830219978921365 	 0.17122271753375187
1.5840219978921364 	 0.1709440707062658
1.5850219978921363 	 0.17064649021232722
1.5860219978921362 	 0.17032853577167753
1.587021997892136 	 0.16998879770153968
1.588021997892136 	 0.16962865547115968
1.5890219978921358 	 0.16928618834665715
1.5900219978921357 	 0.16897451130385002
1.5910219978921356 	 0.16869009972762858
1.5920219978921355 	 0.1684292066837573
1.5930219978921354 	 0.1681878612094156
1.5940219978921353 	 0.1679618726216178
1.5950219978921352 	 0.16774685911271062
1.596021997892135 	 0.16753830821923543
1.597021997892135 	 0.16733166060388519
1.5980219978921348 	 0.1671223962762278
1.5990219978921347 	 0.16690611154948634
1.6000219978921346 	 0.1666785737061872
1.6010219978921345 	 0.16643666401160911
1.6020219978921344 	 0.1661808847900951
1.6030219978921343 	 0.16591269638332704
1.6040219978921342 	 0.1656336835039903
1.605021997892134 	 0.16534552192409016
1.606021997892134 	 0.16504994674985377
1.6070219978921338 	 0.16474872594445927
1.6080219978921337 	 0.16444363785692656
1.6090219978921336 	 0.164136455361597
1.6100219978921335 	 0.1638289353193343
1.6110219978921334 	 0.16352216559777788
1.6120219978921333 	 0.1632147919627781
1.6130219978921332 	 0.16290492919307786
1.614021997892133 	 0.16259171911744455
1.615021997892133 	 0.1622752685514276
1.6160219978921329 	 0.16195570560375036
1.6170219978921327 	 0.1616331427354125
1.6180219978921326 	 0.16130767898264792
1.6190219978921325 	 0.16097940170269884
1.6200219978921324 	 0.1606483882689335
1.6210219978921323 	 0.16031470733442596
1.6220219978921322 	 0.1599784184778807
1.623021997892132 	 0.15963957192468167
1.624021997892132 	 0.15929821252662144
1.6250219978921319 	 0.15895438159768613
1.6260219978921318 	 0.1586081172566481
1.6270219978921316 	 0.15825945380211787
1.6280219978921315 	 0.15790842401339655
1.6290219978921314 	 0.15755506029452845
1.6300219978921313 	 0.15719939530511728
1.6310219978921312 	 0.15684200852796762
1.632021997892131 	 0.15648552157512552
1.633021997892131 	 0.1561330251982334
1.6340219978921309 	 0.1557866743562161
1.6350219978921308 	 0.15544514513279004
1.6360219978921307 	 0.15510630830184352
1.6370219978921305 	 0.15476804263796734
1.6380219978921304 	 0.15442828924426852
1.6390219978921303 	 0.15408607062923593
1.6400219978921302 	 0.15374142634513474
1.64102199789213 	 0.1533944386963076
1.64202199789213 	 0.15304518973252876
1.6430219978921299 	 0.1526937621073558
1.6440219978921298 	 0.15234024217628067
1.6450219978921297 	 0.15198472059143442
1.6460219978921296 	 0.15162729116788448
1.6470219978921294 	 0.15126804781902486
1.6480219978921293 	 0.1509070873318335
1.6490219978921292 	 0.150544509921187
1.650021997892129 	 0.15018041880147665
1.651021997892129 	 0.14981508603055552
1.652021997892129 	 0.14944940730695153
1.6530219978921288 	 0.14908442244214565
1.6540219978921287 	 0.14872117045611005
1.6550219978921286 	 0.1483606895615938
1.6560219978921285 	 0.1480040156196726
1.6570219978921283 	 0.14765217893466073
1.6580219978921282 	 0.14730620640277858
1.6590219978921281 	 0.1469671216012373
1.660021997892128 	 0.14663594412311326
1.661021997892128 	 0.1463125872582377
1.6620219978921278 	 0.1459928374324527
1.6630219978921277 	 0.14567166602749815
1.6640219978921276 	 0.14534708902613228
1.6650219978921275 	 0.14501998931363055
1.6660219978921273 	 0.14469135209613587
1.6670219978921272 	 0.1443621504365547
1.6680219978921271 	 0.1440333468923659
1.669021997892127 	 0.14370589392151303
1.670021997892127 	 0.1433807337825029
1.6710219978921268 	 0.1430586380538792
1.6720219978921267 	 0.14273976767422428
1.6730219978921266 	 0.14242413395307055
1.6740219978921265 	 0.14211173890024834
1.6750219978921264 	 0.14180257519685668
1.6760219978921262 	 0.1414966260971352
1.6770219978921261 	 0.1411938649681417
1.678021997892126 	 0.14089425632889502
1.679021997892126 	 0.14059775645244804
1.6800219978921258 	 0.14030431376731675
1.6810219978921257 	 0.14001386929853266
1.6820219978921256 	 0.13972635723753368
1.6830219978921255 	 0.13944170664700048
1.6840219978921254 	 0.1391598412397356
1.6850219978921253 	 0.13888067973347296
1.6860219978921251 	 0.13860413654016132
1.687021997892125 	 0.1383301225354183
1.688021997892125 	 0.1380585092542811
1.6890219978921248 	 0.13778841012433402
1.6900219978921247 	 0.13751822280149
1.6910219978921246 	 0.13724660724549106
1.6920219978921245 	 0.13697331685050662
1.6930219978921244 	 0.1366983624243306
1.6940219978921243 	 0.13642175559618075
1.6950219978921242 	 0.1361435090469392
1.696021997892124 	 0.13586363728639403
1.697021997892124 	 0.13558215778168167
1.6980219978921238 	 0.13529909079100247
1.6990219978921237 	 0.13501445960863023
1.7000219978921236 	 0.1347282909660644
1.7010219978921235 	 0.13429835460957176
1.7020219978921234 	 0.13385650319628564
1.7030219978921233 	 0.13341439081264828
1.7040219978921232 	 0.13297337347856272
1.705021997892123 	 0.13253480090214806
1.706021997892123 	 0.13210001650732478
1.7070219978921228 	 0.1316703574612727
1.7080219978921227 	 0.13124715469508896
1.7090219978921226 	 0.1308310648475101
1.7100219978921225 	 0.1304202425984558
1.7110219978921224 	 0.13001226702456942
1.7120219978921223 	 0.12960472840580334
1.7130219978921222 	 0.12919529279340203
1.714021997892122 	 0.12878297872206398
1.715021997892122 	 0.12836807465155003
1.7160219978921218 	 0.12795091716349433
1.7170219978921217 	 0.1275318412938607
1.7180219978921216 	 0.12711118053963605
1.7190219978921215 	 0.1266892668654933
1.7200219978921214 	 0.12626643071042282
1.7210219978921213 	 0.12584300099433376
1.7220219978921212 	 0.12541930512462435
1.723021997892121 	 0.12499566900272223
1.724021997892121 	 0.12457241703059425
1.7250219978921209 	 0.12414987211722632
1.7260219978921207 	 0.12372835568507319
1.7270219978921206 	 0.12330818767647878
1.7280219978921205 	 0.12288968656006645
1.7290219978921204 	 0.1224731693371003
1.7300219978921203 	 0.1220589515457828
1.7310219978921202 	 0.1216471435690768
1.73202199789212 	 0.12123709335448211
1.73302199789212 	 0.1208279737187191
1.7340219978921199 	 0.1204189612582459
1.7350219978921197 	 0.12000923633302475
1.7360219978921196 	 0.11959798305036284
1.7370219978921195 	 0.11918438924882732
1.7380219978921194 	 0.11876768906165215
1.7390219978921193 	 0.11834800424433577
1.7400219978921192 	 0.11792628986004837
1.741021997892119 	 0.11750352921246024
1.742021997892119 	 0.1170807011324596
1.7430219978921189 	 0.11665877999727467
1.7440219978921188 	 0.11623873574950846
1.7450219978921186 	 0.11582153391608589
1.7460219978921185 	 0.11540813562711565
1.7470219978921184 	 0.11499949763466456
1.7480219978921183 	 0.11459657233144759
1.7490219978921182 	 0.11420030776943162
1.750021997892118 	 0.11381164766725346
1.751021997892118 	 0.11343041947072563
1.7520219978921179 	 0.11305229212964742
1.7530219978921178 	 0.1126729926387058
1.7540219978921177 	 0.11229204797908383
1.7550219978921175 	 0.1119098710628367
1.7560219978921174 	 0.11152687294173601
1.7570219978921173 	 0.11114346281515533
1.7580219978921172 	 0.1107600480379195
1.759021997892117 	 0.11037703412811903
1.760021997892117 	 0.10999482477488817
1.7610219978921169 	 0.10961382184614864
1.7620219978921168 	 0.10923442539631797
1.7630219978921167 	 0.10885698824670396
1.7640219978921166 	 0.10848091835941889
1.7650219978921164 	 0.10810473670118402
1.7660219978921163 	 0.10772693611737304
1.7670219978921162 	 0.10734601622451849
1.7680219978921161 	 0.10696048338175783
1.769021997892116 	 0.10656885066240694
1.770021997892116 	 0.10616963783237339
1.7710219978921158 	 0.10576204348423397
1.7720219978921157 	 0.1053477840720572
1.7730219978921156 	 0.10492915614562245
1.7740219978921155 	 0.10450844600321864
1.7750219978921153 	 0.10408792973466954
1.7760219978921152 	 0.10366987326416562
1.7770219978921151 	 0.10325653239290415
1.778021997892115 	 0.10285015284153846
1.779021997892115 	 0.10245297029243615
1.7800219978921148 	 0.10206721043174904
1.7810219978921147 	 0.10169508899129419
1.7820219978921146 	 0.10133881179024816
1.7830219978921145 	 0.10100057477665383
1.7840219978921144 	 0.10068256406874271
1.7850219978921142 	 0.10038695599607217
1.7860219978921141 	 0.10011591714047866
1.787021997892114 	 0.09987160437684872
1.788021997892114 	 0.09965189313821377
1.7890219978921138 	 0.09939958271775629
1.7900219978921137 	 0.09909982719173122
1.7910219978921136 	 0.09876397817838571
1.7920219978921135 	 0.0984033371835324
1.7930219978921134 	 0.0980291558086815
1.7940219978921133 	 0.09765263593746691
1.7950219978921131 	 0.09728284837858789
1.796021997892113 	 0.09692103758969826
1.797021997892113 	 0.09656662230011524
1.7980219978921128 	 0.09621902377652221
1.7990219978921127 	 0.09587766581249334
1.8000219978921126 	 0.09554197471806436
1.8010219978921125 	 0.09521137930934903
1.8020219978921124 	 0.09488531089820212
1.8030219978921123 	 0.09456320328192738
1.8040219978921122 	 0.09424449273303134
1.805021997892112 	 0.09392861798902227
1.806021997892112 	 0.09361502024225356
1.8070219978921118 	 0.09330314312981251
1.8080219978921117 	 0.09299243272345352
1.8090219978921116 	 0.09268233751957507
1.8100219978921115 	 0.09237230843269363
1.8110219978921114 	 0.09206214455483705
1.8120219978921113 	 0.09175293925044674
1.8130219978921112 	 0.09144603754210474
1.814021997892111 	 0.09114182512100458
1.815021997892111 	 0.09083978670673058
1.8160219978921108 	 0.09053937412023011
1.8170219978921107 	 0.09024004156973917
1.8180219978921106 	 0.08994124564100336
1.8190219978921105 	 0.08964244528754142
1.8200219978921104 	 0.08934310182095129
1.8210219978921103 	 0.08904267890397898
1.8220219978921102 	 0.08874091500891426
1.82302199789211 	 0.0884385689573651
1.82402199789211 	 0.08813663453826937
1.8250219978921098 	 0.08783610121967386
1.8260219978921097 	 0.0875379541663728
1.8270219978921096 	 0.0872431742574693
1.8280219978921095 	 0.0869527381038606
1.8290219978921094 	 0.08666761806564645
1.8300219978921093 	 0.08638878226426357
1.8310219978921092 	 0.08611667386634708
1.832021997892109 	 0.08584978620589728
1.833021997892109 	 0.08558616374791018
1.8340219978921088 	 0.0853238594040018
1.8350219978921087 	 0.0850609344981163
1.8360219978921086 	 0.08479545873238291
1.8370219978921085 	 0.08452551015312136
1.8380219978921084 	 0.08424927519410319
1.8390219978921083 	 0.08396702625956484
1.8400219978921082 	 0.08368099469616475
1.841021997892108 	 0.08339347884629962
1.842021997892108 	 0.08310676715979619
1.8430219978921079 	 0.08282313823390978
1.8440219978921077 	 0.08254486085314983
1.8450219978921076 	 0.08227419402893386
1.8460219978921075 	 0.08201338703906973
1.8470219978921074 	 0.08176467946706818
1.8480219978921073 	 0.0815303012412855
1.8490219978921072 	 0.08131247267389738
1.850021997892107 	 0.08111340442481167
1.851021997892107 	 0.08092779584655316
1.8520219978921069 	 0.08072984308248703
1.8530219978921068 	 0.0805154825124428
1.8540219978921066 	 0.0802872582047718
1.8550219978921065 	 0.08004770339581581
1.8560219978921064 	 0.07979934053334098
1.8570219978921063 	 0.07954468131978613
1.8580219978921062 	 0.07928622675532562
1.859021997892106 	 0.07902646718074749
1.860021997892106 	 0.07876788232014857
1.8610219978921059 	 0.07851294132344636
1.8620219978921058 	 0.07826410280870948
1.8630219978921057 	 0.07802372267758674
1.8640219978921055 	 0.07779223163854651
1.8650219978921054 	 0.07756825214647295
1.8660219978921053 	 0.07735034189563846
1.8670219978921052 	 0.07713706468818027
1.868021997892105 	 0.07692699040975834
1.869021997892105 	 0.07671869500531678
1.8700219978921049 	 0.07651076045793542
1.8710219978921048 	 0.07630207393222022
1.8720219978921047 	 0.07609264642270379
1.8730219978921046 	 0.07588275050781122
1.8740219978921044 	 0.07567265761366386
1.8750219978921043 	 0.0754626380186569
1.8760219978921042 	 0.07525296085801886
1.877021997892104 	 0.07504389412835055
1.878021997892104 	 0.0748357046921455
1.879021997892104 	 0.07462865828229077
1.8800219978921038 	 0.07442301950654918
1.8810219978921037 	 0.07421905185202216
1.8820219978921036 	 0.07401701768959373
1.8830219978921034 	 0.07381717827835592
1.8840219978921033 	 0.07361979377001522
1.8850219978921032 	 0.07342512321328062
1.8860219978921031 	 0.07323342455823266
1.887021997892103 	 0.07304495466067475
1.888021997892103 	 0.0728599333980589
1.8890219978921028 	 0.07267783446018168
1.8900219978921027 	 0.07249743079346496
1.8910219978921026 	 0.0723177058480794
1.8920219978921025 	 0.07213851830298752
1.8930219978921023 	 0.07195993104656563
1.8940219978921022 	 0.07178200670180375
1.8950219978921021 	 0.07160480762735211
1.896021997892102 	 0.071428395918563
1.897021997892102 	 0.0712528334085283
1.8980219978921018 	 0.07107818166911252
1.8990219978921017 	 0.07090450201198195
1.9000219978921016 	 0.07073185548962878
1.9010219978921015 	 0.07056030289639159
1.9020219978921014 	 0.07038990476947106
1.9030219978921012 	 0.07022072138994186
1.9040219978921011 	 0.07005281278375992
1.905021997892101 	 0.06988623872276564
1.906021997892101 	 0.06972105872568292
1.9070219978921008 	 0.069557332059114
1.9080219978921007 	 0.06939511773853013
1.9090219978921006 	 0.069234474529258
1.9100219978921005 	 0.06907546094700956
1.9110219978921004 	 0.06891808992176486
1.9120219978921003 	 0.06876220472591632
1.9130219978921001 	 0.06860761595998062
1.9140219978921 	 0.06845426651486602
1.9150219978921 	 0.06830222355955992
1.9160219978920998 	 0.06815155882840898
1.9170219978920997 	 0.06800234375446679
1.9180219978920996 	 0.06785464947067049
1.9190219978920995 	 0.06770854681101217
1.9200219978920994 	 0.06756410631170556
1.9210219978920993 	 0.0674213982123481
1.9220219978920992 	 0.06728049245707747
1.923021997892099 	 0.06714145869572413
1.924021997892099 	 0.06700436628495865
1.9250219978920988 	 0.06686928428943427
1.9260219978920987 	 0.06673628148292485
1.9270219978920986 	 0.06660542634945807
1.9280219978920985 	 0.06647678708444395
1.9290219978920984 	 0.06635043159579854
1.9300219978920983 	 0.06622642750506312
1.9310219978920982 	 0.0661048421485189
1.932021997892098 	 0.06598574257588746
1.933021997892098 	 0.06586895422062694
1.9340219978920978 	 0.06575340043538565
1.9350219978920977 	 0.0656377979255694
1.9360219978920976 	 0.06552138307961572
1.9370219978920975 	 0.065405319797834
1.9380219978920974 	 0.06529117215712545
1.9390219978920973 	 0.0651795641948392
1.9400219978920972 	 0.0650702367326988
1.941021997892097 	 0.06496289722837974
1.942021997892097 	 0.06485725432853393
1.9430219978920968 	 0.06475301786423723
1.9440219978920967 	 0.06464989884645507
1.9450219978920966 	 0.06454760946152711
1.9460219978920965 	 0.06444586306666995
1.9470219978920964 	 0.06434437418549858
1.9480219978920963 	 0.06424285850453891
1.9490219978920962 	 0.06414113034038343
1.950021997892096 	 0.06403936939843562
1.951021997892096 	 0.06393783990148705
1.9520219978920959 	 0.06383680499763947
1.9530219978920957 	 0.06373652676440691
1.9540219978920956 	 0.06363726621280101
1.9550219978920955 	 0.06353928329139985
1.9560219978920954 	 0.0634428368903999
1.9570219978920953 	 0.06334818484565173
1.9580219978920952 	 0.06325558394267926
1.959021997892095 	 0.06316528992068252
1.960021997892095 	 0.06307755747652435
1.9610219978920949 	 0.0629926402687007
1.9620219978920947 	 0.06291079092129497
1.9630219978920946 	 0.0628322379787707
1.9640219978920945 	 0.06275673039822197
1.9650219978920944 	 0.06268356664200568
1.9660219978920943 	 0.0626120303516414
1.9670219978920942 	 0.06254140805332807
1.968021997892094 	 0.062470989147025875
1.969021997892094 	 0.062400065895582064
1.9700219978920939 	 0.06232793341636913
1.9710219978920938 	 0.062254136923267075
1.9720219978920936 	 0.06217914842633198
1.9730219978920935 	 0.0621036542917592
1.9740219978920934 	 0.06202833812840121
1.9750219978920933 	 0.06195388079817071
1.9760219978920932 	 0.06188096042640203
1.977021997892093 	 0.061810252412170905
1.978021997892093 	 0.061742429438572444
1.9790219978920929 	 0.061678161482957954
1.9800219978920928 	 0.06161811582713043
1.9810219978920927 	 0.061562957067499174
1.9820219978920925 	 0.06151334712519362
1.9830219978920924 	 0.06146994525613622
1.9840219978920923 	 0.06143340806107531
1.9850219978920922 	 0.06140438949557737
1.986021997892092 	 0.06138354086243836
1.987021997892092 	 0.06136975369944324
1.9880219978920919 	 0.061355579235151836
1.9890219978920918 	 0.06133681002982291
1.9900219978920917 	 0.061313734546584245
1.9910219978920916 	 0.06128681516156885
1.9920219978920914 	 0.06125651242051193
1.9930219978920913 	 0.061223285045582006
1.9940219978920912 	 0.06118758994218418
1.9950219978920911 	 0.061149882205736694
1.996021997892091 	 0.06111061512842012
1.997021997892091 	 0.06107024020590001
1.9980219978920908 	 0.06102920714402251
1.9990219978920907 	 0.060987963865483406
