0.0010219978922 	 0
0.0020219978922 	 0.0
0.0030219978922 	 0.0
0.0040219978922 	 0.0
0.0050219978922 	 0.0
0.0060219978922 	 0.0
0.0070219978922 	 0.0
0.0080219978922 	 0.0
0.009021997892200002 	 0.0
0.010021997892200003 	 0.0
0.011021997892200004 	 0.0
0.012021997892200004 	 0.0
0.013021997892200005 	 0.0
0.014021997892200006 	 0.0
0.015021997892200007 	 0.0
0.016021997892200008 	 0.0
0.01702199789220001 	 0.0
0.01802199789220001 	 0.0
0.01902199789220001 	 0.0
0.02002199789220001 	 0.0
0.021021997892200012 	 0.0
0.022021997892200013 	 0.0
0.023021997892200014 	 0.0
0.024021997892200015 	 0.0
0.025021997892200016 	 0.0
0.026021997892200017 	 0.0
0.027021997892200018 	 0.0
0.02802199789220002 	 0.0
0.02902199789220002 	 0.0
0.03002199789220002 	 0.0
0.03102199789220002 	 0.0
0.03202199789220002 	 0.0
0.03302199789220002 	 0.0
0.03402199789220002 	 0.0
0.03502199789220002 	 0.0
0.03602199789220002 	 0.0
0.03702199789220002 	 0.0
0.038021997892200024 	 0.0
0.039021997892200025 	 0.0
0.040021997892200026 	 0.0
0.04102199789220003 	 0.0
0.04202199789220003 	 0.0
0.04302199789220003 	 0.0
0.04402199789220003 	 0.0
0.04502199789220003 	 0.0
0.04602199789220003 	 0.0
0.04702199789220003 	 0.0
0.04802199789220003 	 0.0
0.049021997892200034 	 0.0
0.050021997892200035 	 0.0
0.051021997892200036 	 0.0
0.052021997892200036 	 0.0
0.05302199789220004 	 0.0
0.05402199789220004 	 0.0
0.05502199789220004 	 0.0
0.05602199789220004 	 0.0
0.05702199789220004 	 0.0
0.05802199789220004 	 0.0
0.05902199789220004 	 0.0
0.060021997892200044 	 0.0
0.061021997892200044 	 0.0
0.062021997892200045 	 0.0
0.06302199789220005 	 0.0
0.06402199789220005 	 0.0
0.06502199789220005 	 0.0
0.06602199789220005 	 0.0
0.06702199789220005 	 0.0
0.06802199789220005 	 0.0
0.06902199789220005 	 0.0
0.07002199789220005 	 0.0
0.07102199789220005 	 0.0
0.07202199789220005 	 0.0
0.07302199789220006 	 0.0
0.07402199789220006 	 0.0
0.07502199789220006 	 0.0
0.07602199789220006 	 0.0
0.07702199789220006 	 0.0
0.07802199789220006 	 0.0
0.07902199789220006 	 0.0
0.08002199789220006 	 0.0
0.08102199789220006 	 0.0
0.08202199789220006 	 0.0
0.08302199789220006 	 0.0
0.08402199789220006 	 0.0
0.08502199789220007 	 0.0
0.08602199789220007 	 0.0
0.08702199789220007 	 0.0
0.08802199789220007 	 0.0
0.08902199789220007 	 0.0
0.09002199789220007 	 0.0
0.09102199789220007 	 0.0
0.09202199789220007 	 0.0
0.09302199789220007 	 0.0
0.09402199789220007 	 0.0
0.09502199789220007 	 0.0
0.09602199789220008 	 0.0
0.09702199789220008 	 0.0
0.09802199789220008 	 0.0
0.09902199789220008 	 0.0
0.10002199789220008 	 0.0
0.10102199789220008 	 0.0
0.10202199789220008 	 0.0
0.10302199789220008 	 0.0
0.10402199789220008 	 0.0
0.10502199789220008 	 0.0
0.10602199789220008 	 0.0
0.10702199789220009 	 0.0
0.10802199789220009 	 0.0
0.10902199789220009 	 0.0
0.11002199789220009 	 0.0
0.11102199789220009 	 0.0
0.11202199789220009 	 0.0
0.11302199789220009 	 0.0
0.11402199789220009 	 0.0
0.11502199789220009 	 0.0
0.1160219978922001 	 0.0
0.1170219978922001 	 0.0
0.1180219978922001 	 0.0
0.1190219978922001 	 0.0
0.1200219978922001 	 0.0
0.1210219978922001 	 0.0
0.1220219978922001 	 0.0
0.1230219978922001 	 0.0
0.1240219978922001 	 0.0
0.1250219978922001 	 0.0
0.1260219978922001 	 0.0
0.1270219978922001 	 0.0
0.1280219978922001 	 0.0
0.1290219978922001 	 0.0
0.1300219978922001 	 0.0
0.1310219978922001 	 0.0
0.1320219978922001 	 0.0
0.1330219978922001 	 0.0
0.1340219978922001 	 0.0
0.1350219978922001 	 0.0
0.1360219978922001 	 0.0
0.1370219978922001 	 0.0
0.1380219978922001 	 0.0
0.1390219978922001 	 0.0
0.1400219978922001 	 0.0
0.1410219978922001 	 0.0
0.1420219978922001 	 0.0
0.1430219978922001 	 0.0
0.1440219978922001 	 0.0
0.1450219978922001 	 0.0
0.1460219978922001 	 0.0
0.1470219978922001 	 0.0
0.1480219978922001 	 0.0
0.1490219978922001 	 0.0
0.1500219978922001 	 0.0
0.1510219978922001 	 0.0
0.1520219978922001 	 0.0
0.1530219978922001 	 0.0
0.1540219978922001 	 0.0
0.15502199789220011 	 0.0
0.15602199789220011 	 0.0
0.15702199789220012 	 0.0
0.15802199789220012 	 0.0
0.15902199789220012 	 0.0
0.16002199789220012 	 0.0
0.16102199789220012 	 0.0
0.16202199789220012 	 0.0
0.16302199789220012 	 0.0
0.16402199789220012 	 0.0
0.16502199789220012 	 0.0
0.16602199789220012 	 0.0
0.16702199789220012 	 0.0
0.16802199789220013 	 0.0
0.16902199789220013 	 0.0
0.17002199789220013 	 0.0
0.17102199789220013 	 0.0
0.17202199789220013 	 0.0
0.17302199789220013 	 0.0
0.17402199789220013 	 0.0
0.17502199789220013 	 0.0
0.17602199789220013 	 0.0
0.17702199789220013 	 0.0
0.17802199789220013 	 0.0
0.17902199789220014 	 0.0
0.18002199789220014 	 0.0
0.18102199789220014 	 0.0
0.18202199789220014 	 0.0
0.18302199789220014 	 0.0
0.18402199789220014 	 0.0
0.18502199789220014 	 0.0
0.18602199789220014 	 0.0
0.18702199789220014 	 0.0
0.18802199789220014 	 0.0
0.18902199789220014 	 0.0
0.19002199789220015 	 0.0
0.19102199789220015 	 0.0
0.19202199789220015 	 0.0
0.19302199789220015 	 0.0
0.19402199789220015 	 0.0
0.19502199789220015 	 0.0
0.19602199789220015 	 0.0
0.19702199789220015 	 0.0
0.19802199789220015 	 0.0
0.19902199789220015 	 0.0
0.20002199789220015 	 0.0
0.20102199789220015 	 0.0
0.20202199789220016 	 0.0
0.20302199789220016 	 0.0
0.20402199789220016 	 0.0
0.20502199789220016 	 0.0
0.20602199789220016 	 0.0
0.20702199789220016 	 0.0
0.20802199789220016 	 0.0
0.20902199789220016 	 0.0
0.21002199789220016 	 0.0
0.21102199789220016 	 0.0
0.21202199789220016 	 0.0
0.21302199789220017 	 0.0
0.21402199789220017 	 0.0
0.21502199789220017 	 0.0
0.21602199789220017 	 0.0
0.21702199789220017 	 0.0
0.21802199789220017 	 0.0
0.21902199789220017 	 0.0
0.22002199789220017 	 0.0
0.22102199789220017 	 0.0
0.22202199789220017 	 0.0
0.22302199789220017 	 0.0
0.22402199789220018 	 0.0
0.22502199789220018 	 0.0
0.22602199789220018 	 0.0
0.22702199789220018 	 0.0
0.22802199789220018 	 0.0
0.22902199789220018 	 0.0
0.23002199789220018 	 0.0
0.23102199789220018 	 0.0
0.23202199789220018 	 0.0
0.23302199789220018 	 0.0
0.23402199789220018 	 0.0
0.23502199789220019 	 0.0
0.23602199789220019 	 0.0
0.2370219978922002 	 0.0
0.2380219978922002 	 0.0
0.2390219978922002 	 0.0
0.2400219978922002 	 0.0
0.2410219978922002 	 0.0
0.2420219978922002 	 0.0
0.2430219978922002 	 0.0
0.2440219978922002 	 0.0
0.2450219978922002 	 0.0
0.2460219978922002 	 0.0
0.2470219978922002 	 0.0
0.2480219978922002 	 0.0
0.2490219978922002 	 0.0
0.2500219978922002 	 0.0
0.2510219978922002 	 0.0
0.2520219978922002 	 0.0
0.2530219978922002 	 0.0
0.2540219978922002 	 0.0
0.2550219978922002 	 0.0
0.2560219978922002 	 0.0
0.2570219978922002 	 0.0
0.2580219978922002 	 0.0
0.2590219978922002 	 0.0
0.2600219978922002 	 0.0
0.2610219978922002 	 0.0
0.2620219978922002 	 0.0
0.2630219978922002 	 0.0
0.2640219978922002 	 0.0
0.2650219978922002 	 0.0
0.2660219978922002 	 0.0
0.2670219978922002 	 0.0
0.2680219978922002 	 0.0
0.2690219978922002 	 0.0
0.2700219978922002 	 0.0
0.2710219978922002 	 0.0
0.2720219978922002 	 0.0
0.2730219978922002 	 0.0
0.2740219978922002 	 0.0
0.2750219978922002 	 0.0
0.2760219978922002 	 0.0
0.2770219978922002 	 0.0
0.2780219978922002 	 0.0
0.2790219978922002 	 0.0
0.2800219978922002 	 0.0
0.2810219978922002 	 0.0
0.2820219978922002 	 0.0
0.2830219978922002 	 0.0
0.28402199789220023 	 0.0
0.28502199789220023 	 0.0
0.28602199789220023 	 0.0
0.28702199789220023 	 0.0
0.28802199789220023 	 0.0
0.28902199789220023 	 0.0
0.29002199789220023 	 0.0
0.29102199789220023 	 0.0
0.29202199789220024 	 0.0
0.29302199789220024 	 0.0
0.29402199789220024 	 0.0
0.29502199789220024 	 0.0
0.29602199789220024 	 0.0
0.29702199789220024 	 0.0
0.29802199789220024 	 0.0
0.29902199789220024 	 0.0
0.30002199789220024 	 0.0
0.30102199789220024 	 0.0
0.30202199789220024 	 0.0
0.30302199789220025 	 0.0
0.30402199789220025 	 0.0
0.30502199789220025 	 0.0
0.30602199789220025 	 0.0
0.30702199789220025 	 0.0
0.30802199789220025 	 0.0
0.30902199789220025 	 0.0
0.31002199789220025 	 0.0
0.31102199789220025 	 0.0
0.31202199789220025 	 0.0
0.31302199789220025 	 0.0
0.31402199789220026 	 0.0
0.31502199789220026 	 0.0
0.31602199789220026 	 0.0
0.31702199789220026 	 0.0
0.31802199789220026 	 0.0
0.31902199789220026 	 0.0
0.32002199789220026 	 0.0
0.32102199789220026 	 0.0
0.32202199789220026 	 0.0
0.32302199789220026 	 0.0
0.32402199789220026 	 0.0
0.32502199789220027 	 0.0
0.32602199789220027 	 0.0
0.32702199789220027 	 0.0
0.32802199789220027 	 0.0
0.32902199789220027 	 0.0
0.33002199789220027 	 0.0
0.33102199789220027 	 0.0
0.33202199789220027 	 0.0
0.33302199789220027 	 0.0
0.3340219978922003 	 0.0
0.3350219978922003 	 0.0
0.3360219978922003 	 0.0
0.3370219978922003 	 0.0
0.3380219978922003 	 0.0
0.3390219978922003 	 0.0
0.3400219978922003 	 0.0
0.3410219978922003 	 0.0
0.3420219978922003 	 0.0
0.3430219978922003 	 0.0
0.3440219978922003 	 0.0
0.3450219978922003 	 0.0
0.3460219978922003 	 0.0
0.3470219978922003 	 0.0
0.3480219978922003 	 0.0
0.3490219978922003 	 0.0
0.3500219978922003 	 0.0
0.3510219978922003 	 0.0
0.3520219978922003 	 0.0
0.3530219978922003 	 0.0
0.3540219978922003 	 0.0
0.3550219978922003 	 0.0
0.3560219978922003 	 0.0
0.3570219978922003 	 0.0
0.3580219978922003 	 0.0
0.3590219978922003 	 0.0
0.3600219978922003 	 0.0
0.3610219978922003 	 0.0
0.3620219978922003 	 0.0
0.3630219978922003 	 0.0
0.3640219978922003 	 0.0
0.3650219978922003 	 0.0
0.3660219978922003 	 0.0
0.3670219978922003 	 0.0
0.3680219978922003 	 0.0
0.3690219978922003 	 0.0
0.3700219978922003 	 0.0
0.3710219978922003 	 0.0
0.3720219978922003 	 0.0
0.3730219978922003 	 0.0
0.3740219978922003 	 0.0
0.3750219978922003 	 0.0
0.3760219978922003 	 0.0
0.3770219978922003 	 0.0
0.3780219978922003 	 0.0
0.3790219978922003 	 0.0
0.3800219978922003 	 0.0
0.3810219978922003 	 0.0
0.3820219978922003 	 0.0
0.3830219978922003 	 0.0
0.3840219978922003 	 0.0
0.3850219978922003 	 0.0
0.3860219978922003 	 0.0
0.3870219978922003 	 0.0
0.3880219978922003 	 0.0
0.3890219978922003 	 0.0
0.3900219978922003 	 0.0
0.3910219978922003 	 0.0
0.3920219978922003 	 0.0
0.3930219978922003 	 0.0
0.3940219978922003 	 0.0
0.3950219978922003 	 0.0
0.39602199789220033 	 0.0
0.39702199789220033 	 0.0
0.39802199789220033 	 0.0
0.39902199789220033 	 0.0
0.40002199789220033 	 0.0
0.40102199789220033 	 0.0
0.40202199789220033 	 0.0
0.40302199789220033 	 0.0
0.40402199789220034 	 0.0
0.40502199789220034 	 0.0
0.40602199789220034 	 0.0
0.40702199789220034 	 0.0
0.40802199789220034 	 0.0
0.40902199789220034 	 0.0
0.41002199789220034 	 0.0
0.41102199789220034 	 0.0
0.41202199789220034 	 0.0
0.41302199789220034 	 0.0
0.41402199789220034 	 0.0
0.41502199789220034 	 0.0
0.41602199789220035 	 0.0
0.41702199789220035 	 0.0
0.41802199789220035 	 0.0
0.41902199789220035 	 0.0
0.42002199789220035 	 0.0
0.42102199789220035 	 0.0
0.42202199789220035 	 0.0
0.42302199789220035 	 0.0
0.42402199789220035 	 0.0
0.42502199789220035 	 0.0
0.42602199789220035 	 0.0
0.42702199789220036 	 0.0
0.42802199789220036 	 0.0
0.42902199789220036 	 0.0
0.43002199789220036 	 0.0
0.43102199789220036 	 0.0
0.43202199789220036 	 0.0
0.43302199789220036 	 0.0
0.43402199789220036 	 0.0
0.43502199789220036 	 0.0
0.43602199789220036 	 0.0
0.43702199789220036 	 0.0
0.43802199789220037 	 0.0
0.43902199789220037 	 0.0
0.44002199789220037 	 0.0
0.44102199789220037 	 0.0
0.44202199789220037 	 0.0
0.44302199789220037 	 0.0
0.44402199789220037 	 0.0
0.44502199789220037 	 0.0
0.4460219978922004 	 0.0
0.4470219978922004 	 0.0
0.4480219978922004 	 0.0
0.4490219978922004 	 0.0
0.4500219978922004 	 0.0
0.4510219978922004 	 0.0
0.4520219978922004 	 0.0
0.4530219978922004 	 0.0
0.4540219978922004 	 0.0
0.4550219978922004 	 0.0
0.4560219978922004 	 0.0
0.4570219978922004 	 0.0
0.4580219978922004 	 0.0
0.4590219978922004 	 0.0
0.4600219978922004 	 0.0
0.4610219978922004 	 0.0
0.4620219978922004 	 0.0
0.4630219978922004 	 0.0
0.4640219978922004 	 0.0
0.4650219978922004 	 0.0
0.4660219978922004 	 0.0
0.4670219978922004 	 0.0
0.4680219978922004 	 0.0
0.4690219978922004 	 0.0
0.4700219978922004 	 0.0
0.4710219978922004 	 0.0
0.4720219978922004 	 0.0
0.4730219978922004 	 0.0
0.4740219978922004 	 0.0
0.4750219978922004 	 0.0
0.4760219978922004 	 0.0
0.4770219978922004 	 0.0
0.4780219978922004 	 0.0
0.4790219978922004 	 0.0
0.4800219978922004 	 0.0
0.4810219978922004 	 0.0
0.4820219978922004 	 0.0
0.4830219978922004 	 0.0
0.4840219978922004 	 0.0
0.4850219978922004 	 0.0
0.4860219978922004 	 0.0
0.4870219978922004 	 0.0
0.4880219978922004 	 0.0
0.4890219978922004 	 0.0
0.4900219978922004 	 0.0
0.4910219978922004 	 0.0
0.4920219978922004 	 0.0
0.4930219978922004 	 0.0
0.4940219978922004 	 0.0
0.4950219978922004 	 0.0
0.4960219978922004 	 0.0
0.4970219978922004 	 0.0
0.4980219978922004 	 0.0
0.4990219978922004 	 0.0
0.5000219978922004 	 0.0
0.5010219978922004 	 0.0
0.5020219978922004 	 0.0
0.5030219978922004 	 0.0
0.5040219978922004 	 0.0
0.5050219978922004 	 0.0
0.5060219978922004 	 0.0
0.5070219978922004 	 0.0
0.5080219978922004 	 0.0
0.5090219978922004 	 0.0
0.5100219978922004 	 0.0
0.5110219978922004 	 0.0
0.5120219978922004 	 0.0
0.5130219978922004 	 0.0
0.5140219978922004 	 0.0
0.5150219978922004 	 0.0
0.5160219978922004 	 0.0
0.5170219978922004 	 0.0
0.5180219978922004 	 0.0
0.5190219978922004 	 0.0
0.5200219978922004 	 0.0
0.5210219978922004 	 0.0
0.5220219978922004 	 0.0
0.5230219978922004 	 0.0
0.5240219978922004 	 0.0
0.5250219978922004 	 0.0
0.5260219978922004 	 0.0
0.5270219978922004 	 0.0
0.5280219978922004 	 0.0
0.5290219978922004 	 0.0
0.5300219978922004 	 0.0
0.5310219978922004 	 0.0
0.5320219978922004 	 0.0
0.5330219978922004 	 0.0
0.5340219978922004 	 0.0
0.5350219978922004 	 0.0
0.5360219978922004 	 0.0
0.5370219978922004 	 0.0
0.5380219978922004 	 0.0
0.5390219978922004 	 0.0
0.5400219978922004 	 0.0
0.5410219978922004 	 0.0
0.5420219978922004 	 0.0
0.5430219978922004 	 0.0
0.5440219978922004 	 0.0
0.5450219978922004 	 0.0
0.5460219978922004 	 0.0
0.5470219978922004 	 0.0
0.5480219978922004 	 0.0
0.5490219978922004 	 0.0
0.5500219978922004 	 0.0
0.5510219978922004 	 0.0
0.5520219978922004 	 0.0
0.5530219978922004 	 0.0
0.5540219978922004 	 0.0
0.5550219978922004 	 0.0
0.5560219978922004 	 0.0
0.5570219978922004 	 0.0
0.5580219978922004 	 0.0
0.5590219978922004 	 0.0
0.5600219978922004 	 0.0
0.5610219978922004 	 0.0
0.5620219978922004 	 0.0
0.5630219978922004 	 0.0
0.5640219978922004 	 0.0
0.5650219978922004 	 0.0
0.5660219978922004 	 0.0
0.5670219978922004 	 0.0
0.5680219978922004 	 0.0
0.5690219978922004 	 0.0
0.5700219978922004 	 0.0
0.5710219978922004 	 0.0
0.5720219978922004 	 0.0
0.5730219978922004 	 0.0
0.5740219978922004 	 0.0
0.5750219978922004 	 0.0
0.5760219978922004 	 0.0
0.5770219978922004 	 0.0
0.5780219978922004 	 0.0
0.5790219978922004 	 0.0
0.5800219978922004 	 0.0
0.5810219978922004 	 0.0
0.5820219978922004 	 0.0
0.5830219978922004 	 0.0
0.5840219978922004 	 0.0
0.5850219978922004 	 0.0
0.5860219978922004 	 0.0
0.5870219978922004 	 0.0
0.5880219978922004 	 0.0
0.5890219978922004 	 0.0
0.5900219978922004 	 0.0
0.5910219978922004 	 0.0
0.5920219978922004 	 0.0
0.5930219978922004 	 0.0
0.5940219978922004 	 0.0
0.5950219978922004 	 0.0
0.5960219978922005 	 0.0
0.5970219978922005 	 0.0
0.5980219978922005 	 0.0
0.5990219978922005 	 0.0
0.6000219978922005 	 0.0
0.6010219978922005 	 0.0
0.6020219978922005 	 0.0
0.6030219978922005 	 0.0
0.6040219978922005 	 0.0
0.6050219978922005 	 0.0
0.6060219978922005 	 0.0
0.6070219978922005 	 0.0
0.6080219978922005 	 0.0
0.6090219978922005 	 0.0
0.6100219978922005 	 0.0
0.6110219978922005 	 0.0
0.6120219978922005 	 0.0
0.6130219978922005 	 0.0
0.6140219978922005 	 0.0
0.6150219978922005 	 0.0
0.6160219978922005 	 0.0
0.6170219978922005 	 0.0
0.6180219978922005 	 0.0
0.6190219978922005 	 0.0
0.6200219978922005 	 0.0
0.6210219978922005 	 0.0
0.6220219978922005 	 0.0
0.6230219978922005 	 0.0
0.6240219978922005 	 0.0
0.6250219978922005 	 0.0
0.6260219978922005 	 0.0
0.6270219978922005 	 0.0
0.6280219978922005 	 0.0
0.6290219978922005 	 0.0
0.6300219978922005 	 0.0
0.6310219978922005 	 0.0
0.6320219978922005 	 0.0
0.6330219978922005 	 0.0
0.6340219978922005 	 0.0
0.6350219978922005 	 0.0
0.6360219978922005 	 0.0
0.6370219978922005 	 0.0
0.6380219978922005 	 0.0
0.6390219978922005 	 0.0
0.6400219978922005 	 0.0
0.6410219978922005 	 0.0
0.6420219978922005 	 0.0
0.6430219978922005 	 0.0
0.6440219978922005 	 0.0
0.6450219978922005 	 0.0
0.6460219978922005 	 0.0
0.6470219978922005 	 0.0
0.6480219978922005 	 0.0
0.6490219978922005 	 0.0
0.6500219978922005 	 0.0
0.6510219978922005 	 0.0
0.6520219978922005 	 0.0
0.6530219978922005 	 0.0
0.6540219978922005 	 0.0
0.6550219978922005 	 0.0
0.6560219978922005 	 0.0
0.6570219978922005 	 0.0
0.6580219978922005 	 0.0
0.6590219978922005 	 0.0
0.6600219978922005 	 0.0
0.6610219978922005 	 0.0
0.6620219978922005 	 0.0
0.6630219978922005 	 0.0
0.6640219978922005 	 0.0
0.6650219978922005 	 0.0
0.6660219978922005 	 0.0
0.6670219978922005 	 0.0
0.6680219978922005 	 0.0
0.6690219978922005 	 0.0
0.6700219978922005 	 0.0
0.6710219978922005 	 0.0
0.6720219978922005 	 0.0
0.6730219978922005 	 0.0
0.6740219978922005 	 0.0
0.6750219978922005 	 0.0
0.6760219978922005 	 0.0
0.6770219978922005 	 0.0
0.6780219978922005 	 0.0
0.6790219978922005 	 0.0
0.6800219978922005 	 0.0
0.6810219978922005 	 0.0
0.6820219978922005 	 0.0
0.6830219978922005 	 0.0
0.6840219978922005 	 0.0
0.6850219978922005 	 0.0
0.6860219978922005 	 0.0
0.6870219978922005 	 0.0
0.6880219978922005 	 0.0
0.6890219978922005 	 0.0
0.6900219978922005 	 0.0
0.6910219978922005 	 0.0
0.6920219978922005 	 0.0
0.6930219978922005 	 0.0
0.6940219978922005 	 0.0
0.6950219978922005 	 0.0
0.6960219978922005 	 0.0
0.6970219978922005 	 0.0
0.6980219978922005 	 0.0
0.6990219978922005 	 0.0
0.7000219978922005 	 0.0
0.7010219978922005 	 0.0
0.7020219978922005 	 0.0
0.7030219978922005 	 0.0
0.7040219978922005 	 0.0
0.7050219978922005 	 0.0
0.7060219978922005 	 0.0
0.7070219978922005 	 0.0
0.7080219978922005 	 0.0
0.7090219978922006 	 0.0
0.7100219978922006 	 0.0
0.7110219978922006 	 0.0
0.7120219978922006 	 0.0
0.7130219978922006 	 0.0
0.7140219978922006 	 0.0
0.7150219978922006 	 0.0
0.7160219978922006 	 0.0
0.7170219978922006 	 0.0
0.7180219978922006 	 0.0
0.7190219978922006 	 0.0
0.7200219978922006 	 0.0
0.7210219978922006 	 0.0
0.7220219978922006 	 0.0
0.7230219978922006 	 0.0
0.7240219978922006 	 0.0
0.7250219978922006 	 0.0
0.7260219978922006 	 0.0
0.7270219978922006 	 0.0
0.7280219978922006 	 0.0
0.7290219978922006 	 0.0
0.7300219978922006 	 0.0
0.7310219978922006 	 0.0
0.7320219978922006 	 0.0
0.7330219978922006 	 0.0
0.7340219978922006 	 0.0
0.7350219978922006 	 0.0
0.7360219978922006 	 0.0
0.7370219978922006 	 0.0
0.7380219978922006 	 0.0
0.7390219978922006 	 0.0
0.7400219978922006 	 0.0
0.7410219978922006 	 0.0
0.7420219978922006 	 0.0
0.7430219978922006 	 0.0
0.7440219978922006 	 0.0
0.7450219978922006 	 0.0
0.7460219978922006 	 0.0
0.7470219978922006 	 0.0
0.7480219978922006 	 0.0
0.7490219978922006 	 0.0
0.7500219978922006 	 0.0
0.7510219978922006 	 0.0
0.7520219978922006 	 0.0
0.7530219978922006 	 0.0
0.7540219978922006 	 0.0
0.7550219978922006 	 0.0
0.7560219978922006 	 0.0
0.7570219978922006 	 0.0
0.7580219978922006 	 0.0
0.7590219978922006 	 0.0
0.7600219978922006 	 0.0
0.7610219978922006 	 0.0
0.7620219978922006 	 0.0
0.7630219978922006 	 0.0
0.7640219978922006 	 0.0
0.7650219978922006 	 0.0
0.7660219978922006 	 0.0
0.7670219978922006 	 0.0
0.7680219978922006 	 0.0
0.7690219978922006 	 0.0
0.7700219978922006 	 0.0
0.7710219978922006 	 0.0
0.7720219978922006 	 0.0
0.7730219978922006 	 0.0
0.7740219978922006 	 0.0
0.7750219978922006 	 0.0
0.7760219978922006 	 0.0
0.7770219978922006 	 0.0
0.7780219978922006 	 0.0
0.7790219978922006 	 0.0
0.7800219978922006 	 0.0
0.7810219978922006 	 0.0
0.7820219978922006 	 0.0
0.7830219978922006 	 0.0
0.7840219978922006 	 0.0
0.7850219978922006 	 0.0
0.7860219978922006 	 0.0
0.7870219978922006 	 0.0
0.7880219978922006 	 0.0
0.7890219978922006 	 0.0
0.7900219978922006 	 0.0
0.7910219978922006 	 0.0
0.7920219978922006 	 0.0
0.7930219978922006 	 0.0
0.7940219978922006 	 0.0
0.7950219978922006 	 0.0
0.7960219978922006 	 0.0
0.7970219978922006 	 0.0
0.7980219978922006 	 0.0
0.7990219978922006 	 0.0
0.8000219978922006 	 0.0
0.8010219978922006 	 0.0
0.8020219978922006 	 0.0
0.8030219978922006 	 0.0
0.8040219978922006 	 0.0
0.8050219978922006 	 0.0
0.8060219978922006 	 0.0
0.8070219978922006 	 0.0
0.8080219978922006 	 0.0
0.8090219978922006 	 0.0
0.8100219978922006 	 0.0
0.8110219978922006 	 0.0
0.8120219978922006 	 0.0
0.8130219978922006 	 0.0
0.8140219978922006 	 0.0
0.8150219978922006 	 0.0
0.8160219978922006 	 0.0
0.8170219978922006 	 0.0
0.8180219978922006 	 0.0
0.8190219978922006 	 0.0
0.8200219978922006 	 0.0
0.8210219978922007 	 0.0
0.8220219978922007 	 0.0
0.8230219978922007 	 0.0
0.8240219978922007 	 0.0
0.8250219978922007 	 0.0
0.8260219978922007 	 0.0
0.8270219978922007 	 0.0
0.8280219978922007 	 0.0
0.8290219978922007 	 0.0
0.8300219978922007 	 0.0
0.8310219978922007 	 0.0
0.8320219978922007 	 0.0
0.8330219978922007 	 0.0
0.8340219978922007 	 0.0
0.8350219978922007 	 0.0
0.8360219978922007 	 0.0
0.8370219978922007 	 0.0
0.8380219978922007 	 0.0
0.8390219978922007 	 0.0
0.8400219978922007 	 0.0
0.8410219978922007 	 0.0
0.8420219978922007 	 0.0
0.8430219978922007 	 0.0
0.8440219978922007 	 0.0
0.8450219978922007 	 0.0
0.8460219978922007 	 0.0
0.8470219978922007 	 0.0
0.8480219978922007 	 0.0
0.8490219978922007 	 0.0
0.8500219978922007 	 0.0
0.8510219978922007 	 0.0
0.8520219978922007 	 0.0
0.8530219978922007 	 0.0
0.8540219978922007 	 0.0
0.8550219978922007 	 0.0
0.8560219978922007 	 0.0
0.8570219978922007 	 0.0
0.8580219978922007 	 0.0
0.8590219978922007 	 0.0
0.8600219978922007 	 0.0
0.8610219978922007 	 0.0
0.8620219978922007 	 0.0
0.8630219978922007 	 0.0
0.8640219978922007 	 0.0
0.8650219978922007 	 0.0
0.8660219978922007 	 0.0
0.8670219978922007 	 0.0
0.8680219978922007 	 0.0
0.8690219978922007 	 0.0
0.8700219978922007 	 0.0
0.8710219978922007 	 0.0
0.8720219978922007 	 0.0
0.8730219978922007 	 0.0
0.8740219978922007 	 0.0
0.8750219978922007 	 0.0
0.8760219978922007 	 0.0
0.8770219978922007 	 0.0
0.8780219978922007 	 0.0
0.8790219978922007 	 0.0
0.8800219978922007 	 0.0
0.8810219978922007 	 0.0
0.8820219978922007 	 0.0
0.8830219978922007 	 0.0
0.8840219978922007 	 0.0
0.8850219978922007 	 0.0
0.8860219978922007 	 0.0
0.8870219978922007 	 0.0
0.8880219978922007 	 0.0
0.8890219978922007 	 0.0
0.8900219978922007 	 0.0
0.8910219978922007 	 0.0
0.8920219978922007 	 0.0
0.8930219978922007 	 0.0
0.8940219978922007 	 0.0
0.8950219978922007 	 0.0
0.8960219978922007 	 0.0
0.8970219978922007 	 0.0
0.8980219978922007 	 0.0
0.8990219978922007 	 0.0
0.9000219978922007 	 0.0
0.9010219978922007 	 0.0
0.9020219978922007 	 0.0
0.9030219978922007 	 0.0
0.9040219978922007 	 0.0
0.9050219978922007 	 0.0
0.9060219978922007 	 0.0
0.9070219978922007 	 0.0
0.9080219978922007 	 0.0
0.9090219978922007 	 0.0
0.9100219978922007 	 0.0
0.9110219978922007 	 0.0
0.9120219978922007 	 0.0
0.9130219978922007 	 0.0
0.9140219978922007 	 0.0
0.9150219978922007 	 0.0
0.9160219978922007 	 0.0
0.9170219978922007 	 0.0
0.9180219978922007 	 0.0
0.9190219978922007 	 0.0
0.9200219978922007 	 0.0
0.9210219978922007 	 0.0
0.9220219978922007 	 0.0
0.9230219978922007 	 0.0
0.9240219978922007 	 0.0
0.9250219978922007 	 0.0
0.9260219978922007 	 0.0
0.9270219978922007 	 0.0
0.9280219978922007 	 0.0
0.9290219978922007 	 0.0
0.9300219978922007 	 0.0
0.9310219978922007 	 0.0
0.9320219978922007 	 0.0
0.9330219978922007 	 0.0
0.9340219978922008 	 0.0
0.9350219978922008 	 0.0
0.9360219978922008 	 0.0
0.9370219978922008 	 0.0
0.9380219978922008 	 0.0
0.9390219978922008 	 0.0
0.9400219978922008 	 0.0
0.9410219978922008 	 0.0
0.9420219978922008 	 0.0
0.9430219978922008 	 0.0
0.9440219978922008 	 0.0
0.9450219978922008 	 0.0
0.9460219978922008 	 0.0
0.9470219978922008 	 0.0
0.9480219978922008 	 0.0
0.9490219978922008 	 0.0
0.9500219978922008 	 0.0
0.9510219978922008 	 0.0
0.9520219978922008 	 0.0
0.9530219978922008 	 0.0
0.9540219978922008 	 0.0
0.9550219978922008 	 0.0
0.9560219978922008 	 0.0
0.9570219978922008 	 0.0
0.9580219978922008 	 0.0
0.9590219978922008 	 0.0
0.9600219978922008 	 0.0
0.9610219978922008 	 0.0
0.9620219978922008 	 0.0
0.9630219978922008 	 0.0
0.9640219978922008 	 0.0
0.9650219978922008 	 0.0
0.9660219978922008 	 0.0
0.9670219978922008 	 0.0
0.9680219978922008 	 0.0
0.9690219978922008 	 0.0
0.9700219978922008 	 0.0
0.9710219978922008 	 0.0
0.9720219978922008 	 0.0
0.9730219978922008 	 0.0
0.9740219978922008 	 0.0
0.9750219978922008 	 0.0
0.9760219978922008 	 0.0
0.9770219978922008 	 0.0
0.9780219978922008 	 0.0
0.9790219978922008 	 0.0
0.9800219978922008 	 0.0
0.9810219978922008 	 0.0
0.9820219978922008 	 0.0
0.9830219978922008 	 0.0
0.9840219978922008 	 0.0
0.9850219978922008 	 0.0
0.9860219978922008 	 0.0
0.9870219978922008 	 0.0
0.9880219978922008 	 0.0
0.9890219978922008 	 0.0
0.9900219978922008 	 0.0
0.9910219978922008 	 0.0
0.9920219978922008 	 0.0
0.9930219978922008 	 0.0
0.9940219978922008 	 0.0
0.9950219978922008 	 0.0
0.9960219978922008 	 0.0
0.9970219978922008 	 0.0
0.9980219978922008 	 0.0
0.9990219978922008 	 0.0
1.0000219978922007 	 0.0
1.0010219978922006 	 0.0
1.0020219978922005 	 0.0
1.0030219978922004 	 0.0
1.0040219978922003 	 0.0
1.0050219978922001 	 0.0
1.0060219978922 	 0.0
1.0070219978922 	 0.0
1.0080219978921998 	 0.0
1.0090219978921997 	 0.0
1.0100219978921996 	 0.0
1.0110219978921995 	 0.0
1.0120219978921994 	 0.0
1.0130219978921993 	 0.0
1.0140219978921992 	 0.0
1.015021997892199 	 0.0
1.016021997892199 	 0.0
1.0170219978921988 	 0.0
1.0180219978921987 	 0.0
1.0190219978921986 	 0.0
1.0200219978921985 	 0.0
1.0210219978921984 	 0.0
1.0220219978921983 	 0.0
1.0230219978921982 	 0.0
1.024021997892198 	 0.0
1.025021997892198 	 0.0
1.0260219978921978 	 0.0
1.0270219978921977 	 0.0
1.0280219978921976 	 0.0
1.0290219978921975 	 0.0
1.0300219978921974 	 0.0
1.0310219978921973 	 0.0
1.0320219978921972 	 0.0
1.033021997892197 	 0.0
1.034021997892197 	 0.0
1.0350219978921968 	 0.0
1.0360219978921967 	 0.0
1.0370219978921966 	 0.0
1.0380219978921965 	 0.0
1.0390219978921964 	 0.0
1.0400219978921963 	 0.0
1.0410219978921962 	 0.0
1.042021997892196 	 0.0
1.043021997892196 	 0.0
1.0440219978921959 	 0.0
1.0450219978921957 	 0.0
1.0460219978921956 	 0.0
1.0470219978921955 	 0.0
1.0480219978921954 	 0.0
1.0490219978921953 	 0.0
1.0500219978921952 	 0.0
1.051021997892195 	 0.0
1.052021997892195 	 0.0
1.0530219978921949 	 0.0
1.0540219978921948 	 0.0
1.0550219978921946 	 0.0
1.0560219978921945 	 0.0
1.0570219978921944 	 0.0
1.0580219978921943 	 0.0
1.0590219978921942 	 0.0
1.060021997892194 	 0.0
1.061021997892194 	 0.0
1.0620219978921939 	 0.0
1.0630219978921938 	 0.0
1.0640219978921936 	 0.0
1.0650219978921935 	 0.0
1.0660219978921934 	 0.0
1.0670219978921933 	 0.0
1.0680219978921932 	 0.0
1.069021997892193 	 0.0
1.070021997892193 	 0.0
1.0710219978921929 	 0.0
1.0720219978921928 	 0.0
1.0730219978921927 	 0.0
1.0740219978921925 	 0.0
1.0750219978921924 	 0.0
1.0760219978921923 	 0.0
1.0770219978921922 	 0.0
1.078021997892192 	 0.0
1.079021997892192 	 0.0
1.0800219978921919 	 0.0
1.0810219978921918 	 0.0
1.0820219978921917 	 0.0
1.0830219978921916 	 0.0
1.0840219978921914 	 0.0
1.0850219978921913 	 0.0
1.0860219978921912 	 0.0
1.0870219978921911 	 0.0
1.088021997892191 	 0.0
1.089021997892191 	 0.0
1.0900219978921908 	 0.0
1.0910219978921907 	 0.0
1.0920219978921906 	 0.0
1.0930219978921905 	 0.0
1.0940219978921903 	 0.0
1.0950219978921902 	 0.0
1.0960219978921901 	 0.0
1.09702199789219 	 0.0
1.09802199789219 	 0.0
1.0990219978921898 	 0.0
1.1000219978921897 	 0.0
1.1010219978921896 	 0.0
1.1020219978921895 	 0.0
1.1030219978921894 	 0.0
1.1040219978921892 	 0.0
1.1050219978921891 	 0.0
1.106021997892189 	 0.0
1.107021997892189 	 0.0
1.1080219978921888 	 0.0
1.1090219978921887 	 0.0
1.1100219978921886 	 0.0
1.1110219978921885 	 0.0
1.1120219978921884 	 0.0
1.1130219978921883 	 0.0
1.1140219978921881 	 0.0
1.115021997892188 	 0.0
1.116021997892188 	 0.0
1.1170219978921878 	 0.0
1.1180219978921877 	 0.0
1.1190219978921876 	 0.0
1.1200219978921875 	 0.0
1.1210219978921874 	 0.0
1.1220219978921873 	 0.0
1.1230219978921872 	 0.0
1.124021997892187 	 0.0
1.125021997892187 	 0.0
1.1260219978921868 	 0.0
1.1270219978921867 	 0.0
1.1280219978921866 	 0.0
1.1290219978921865 	 0.0
1.1300219978921864 	 0.0
1.1310219978921863 	 0.0
1.1320219978921862 	 0.0
1.133021997892186 	 0.0
1.134021997892186 	 0.0
1.1350219978921858 	 0.0
1.1360219978921857 	 0.0
1.1370219978921856 	 0.0
1.1380219978921855 	 0.0
1.1390219978921854 	 0.0
1.1400219978921853 	 0.0
1.1410219978921852 	 0.0
1.142021997892185 	 0.0
1.143021997892185 	 0.0
1.1440219978921848 	 0.0
1.1450219978921847 	 0.0
1.1460219978921846 	 0.0
1.1470219978921845 	 0.0
1.1480219978921844 	 0.0
1.1490219978921843 	 0.0
1.1500219978921842 	 0.0
1.151021997892184 	 0.0
1.152021997892184 	 0.0
1.1530219978921838 	 0.0
1.1540219978921837 	 0.0
1.1550219978921836 	 0.0
1.1560219978921835 	 0.0
1.1570219978921834 	 0.0
1.1580219978921833 	 0.0
1.1590219978921832 	 0.0
1.160021997892183 	 0.0
1.161021997892183 	 0.0
1.1620219978921829 	 0.0
1.1630219978921827 	 0.0
1.1640219978921826 	 0.0
1.1650219978921825 	 0.0
1.1660219978921824 	 0.0
1.1670219978921823 	 0.0
1.1680219978921822 	 0.0
1.169021997892182 	 0.0
1.170021997892182 	 0.0
1.1710219978921819 	 0.0
1.1720219978921818 	 0.0
1.1730219978921816 	 0.0
1.1740219978921815 	 0.0
1.1750219978921814 	 0.0
1.1760219978921813 	 0.0
1.1770219978921812 	 0.0
1.178021997892181 	 0.0
1.179021997892181 	 0.0
1.1800219978921809 	 0.0
1.1810219978921808 	 0.0
1.1820219978921807 	 0.0
1.1830219978921805 	 0.0
1.1840219978921804 	 0.0
1.1850219978921803 	 0.0
1.1860219978921802 	 0.0
1.18702199789218 	 0.0
1.18802199789218 	 0.0
1.1890219978921799 	 0.0
1.1900219978921798 	 0.0
1.1910219978921797 	 0.0
1.1920219978921796 	 0.0
1.1930219978921794 	 0.0
1.1940219978921793 	 0.0
1.1950219978921792 	 0.0
1.1960219978921791 	 0.0
1.197021997892179 	 0.0
1.198021997892179 	 0.0
1.1990219978921788 	 0.0
1.2000219978921787 	 0.0
1.2010219978921786 	 0.0
1.2020219978921785 	 0.0
1.2030219978921783 	 0.0
1.2040219978921782 	 0.0
1.2050219978921781 	 0.0
1.206021997892178 	 0.0
1.207021997892178 	 0.0
1.2080219978921778 	 0.0
1.2090219978921777 	 0.0
1.2100219978921776 	 0.0
1.2110219978921775 	 0.0
1.2120219978921773 	 0.0
1.2130219978921772 	 0.0
1.2140219978921771 	 0.0
1.215021997892177 	 0.0
1.216021997892177 	 0.0
1.2170219978921768 	 0.0
1.2180219978921767 	 0.0
1.2190219978921766 	 0.0
1.2200219978921765 	 0.0
1.2210219978921764 	 0.0
1.2220219978921762 	 0.0
1.2230219978921761 	 0.0
1.224021997892176 	 0.0
1.225021997892176 	 0.0
1.2260219978921758 	 0.0
1.2270219978921757 	 0.0
1.2280219978921756 	 0.0
1.2290219978921755 	 0.0
1.2300219978921754 	 0.0
1.2310219978921753 	 0.0
1.2320219978921751 	 0.0
1.233021997892175 	 0.0
1.234021997892175 	 0.0
1.2350219978921748 	 0.0
1.2360219978921747 	 0.0
1.2370219978921746 	 0.0
1.2380219978921745 	 0.0
1.2390219978921744 	 0.0
1.2400219978921743 	 0.0
1.2410219978921742 	 0.0
1.242021997892174 	 0.0
1.243021997892174 	 0.0
1.2440219978921738 	 0.0
1.2450219978921737 	 0.0
1.2460219978921736 	 0.0
1.2470219978921735 	 0.0
1.2480219978921734 	 0.0
1.2490219978921733 	 0.0
1.2500219978921732 	 0.0
1.251021997892173 	 0.0
1.252021997892173 	 0.0
1.2530219978921728 	 0.0
1.2540219978921727 	 0.0
1.2550219978921726 	 0.0
1.2560219978921725 	 0.0
1.2570219978921724 	 0.0
1.2580219978921723 	 0.0
1.2590219978921722 	 0.0
1.260021997892172 	 0.0
1.261021997892172 	 0.0
1.2620219978921718 	 0.0
1.2630219978921717 	 0.0
1.2640219978921716 	 0.0
1.2650219978921715 	 0.0
1.2660219978921714 	 0.0
1.2670219978921713 	 0.0
1.2680219978921712 	 0.0
1.269021997892171 	 0.0
1.270021997892171 	 0.0
1.2710219978921709 	 0.0
1.2720219978921707 	 0.0
1.2730219978921706 	 0.0
1.2740219978921705 	 0.0
1.2750219978921704 	 0.0
1.2760219978921703 	 0.0
1.2770219978921702 	 0.0
1.27802199789217 	 0.0
1.27902199789217 	 0.0
1.2800219978921699 	 0.0
1.2810219978921698 	 0.0
1.2820219978921696 	 0.0
1.2830219978921695 	 0.0
1.2840219978921694 	 0.0
1.2850219978921693 	 0.0
1.2860219978921692 	 0.0
1.287021997892169 	 0.0
1.288021997892169 	 0.0
1.2890219978921689 	 0.0
1.2900219978921688 	 0.0
1.2910219978921686 	 0.0
1.2920219978921685 	 0.0
1.2930219978921684 	 0.0
1.2940219978921683 	 0.0
1.2950219978921682 	 0.0
1.296021997892168 	 0.0
1.297021997892168 	 0.0
1.2980219978921679 	 0.0
1.2990219978921678 	 0.0
1.3000219978921677 	 0.0
1.3010219978921675 	 0.0
1.3020219978921674 	 0.0
1.3030219978921673 	 0.0
1.3040219978921672 	 0.0
1.305021997892167 	 0.0
1.306021997892167 	 0.0
1.3070219978921669 	 0.0
1.3080219978921668 	 0.0
1.3090219978921667 	 0.0
1.3100219978921666 	 0.0
1.3110219978921664 	 0.0
1.3120219978921663 	 0.0
1.3130219978921662 	 0.0
1.3140219978921661 	 0.0
1.315021997892166 	 0.0
1.316021997892166 	 0.0
1.3170219978921658 	 0.0
1.3180219978921657 	 0.0
1.3190219978921656 	 0.0
1.3200219978921655 	 0.0
1.3210219978921653 	 0.0
1.3220219978921652 	 0.0
1.3230219978921651 	 0.0
1.324021997892165 	 0.0
1.325021997892165 	 0.0
1.3260219978921648 	 0.0
1.3270219978921647 	 0.0
1.3280219978921646 	 0.0
1.3290219978921645 	 0.0
1.3300219978921644 	 0.0
1.3310219978921642 	 0.0
1.3320219978921641 	 0.0
1.333021997892164 	 0.0
1.334021997892164 	 0.0
1.3350219978921638 	 0.0
1.3360219978921637 	 0.0
1.3370219978921636 	 0.0
1.3380219978921635 	 0.0
1.3390219978921634 	 0.0
1.3400219978921633 	 0.0
1.3410219978921631 	 0.0
1.342021997892163 	 0.0
1.343021997892163 	 0.0
1.3440219978921628 	 0.0
1.3450219978921627 	 0.0
1.3460219978921626 	 0.0
1.3470219978921625 	 0.0
1.3480219978921624 	 0.0
1.3490219978921623 	 0.0
1.3500219978921622 	 0.0
1.351021997892162 	 0.0
1.352021997892162 	 0.0
1.3530219978921618 	 0.0
1.3540219978921617 	 0.0
1.3550219978921616 	 0.0
1.3560219978921615 	 0.0
1.3570219978921614 	 0.0
1.3580219978921613 	 0.0
1.3590219978921612 	 0.0
1.360021997892161 	 0.0
1.361021997892161 	 0.0
1.3620219978921608 	 0.0
1.3630219978921607 	 0.0
1.3640219978921606 	 0.0
1.3650219978921605 	 0.0
1.3660219978921604 	 0.0
1.3670219978921603 	 0.0
1.3680219978921602 	 0.0
1.36902199789216 	 0.0
1.37002199789216 	 0.0
1.3710219978921598 	 0.0
1.3720219978921597 	 0.0
1.3730219978921596 	 0.0
1.3740219978921595 	 0.0
1.3750219978921594 	 0.0
1.3760219978921593 	 0.0
1.3770219978921592 	 0.0
1.378021997892159 	 0.0
1.379021997892159 	 0.0
1.3800219978921588 	 0.0
1.3810219978921587 	 0.0
1.3820219978921586 	 0.0
1.3830219978921585 	 0.0
1.3840219978921584 	 0.0
1.3850219978921583 	 0.0
1.3860219978921582 	 0.0
1.387021997892158 	 0.0
1.388021997892158 	 0.0
1.3890219978921579 	 0.0
1.3900219978921577 	 0.0
1.3910219978921576 	 0.0
1.3920219978921575 	 0.0
1.3930219978921574 	 0.0
1.3940219978921573 	 0.0
1.3950219978921572 	 0.0
1.396021997892157 	 0.0
1.397021997892157 	 0.0
1.3980219978921569 	 0.0
1.3990219978921568 	 0.0
1.4000219978921566 	 1.222470009571855e-05
1.4010219978921565 	 1.0968884200820167e-05
1.4020219978921564 	 9.77303681607385e-06
1.4030219978921563 	 8.641254442067953e-06
1.4040219978921562 	 7.577743825201817e-06
1.405021997892156 	 6.586821665402455e-06
1.406021997892156 	 5.672914227489944e-06
1.4070219978921559 	 4.840556837542891e-06
1.4080219978921558 	 4.094393165910849e-06
1.4090219978921557 	 3.439174433919923e-06
1.4100219978921555 	 2.8797585001527507e-06
1.4110219978921554 	 2.42110815711088e-06
1.4120219978921553 	 2.068288902065631e-06
1.4130219978921552 	 1.8264700187370532e-06
1.414021997892155 	 1.7009234684357935e-06
1.415021997892155 	 1.6970203395923426e-06
1.4160219978921549 	 1.820227308363238e-06
1.4170219978921548 	 2.076104826868782e-06
1.4180219978921547 	 2.4703052837314097e-06
1.4190219978921546 	 3.0085710891459547e-06
1.4200219978921544 	 3.696732695873903e-06
1.4210219978921543 	 4.540706574164442e-06
1.4220219978921542 	 5.546493178439962e-06
1.4230219978921541 	 6.720174901364893e-06
1.424021997892154 	 8.067913976912892e-06
1.425021997892154 	 9.59595038822536e-06
1.4260219978921538 	 1.1310599768716527e-05
1.4270219978921537 	 1.321825126175948e-05
1.4280219978921536 	 1.5325365476194606e-05
1.4290219978921535 	 1.7638472453371004e-05
1.4300219978921533 	 2.0164169647896953e-05
1.4310219978921532 	 2.2909120016005357e-05
1.4320219978921531 	 2.5880050404937565e-05
1.433021997892153 	 2.908374970695337e-05
1.434021997892153 	 3.2527066887560475e-05
1.4350219978921528 	 3.621690912180841e-05
1.4360219978921527 	 4.016023993897642e-05
1.4370219978921526 	 4.436407724661868e-05
1.4380219978921525 	 4.883549340182565e-05
1.4390219978921523 	 5.35816056547598e-05
1.4400219978921522 	 5.860956386349165e-05
1.4410219978921521 	 6.392655743801922e-05
1.442021997892152 	 6.953981334259165e-05
1.443021997892152 	 7.545659374828466e-05
1.4440219978921518 	 8.168419300164562e-05
1.4450219978921517 	 8.822993488541203e-05
1.4460219978921516 	 9.510116972510681e-05
1.4470219978921515 	 0.00010230527145020468
1.4480219978921514 	 0.0001098496348297091
1.4490219978921512 	 0.00011774167263164306
1.4500219978921511 	 0.0001259888127207597
1.451021997892151 	 0.0001345985016440348
1.452021997892151 	 0.0001435782229639464
1.4530219978921508 	 0.00015293548206563994
1.4540219978921507 	 0.00016267779871170755
1.4550219978921506 	 0.00017281270487255705
1.4560219978921505 	 0.00018334774263582032
1.4570219978921504 	 0.0001942904398856204
1.4580219978921503 	 0.0002056482382957886
1.4590219978921501 	 0.00021742853766181452
1.46002199789215 	 0.00022963870887812192
1.46102199789215 	 0.00024228608942149872
1.4620219978921498 	 0.00025537797874267945
1.4630219978921497 	 0.00026892164533018267
1.4640219978921496 	 0.0002829245408646825
1.4650219978921495 	 0.00029739433765549084
1.4660219978921494 	 0.0003123387545374426
1.4670219978921493 	 0.00032776555129774746
1.4680219978921492 	 0.0003436825310715627
1.469021997892149 	 0.00036009754279331965
1.470021997892149 	 0.0003770184837436357
1.4710219978921488 	 0.00039445317259938656
1.4720219978921487 	 0.0004124089535206892
1.4730219978921486 	 0.00043089299547486155
1.4740219978921485 	 0.00044991239047646953
1.4750219978921484 	 0.00046947414801692716
1.4760219978921483 	 0.000489585189532878
1.4770219978921482 	 0.0005102523425332962
1.478021997892148 	 0.0005314823354859575
1.479021997892148 	 0.0005532817924933843
1.4800219978921478 	 0.0005756572275685864
1.4810219978921477 	 0.0005986150390348767
1.4820219978921476 	 0.0006221615030227115
1.4830219978921475 	 0.0006463033746269416
1.4840219978921474 	 0.0006710497086708622
1.4850219978921473 	 0.0006964104146339242
1.4860219978921472 	 0.0007223957829699683
1.487021997892147 	 0.000749016504272996
1.488021997892147 	 0.0007762835161156538
1.4890219978921468 	 0.0008042043608576381
1.4900219978921467 	 0.0008327827927059927
1.4910219978921466 	 0.0008620189009238242
1.4920219978921465 	 0.0008919045509468124
1.4930219978921464 	 0.000922443130841044
1.4940219978921463 	 0.0009536416024699579
1.4950219978921462 	 0.0009855070553026787
1.496021997892146 	 0.0010180467140813753
1.497021997892146 	 0.0010512679436881086
1.4980219978921459 	 0.0010851782623016943
1.4990219978921457 	 0.0011197853522547897
1.5000219978921456 	 0.0011550970698478628
1.5010219978921455 	 0.001191121455045702
1.5020219978921454 	 0.0012278667414918675
1.5030219978921453 	 0.0012653413698928324
1.5040219978921452 	 0.0013035539970610178
1.505021997892145 	 0.0013425135065186999
1.506021997892145 	 0.0013822283677912474
1.5070219978921449 	 0.0014227047232628536
1.5080219978921447 	 0.0014639461046385635
1.5090219978921446 	 0.0015059482842229145
1.5100219978921445 	 0.0015487041120733438
1.5110219978921444 	 0.0015922093344765788
1.5120219978921443 	 0.0016364751040950924
1.5130219978921442 	 0.0016815168713290368
1.514021997892144 	 0.0017273449576599754
1.515021997892144 	 0.0017739641815399893
1.5160219978921439 	 0.001821379024176982
1.5170219978921438 	 0.0018695938414821241
1.5180219978921436 	 0.001918612864507112
1.5190219978921435 	 0.0019684401982028098
1.5200219978921434 	 0.0020190798193808713
1.5210219978921433 	 0.002070535556231731
1.5220219978921432 	 0.0021228110690427555
1.523021997892143 	 0.002175909935579242
1.524021997892143 	 0.002229835603003617
1.5250219978921429 	 0.002284591380029831
1.5260219978921428 	 0.002340180304179493
1.5270219978921427 	 0.0023966053084091337
1.5280219978921425 	 0.0024538692657096206
1.5290219978921424 	 0.002511974900633207
1.5300219978921423 	 0.0025709247367126375
1.5310219978921422 	 0.00263072144588674
1.532021997892142 	 0.002691368654732371
1.533021997892142 	 0.0027528702146029215
1.5340219978921419 	 0.002815229963970215
1.5350219978921418 	 0.0028784517271069417
1.5360219978921417 	 0.0029425393175330325
1.5370219978921416 	 0.0030074965422080286
1.5380219978921414 	 0.0030733271636717865
1.5390219978921413 	 0.0031400341261771728
1.5400219978921412 	 0.003207619524681685
1.5410219978921411 	 0.0032760852958313327
1.542021997892141 	 0.0033454332569531143
1.543021997892141 	 0.003415665116308546
1.5440219978921408 	 0.0034867824553887743
1.5450219978921407 	 0.003558786723008022
1.5460219978921406 	 0.003631679237372309
1.5470219978921405 	 0.003705462265125761
1.5480219978921403 	 0.0037801421006111633
1.5490219978921402 	 0.003855726249535399
1.5500219978921401 	 0.003932217065313066
1.55102199789214 	 0.004009600713319882
1.55202199789214 	 0.004087875180544942
1.5530219978921398 	 0.0041670424494117024
1.5540219978921397 	 0.004247104488009428
1.5550219978921396 	 0.004328063244801229
1.5560219978921395 	 0.004409920657643412
1.5570219978921394 	 0.004492678676717269
1.5580219978921392 	 0.0045763392473053
1.5590219978921391 	 0.00466090430556645
1.560021997892139 	 0.004746375781505018
1.561021997892139 	 0.0048327556137642835
1.5620219978921388 	 0.00492004579695276
1.5630219978921387 	 0.005008248122448874
1.5640219978921386 	 0.0050973588858583855
1.5650219978921385 	 0.005187368764568607
1.5660219978921384 	 0.005278267580858673
1.5670219978921383 	 0.005370044543953419
1.5680219978921381 	 0.005462673780144777
1.569021997892138 	 0.005556130132555371
1.570021997892138 	 0.005650410404907041
1.5710219978921378 	 0.005745507796070587
1.5720219978921377 	 0.005841431077361892
1.5730219978921376 	 0.005938193418415649
1.5740219978921375 	 0.006035808881322653
1.5750219978921374 	 0.006134292652739504
1.5760219978921373 	 0.006233661295726478
1.5770219978921372 	 0.006333933074326853
1.578021997892137 	 0.006435128134970774
1.579021997892137 	 0.006537268785339166
1.5800219978921368 	 0.00664037984227381
1.5810219978921367 	 0.006744489028123661
1.5820219978921366 	 0.0068496274119622365
1.5830219978921365 	 0.006955829773045382
1.5840219978921364 	 0.007063134886732522
1.5850219978921363 	 0.007171585664819455
1.5860219978921362 	 0.007281229060174318
1.587021997892136 	 0.007392115628201742
1.588021997892136 	 0.007504273083122577
1.5890219978921358 	 0.007617391325675122
1.5900219978921357 	 0.007731368678023338
1.5910219978921356 	 0.007846245679652687
1.5920219978921355 	 0.007962053952380015
1.5930219978921354 	 0.008078815188793028
1.5940219978921353 	 0.008196540432684751
1.5950219978921352 	 0.008315230582329785
1.596021997892135 	 0.008434878622532048
1.597021997892135 	 0.008555473317082956
1.5980219978921348 	 0.008677003408025486
1.5990219978921347 	 0.00879946172789416
1.6000219978921346 	 0.008922848490501466
1.6010219978921345 	 0.0090471642053567
1.6020219978921344 	 0.009172384482421983
1.6030219978921343 	 0.009298484357042157
1.6040219978921342 	 0.009425445106087102
1.605021997892134 	 0.00955325286418042
1.606021997892134 	 0.009681897181881048
1.6070219978921338 	 0.009811369744697122
1.6080219978921337 	 0.009941663202976328
1.6090219978921336 	 0.010072770291813336
1.6100219978921335 	 0.010204683198961
1.6110219978921334 	 0.010337401079469214
1.6120219978921333 	 0.010470952237893965
1.6130219978921332 	 0.010605371619513306
1.614021997892133 	 0.010740681377022413
1.615021997892133 	 0.010876890927629128
1.6160219978921329 	 0.011014008636386765
1.6170219978921327 	 0.011152042332934906
1.6180219978921326 	 0.01129099940521474
1.6190219978921325 	 0.011430886870547392
1.6200219978921324 	 0.011571711451847006
1.6210219978921323 	 0.011713479631138073
1.6220219978921322 	 0.011856197589678107
1.623021997892132 	 0.011999871150227381
1.624021997892132 	 0.012144506040851875
1.6250219978921319 	 0.012290108017335814
1.6260219978921318 	 0.012436682879793442
1.6270219978921316 	 0.012584236414176742
1.6280219978921315 	 0.012732774565123907
1.6290219978921314 	 0.012882303529307177
1.6300219978921313 	 0.013032829813404588
1.6310219978921312 	 0.01318434766496643
1.632021997892131 	 0.013336803394415824
1.633021997892131 	 0.013490129730377273
1.6340219978921309 	 0.013644276528169427
1.6350219978921308 	 0.013799266251666092
1.6360219978921307 	 0.013955140214275075
1.6370219978921305 	 0.014111941566530999
1.6380219978921304 	 0.014269714721495566
1.6390219978921303 	 0.014428488088865406
1.6400219978921302 	 0.014588274282989568
1.64102199789213 	 0.014749086129914941
1.64202199789213 	 0.014910937031649644
1.6430219978921299 	 0.015073841065996752
1.6440219978921298 	 0.01523781331753919
1.6450219978921297 	 0.015402869980045317
1.6460219978921296 	 0.01556902828746834
1.6470219978921294 	 0.015736306236377316
1.6480219978921293 	 0.015904722900057525
1.6490219978921292 	 0.01607429852907199
1.650021997892129 	 0.01624505455123014
1.651021997892129 	 0.01641700854804027
1.652021997892129 	 0.016590160025010292
1.6530219978921288 	 0.016764504010673392
1.6540219978921287 	 0.016940035460446878
1.6550219978921286 	 0.01711674924137328
1.6560219978921285 	 0.017294639938568918
1.6570219978921283 	 0.017473701451827178
1.6580219978921282 	 0.017653927205255868
1.6590219978921281 	 0.01783531012637319
1.660021997892128 	 0.018017842535336736
1.661021997892128 	 0.01820154038849145
1.6620219978921278 	 0.0183865117308944
1.6630219978921277 	 0.018572886446007124
1.6640219978921276 	 0.01876073160189069
1.6650219978921275 	 0.018950052105524764
1.6660219978921273 	 0.019140849282954998
1.6670219978921272 	 0.019333122921104184
1.6680219978921271 	 0.01952687136061889
1.669021997892127 	 0.019722091432409498
1.670021997892127 	 0.019918778325364688
1.6710219978921268 	 0.02011692914877917
1.6720219978921267 	 0.02031655322157346
1.6730219978921266 	 0.02051766188179279
1.6740219978921265 	 0.020720265181593853
1.6750219978921264 	 0.020924371797702835
1.6760219978921262 	 0.021129988928960133
1.6770219978921261 	 0.021337122135764504
1.678021997892126 	 0.021545775401484182
1.679021997892126 	 0.02175595113508751
1.6800219978921258 	 0.02196765014671562
1.6810219978921257 	 0.02218087163184064
1.6820219978921256 	 0.022395613178939844
1.6830219978921255 	 0.022611870965658278
1.6840219978921254 	 0.02282963965652264
1.6850219978921253 	 0.023048912392231266
1.6860219978921251 	 0.02326968083766278
1.687021997892125 	 0.02349193525006545
1.688021997892125 	 0.023715665516797463
1.6890219978921248 	 0.023940881232950455
1.6900219978921247 	 0.02416761156196303
1.6910219978921246 	 0.024395878722590695
1.6920219978921245 	 0.024625674496141517
1.6930219978921244 	 0.024856982884091567
1.6940219978921243 	 0.02508978698465487
1.6950219978921242 	 0.025324069008892936
1.696021997892124 	 0.025559810402323253
1.697021997892124 	 0.025796992043084586
1.6980219978921238 	 0.026035594205616967
1.6990219978921237 	 0.026275596602615744
1.7000219978921236 	 0.02651697846133459
1.7010219978921235 	 0.02673140231415628
1.7020219978921234 	 0.026944378418012973
1.7030219978921233 	 0.027157962981611872
1.7040219978921232 	 0.027372149801626982
1.705021997892123 	 0.02758693254209157
1.706021997892123 	 0.027802304727927895
1.7070219978921228 	 0.028018259738186495
1.7080219978921227 	 0.02823479079898456
1.7090219978921226 	 0.028451890976132526
1.7100219978921225 	 0.02866955316743721
1.7110219978921224 	 0.028887770094670404
1.7120219978921223 	 0.029106534295190487
1.7130219978921222 	 0.029325838113204918
1.714021997892122 	 0.029545673690660443
1.715021997892122 	 0.02976603295774913
1.7160219978921218 	 0.02998690762301532
1.7170219978921217 	 0.03020828916305076
1.7180219978921216 	 0.03043016881176364
1.7190219978921215 	 0.030652537549206632
1.7200219978921214 	 0.03087538608994963
1.7210219978921213 	 0.031098704870981913
1.7220219978921212 	 0.031322484039128164
1.723021997892121 	 0.03154671343796261
1.724021997892121 	 0.03177138259420554
1.7250219978921209 	 0.0319964807035852
1.7260219978921207 	 0.032221996616149245
1.7270219978921206 	 0.03244791882100866
1.7280219978921205 	 0.03267423543049655
1.7290219978921204 	 0.032900934163725686
1.7300219978921203 	 0.03312800232952643
1.7310219978921202 	 0.03335542680874862
1.73202199789212 	 0.033583194035908766
1.73302199789212 	 0.0338112899801664
1.7340219978921199 	 0.034039700125610826
1.7350219978921197 	 0.03426840945084251
1.7360219978921196 	 0.034497402407830426
1.7370219978921195 	 0.03472666290002958
1.7380219978921194 	 0.034956174259742644
1.7390219978921193 	 0.035185919224708005
1.7400219978921192 	 0.03541587991390073
1.741021997892119 	 0.03564603780253104
1.742021997892119 	 0.035876373696225594
1.7430219978921189 	 0.03610686770438013
1.7440219978921188 	 0.0363374992126704
1.7450219978921186 	 0.03656824685471142
1.7460219978921185 	 0.03679908848285599
1.7470219978921184 	 0.03703000113812463
1.7480219978921183 	 0.03726096101926175
1.7490219978921182 	 0.037491943450914555
1.750021997892118 	 0.037722922850933274
1.751021997892118 	 0.03795387269679436
1.7520219978921179 	 0.03818476549115125
1.7530219978921178 	 0.038415572726520075
1.7540219978921177 	 0.03864626484911144
1.7550219978921175 	 0.038876811221823314
1.7560219978921174 	 0.03910718008641495
1.7570219978921173 	 0.03933733852488471
1.7580219978921172 	 0.039567252420082494
1.759021997892117 	 0.03979688641558987
1.760021997892117 	 0.04002620387491028
1.7610219978921169 	 0.04025516684001542
1.7620219978921168 	 0.040483735989303306
1.7630219978921167 	 0.040711870595030016
1.7640219978921166 	 0.04093952848028498
1.7650219978921164 	 0.04116666597559067
1.7660219978921163 	 0.04139323787521456
1.7670219978921162 	 0.041619197393293554
1.7680219978921161 	 0.04184449611988086
1.769021997892116 	 0.04206908397703771
1.770021997892116 	 0.042292909175104754
1.7710219978921158 	 0.04251591816930059
1.7720219978921157 	 0.04273805561681008
1.7730219978921156 	 0.042959264334539234
1.7740219978921155 	 0.043179485257729106
1.7750219978921153 	 0.0433986573996385
1.7760219978921152 	 0.04361671781252168
1.7770219978921151 	 0.04383360155014605
1.778021997892115 	 0.04404924163211362
1.779021997892115 	 0.0442635690102701
1.7800219978921148 	 0.04447651253750444
1.7810219978921147 	 0.04468799893926558
1.7820219978921146 	 0.044897952788141446
1.7830219978921145 	 0.0451062964818705
1.7840219978921144 	 0.04531295022517665
1.7850219978921142 	 0.04551783201584204
1.7860219978921141 	 0.045720857635456115
1.787021997892114 	 0.045921940645300176
1.788021997892114 	 0.046120992387852756
1.7890219978921138 	 0.046317921994420065
1.7900219978921137 	 0.04651263639942085
1.7910219978921136 	 0.046705040361873555
1.7920219978921135 	 0.0468950364946552
1.7930219978921134 	 0.04708252530211806
1.7940219978921133 	 0.04726740522666841
1.7950219978921131 	 0.04744957270492376
1.796021997892113 	 0.0476289222340788
1.797021997892113 	 0.047805346449116
1.7980219978921128 	 0.04797873621150375
1.7990219978921127 	 0.04814898071002511
1.8000219978921126 	 0.04831596757437461
1.8010219978921125 	 0.048479583002153784
1.8020219978921124 	 0.048639711899879375
1.8030219978921123 	 0.04879623803859705
1.8040219978921122 	 0.04894904422466627
1.805021997892112 	 0.049098012486243396
1.806021997892112 	 0.04924302427594943
1.8070219978921118 	 0.04938396069015223
1.8080219978921117 	 0.04952070270523354
1.8090219978921116 	 0.04965313143113751
1.8100219978921115 	 0.04978112838241554
1.8110219978921114 	 0.049904575766888885
1.8120219978921113 	 0.05002335679194666
1.8130219978921112 	 0.05013735598838113
1.814021997892111 	 0.050246459551536705
1.815021997892111 	 0.05035055569940918
1.8160219978921108 	 0.05044953504718598
1.8170219978921107 	 0.05054329099755612
1.8180219978921106 	 0.050631720145950805
1.8190219978921105 	 0.050714722699696894
1.8200219978921104 	 0.05079220290987912
1.8210219978921103 	 0.0508640695145119
1.8220219978921102 	 0.050930236191425324
1.82302199789211 	 0.050990622019065214
1.82402199789211 	 0.0510451519432044
1.8250219978921098 	 0.05109375724735862
1.8260219978921097 	 0.05113637602450112
1.8270219978921096 	 0.05117295364747525
1.8280219978921095 	 0.05120344323532069
1.8290219978921094 	 0.051227806112554966
1.8300219978921093 	 0.05124601225829514
1.8310219978921092 	 0.05125804074196712
1.832021997892109 	 0.051263880142231454
1.833021997892109 	 0.05126352894566689
1.8340219978921088 	 0.051256995921688045
1.8350219978921087 	 0.05124430047014696
1.8360219978921086 	 0.05122547293807173
1.8370219978921085 	 0.05120055490203974
1.8380219978921084 	 0.05116959941276441
1.8390219978921083 	 0.05113267119860148
1.8400219978921082 	 0.05108984682484507
1.841021997892108 	 0.05104121480589708
1.842021997892108 	 0.050986875667646855
1.8430219978921079 	 0.050926941957693456
1.8440219978921077 	 0.0508615382013824
1.8450219978921076 	 0.050790800802004175
1.8460219978921075 	 0.05071487788391278
1.8470219978921074 	 0.05063392907776703
1.8480219978921073 	 0.05054812524756774
1.8490219978921072 	 0.05045764815965385
1.850021997892107 	 0.050362690094330975
1.851021997892107 	 0.05026345340131953
1.8520219978921069 	 0.05016015000073051
1.8530219978921068 	 0.05005300083179024
1.8540219978921066 	 0.04994223525203648
1.8550219978921065 	 0.04982809039019161
1.8560219978921064 	 0.04971081045637194
1.8570219978921063 	 0.0495906460137151
1.8580219978921062 	 0.04946785321588727
1.859021997892106 	 0.049342693015267995
1.860021997892106 	 0.04921543034689248
1.8610219978921059 	 0.049086333293460356
1.8620219978921058 	 0.04895567223688797
1.8630219978921057 	 0.04882371900198785
1.8640219978921055 	 0.04869074599790523
1.8650219978921054 	 0.048557025362920135
1.8660219978921053 	 0.0484228281181445
1.8670219978921052 	 0.048288423335500534
1.868021997892105 	 0.04815407732516903
1.869021997892105 	 0.04802005284743986
1.8700219978921049 	 0.04788660835359893
1.8710219978921048 	 0.04775399726013472
1.8720219978921047 	 0.047622467260166064
1.8730219978921046 	 0.047492259675575854
1.8740219978921044 	 0.04736360885289239
1.8750219978921043 	 0.047236741605502924
1.8760219978921042 	 0.047111876704311405
1.877021997892104 	 0.0469892244184767
1.878021997892104 	 0.04686898610739484
1.879021997892104 	 0.04675135386462213
1.8800219978921038 	 0.04663651021398432
1.8810219978921037 	 0.04652462785768425
1.8820219978921036 	 0.04641586947580975
1.8830219978921034 	 0.04631038757626261
1.8840219978921033 	 0.04620832439377726
1.8850219978921032 	 0.046109811836378876
1.8860219978921031 	 0.046014971477349266
1.887021997892103 	 0.045923914590520275
1.888021997892103 	 0.045836742226505904
1.8890219978921028 	 0.04575354532731
1.8900219978921027 	 0.045674404876611986
1.8910219978921026 	 0.04559939208292917
1.8920219978921025 	 0.045528568592789434
1.8930219978921023 	 0.045461986731009464
1.8940219978921022 	 0.04539968976517175
1.8950219978921021 	 0.04534171219141183
1.896021997892102 	 0.045288080038676515
1.897021997892102 	 0.04523881118868074
1.8980219978921018 	 0.04519391570888118
1.8990219978921017 	 0.045153396195888644
1.9000219978921016 	 0.045117248126859716
1.9010219978921015 	 0.0450854602165429
1.9020219978921014 	 0.04505801477778885
1.9030219978921012 	 0.04503488808348604
1.9040219978921011 	 0.04501605072803172
1.905021997892101 	 0.045001467986600596
1.906021997892101 	 0.04499110017063161
1.9070219978921008 	 0.04498490297810233
1.9080219978921007 	 0.04498282783731341
1.9090219978921006 	 0.04498482224305247
1.9100219978921005 	 0.04499083008414799
1.9110219978921004 	 0.04500079196156123
1.9120219978921003 	 0.04501464549629393
1.9130219978921001 	 0.04503232562651246
1.9140219978921 	 0.04505376489340509
1.9150219978921 	 0.04507889371539651
1.9160219978920998 	 0.04510764065044545
1.9170219978920997 	 0.0451399326462407
1.9180219978920996 	 0.04517569527819793
1.9190219978920995 	 0.0452148529752348
1.9200219978920994 	 0.045257329233371495
1.9210219978920993 	 0.04530304681726476
1.9220219978920992 	 0.04535192794983911
1.923021997892099 	 0.04540389449022633
1.924021997892099 	 0.045458868100265934
1.9250219978920988 	 0.045516770399855244
1.9260219978920987 	 0.04557752311146723
1.9270219978920986 	 0.04564104819417993
1.9280219978920985 	 0.04570726796758065
1.9290219978920984 	 0.04577610522592376
1.9300219978920983 	 0.0458474833429336
1.9310219978920982 	 0.045921326367650735
1.932021997892098 	 0.04599755911172563
1.933021997892098 	 0.04607610722856465
1.9340219978920978 	 0.04615689728473416
1.9350219978920977 	 0.04623985682402255
1.9360219978920976 	 0.04632491442455922
1.9370219978920975 	 0.046411999749378145
1.9380219978920974 	 0.04650104359080911
1.9390219978920973 	 0.04659197790906799
1.9400219978920972 	 0.04668473586540751
1.941021997892097 	 0.04677925185017917
1.942021997892097 	 0.04687546150614404
1.9430219978920968 	 0.046973301747358136
1.9440219978920967 	 0.04707271077394446
1.9450219978920966 	 0.0471736280830517
1.9460219978920965 	 0.04727599447628573
1.9470219978920964 	 0.047379752063885935
1.9480219978920963 	 0.04748484426590672
1.9490219978920962 	 0.047591215810649956
1.950021997892096 	 0.04769881273058173
1.951021997892096 	 0.04780758235595493
1.9520219978920959 	 0.04791747330634457
1.9530219978920957 	 0.04802843548029332
1.9540219978920956 	 0.048140420043251135
1.9550219978920955 	 0.04825337941398255
1.9560219978920954 	 0.04836726724960281
1.9570219978920953 	 0.04848203842939701
1.9580219978920952 	 0.04859764903756141
1.959021997892095 	 0.048714056345000575
1.960021997892095 	 0.048831218790303325
1.9610219978920949 	 0.048949095960010944
1.9620219978920947 	 0.049067648568284244
1.9630219978920946 	 0.049186838436067304
1.9640219978920945 	 0.04930662846983802
1.9650219978920944 	 0.049426982640030245
1.9660219978920943 	 0.04954786595920236
1.9670219978920942 	 0.04966924446002499
1.968021997892094 	 0.04979108517315053
1.969021997892094 	 0.04991335610502485
1.9700219978920939 	 0.05003602621569455
1.9710219978920938 	 0.05015906539665879
1.9720219978920936 	 0.05028244444880985
1.9730219978920935 	 0.050406135060502864
1.9740219978920934 	 0.050530109785790936
1.9750219978920933 	 0.0506543420228571
1.9760219978920932 	 0.050778805992673766
1.977021997892093 	 0.05090347671791365
1.978021997892093 	 0.05102833000213607
1.9790219978920929 	 0.05115334240926835
1.9800219978920928 	 0.051278491243399345
1.9810219978920927 	 0.05140375452890091
1.9820219978920925 	 0.05152911099088966
1.9830219978920924 	 0.051654540036040204
1.9840219978920923 	 0.05178002173375871
1.9850219978920922 	 0.051905536797724604
1.986021997892092 	 0.052031066567805644
1.987021997892092 	 0.052156592992351286
1.9880219978920919 	 0.0522820986108671
1.9890219978920918 	 0.05240756653707273
1.9900219978920917 	 0.052532980442343266
1.9910219978920916 	 0.05265832453953515
1.9920219978920914 	 0.052783583567194786
1.9930219978920913 	 0.052908742774148476
1.9940219978920912 	 0.053033787904470886
1.9950219978920911 	 0.05315870518282933
1.996021997892091 	 0.05328348130020016
1.997021997892091 	 0.05340810339995265
1.9980219978920908 	 0.05353255906429615
1.9990219978920907 	 0.05365683630108566
