0.0010219978922 	 0
0.0020219978922 	 0.0
0.0030219978922 	 0.0
0.0040219978922 	 0.0
0.0050219978922 	 0.0
0.0060219978922 	 0.0
0.0070219978922 	 0.0
0.0080219978922 	 0.0
0.009021997892200002 	 0.0
0.010021997892200003 	 0.0
0.011021997892200004 	 0.0
0.012021997892200004 	 0.0
0.013021997892200005 	 0.0
0.014021997892200006 	 0.0
0.015021997892200007 	 0.0
0.016021997892200008 	 0.0
0.01702199789220001 	 0.0
0.01802199789220001 	 0.0
0.01902199789220001 	 0.0
0.02002199789220001 	 0.0
0.021021997892200012 	 0.0
0.022021997892200013 	 0.0
0.023021997892200014 	 0.0
0.024021997892200015 	 0.0
0.025021997892200016 	 0.0
0.026021997892200017 	 0.0
0.027021997892200018 	 0.0
0.02802199789220002 	 0.0
0.02902199789220002 	 0.0
0.03002199789220002 	 0.0
0.03102199789220002 	 0.0
0.03202199789220002 	 0.0
0.03302199789220002 	 0.0
0.03402199789220002 	 0.0
0.03502199789220002 	 0.0
0.03602199789220002 	 0.0
0.03702199789220002 	 0.0
0.038021997892200024 	 0.0
0.039021997892200025 	 0.0
0.040021997892200026 	 0.0
0.04102199789220003 	 0.0
0.04202199789220003 	 0.0
0.04302199789220003 	 0.0
0.04402199789220003 	 0.0
0.04502199789220003 	 0.0
0.04602199789220003 	 0.0
0.04702199789220003 	 0.0
0.04802199789220003 	 0.0
0.049021997892200034 	 0.0
0.050021997892200035 	 0.0
0.051021997892200036 	 0.0
0.052021997892200036 	 0.0
0.05302199789220004 	 0.0
0.05402199789220004 	 0.0
0.05502199789220004 	 0.0
0.05602199789220004 	 0.0
0.05702199789220004 	 0.0
0.05802199789220004 	 0.0
0.05902199789220004 	 0.0
0.060021997892200044 	 0.0
0.061021997892200044 	 0.0
0.062021997892200045 	 0.0
0.06302199789220005 	 0.0
0.06402199789220005 	 0.0
0.06502199789220005 	 0.0
0.06602199789220005 	 0.0
0.06702199789220005 	 0.0
0.06802199789220005 	 0.0
0.06902199789220005 	 0.0
0.07002199789220005 	 0.0
0.07102199789220005 	 0.0
0.07202199789220005 	 0.0
0.07302199789220006 	 0.0
0.07402199789220006 	 0.0
0.07502199789220006 	 0.0
0.07602199789220006 	 0.0
0.07702199789220006 	 0.0
0.07802199789220006 	 0.0
0.07902199789220006 	 0.0
0.08002199789220006 	 0.0
0.08102199789220006 	 0.0
0.08202199789220006 	 0.0
0.08302199789220006 	 0.0
0.08402199789220006 	 0.0
0.08502199789220007 	 0.0
0.08602199789220007 	 0.0
0.08702199789220007 	 0.0
0.08802199789220007 	 0.0
0.08902199789220007 	 0.0
0.09002199789220007 	 0.0
0.09102199789220007 	 0.0
0.09202199789220007 	 0.0
0.09302199789220007 	 0.0
0.09402199789220007 	 0.0
0.09502199789220007 	 0.0
0.09602199789220008 	 0.0
0.09702199789220008 	 0.0
0.09802199789220008 	 0.0
0.09902199789220008 	 0.0
0.10002199789220008 	 0.0
0.10102199789220008 	 0.0
0.10202199789220008 	 0.0
0.10302199789220008 	 0.0
0.10402199789220008 	 0.0
0.10502199789220008 	 0.0
0.10602199789220008 	 0.0
0.10702199789220009 	 0.0
0.10802199789220009 	 0.0
0.10902199789220009 	 0.0
0.11002199789220009 	 0.0
0.11102199789220009 	 0.0
0.11202199789220009 	 0.0
0.11302199789220009 	 0.0
0.11402199789220009 	 0.0
0.11502199789220009 	 0.0
0.1160219978922001 	 0.0
0.1170219978922001 	 0.0
0.1180219978922001 	 0.0
0.1190219978922001 	 0.0
0.1200219978922001 	 0.0
0.1210219978922001 	 0.0
0.1220219978922001 	 0.0
0.1230219978922001 	 0.0
0.1240219978922001 	 0.0
0.1250219978922001 	 0.0
0.1260219978922001 	 0.0
0.1270219978922001 	 0.0
0.1280219978922001 	 0.0
0.1290219978922001 	 0.0
0.1300219978922001 	 0.0
0.1310219978922001 	 0.0
0.1320219978922001 	 0.0
0.1330219978922001 	 0.0
0.1340219978922001 	 0.0
0.1350219978922001 	 0.0
0.1360219978922001 	 0.0
0.1370219978922001 	 0.0
0.1380219978922001 	 0.0
0.1390219978922001 	 0.0
0.1400219978922001 	 0.0
0.1410219978922001 	 0.0
0.1420219978922001 	 0.0
0.1430219978922001 	 0.0
0.1440219978922001 	 0.0
0.1450219978922001 	 0.0
0.1460219978922001 	 0.0
0.1470219978922001 	 0.0
0.1480219978922001 	 0.0
0.1490219978922001 	 0.0
0.1500219978922001 	 0.0
0.1510219978922001 	 0.0
0.1520219978922001 	 0.0
0.1530219978922001 	 0.0
0.1540219978922001 	 0.0
0.15502199789220011 	 0.0
0.15602199789220011 	 0.0
0.15702199789220012 	 0.0
0.15802199789220012 	 0.0
0.15902199789220012 	 0.0
0.16002199789220012 	 0.0
0.16102199789220012 	 0.0
0.16202199789220012 	 0.0
0.16302199789220012 	 0.0
0.16402199789220012 	 0.0
0.16502199789220012 	 0.0
0.16602199789220012 	 0.0
0.16702199789220012 	 0.0
0.16802199789220013 	 0.0
0.16902199789220013 	 0.0
0.17002199789220013 	 0.0
0.17102199789220013 	 0.0
0.17202199789220013 	 0.0
0.17302199789220013 	 0.0
0.17402199789220013 	 0.0
0.17502199789220013 	 0.0
0.17602199789220013 	 0.0
0.17702199789220013 	 0.0
0.17802199789220013 	 0.0
0.17902199789220014 	 0.0
0.18002199789220014 	 0.0
0.18102199789220014 	 0.0
0.18202199789220014 	 0.0
0.18302199789220014 	 0.0
0.18402199789220014 	 0.0
0.18502199789220014 	 0.0
0.18602199789220014 	 0.0
0.18702199789220014 	 0.0
0.18802199789220014 	 0.0
0.18902199789220014 	 0.0
0.19002199789220015 	 0.0
0.19102199789220015 	 0.0
0.19202199789220015 	 0.0
0.19302199789220015 	 0.0
0.19402199789220015 	 0.0
0.19502199789220015 	 0.0
0.19602199789220015 	 0.0
0.19702199789220015 	 0.0
0.19802199789220015 	 0.0
0.19902199789220015 	 0.0
0.20002199789220015 	 0.0
0.20102199789220015 	 0.0
0.20202199789220016 	 0.0
0.20302199789220016 	 0.0
0.20402199789220016 	 0.0
0.20502199789220016 	 0.0
0.20602199789220016 	 0.0
0.20702199789220016 	 0.0
0.20802199789220016 	 0.0
0.20902199789220016 	 0.0
0.21002199789220016 	 0.0
0.21102199789220016 	 0.0
0.21202199789220016 	 0.0
0.21302199789220017 	 0.0
0.21402199789220017 	 0.0
0.21502199789220017 	 0.0
0.21602199789220017 	 0.0
0.21702199789220017 	 0.0
0.21802199789220017 	 0.0
0.21902199789220017 	 0.0
0.22002199789220017 	 0.0
0.22102199789220017 	 0.0
0.22202199789220017 	 0.0
0.22302199789220017 	 0.0
0.22402199789220018 	 0.0
0.22502199789220018 	 0.0
0.22602199789220018 	 0.0
0.22702199789220018 	 0.0
0.22802199789220018 	 0.0
0.22902199789220018 	 0.0
0.23002199789220018 	 0.0
0.23102199789220018 	 0.0
0.23202199789220018 	 0.0
0.23302199789220018 	 0.0
0.23402199789220018 	 0.0
0.23502199789220019 	 0.0
0.23602199789220019 	 0.0
0.2370219978922002 	 0.0
0.2380219978922002 	 0.0
0.2390219978922002 	 0.0
0.2400219978922002 	 0.0
0.2410219978922002 	 0.0
0.2420219978922002 	 0.0
0.2430219978922002 	 0.0
0.2440219978922002 	 0.0
0.2450219978922002 	 0.0
0.2460219978922002 	 0.0
0.2470219978922002 	 0.0
0.2480219978922002 	 0.0
0.2490219978922002 	 0.0
0.2500219978922002 	 0.0
0.2510219978922002 	 0.0
0.2520219978922002 	 0.0
0.2530219978922002 	 0.0
0.2540219978922002 	 0.0
0.2550219978922002 	 0.0
0.2560219978922002 	 0.0
0.2570219978922002 	 0.0
0.2580219978922002 	 0.0
0.2590219978922002 	 0.0
0.2600219978922002 	 0.0
0.2610219978922002 	 0.0
0.2620219978922002 	 0.0
0.2630219978922002 	 0.0
0.2640219978922002 	 0.0
0.2650219978922002 	 0.0
0.2660219978922002 	 0.0
0.2670219978922002 	 0.0
0.2680219978922002 	 0.0
0.2690219978922002 	 0.0
0.2700219978922002 	 0.0
0.2710219978922002 	 0.0
0.2720219978922002 	 0.0
0.2730219978922002 	 0.0
0.2740219978922002 	 0.0
0.2750219978922002 	 0.0
0.2760219978922002 	 0.0
0.2770219978922002 	 0.0
0.2780219978922002 	 0.0
0.2790219978922002 	 0.0
0.2800219978922002 	 0.0
0.2810219978922002 	 0.0
0.2820219978922002 	 0.0
0.2830219978922002 	 0.0
0.28402199789220023 	 0.0
0.28502199789220023 	 0.0
0.28602199789220023 	 0.0
0.28702199789220023 	 0.0
0.28802199789220023 	 0.0
0.28902199789220023 	 0.0
0.29002199789220023 	 0.0
0.29102199789220023 	 0.0
0.29202199789220024 	 0.0
0.29302199789220024 	 0.0
0.29402199789220024 	 0.0
0.29502199789220024 	 0.0
0.29602199789220024 	 0.0
0.29702199789220024 	 0.0
0.29802199789220024 	 0.0
0.29902199789220024 	 0.0
0.30002199789220024 	 0.0
0.30102199789220024 	 0.0
0.30202199789220024 	 0.0
0.30302199789220025 	 0.0
0.30402199789220025 	 0.0
0.30502199789220025 	 0.0
0.30602199789220025 	 0.0
0.30702199789220025 	 0.0
0.30802199789220025 	 0.0
0.30902199789220025 	 0.0
0.31002199789220025 	 0.0
0.31102199789220025 	 0.0
0.31202199789220025 	 0.0
0.31302199789220025 	 0.0
0.31402199789220026 	 0.0
0.31502199789220026 	 0.0
0.31602199789220026 	 0.0
0.31702199789220026 	 0.0
0.31802199789220026 	 0.0
0.31902199789220026 	 0.0
0.32002199789220026 	 0.0
0.32102199789220026 	 0.0
0.32202199789220026 	 0.0
0.32302199789220026 	 0.0
0.32402199789220026 	 0.0
0.32502199789220027 	 0.0
0.32602199789220027 	 0.0
0.32702199789220027 	 0.0
0.32802199789220027 	 0.0
0.32902199789220027 	 0.0
0.33002199789220027 	 0.0
0.33102199789220027 	 0.0
0.33202199789220027 	 0.0
0.33302199789220027 	 0.0
0.3340219978922003 	 0.0
0.3350219978922003 	 0.0
0.3360219978922003 	 0.0
0.3370219978922003 	 0.0
0.3380219978922003 	 0.0
0.3390219978922003 	 0.0
0.3400219978922003 	 0.0
0.3410219978922003 	 0.0
0.3420219978922003 	 0.0
0.3430219978922003 	 0.0
0.3440219978922003 	 0.0
0.3450219978922003 	 0.0
0.3460219978922003 	 0.0
0.3470219978922003 	 0.0
0.3480219978922003 	 0.0
0.3490219978922003 	 0.0
0.3500219978922003 	 0.0
0.3510219978922003 	 0.0
0.3520219978922003 	 0.0
0.3530219978922003 	 0.0
0.3540219978922003 	 0.0
0.3550219978922003 	 0.0
0.3560219978922003 	 0.0
0.3570219978922003 	 0.0
0.3580219978922003 	 0.0
0.3590219978922003 	 0.0
0.3600219978922003 	 0.0
0.3610219978922003 	 0.0
0.3620219978922003 	 0.0
0.3630219978922003 	 0.0
0.3640219978922003 	 0.0
0.3650219978922003 	 0.0
0.3660219978922003 	 0.0
0.3670219978922003 	 0.0
0.3680219978922003 	 0.0
0.3690219978922003 	 0.0
0.3700219978922003 	 0.0
0.3710219978922003 	 0.0
0.3720219978922003 	 0.0
0.3730219978922003 	 0.0
0.3740219978922003 	 0.0
0.3750219978922003 	 0.0
0.3760219978922003 	 0.0
0.3770219978922003 	 0.0
0.3780219978922003 	 0.0
0.3790219978922003 	 0.0
0.3800219978922003 	 0.0
0.3810219978922003 	 0.0
0.3820219978922003 	 0.0
0.3830219978922003 	 0.0
0.3840219978922003 	 0.0
0.3850219978922003 	 0.0
0.3860219978922003 	 0.0
0.3870219978922003 	 0.0
0.3880219978922003 	 0.0
0.3890219978922003 	 0.0
0.3900219978922003 	 0.0
0.3910219978922003 	 0.0
0.3920219978922003 	 0.0
0.3930219978922003 	 0.0
0.3940219978922003 	 0.0
0.3950219978922003 	 0.0
0.39602199789220033 	 0.0
0.39702199789220033 	 0.0
0.39802199789220033 	 0.0
0.39902199789220033 	 0.0
0.40002199789220033 	 0.0
0.40102199789220033 	 0.0
0.40202199789220033 	 0.0
0.40302199789220033 	 0.0
0.40402199789220034 	 0.0
0.40502199789220034 	 0.0
0.40602199789220034 	 0.0
0.40702199789220034 	 0.0
0.40802199789220034 	 0.0
0.40902199789220034 	 0.0
0.41002199789220034 	 0.0
0.41102199789220034 	 0.0
0.41202199789220034 	 0.0
0.41302199789220034 	 0.0
0.41402199789220034 	 0.0
0.41502199789220034 	 0.0
0.41602199789220035 	 0.0
0.41702199789220035 	 0.0
0.41802199789220035 	 0.0
0.41902199789220035 	 0.0
0.42002199789220035 	 0.0
0.42102199789220035 	 0.0
0.42202199789220035 	 0.0
0.42302199789220035 	 0.0
0.42402199789220035 	 0.0
0.42502199789220035 	 0.0
0.42602199789220035 	 0.0
0.42702199789220036 	 0.0
0.42802199789220036 	 0.0
0.42902199789220036 	 0.0
0.43002199789220036 	 0.0
0.43102199789220036 	 0.0
0.43202199789220036 	 0.0
0.43302199789220036 	 0.0
0.43402199789220036 	 0.0
0.43502199789220036 	 0.0
0.43602199789220036 	 0.0
0.43702199789220036 	 0.0
0.43802199789220037 	 0.0
0.43902199789220037 	 0.0
0.44002199789220037 	 0.0
0.44102199789220037 	 0.0
0.44202199789220037 	 0.0
0.44302199789220037 	 0.0
0.44402199789220037 	 0.0
0.44502199789220037 	 0.0
0.4460219978922004 	 0.0
0.4470219978922004 	 0.0
0.4480219978922004 	 0.0
0.4490219978922004 	 0.0
0.4500219978922004 	 0.0
0.4510219978922004 	 0.0
0.4520219978922004 	 0.0
0.4530219978922004 	 0.0
0.4540219978922004 	 0.0
0.4550219978922004 	 0.0
0.4560219978922004 	 0.0
0.4570219978922004 	 0.0
0.4580219978922004 	 0.0
0.4590219978922004 	 0.0
0.4600219978922004 	 0.0
0.4610219978922004 	 0.0
0.4620219978922004 	 0.0
0.4630219978922004 	 0.0
0.4640219978922004 	 0.0
0.4650219978922004 	 0.0
0.4660219978922004 	 0.0
0.4670219978922004 	 0.0
0.4680219978922004 	 0.0
0.4690219978922004 	 0.0
0.4700219978922004 	 0.0
0.4710219978922004 	 0.0
0.4720219978922004 	 0.0
0.4730219978922004 	 0.0
0.4740219978922004 	 0.0
0.4750219978922004 	 0.0
0.4760219978922004 	 0.0
0.4770219978922004 	 0.0
0.4780219978922004 	 0.0
0.4790219978922004 	 0.0
0.4800219978922004 	 0.0
0.4810219978922004 	 0.0
0.4820219978922004 	 0.0
0.4830219978922004 	 0.0
0.4840219978922004 	 0.0
0.4850219978922004 	 0.0
0.4860219978922004 	 0.0
0.4870219978922004 	 0.0
0.4880219978922004 	 0.0
0.4890219978922004 	 0.0
0.4900219978922004 	 0.0
0.4910219978922004 	 0.0
0.4920219978922004 	 0.0
0.4930219978922004 	 0.0
0.4940219978922004 	 0.0
0.4950219978922004 	 0.0
0.4960219978922004 	 0.0
0.4970219978922004 	 0.0
0.4980219978922004 	 0.0
0.4990219978922004 	 0.0
0.5000219978922004 	 0.0
0.5010219978922004 	 0.0
0.5020219978922004 	 0.0
0.5030219978922004 	 0.0
0.5040219978922004 	 0.0
0.5050219978922004 	 0.0
0.5060219978922004 	 0.0
0.5070219978922004 	 0.0
0.5080219978922004 	 0.0
0.5090219978922004 	 0.0
0.5100219978922004 	 0.0
0.5110219978922004 	 0.0
0.5120219978922004 	 0.0
0.5130219978922004 	 0.0
0.5140219978922004 	 0.0
0.5150219978922004 	 0.0
0.5160219978922004 	 0.0
0.5170219978922004 	 0.0
0.5180219978922004 	 0.0
0.5190219978922004 	 0.0
0.5200219978922004 	 0.0
0.5210219978922004 	 0.0
0.5220219978922004 	 0.0
0.5230219978922004 	 0.0
0.5240219978922004 	 0.0
0.5250219978922004 	 0.0
0.5260219978922004 	 0.0
0.5270219978922004 	 0.0
0.5280219978922004 	 0.0
0.5290219978922004 	 0.0
0.5300219978922004 	 0.0
0.5310219978922004 	 0.0
0.5320219978922004 	 0.0
0.5330219978922004 	 0.0
0.5340219978922004 	 0.0
0.5350219978922004 	 0.0
0.5360219978922004 	 0.0
0.5370219978922004 	 0.0
0.5380219978922004 	 0.0
0.5390219978922004 	 0.0
0.5400219978922004 	 0.0
0.5410219978922004 	 0.0
0.5420219978922004 	 0.0
0.5430219978922004 	 0.0
0.5440219978922004 	 0.0
0.5450219978922004 	 0.0
0.5460219978922004 	 0.0
0.5470219978922004 	 0.0
0.5480219978922004 	 0.0
0.5490219978922004 	 0.0
0.5500219978922004 	 0.0
0.5510219978922004 	 0.0
0.5520219978922004 	 0.0
0.5530219978922004 	 0.0
0.5540219978922004 	 0.0
0.5550219978922004 	 0.0
0.5560219978922004 	 0.0
0.5570219978922004 	 0.0
0.5580219978922004 	 0.0
0.5590219978922004 	 0.0
0.5600219978922004 	 0.0
0.5610219978922004 	 0.0
0.5620219978922004 	 0.0
0.5630219978922004 	 0.0
0.5640219978922004 	 0.0
0.5650219978922004 	 0.0
0.5660219978922004 	 0.0
0.5670219978922004 	 0.0
0.5680219978922004 	 0.0
0.5690219978922004 	 0.0
0.5700219978922004 	 0.0
0.5710219978922004 	 0.0
0.5720219978922004 	 0.0
0.5730219978922004 	 0.0
0.5740219978922004 	 0.0
0.5750219978922004 	 0.0
0.5760219978922004 	 0.0
0.5770219978922004 	 0.0
0.5780219978922004 	 0.0
0.5790219978922004 	 0.0
0.5800219978922004 	 0.0
0.5810219978922004 	 0.0
0.5820219978922004 	 0.0
0.5830219978922004 	 0.0
0.5840219978922004 	 0.0
0.5850219978922004 	 0.0
0.5860219978922004 	 0.0
0.5870219978922004 	 0.0
0.5880219978922004 	 0.0
0.5890219978922004 	 0.0
0.5900219978922004 	 0.0
0.5910219978922004 	 0.0
0.5920219978922004 	 0.0
0.5930219978922004 	 0.0
0.5940219978922004 	 0.0
0.5950219978922004 	 0.0
0.5960219978922005 	 0.0
0.5970219978922005 	 0.0
0.5980219978922005 	 0.0
0.5990219978922005 	 0.0
0.6000219978922005 	 0.0
0.6010219978922005 	 0.0
0.6020219978922005 	 0.0
0.6030219978922005 	 0.0
0.6040219978922005 	 0.0
0.6050219978922005 	 0.0
0.6060219978922005 	 0.0
0.6070219978922005 	 0.0
0.6080219978922005 	 0.0
0.6090219978922005 	 0.0
0.6100219978922005 	 0.0
0.6110219978922005 	 0.0
0.6120219978922005 	 0.0
0.6130219978922005 	 0.0
0.6140219978922005 	 0.0
0.6150219978922005 	 0.0
0.6160219978922005 	 0.0
0.6170219978922005 	 0.0
0.6180219978922005 	 0.0
0.6190219978922005 	 0.0
0.6200219978922005 	 0.0
0.6210219978922005 	 0.0
0.6220219978922005 	 0.0
0.6230219978922005 	 0.0
0.6240219978922005 	 0.0
0.6250219978922005 	 0.0
0.6260219978922005 	 0.0
0.6270219978922005 	 0.0
0.6280219978922005 	 0.0
0.6290219978922005 	 0.0
0.6300219978922005 	 0.0
0.6310219978922005 	 0.0
0.6320219978922005 	 0.0
0.6330219978922005 	 0.0
0.6340219978922005 	 0.0
0.6350219978922005 	 0.0
0.6360219978922005 	 0.0
0.6370219978922005 	 0.0
0.6380219978922005 	 0.0
0.6390219978922005 	 0.0
0.6400219978922005 	 0.0
0.6410219978922005 	 0.0
0.6420219978922005 	 0.0
0.6430219978922005 	 0.0
0.6440219978922005 	 0.0
0.6450219978922005 	 0.0
0.6460219978922005 	 0.0
0.6470219978922005 	 0.0
0.6480219978922005 	 0.0
0.6490219978922005 	 0.0
0.6500219978922005 	 0.0
0.6510219978922005 	 0.0
0.6520219978922005 	 0.0
0.6530219978922005 	 0.0
0.6540219978922005 	 0.0
0.6550219978922005 	 0.0
0.6560219978922005 	 0.0
0.6570219978922005 	 0.0
0.6580219978922005 	 0.0
0.6590219978922005 	 0.0
0.6600219978922005 	 0.0
0.6610219978922005 	 0.0
0.6620219978922005 	 0.0
0.6630219978922005 	 0.0
0.6640219978922005 	 0.0
0.6650219978922005 	 0.0
0.6660219978922005 	 0.0
0.6670219978922005 	 0.0
0.6680219978922005 	 0.0
0.6690219978922005 	 0.0
0.6700219978922005 	 0.0
0.6710219978922005 	 0.0
0.6720219978922005 	 0.0
0.6730219978922005 	 0.0
0.6740219978922005 	 0.0
0.6750219978922005 	 0.0
0.6760219978922005 	 0.0
0.6770219978922005 	 0.0
0.6780219978922005 	 0.0
0.6790219978922005 	 0.0
0.6800219978922005 	 0.0
0.6810219978922005 	 0.0
0.6820219978922005 	 0.0
0.6830219978922005 	 0.0
0.6840219978922005 	 0.0
0.6850219978922005 	 0.0
0.6860219978922005 	 0.0
0.6870219978922005 	 0.0
0.6880219978922005 	 0.0
0.6890219978922005 	 0.0
0.6900219978922005 	 0.0
0.6910219978922005 	 0.0
0.6920219978922005 	 0.0
0.6930219978922005 	 0.0
0.6940219978922005 	 0.0
0.6950219978922005 	 0.0
0.6960219978922005 	 0.0
0.6970219978922005 	 0.0
0.6980219978922005 	 0.0
0.6990219978922005 	 0.0
0.7000219978922005 	 0.0
0.7010219978922005 	 0.0
0.7020219978922005 	 0.0
0.7030219978922005 	 0.0
0.7040219978922005 	 0.0
0.7050219978922005 	 0.0
0.7060219978922005 	 0.0
0.7070219978922005 	 0.0
0.7080219978922005 	 0.0
0.7090219978922006 	 0.0
0.7100219978922006 	 0.0
0.7110219978922006 	 0.0
0.7120219978922006 	 0.0
0.7130219978922006 	 0.0
0.7140219978922006 	 0.0
0.7150219978922006 	 0.0
0.7160219978922006 	 0.0
0.7170219978922006 	 0.0
0.7180219978922006 	 0.0
0.7190219978922006 	 0.0
0.7200219978922006 	 0.0
0.7210219978922006 	 0.0
0.7220219978922006 	 0.0
0.7230219978922006 	 0.0
0.7240219978922006 	 0.0
0.7250219978922006 	 0.0
0.7260219978922006 	 0.0
0.7270219978922006 	 0.0
0.7280219978922006 	 0.0
0.7290219978922006 	 0.0
0.7300219978922006 	 0.0
0.7310219978922006 	 0.0
0.7320219978922006 	 0.0
0.7330219978922006 	 0.0
0.7340219978922006 	 0.0
0.7350219978922006 	 0.0
0.7360219978922006 	 0.0
0.7370219978922006 	 0.0
0.7380219978922006 	 0.0
0.7390219978922006 	 0.0
0.7400219978922006 	 0.0
0.7410219978922006 	 0.0
0.7420219978922006 	 0.0
0.7430219978922006 	 0.0
0.7440219978922006 	 0.0
0.7450219978922006 	 0.0
0.7460219978922006 	 0.0
0.7470219978922006 	 0.0
0.7480219978922006 	 0.0
0.7490219978922006 	 0.0
0.7500219978922006 	 0.0
0.7510219978922006 	 0.0
0.7520219978922006 	 0.0
0.7530219978922006 	 0.0
0.7540219978922006 	 0.0
0.7550219978922006 	 0.0
0.7560219978922006 	 0.0
0.7570219978922006 	 0.0
0.7580219978922006 	 0.0
0.7590219978922006 	 0.0
0.7600219978922006 	 0.0
0.7610219978922006 	 0.0
0.7620219978922006 	 0.0
0.7630219978922006 	 0.0
0.7640219978922006 	 0.0
0.7650219978922006 	 0.0
0.7660219978922006 	 0.0
0.7670219978922006 	 0.0
0.7680219978922006 	 0.0
0.7690219978922006 	 0.0
0.7700219978922006 	 0.0
0.7710219978922006 	 0.0
0.7720219978922006 	 0.0
0.7730219978922006 	 0.0
0.7740219978922006 	 0.0
0.7750219978922006 	 0.0
0.7760219978922006 	 0.0
0.7770219978922006 	 0.0
0.7780219978922006 	 0.0
0.7790219978922006 	 0.0
0.7800219978922006 	 0.0
0.7810219978922006 	 0.0
0.7820219978922006 	 0.0
0.7830219978922006 	 0.0
0.7840219978922006 	 0.0
0.7850219978922006 	 0.0
0.7860219978922006 	 0.0
0.7870219978922006 	 0.0
0.7880219978922006 	 0.0
0.7890219978922006 	 0.0
0.7900219978922006 	 0.0
0.7910219978922006 	 0.0
0.7920219978922006 	 0.0
0.7930219978922006 	 0.0
0.7940219978922006 	 0.0
0.7950219978922006 	 0.0
0.7960219978922006 	 0.0
0.7970219978922006 	 0.0
0.7980219978922006 	 0.0
0.7990219978922006 	 0.0
0.8000219978922006 	 0.0
0.8010219978922006 	 0.0
0.8020219978922006 	 0.0
0.8030219978922006 	 0.0
0.8040219978922006 	 0.0
0.8050219978922006 	 0.0
0.8060219978922006 	 0.0
0.8070219978922006 	 0.0
0.8080219978922006 	 0.0
0.8090219978922006 	 0.0
0.8100219978922006 	 0.0
0.8110219978922006 	 0.0
0.8120219978922006 	 0.0
0.8130219978922006 	 0.0
0.8140219978922006 	 0.0
0.8150219978922006 	 0.0
0.8160219978922006 	 0.0
0.8170219978922006 	 0.0
0.8180219978922006 	 0.0
0.8190219978922006 	 0.0
0.8200219978922006 	 0.0
0.8210219978922007 	 0.0
0.8220219978922007 	 0.0
0.8230219978922007 	 0.0
0.8240219978922007 	 0.0
0.8250219978922007 	 0.0
0.8260219978922007 	 0.0
0.8270219978922007 	 0.0
0.8280219978922007 	 0.0
0.8290219978922007 	 0.0
0.8300219978922007 	 0.0
0.8310219978922007 	 0.0
0.8320219978922007 	 0.0
0.8330219978922007 	 0.0
0.8340219978922007 	 0.0
0.8350219978922007 	 0.0
0.8360219978922007 	 0.0
0.8370219978922007 	 0.0
0.8380219978922007 	 0.0
0.8390219978922007 	 0.0
0.8400219978922007 	 0.0
0.8410219978922007 	 0.0
0.8420219978922007 	 0.0
0.8430219978922007 	 0.0
0.8440219978922007 	 0.0
0.8450219978922007 	 0.0
0.8460219978922007 	 0.0
0.8470219978922007 	 0.0
0.8480219978922007 	 0.0
0.8490219978922007 	 0.0
0.8500219978922007 	 0.0
0.8510219978922007 	 0.0
0.8520219978922007 	 0.0
0.8530219978922007 	 0.0
0.8540219978922007 	 0.0
0.8550219978922007 	 0.0
0.8560219978922007 	 0.0
0.8570219978922007 	 0.0
0.8580219978922007 	 0.0
0.8590219978922007 	 0.0
0.8600219978922007 	 0.0
0.8610219978922007 	 0.0
0.8620219978922007 	 0.0
0.8630219978922007 	 0.0
0.8640219978922007 	 0.0
0.8650219978922007 	 0.0
0.8660219978922007 	 0.0
0.8670219978922007 	 0.0
0.8680219978922007 	 0.0
0.8690219978922007 	 0.0
0.8700219978922007 	 0.0
0.8710219978922007 	 0.0
0.8720219978922007 	 0.0
0.8730219978922007 	 0.0
0.8740219978922007 	 0.0
0.8750219978922007 	 0.0
0.8760219978922007 	 0.0
0.8770219978922007 	 0.0
0.8780219978922007 	 0.0
0.8790219978922007 	 0.0
0.8800219978922007 	 0.0
0.8810219978922007 	 0.0
0.8820219978922007 	 0.0
0.8830219978922007 	 0.0
0.8840219978922007 	 0.0
0.8850219978922007 	 0.0
0.8860219978922007 	 0.0
0.8870219978922007 	 0.0
0.8880219978922007 	 0.0
0.8890219978922007 	 0.0
0.8900219978922007 	 0.0
0.8910219978922007 	 0.0
0.8920219978922007 	 0.0
0.8930219978922007 	 0.0
0.8940219978922007 	 0.0
0.8950219978922007 	 0.0
0.8960219978922007 	 0.0
0.8970219978922007 	 0.0
0.8980219978922007 	 0.0
0.8990219978922007 	 0.0
0.9000219978922007 	 0.0
0.9010219978922007 	 0.0
0.9020219978922007 	 0.0
0.9030219978922007 	 0.0
0.9040219978922007 	 0.0
0.9050219978922007 	 0.0
0.9060219978922007 	 0.0
0.9070219978922007 	 0.0
0.9080219978922007 	 0.0
0.9090219978922007 	 0.0
0.9100219978922007 	 0.0
0.9110219978922007 	 0.0
0.9120219978922007 	 0.0
0.9130219978922007 	 0.0
0.9140219978922007 	 0.0
0.9150219978922007 	 0.0
0.9160219978922007 	 0.0
0.9170219978922007 	 0.0
0.9180219978922007 	 0.0
0.9190219978922007 	 0.0
0.9200219978922007 	 0.0
0.9210219978922007 	 0.0
0.9220219978922007 	 0.0
0.9230219978922007 	 0.0
0.9240219978922007 	 0.0
0.9250219978922007 	 0.0
0.9260219978922007 	 0.0
0.9270219978922007 	 0.0
0.9280219978922007 	 0.0
0.9290219978922007 	 0.0
0.9300219978922007 	 0.0
0.9310219978922007 	 0.0
0.9320219978922007 	 0.0
0.9330219978922007 	 0.0
0.9340219978922008 	 0.0
0.9350219978922008 	 0.0
0.9360219978922008 	 0.0
0.9370219978922008 	 0.0
0.9380219978922008 	 0.0
0.9390219978922008 	 0.0
0.9400219978922008 	 0.0
0.9410219978922008 	 0.0
0.9420219978922008 	 0.0
0.9430219978922008 	 0.0
0.9440219978922008 	 0.0
0.9450219978922008 	 0.0
0.9460219978922008 	 0.0
0.9470219978922008 	 0.0
0.9480219978922008 	 0.0
0.9490219978922008 	 0.0
0.9500219978922008 	 0.0
0.9510219978922008 	 0.0
0.9520219978922008 	 0.0
0.9530219978922008 	 0.0
0.9540219978922008 	 0.0
0.9550219978922008 	 0.0
0.9560219978922008 	 0.0
0.9570219978922008 	 0.0
0.9580219978922008 	 0.0
0.9590219978922008 	 0.0
0.9600219978922008 	 0.0
0.9610219978922008 	 0.0
0.9620219978922008 	 0.0
0.9630219978922008 	 0.0
0.9640219978922008 	 0.0
0.9650219978922008 	 0.0
0.9660219978922008 	 0.0
0.9670219978922008 	 0.0
0.9680219978922008 	 0.0
0.9690219978922008 	 0.0
0.9700219978922008 	 0.0
0.9710219978922008 	 0.0
0.9720219978922008 	 0.0
0.9730219978922008 	 0.0
0.9740219978922008 	 0.0
0.9750219978922008 	 0.0
0.9760219978922008 	 0.0
0.9770219978922008 	 0.0
0.9780219978922008 	 0.0
0.9790219978922008 	 0.0
0.9800219978922008 	 0.0
0.9810219978922008 	 0.0
0.9820219978922008 	 0.0
0.9830219978922008 	 0.0
0.9840219978922008 	 0.0
0.9850219978922008 	 0.0
0.9860219978922008 	 0.0
0.9870219978922008 	 0.0
0.9880219978922008 	 0.0
0.9890219978922008 	 0.0
0.9900219978922008 	 0.0
0.9910219978922008 	 0.0
0.9920219978922008 	 0.0
0.9930219978922008 	 0.0
0.9940219978922008 	 0.0
0.9950219978922008 	 0.0
0.9960219978922008 	 0.0
0.9970219978922008 	 0.0
0.9980219978922008 	 0.0
0.9990219978922008 	 0.0
1.0000219978922007 	 0.0
1.0010219978922006 	 0.0
1.0020219978922005 	 0.0
1.0030219978922004 	 0.0
1.0040219978922003 	 0.0
1.0050219978922001 	 0.0
1.0060219978922 	 0.0
1.0070219978922 	 0.0
1.0080219978921998 	 0.0
1.0090219978921997 	 0.0
1.0100219978921996 	 0.0
1.0110219978921995 	 0.0
1.0120219978921994 	 0.0
1.0130219978921993 	 0.0
1.0140219978921992 	 0.0
1.015021997892199 	 0.0
1.016021997892199 	 0.0
1.0170219978921988 	 0.0
1.0180219978921987 	 0.0
1.0190219978921986 	 0.0
1.0200219978921985 	 0.0
1.0210219978921984 	 0.0
1.0220219978921983 	 0.0
1.0230219978921982 	 0.0
1.024021997892198 	 0.0
1.025021997892198 	 0.0
1.0260219978921978 	 0.0
1.0270219978921977 	 0.0
1.0280219978921976 	 0.0
1.0290219978921975 	 0.0
1.0300219978921974 	 0.0
1.0310219978921973 	 0.0
1.0320219978921972 	 0.0
1.033021997892197 	 0.0
1.034021997892197 	 0.0
1.0350219978921968 	 0.0
1.0360219978921967 	 0.0
1.0370219978921966 	 0.0
1.0380219978921965 	 0.0
1.0390219978921964 	 0.0
1.0400219978921963 	 0.0
1.0410219978921962 	 0.0
1.042021997892196 	 0.0
1.043021997892196 	 0.0
1.0440219978921959 	 0.0
1.0450219978921957 	 0.0
1.0460219978921956 	 0.0
1.0470219978921955 	 0.0
1.0480219978921954 	 0.0
1.0490219978921953 	 0.0
1.0500219978921952 	 0.0
1.051021997892195 	 0.0
1.052021997892195 	 0.0
1.0530219978921949 	 0.0
1.0540219978921948 	 0.0
1.0550219978921946 	 0.0
1.0560219978921945 	 0.0
1.0570219978921944 	 0.0
1.0580219978921943 	 0.0
1.0590219978921942 	 0.0
1.060021997892194 	 0.0
1.061021997892194 	 0.0
1.0620219978921939 	 5.6149449893652854e-09
1.0630219978921938 	 7.053299591991592e-08
1.0640219978921936 	 1.7618488789999186e-07
1.0650219978921935 	 3.1411693631977576e-07
1.0660219978921934 	 4.811075150064342e-07
1.0670219978921933 	 6.754301637194689e-07
1.0680219978921932 	 8.9604636382314e-07
1.069021997892193 	 1.1422658681629506e-06
1.070021997892193 	 1.4136169379845477e-06
1.0710219978921929 	 1.7097656923116653e-06
1.0720219978921928 	 2.030473326564195e-06
1.0730219978921927 	 2.375568085463953e-06
1.0740219978921925 	 2.7449270696162745e-06
1.0750219978921924 	 3.1384641888299045e-06
1.0760219978921923 	 3.5561262545079672e-06
1.0770219978921922 	 3.9978690696047085e-06
1.078021997892192 	 4.4636802172245085e-06
1.079021997892192 	 4.953557686174688e-06
1.0800219978921919 	 5.46751659312398e-06
1.0810219978921918 	 6.005566116671984e-06
1.0820219978921917 	 6.567725516967426e-06
1.0830219978921916 	 7.154013699976402e-06
1.0840219978921914 	 7.764436031515407e-06
1.0850219978921913 	 8.399011272704296e-06
1.0860219978921912 	 9.057756082964885e-06
1.0870219978921911 	 9.740680910304392e-06
1.088021997892191 	 1.0447856335558385e-05
1.089021997892191 	 1.1179340302065304e-05
1.0900219978921908 	 1.1935205367598868e-05
1.0910219978921907 	 1.2715505791317614e-05
1.0920219978921906 	 1.3520298558664371e-05
1.0930219978921905 	 1.434963705406072e-05
1.0940219978921903 	 1.5203560330791027e-05
1.0950219978921902 	 1.6082126364918762e-05
1.0960219978921901 	 1.6985373291606662e-05
1.09702199789219 	 1.79133579715899e-05
1.09802199789219 	 1.886611689163234e-05
1.0990219978921898 	 1.984370499162149e-05
1.1000219978921897 	 2.0846155149438784e-05
1.1010219978921896 	 2.187352192541321e-05
1.1020219978921895 	 2.2925858235294404e-05
1.1030219978921894 	 2.4003245191984612e-05
1.1040219978921892 	 2.510574922412681e-05
1.1050219978921891 	 2.6233460268027343e-05
1.106021997892189 	 2.7386452705738593e-05
1.107021997892189 	 2.856480933469117e-05
1.1080219978921888 	 2.976854081742322e-05
1.1090219978921887 	 3.099763534441043e-05
1.1100219978921886 	 3.225208608893844e-05
1.1110219978921885 	 3.353187891116003e-05
1.1120219978921884 	 3.483710373828074e-05
1.1130219978921883 	 3.616785757464308e-05
1.1140219978921881 	 3.752424451933067e-05
1.115021997892188 	 3.890633888611715e-05
1.116021997892188 	 4.0314217245005006e-05
1.1170219978921878 	 4.1747974895450756e-05
1.1180219978921877 	 4.320769046812735e-05
1.1190219978921876 	 4.4693466332055e-05
1.1200219978921875 	 4.6205393717672386e-05
1.1210219978921874 	 4.7743547746188874e-05
1.1220219978921873 	 4.930794430793144e-05
1.1230219978921872 	 5.089855322551917e-05
1.124021997892187 	 5.251535436023703e-05
1.125021997892187 	 5.415830209842256e-05
1.1260219978921868 	 5.5827339739859786e-05
1.1270219978921867 	 5.752241472479164e-05
1.1280219978921866 	 5.924351695736355e-05
1.1290219978921865 	 6.09908981109785e-05
1.1300219978921864 	 6.27649141076317e-05
1.1310219978921863 	 6.456586747893245e-05
1.1320219978921862 	 6.63938564220664e-05
1.133021997892186 	 6.824890509455135e-05
1.134021997892186 	 7.01310323791226e-05
1.1350219978921858 	 7.203931002825072e-05
1.1360219978921857 	 7.397567959320092e-05
1.1370219978921856 	 7.59391676667523e-05
1.1380219978921855 	 7.792978765155481e-05
1.1390219978921854 	 7.994756420495191e-05
1.1400219978921853 	 8.199255019746689e-05
1.1410219978921852 	 8.406480375288093e-05
1.142021997892185 	 8.61643231262999e-05
1.143021997892185 	 8.829109129007332e-05
1.1440219978921848 	 9.044512185322771e-05
1.1450219978921847 	 9.262648946737506e-05
1.1460219978921846 	 9.48352906485094e-05
1.1470219978921845 	 9.70716418504845e-05
1.1480219978921844 	 9.933564865551427e-05
1.1490219978921843 	 0.0001016274211597498
1.1500219978921842 	 0.00010394708970735472
1.151021997892184 	 0.00010629476192834196
1.152021997892184 	 0.00010867050292848047
1.1530219978921838 	 0.00011107438280877922
1.1540219978921837 	 0.00011350645580017341
1.1550219978921836 	 0.00011596677348918285
1.1560219978921835 	 0.00011845540123720135
1.1570219978921834 	 0.00012097239352623806
1.1580219978921833 	 0.00012351780269171872
1.1590219978921832 	 0.0001260916955764048
1.160021997892183 	 0.00012869412299686654
1.161021997892183 	 0.00013132512197618908
1.1620219978921829 	 0.00013398469369566352
1.1630219978921827 	 0.00013667281028614903
1.1640219978921826 	 0.00013938950566059024
1.1650219978921825 	 0.00014213487710331753
1.1660219978921824 	 0.0001449090814180676
1.1670219978921823 	 0.00014771227519926974
1.1680219978921822 	 0.00015054462183349975
1.169021997892182 	 0.00015340630714297574
1.170021997892182 	 0.00015629750867388815
1.1710219978921819 	 0.00015921837708492763
1.1720219978921818 	 0.00016216895405361326
1.1730219978921816 	 0.00016514923221779763
1.1740219978921815 	 0.00016815920411000226
1.1750219978921814 	 0.00017119885174867106
1.1760219978921813 	 0.00017426816726825455
1.1770219978921812 	 0.00017736712190455839
1.178021997892181 	 0.0001804956697419869
1.179021997892181 	 0.0001836537963419693
1.1800219978921809 	 0.0001868414571738995
1.1810219978921808 	 0.00019005868124321435
1.1820219978921807 	 0.0001933057645887175
1.1830219978921805 	 0.00019658311331445093
1.1840219978921804 	 0.0001998911544539504
1.1850219978921803 	 0.0002032303253981348
1.1860219978921802 	 0.00020660107848615052
1.18702199789218 	 0.0002100036894457849
1.18802199789218 	 0.00021343763785321507
1.1890219978921799 	 0.00021690256239907866
1.1900219978921798 	 0.00022039846184905297
1.1910219978921797 	 0.00022392533547341072
1.1920219978921796 	 0.0002274832073835077
1.1930219978921794 	 0.00023107209968004745
1.1940219978921793 	 0.0002346920476657677
1.1950219978921792 	 0.00023834306878805616
1.1960219978921791 	 0.00024202518318598
1.197021997892179 	 0.00024573840331099074
1.198021997892179 	 0.00024948275473235174
1.1990219978921788 	 0.00025325824499131523
1.2000219978921787 	 0.0002570648790964611
1.2010219978921786 	 0.0002609027634958492
1.2020219978921785 	 0.000264772327041264
1.2030219978921783 	 0.00026867410203931997
1.2040219978921782 	 0.00027260863830065943
1.2050219978921781 	 0.00027657642491845513
1.206021997892178 	 0.0002805775786872281
1.207021997892178 	 0.00028461213313894356
1.2080219978921778 	 0.0002886801129181096
1.2090219978921777 	 0.00029278155437965355
1.2100219978921776 	 0.00029691647465221043
1.2110219978921775 	 0.00030108492927948335
1.2120219978921773 	 0.00030528710727342116
1.2130219978921772 	 0.000309523241665925
1.2140219978921771 	 0.0003137933575625867
1.215021997892177 	 0.00031809729261291723
1.216021997892177 	 0.0003224348597441891
1.2170219978921768 	 0.00032680587490291487
1.2180219978921767 	 0.000331210125991045
1.2190219978921766 	 0.00033564739333085466
1.2200219978921765 	 0.00034011743925400423
1.2210219978921764 	 0.00034462023251551684
1.2220219978921762 	 0.0003491564938462988
1.2230219978921761 	 0.0003537271606113362
1.224021997892176 	 0.00035833320160688685
1.225021997892176 	 0.0003629756379539782
1.2260219978921758 	 0.0003676552361889048
1.2270219978921757 	 0.000372371748370094
1.2280219978921756 	 0.0003771246625988193
1.2290219978921755 	 0.00038191343991839994
1.2300219978921754 	 0.0003867375140544625
1.2310219978921753 	 0.00039159645630137475
1.2320219978921751 	 0.00039649044141959293
1.233021997892175 	 0.00040141979601752964
1.234021997892175 	 0.00040638485633228024
1.2350219978921748 	 0.00041138596815525833
1.2360219978921747 	 0.0004164234868983741
1.2370219978921746 	 0.00042149777765128165
1.2380219978921745 	 0.0004266091950156296
1.2390219978921744 	 0.00043175767769754707
1.2400219978921743 	 0.00043694275226776924
1.2410219978921742 	 0.0004421640079374643
1.242021997892174 	 0.00044742139663888703
1.243021997892174 	 0.0004527149561270532
1.2440219978921738 	 0.0004580447224642712
1.2450219978921737 	 0.0004634107298138446
1.2460219978921736 	 0.0004688130104247441
1.2470219978921735 	 0.00047425177416967934
1.2480219978921734 	 0.0004797279139303972
1.2490219978921733 	 0.0004852425116378202
1.2500219978921732 	 0.0004907966839123317
1.251021997892173 	 0.0004963913765625318
1.252021997892173 	 0.0005020267862988865
1.2530219978921728 	 0.0005077029356630011
1.2540219978921727 	 0.0005134198206715235
1.2550219978921726 	 0.0005191774534024616
1.2560219978921725 	 0.0005249758334022869
1.2570219978921724 	 0.0005308149547101756
1.2580219978921723 	 0.0005366948058286502
1.2590219978921722 	 0.0005426153697186079
1.260021997892172 	 0.0005485766236903126
1.261021997892172 	 0.0005545779818098228
1.2620219978921718 	 0.0005606167288602421
1.2630219978921717 	 0.0005666896952024024
1.2640219978921716 	 0.0005727964336870397
1.2650219978921715 	 0.0005789391750779809
1.2660219978921714 	 0.0005851203289072758
1.2670219978921713 	 0.0005913420361922848
1.2680219978921712 	 0.0005976052027045387
1.269021997892171 	 0.0006039104520182295
1.270021997892171 	 0.0006102584228672667
1.2710219978921709 	 0.00061664965119103
1.2720219978921707 	 0.0006230842395633494
1.2730219978921706 	 0.000629562185088482
1.2740219978921705 	 0.0006360834799595247
1.2750219978921704 	 0.0006426481110280814
1.2760219978921703 	 0.0006492560597190378
1.2770219978921702 	 0.0006559073019723084
1.27802199789217 	 0.0006626018081899045
1.27902199789217 	 0.0006693395432795174
1.2800219978921699 	 0.0006761204666036543
1.2810219978921698 	 0.0006829444771107601
1.2820219978921696 	 0.0006898112601548477
1.2830219978921695 	 0.0006967204407878699
1.2840219978921694 	 0.0007036716297565977
1.2850219978921693 	 0.0007106644230550429
1.2860219978921692 	 0.000717698401759513
1.287021997892169 	 0.0007247741863396117
1.288021997892169 	 0.0007318961737039951
1.2890219978921689 	 0.0007390653133524319
1.2900219978921688 	 0.0007462782906174726
1.2910219978921686 	 0.0007535323312746917
1.2920219978921685 	 0.000760827633906605
1.2930219978921684 	 0.0007681651217645742
1.2940219978921683 	 0.0007755457418228882
1.2950219978921682 	 0.0007829704645245716
1.296021997892168 	 0.0007904402837503546
1.297021997892168 	 0.0007979562167164975
1.2980219978921679 	 0.0008055193042434279
1.2990219978921678 	 0.0008131306104386335
1.3000219978921677 	 0.0008207912196757599
1.3010219978921675 	 0.0008285016984030813
1.3020219978921674 	 0.0008362605694420238
1.3030219978921673 	 0.0008440658282635953
1.3040219978921672 	 0.0008519154132481859
1.305021997892167 	 0.0008598072053359653
1.306021997892167 	 0.0008677397459487549
1.3070219978921669 	 0.0008757142431916325
1.3080219978921668 	 0.0008837325724962589
1.3090219978921667 	 0.0008917966556591879
1.3100219978921666 	 0.0008999084606688038
1.3110219978921664 	 0.000908069319130849
1.3120219978921663 	 0.0009162780191440576
1.3130219978921662 	 0.0009245327895673266
1.3140219978921661 	 0.0009328335119615261
1.315021997892166 	 0.0009411816773604173
1.316021997892166 	 0.0009495788739647662
1.3170219978921658 	 0.0009580267246989812
1.3180219978921657 	 0.0009665268879726985
1.3190219978921656 	 0.0009750810577372563
1.3200219978921655 	 0.0009836909638615216
1.3210219978921653 	 0.0009923574427341832
1.3220219978921652 	 0.0010010778422953916
1.3230219978921651 	 0.0010098486142094251
1.324021997892165 	 0.0010186661205348602
1.325021997892165 	 0.0010275266343317672
1.3260219978921648 	 0.0010364263395948319
1.3270219978921647 	 0.001045361331303405
1.3280219978921646 	 0.001054330586057138
1.3290219978921645 	 0.0010633441419426067
1.3300219978921644 	 0.0010724149296155075
1.3310219978921642 	 0.001081553070991095
1.3320219978921641 	 0.0010907576624768008
1.333021997892164 	 0.001100025645698319
1.334021997892164 	 0.0011093537546198245
1.3350219978921638 	 0.0011187386153241178
1.3360219978921637 	 0.0011281767622157261
1.3370219978921636 	 0.001137664641406504
1.3380219978921635 	 0.0011471987912269911
1.3390219978921634 	 0.0011567793685736065
1.3400219978921633 	 0.0011664100428772184
1.3410219978921631 	 0.001176094074556891
1.342021997892163 	 0.0011858324365378566
1.343021997892163 	 0.0011956255558052459
1.3440219978921628 	 0.001205473862695521
1.3450219978921627 	 0.0012153777933951763
1.3460219978921626 	 0.0012253377891858104
1.3470219978921625 	 0.0012353544242623452
1.3480219978921624 	 0.0012454287712808888
1.3490219978921623 	 0.0012555620375958166
1.3500219978921622 	 0.0012657554525494033
1.351021997892162 	 0.0012760103142121044
1.352021997892162 	 0.001286328115438431
1.3530219978921618 	 0.0012967104043201203
1.3540219978921617 	 0.0013071587535890816
1.3550219978921616 	 0.0013176747645368746
1.3560219978921615 	 0.0013282600656310086
1.3570219978921614 	 0.0013389163082866916
1.3580219978921613 	 0.0013496451720815318
1.3590219978921612 	 0.001360448366798202
1.360021997892161 	 0.0013713276329117416
1.361021997892161 	 0.0013822777345517399
1.3620219978921608 	 0.001393266946326465
1.3630219978921607 	 0.0014042897686031412
1.3640219978921606 	 0.001415394547273371
1.3650219978921605 	 0.0014265818612556299
1.3660219978921604 	 0.0014378490833820057
1.3670219978921603 	 0.0014491935192027278
1.3680219978921602 	 0.0014606124145847962
1.36902199789216 	 0.00147210295790154
1.37002199789216 	 0.0014836622797811479
1.3710219978921598 	 0.0014952883353264441
1.3720219978921597 	 0.0015069823557214749
1.3730219978921596 	 0.0015187463638114327
1.3740219978921595 	 0.0015305824193684234
1.3750219978921594 	 0.00154249262272694
1.3760219978921593 	 0.0015544791120696946
1.3770219978921592 	 0.001566544055250532
1.378021997892159 	 0.0015786896585831792
1.379021997892159 	 0.001590918169666148
1.3800219978921588 	 0.0016032318775396153
1.3810219978921587 	 0.001615632754225123
1.3820219978921586 	 0.00162812145453394
1.3830219978921585 	 0.0016406983136390111
1.3840219978921584 	 0.001653363664547688
1.3850219978921583 	 0.0016661178388495956
1.3860219978921582 	 0.0016789611683356717
1.387021997892158 	 0.0016918939902204817
1.388021997892158 	 0.0017049164906367802
1.3890219978921579 	 0.001718025765168416
1.3900219978921577 	 0.0017312159132191194
1.3910219978921576 	 0.001744482790443307
1.3920219978921575 	 0.0017578296984474906
1.3930219978921574 	 0.0017712617525717964
1.3940219978921573 	 0.0017847841402627404
1.3950219978921572 	 0.0017984021188491685
1.396021997892157 	 0.001812120174346722
1.397021997892157 	 0.001825939685976097
1.3980219978921569 	 0.001839861274011416
1.3990219978921568 	 0.0018538855229876154
1.4000219978921566 	 0.001867910141087109
1.4010219978921565 	 0.001882143611692957
1.4020219978921564 	 0.0018964812261824736
1.4030219978921563 	 0.0019109234230843051
1.4040219978921562 	 0.00192547058791515
1.405021997892156 	 0.0019401230495947914
1.406021997892156 	 0.0019548810834077233
1.4070219978921559 	 0.001969744923446339
1.4080219978921558 	 0.00198471474895079
1.4090219978921557 	 0.0019997906809056318
1.4100219978921555 	 0.0020149727838017885
1.4110219978921554 	 0.0020302605516766842
1.4120219978921553 	 0.0020456512826625456
1.4130219978921552 	 0.002061141874254113
1.414021997892155 	 0.002076730818471256
1.415021997892155 	 0.002092418179793371
1.4160219978921549 	 0.0021082040667497136
1.4170219978921548 	 0.002124088578787546
1.4180219978921547 	 0.0021400718116770722
1.4190219978921546 	 0.002156153864650231
1.4200219978921544 	 0.0021723348482092755
1.4210219978921543 	 0.0021886148944707836
1.4220219978921542 	 0.002204994176446644
1.4230219978921541 	 0.002221472918261878
1.424021997892154 	 0.0022380513869639735
1.425021997892154 	 0.0022547298940899275
1.4260219978921538 	 0.0022715087962569113
1.4270219978921537 	 0.002288388488499996
1.4280219978921536 	 0.0023053694168157983
1.4290219978921535 	 0.0023224520828259952
1.4300219978921533 	 0.0023396370445113047
1.4310219978921532 	 0.0023569249245148677
1.4320219978921531 	 0.0023743164374583838
1.433021997892153 	 0.0023918123768274027
1.434021997892153 	 0.002409413593842309
1.4350219978921528 	 0.0024271209904439604
1.4360219978921527 	 0.002444935513182956
1.4370219978921526 	 0.0024628581407233883
1.4380219978921525 	 0.002480889979222287
1.4390219978921523 	 0.0024990318600718385
1.4400219978921522 	 0.0025172840043806654
1.4410219978921521 	 0.0025356466181321266
1.442021997892152 	 0.0025541199237995678
1.443021997892152 	 0.0025727041672381355
1.4440219978921518 	 0.0025913995993289275
1.4450219978921517 	 0.002610206472685309
1.4460219978921516 	 0.0026291250350295677
1.4470219978921515 	 0.0026481555236141778
1.4480219978921514 	 0.00266729816580162
1.4490219978921512 	 0.002686553177661918
1.4500219978921511 	 0.002705920761623008
1.451021997892151 	 0.002725401236166666
1.452021997892151 	 0.0027449954039409107
1.4530219978921508 	 0.0027647041901258727
1.4540219978921507 	 0.0027845285165994074
1.4550219978921506 	 0.002804469297508315
1.4560219978921505 	 0.0028245274368546734
1.4570219978921504 	 0.0028447035008561236
1.4580219978921503 	 0.0028649968208695827
1.4590219978921501 	 0.002885406401289959
1.46002199789215 	 0.0029059311992902263
1.46102199789215 	 0.002926570121982138
1.4620219978921498 	 0.0029473220234756364
1.4630219978921497 	 0.0029681858317336784
1.4640219978921496 	 0.002989162831018463
1.4650219978921495 	 0.0030102565795177083
1.4660219978921494 	 0.0030314707610055833
1.4670219978921493 	 0.0030528090957127833
1.4680219978921492 	 0.0030742753415091387
1.469021997892149 	 0.0030958732943257663
1.470021997892149 	 0.0031176067883427173
1.4710219978921488 	 0.003139478664575471
1.4720219978921487 	 0.003161487904717644
1.4730219978921486 	 0.003183632534036136
1.4740219978921485 	 0.0032059105099980856
1.4750219978921484 	 0.0032283197192500383
1.4760219978921483 	 0.0032508579755156594
1.4770219978921482 	 0.0032735230157649514
1.478021997892148 	 0.0032963125018813147
1.479021997892148 	 0.0033192240207654826
1.4800219978921478 	 0.003342255082082778
1.4810219978921477 	 0.0033654031170974774
1.4820219978921476 	 0.0033886654727622854
1.4830219978921475 	 0.0034120426148724447
1.4840219978921474 	 0.003435546993927695
1.4850219978921473 	 0.0034591940833384152
1.4860219978921472 	 0.0034829996014535524
1.487021997892147 	 0.0035069795043715696
1.488021997892147 	 0.003531149194995218
1.4890219978921468 	 0.003555507438754154
1.4900219978921467 	 0.0035800369198092027
1.4910219978921466 	 0.0036047069543969777
1.4920219978921465 	 0.003629456796672866
1.4930219978921464 	 0.0036542779501554244
1.4940219978921463 	 0.003679176871530815
1.4950219978921462 	 0.003704160115585105
1.496021997892146 	 0.003729234328414342
1.497021997892146 	 0.003754406231141024
1.4980219978921459 	 0.00377968263446746
1.4990219978921457 	 0.0038050704429257497
1.5000219978921456 	 0.0038305766546622754
1.5010219978921455 	 0.0038562083604884354
1.5020219978921454 	 0.003881972743710113
1.5030219978921453 	 0.003907877090053468
1.5040219978921452 	 0.003933928838427002
1.505021997892145 	 0.003960135358900417
1.506021997892145 	 0.003986502406677696
1.5070219978921449 	 0.004013028680371737
1.5080219978921447 	 0.004039705839298398
1.5090219978921446 	 0.004066505353536484
1.5100219978921445 	 0.004093393438436345
1.5110219978921444 	 0.004120346709311207
1.5120219978921443 	 0.004147382866742956
1.5130219978921442 	 0.004174528958562093
1.514021997892144 	 0.00420179747022374
1.515021997892144 	 0.0042291868338458416
1.5160219978921439 	 0.0042566948593624
1.5170219978921438 	 0.0042843192772201635
1.5180219978921436 	 0.004312057744177496
1.5190219978921435 	 0.004339907844635644
1.5200219978921434 	 0.004367867089979522
1.5210219978921433 	 0.004395932878717591
1.5220219978921432 	 0.004424102463404236
1.523021997892143 	 0.004452373135295711
1.524021997892143 	 0.0044807421209420405
1.5250219978921429 	 0.0045092065689071115
1.5260219978921428 	 0.004537763295586414
1.5270219978921427 	 0.004566409127851914
1.5280219978921425 	 0.004595140982177659
1.5290219978921424 	 0.004623955690505632
1.5300219978921423 	 0.0046528499083017625
1.5310219978921422 	 0.004681820747169286
1.532021997892142 	 0.004710867144599059
1.533021997892142 	 0.004739988454043811
1.5340219978921419 	 0.00476918400252952
1.5350219978921418 	 0.004798453083931684
1.5360219978921417 	 0.004827794960634029
1.5370219978921416 	 0.004857208866178324
1.5380219978921414 	 0.004886693940747972
1.5390219978921413 	 0.004916248020184604
1.5400219978921412 	 0.00494586768069453
1.5410219978921411 	 0.004975549377500002
1.542021997892141 	 0.005005289507730509
1.543021997892141 	 0.005035084425422533
1.5440219978921408 	 0.005064930414559997
1.5450219978921407 	 0.0050948236812991005
1.5460219978921406 	 0.005124760358106106
1.5470219978921405 	 0.00515473800575126
1.5480219978921403 	 0.005184759732169568
1.5490219978921402 	 0.005214829992185998
1.5500219978921401 	 0.005244945997796174
1.55102199789214 	 0.005275083684747456
1.55202199789214 	 0.0053052354991108205
1.5530219978921398 	 0.0053353992770435515
1.5540219978921397 	 0.005365572818574982
1.5550219978921396 	 0.005395753878228454
1.5560219978921395 	 0.005425940174016707
1.5570219978921394 	 0.005456129412675322
1.5580219978921392 	 0.005486319264848667
1.5590219978921391 	 0.005516507357579108
1.560021997892139 	 0.005546691275818379
1.561021997892139 	 0.005576868577526685
1.5620219978921388 	 0.005607036844780126
1.5630219978921387 	 0.00563719338613329
1.5640219978921386 	 0.005667329364675912
1.5650219978921385 	 0.005697430032251928
1.5660219978921384 	 0.005727480252873181
1.5670219978921383 	 0.00575746478761749
1.5680219978921381 	 0.005787352973304458
1.569021997892138 	 0.005817116174299168
1.570021997892138 	 0.005846749656457202
1.5710219978921378 	 0.00587624506428566
1.5720219978921377 	 0.005905610015166681
1.5730219978921376 	 0.005934856018994811
1.5740219978921375 	 0.005963994785474258
1.5750219978921374 	 0.005993038430078561
1.5760219978921373 	 0.006021999685109157
1.5770219978921372 	 0.006050892165880851
1.578021997892137 	 0.0060797304835556055
1.579021997892137 	 0.006108530440957772
1.5800219978921368 	 0.006137309278645806
1.5810219978921367 	 0.006166085948367064
1.5820219978921366 	 0.006194881408330518
1.5830219978921365 	 0.006223718828628041
1.5840219978921364 	 0.0062526237133370185
1.5850219978921363 	 0.006281623885591461
1.5860219978921362 	 0.006310749267401932
1.587021997892136 	 0.006340031376978778
1.588021997892136 	 0.0063694807828018
1.5890219978921358 	 0.006398823578934361
1.5900219978921357 	 0.006427970108778666
1.5910219978921356 	 0.0064569512172000364
1.5920219978921355 	 0.0064857890676570384
1.5930219978921354 	 0.0065144967478470055
1.5940219978921353 	 0.006543078138281778
1.5950219978921352 	 0.0065715287616670654
1.596021997892135 	 0.00659983794107214
1.597021997892135 	 0.006627991967723451
1.5980219978921348 	 0.006655977475309289
1.5990219978921347 	 0.006683784552387752
1.6000219978921346 	 0.006711409054856078
1.6010219978921345 	 0.0067388470524525216
1.6020219978921344 	 0.006766076234428812
1.6030219978921343 	 0.006793074566383946
1.6040219978921342 	 0.006819825220111028
1.605021997892134 	 0.006846315344887009
1.606021997892134 	 0.006872534864005626
1.6070219978921338 	 0.006898475450005352
1.6080219978921337 	 0.006924129731038557
1.6090219978921336 	 0.0069494902578002985
1.6100219978921335 	 0.006974549652358768
1.6110219978921334 	 0.006999305321448001
1.6120219978921333 	 0.0070237742118648885
1.6130219978921332 	 0.0070479769489184465
1.614021997892133 	 0.007071924863215521
1.615021997892133 	 0.007095620446051981
1.6160219978921329 	 0.007119065302138247
1.6170219978921327 	 0.0071422605211671365
1.6180219978921326 	 0.007165206761383157
1.6190219978921325 	 0.007187904314859897
1.6200219978921324 	 0.0072103531728664
1.6210219978921323 	 0.007232553074065298
1.6220219978921322 	 0.00725450348106229
1.623021997892132 	 0.007276203559837954
1.624021997892132 	 0.007297652353837901
1.6250219978921319 	 0.007318848864849874
1.6260219978921318 	 0.007339792067302686
1.6270219978921316 	 0.007360480878006323
1.6280219978921315 	 0.007380914261738309
1.6290219978921314 	 0.007401091285664901
1.6300219978921313 	 0.0074210111507677055
1.6310219978921312 	 0.007440666095410883
1.632021997892131 	 0.007460021750017021
1.633021997892131 	 0.007479037368286869
1.6340219978921309 	 0.007497683008442384
1.6350219978921308 	 0.007515969305426025
1.6360219978921307 	 0.007533916684331221
1.6370219978921305 	 0.007551545822923569
1.6380219978921304 	 0.007568877325905188
1.6390219978921303 	 0.0075859226401209425
1.6400219978921302 	 0.007602684553935062
1.64102199789213 	 0.00761916584091791
1.64202199789213 	 0.007635369448305586
1.6430219978921299 	 0.007651298541372875
1.6440219978921298 	 0.007666956661608289
1.6450219978921297 	 0.0076823477623688815
1.6460219978921296 	 0.007697476157521102
1.6470219978921294 	 0.007712346370097324
1.6480219978921293 	 0.0077269632759053705
1.6490219978921292 	 0.007741332136535985
1.650021997892129 	 0.007755458582203106
1.651021997892129 	 0.007769346217636375
1.652021997892129 	 0.007782990033567784
1.6530219978921288 	 0.007796383105996344
1.6540219978921287 	 0.007809518716381898
1.6550219978921286 	 0.007822390343982152
1.6560219978921285 	 0.007834991577777855
1.6570219978921283 	 0.007847315938714097
1.6580219978921282 	 0.007859356984184492
1.6590219978921281 	 0.007871108305580072
1.660021997892128 	 0.007882563486788778
1.661021997892128 	 0.007893726627090543
1.6620219978921278 	 0.007904641321600943
1.6630219978921277 	 0.00791535900619922
1.6640219978921276 	 0.007925902822958547
1.6650219978921275 	 0.007936269087943785
1.6660219978921273 	 0.00794645276269556
1.6670219978921272 	 0.007956448358999977
1.6680219978921271 	 0.007966250003014022
1.669021997892127 	 0.007975851433500117
1.670021997892127 	 0.007985245973167557
1.6710219978921268 	 0.007994427970401027
1.6720219978921267 	 0.008003396816180659
1.6730219978921266 	 0.008012152752487307
1.6740219978921265 	 0.008020695559516733
1.6750219978921264 	 0.008029024544494874
1.6760219978921262 	 0.008037138526768807
1.6770219978921261 	 0.008045035802398863
1.678021997892126 	 0.008052714194222294
1.679021997892126 	 0.008060171078223138
1.6800219978921258 	 0.008067403399241588
1.6810219978921257 	 0.008074407689622826
1.6820219978921256 	 0.008081180096001199
1.6830219978921255 	 0.008087716472710633
1.6840219978921254 	 0.008094012365061954
1.6850219978921253 	 0.008100063026169458
1.6860219978921251 	 0.008105863453859004
1.687021997892125 	 0.0081114084330987
1.688021997892125 	 0.008116692908481287
1.6890219978921248 	 0.008121718796567746
1.6900219978921247 	 0.00812649464045066
1.6910219978921246 	 0.008131026483856907
1.6920219978921245 	 0.00813531021720007
1.6930219978921244 	 0.008139339443281466
1.6940219978921243 	 0.008143107817472574
1.6950219978921242 	 0.008146609059999182
1.696021997892124 	 0.008149837001325032
1.697021997892124 	 0.008152785649420544
1.6980219978921238 	 0.008155449180051667
1.6990219978921237 	 0.00815782195184022
1.7000219978921236 	 0.008159898531058427
1.7010219978921235 	 0.008153037290712548
1.7020219978921234 	 0.008145181000006269
1.7030219978921233 	 0.00813696805138506
1.7040219978921232 	 0.008128402286207023
1.705021997892123 	 0.008119487605984887
1.706021997892123 	 0.008110227969801093
1.7070219978921228 	 0.008100627391722622
1.7080219978921227 	 0.008090689938217844
1.7090219978921226 	 0.008080419725578094
1.7100219978921225 	 0.008069820917346144
1.7110219978921224 	 0.00805889772175418
1.7120219978921223 	 0.008047654389173372
1.7130219978921222 	 0.00803609520957728
1.714021997892122 	 0.008024224510021362
1.715021997892122 	 0.008012046652140606
1.7160219978921218 	 0.007999566029667228
1.7170219978921217 	 0.007986787065970523
1.7180219978921216 	 0.007973714211620546
1.7190219978921215 	 0.007960351941977719
1.7200219978921214 	 0.00794670475480968
1.7210219978921213 	 0.007932777279942151
1.7220219978921212 	 0.007918573828665025
1.723021997892121 	 0.00790409906422091
1.724021997892121 	 0.007889357550781092
1.7250219978921209 	 0.007874353863475542
1.7260219978921207 	 0.007859092586206406
1.7270219978921206 	 0.007843578309498875
1.7280219978921205 	 0.007827815628390458
1.7290219978921204 	 0.0078118091403597675
1.7300219978921203 	 0.007795563443295674
1.7310219978921202 	 0.007779083133507872
1.73202199789212 	 0.007762372803779426
1.73302199789212 	 0.007745437041462299
1.7340219978921199 	 0.007728280426616235
1.7350219978921197 	 0.00771090753019191
1.7360219978921196 	 0.00769332291225855
1.7370219978921195 	 0.007675531120276697
1.7380219978921194 	 0.007657536687416444
1.7390219978921193 	 0.007639344130921454
1.7400219978921192 	 0.0076209579505189555
1.741021997892119 	 0.007602382626876094
1.742021997892119 	 0.007583622620102602
1.7430219978921189 	 0.007564682368299948
1.7440219978921188 	 0.0075455662861570166
1.7450219978921186 	 0.007526278763592204
1.7460219978921185 	 0.007506824164441987
1.7470219978921184 	 0.007487206825195642
1.7480219978921183 	 0.007467431053776153
1.7490219978921182 	 0.0074475011283669165
1.750021997892118 	 0.007427421296284072
1.751021997892118 	 0.007407195772894058
1.7520219978921179 	 0.007386828740576179
1.7530219978921178 	 0.007366324347729617
1.7540219978921177 	 0.007345686707824636
1.7550219978921175 	 0.007324919898497341
1.7560219978921174 	 0.007304027960687671
1.7570219978921173 	 0.007283014897819991
1.7580219978921172 	 0.0072618846750257355
1.759021997892117 	 0.007240641218407547
1.760021997892117 	 0.007219288414344284
1.7610219978921169 	 0.00719783010883634
1.7620219978921168 	 0.007176270106890449
1.7630219978921167 	 0.007154612171943493
1.7640219978921166 	 0.007132860025324546
1.7650219978921164 	 0.00711101734575432
1.7660219978921163 	 0.0070890877688816
1.7670219978921162 	 0.00706707488685551
1.7680219978921161 	 0.0070449822479332885
1.769021997892116 	 0.0070228133561224615
1.770021997892116 	 0.007000571670856866
1.7710219978921158 	 0.006978260606705635
1.7720219978921157 	 0.006955883533114409
1.7730219978921156 	 0.006933443774177962
1.7740219978921155 	 0.0069109446084434385
1.7750219978921153 	 0.006888389268743422
1.7760219978921152 	 0.006865780942058056
1.7770219978921151 	 0.006843122769405348
1.778021997892115 	 0.00682041784575895
1.779021997892115 	 0.006797669219992487
1.7800219978921148 	 0.006774879894849845
1.7810219978921147 	 0.006752052826940361
1.7820219978921146 	 0.006729190926758377
1.7830219978921145 	 0.006706297058726182
1.7840219978921144 	 0.006683374041259691
1.7850219978921142 	 0.006660424646856022
1.7860219978921141 	 0.006637451602202244
1.787021997892114 	 0.006614457588304488
1.788021997892114 	 0.006591445240636759
1.7890219978921138 	 0.006568417149308588
1.7900219978921137 	 0.006545375859250949
1.7910219978921136 	 0.00652232387041955
1.7920219978921135 	 0.006499263638014955
1.7930219978921134 	 0.00647619757271867
1.7940219978921133 	 0.006453128040944675
1.7950219978921131 	 0.0064300573651055945
1.796021997892113 	 0.006406987823892913
1.797021997892113 	 0.006383921652570554
1.7980219978921128 	 0.006360861043281159
1.7990219978921127 	 0.006337808145364562
1.8000219978921126 	 0.006314765065687664
1.8010219978921125 	 0.006291733868985206
1.8020219978921124 	 0.006268716578210913
1.8030219978921123 	 0.0062457151748982875
1.8040219978921122 	 0.00622273159953058
1.805021997892112 	 0.006199767751919429
1.806021997892112 	 0.006176825491591514
1.8070219978921118 	 0.006153906638182795
1.8080219978921117 	 0.006131012971839819
1.8090219978921116 	 0.006108146233627536
1.8100219978921115 	 0.006085308125943242
1.8110219978921114 	 0.006062500312936095
1.8120219978921113 	 0.006039724420931776
1.8130219978921112 	 0.006016982038861892
1.814021997892111 	 0.005994274718697611
1.815021997892111 	 0.0059716039758872285
1.8160219978921108 	 0.005948971289797117
1.8170219978921107 	 0.005926378104155796
1.8180219978921106 	 0.005903825827500701
1.8190219978921105 	 0.0058813158336272495
1.8200219978921104 	 0.005858849462039902
1.8210219978921103 	 0.005836428018404859
1.8220219978921102 	 0.005814052775004053
1.82302199789211 	 0.00579172497119013
1.82402199789211 	 0.005769445813842156
1.8250219978921098 	 0.005747216477821624
1.8260219978921097 	 0.005725038106428676
1.8270219978921096 	 0.005702911811858056
1.8280219978921095 	 0.0056808386756547185
1.8290219978921094 	 0.005658819749168721
1.8300219978921093 	 0.00563685605400918
1.8310219978921092 	 0.005614948582497137
1.832021997892109 	 0.005593098298116996
1.833021997892109 	 0.005571306135966406
1.8340219978921088 	 0.0055495730032043885
1.8350219978921087 	 0.005527899779497441
1.8360219978921086 	 0.005506287317463521
1.8370219978921085 	 0.005484736443113686
1.8380219978921084 	 0.005463247956291268
1.8390219978921083 	 0.00544182263110831
1.8400219978921082 	 0.005420461216379343
1.841021997892108 	 0.005399164436052057
1.842021997892108 	 0.005377932989635027
1.8430219978921079 	 0.005356767552622177
1.8440219978921077 	 0.005335668852186052
1.8450219978921076 	 0.005314637366177892
1.8460219978921075 	 0.005293673776163157
1.8470219978921074 	 0.0052727786657537756
1.8480219978921073 	 0.005251952596617431
1.8490219978921072 	 0.005231196108880522
1.850021997892107 	 0.005210509721527313
1.851021997892107 	 0.005189893932795055
1.8520219978921069 	 0.005169349220565082
1.8530219978921068 	 0.005148876042749827
1.8540219978921066 	 0.005128474837675663
1.8550219978921065 	 0.005108146024461564
1.8560219978921064 	 0.005087890003393473
1.8570219978921063 	 0.0050677071562944135
1.8580219978921062 	 0.005047597846890229
1.859021997892106 	 0.005027562421170981
1.860021997892106 	 0.005007601207747926
1.8610219978921059 	 0.004987714518206097
1.8620219978921058 	 0.004967902647452402
1.8630219978921057 	 0.004948165874059306
1.8640219978921055 	 0.004928504460603981
1.8650219978921054 	 0.004908918654003036
1.8660219978921053 	 0.004889408685842673
1.8670219978921052 	 0.004869974772704414
1.868021997892105 	 0.004850617116486284
1.869021997892105 	 0.004831335904719524
1.8700219978921049 	 0.0048121313108807915
1.8710219978921048 	 0.004793003494699866
1.8720219978921047 	 0.004773952602462905
1.8730219978921046 	 0.004754978767311237
1.8740219978921044 	 0.0047360821095356566
1.8750219978921043 	 0.0047172627368663326
1.8760219978921042 	 0.0046985207447583
1.877021997892104 	 0.004679856216672528
1.878021997892104 	 0.004661269224352635
1.879021997892104 	 0.004642759828097272
1.8800219978921038 	 0.004624328077028136
1.8810219978921037 	 0.00460597400935375
1.8820219978921036 	 0.004587697652628931
1.8830219978921034 	 0.004569499024010048
1.8840219978921033 	 0.004551378130506068
1.8850219978921032 	 0.0045333349692254325
1.8860219978921031 	 0.004515369527618808
1.887021997892103 	 0.004497481783717708
1.888021997892103 	 0.004479671706369111
1.8890219978921028 	 0.004461939255465954
1.8900219978921027 	 0.004444284382173746
1.8910219978921026 	 0.004426707029153142
1.8920219978921025 	 0.00440920713077867
1.8930219978921023 	 0.004391784613353538
1.8940219978921022 	 0.004374439395320647
1.8950219978921021 	 0.004357171387469793
1.896021997892102 	 0.004339980493141142
1.897021997892102 	 0.004322866608424974
1.8980219978921018 	 0.004305829622357788
1.8990219978921017 	 0.004288869417114797
1.9000219978921016 	 0.004271985868198805
1.9010219978921015 	 0.004255178844625597
1.9020219978921014 	 0.004238448209105819
1.9030219978921012 	 0.004221793818223424
1.9040219978921011 	 0.0042052155226107195
1.905021997892101 	 0.004188713167120044
1.906021997892101 	 0.004172286590992157
1.9070219978921008 	 0.004155935628021339
1.9080219978921007 	 0.004139660106717307
1.9090219978921006 	 0.0041234598504638975
1.9100219978921005 	 0.004107334677674683
1.9110219978921004 	 0.004091284401945424
1.9120219978921003 	 0.0040753088322035705
1.9130219978921001 	 0.004059407772854674
1.9140219978921 	 0.0040435810239258995
1.9150219978921 	 0.004027828381206608
1.9160219978920998 	 0.004012149636386072
1.9170219978920997 	 0.003996544577188363
1.9180219978920996 	 0.00398101298750446
1.9190219978920995 	 0.003965554647521645
1.9200219978920994 	 0.003950169333850129
1.9210219978920993 	 0.00393485681964712
1.9220219978920992 	 0.00391961687473821
1.923021997892099 	 0.00390444926573622
1.924021997892099 	 0.0038893537561575046
1.9250219978920988 	 0.003874330106535797
1.9260219978920987 	 0.003859378074533561
1.9270219978920986 	 0.0038444974150509833
1.9280219978920985 	 0.0038296878803325677
1.9290219978920984 	 0.003814949220071419
1.9300219978920983 	 0.003800281181511239
1.9310219978920982 	 0.003785683509546068
1.932021997892098 	 0.003771155946817815
1.933021997892098 	 0.003756698233811632
1.9340219978920978 	 0.0037423101089491357
1.9350219978920977 	 0.0037279913086795432
1.9360219978920976 	 0.00371374156756874
1.9370219978920975 	 0.0036995606183863427
1.9380219978920974 	 0.0036854481921907442
1.9390219978920973 	 0.003671404018412238
1.9400219978920972 	 0.003657427824934205
1.941021997892097 	 0.003643519338172425
1.942021997892097 	 0.0036296782831525495
1.9430219978920968 	 0.003615904383585736
1.9440219978920967 	 0.0036021973619425286
1.9450219978920966 	 0.00358855693952498
1.9460219978920965 	 0.003574982836537047
1.9470219978920964 	 0.0035614747721533307
1.9480219978920963 	 0.0035480324645861348
1.9490219978920962 	 0.0035346556311509104
1.950021997892096 	 0.003521343988330146
1.951021997892096 	 0.003508097251835628
1.9520219978920959 	 0.003494915136669256
1.9530219978920957 	 0.003481797357182275
1.9540219978920956 	 0.003468743627133106
1.9550219978920955 	 0.00345575365974369
1.9560219978920954 	 0.0034428271677544304
1.9570219978920953 	 0.003429963863477758
1.9580219978920952 	 0.0034171634588503206
1.959021997892095 	 0.003404425665483838
1.960021997892095 	 0.0033917501947146834
1.9610219978920949 	 0.003379136757652147
1.9620219978920947 	 0.0033665850652254458
1.9630219978920946 	 0.0033540948282295333
1.9640219978920945 	 0.0033416657573696823
1.9650219978920944 	 0.0033292975633048894
1.9660219978920943 	 0.00331698995669012
1.9670219978920942 	 0.0033047426482174427
1.968021997892094 	 0.0032925553486560124
1.969021997892094 	 0.0032804277688910193
1.9700219978920939 	 0.003268359619961507
1.9710219978920938 	 0.0032563506130972243
1.9720219978920936 	 0.0032444004597543892
1.9730219978920935 	 0.0032325088716504942
1.9740219978920934 	 0.0032206755607981194
1.9750219978920933 	 0.0032089002847662425
1.9760219978920932 	 0.0031971826656145134
1.977021997892093 	 0.0031855224618473755
1.978021997892093 	 0.0031739193869770106
1.9790219978920929 	 0.003162373154965774
1.9800219978920928 	 0.0031508834802545516
1.9810219978920927 	 0.003139450077790291
1.9820219978920925 	 0.003128072663052682
1.9830219978920924 	 0.0031167509520800413
1.9840219978920923 	 0.003105484661494425
1.9850219978920922 	 0.003094273508525947
1.986021997892092 	 0.003083117211036338
1.987021997892092 	 0.003072015487541802
1.9880219978920919 	 0.003060968057235114
1.9890219978920918 	 0.0030499746400070105
1.9900219978920917 	 0.0030390349564669355
1.9910219978920916 	 0.003028148727963061
1.9920219978920914 	 0.003017315676601654
1.9930219978920913 	 0.0030065355252658363
1.9940219978920912 	 0.0029958079976336593
1.9950219978920911 	 0.002985132818195616
1.996021997892091 	 0.002974509712271505
1.997021997892091 	 0.002963938406026728
1.9980219978920908 	 0.002953418626488011
1.9990219978920907 	 0.0029429501015585586
