0.0010219978922 	 0
0.0020219978922 	 0.0
0.0030219978922 	 0.0
0.0040219978922 	 0.0
0.0050219978922 	 0.0
0.0060219978922 	 0.0
0.0070219978922 	 0.0
0.0080219978922 	 0.0
0.009021997892200002 	 0.0
0.010021997892200003 	 0.0
0.011021997892200004 	 0.0
0.012021997892200004 	 0.0
0.013021997892200005 	 0.0
0.014021997892200006 	 0.0
0.015021997892200007 	 0.0
0.016021997892200008 	 0.0
0.01702199789220001 	 0.0
0.01802199789220001 	 0.0
0.01902199789220001 	 0.0
0.02002199789220001 	 0.0
0.021021997892200012 	 0.0
0.022021997892200013 	 0.0
0.023021997892200014 	 0.0
0.024021997892200015 	 0.0
0.025021997892200016 	 0.0
0.026021997892200017 	 0.0
0.027021997892200018 	 0.0
0.02802199789220002 	 0.0
0.02902199789220002 	 0.0
0.03002199789220002 	 0.0
0.03102199789220002 	 0.0
0.03202199789220002 	 0.0
0.03302199789220002 	 0.0
0.03402199789220002 	 0.0
0.03502199789220002 	 0.0
0.03602199789220002 	 0.0
0.03702199789220002 	 0.0
0.038021997892200024 	 0.0
0.039021997892200025 	 0.0
0.040021997892200026 	 0.0
0.04102199789220003 	 0.0
0.04202199789220003 	 0.0
0.04302199789220003 	 0.0
0.04402199789220003 	 0.0
0.04502199789220003 	 0.0
0.04602199789220003 	 0.0
0.04702199789220003 	 0.0
0.04802199789220003 	 0.0
0.049021997892200034 	 0.0
0.050021997892200035 	 0.0
0.051021997892200036 	 0.0
0.052021997892200036 	 0.0
0.05302199789220004 	 0.0
0.05402199789220004 	 0.0
0.05502199789220004 	 0.0
0.05602199789220004 	 0.0
0.05702199789220004 	 0.0
0.05802199789220004 	 0.0
0.05902199789220004 	 0.0
0.060021997892200044 	 0.0
0.061021997892200044 	 0.0
0.062021997892200045 	 0.0
0.06302199789220005 	 0.0
0.06402199789220005 	 0.0
0.06502199789220005 	 0.0
0.06602199789220005 	 0.0
0.06702199789220005 	 0.0
0.06802199789220005 	 0.0
0.06902199789220005 	 0.0
0.07002199789220005 	 0.0
0.07102199789220005 	 0.0
0.07202199789220005 	 0.0
0.07302199789220006 	 0.0
0.07402199789220006 	 0.0
0.07502199789220006 	 0.0
0.07602199789220006 	 0.0
0.07702199789220006 	 0.0
0.07802199789220006 	 0.0
0.07902199789220006 	 0.0
0.08002199789220006 	 0.0
0.08102199789220006 	 0.0
0.08202199789220006 	 0.0
0.08302199789220006 	 0.0
0.08402199789220006 	 0.0
0.08502199789220007 	 0.0
0.08602199789220007 	 0.0
0.08702199789220007 	 0.0
0.08802199789220007 	 0.0
0.08902199789220007 	 0.0
0.09002199789220007 	 0.0
0.09102199789220007 	 0.0
0.09202199789220007 	 0.0
0.09302199789220007 	 0.0
0.09402199789220007 	 0.0
0.09502199789220007 	 0.0
0.09602199789220008 	 0.0
0.09702199789220008 	 0.0
0.09802199789220008 	 0.0
0.09902199789220008 	 0.0
0.10002199789220008 	 0.0
0.10102199789220008 	 0.0
0.10202199789220008 	 0.0
0.10302199789220008 	 0.0
0.10402199789220008 	 0.0
0.10502199789220008 	 0.0
0.10602199789220008 	 0.0
0.10702199789220009 	 0.0
0.10802199789220009 	 0.0
0.10902199789220009 	 0.0
0.11002199789220009 	 0.0
0.11102199789220009 	 0.0
0.11202199789220009 	 0.0
0.11302199789220009 	 0.0
0.11402199789220009 	 0.0
0.11502199789220009 	 0.0
0.1160219978922001 	 0.0
0.1170219978922001 	 0.0
0.1180219978922001 	 0.0
0.1190219978922001 	 0.0
0.1200219978922001 	 0.0
0.1210219978922001 	 0.0
0.1220219978922001 	 0.0
0.1230219978922001 	 0.0
0.1240219978922001 	 0.0
0.1250219978922001 	 0.0
0.1260219978922001 	 0.0
0.1270219978922001 	 0.0
0.1280219978922001 	 0.0
0.1290219978922001 	 0.0
0.1300219978922001 	 0.0
0.1310219978922001 	 0.0
0.1320219978922001 	 0.0
0.1330219978922001 	 0.0
0.1340219978922001 	 0.0
0.1350219978922001 	 0.0
0.1360219978922001 	 0.0
0.1370219978922001 	 0.0
0.1380219978922001 	 0.0
0.1390219978922001 	 0.0
0.1400219978922001 	 0.0
0.1410219978922001 	 0.0
0.1420219978922001 	 0.0
0.1430219978922001 	 0.0
0.1440219978922001 	 0.0
0.1450219978922001 	 0.0
0.1460219978922001 	 0.0
0.1470219978922001 	 0.0
0.1480219978922001 	 0.0
0.1490219978922001 	 0.0
0.1500219978922001 	 0.0
0.1510219978922001 	 0.0
0.1520219978922001 	 0.0
0.1530219978922001 	 0.0
0.1540219978922001 	 0.0
0.15502199789220011 	 0.0
0.15602199789220011 	 0.0
0.15702199789220012 	 0.0
0.15802199789220012 	 0.0
0.15902199789220012 	 0.0
0.16002199789220012 	 0.0
0.16102199789220012 	 0.0
0.16202199789220012 	 0.0
0.16302199789220012 	 0.0
0.16402199789220012 	 0.0
0.16502199789220012 	 0.0
0.16602199789220012 	 0.0
0.16702199789220012 	 0.0
0.16802199789220013 	 0.0
0.16902199789220013 	 0.0
0.17002199789220013 	 0.0
0.17102199789220013 	 0.0
0.17202199789220013 	 0.0
0.17302199789220013 	 0.0
0.17402199789220013 	 0.0
0.17502199789220013 	 0.0
0.17602199789220013 	 0.0
0.17702199789220013 	 0.0
0.17802199789220013 	 0.0
0.17902199789220014 	 0.0
0.18002199789220014 	 0.0
0.18102199789220014 	 0.0
0.18202199789220014 	 0.0
0.18302199789220014 	 0.0
0.18402199789220014 	 0.0
0.18502199789220014 	 0.0
0.18602199789220014 	 0.0
0.18702199789220014 	 0.0
0.18802199789220014 	 0.0
0.18902199789220014 	 0.0
0.19002199789220015 	 0.0
0.19102199789220015 	 0.0
0.19202199789220015 	 0.0
0.19302199789220015 	 0.0
0.19402199789220015 	 0.0
0.19502199789220015 	 0.0
0.19602199789220015 	 0.0
0.19702199789220015 	 0.0
0.19802199789220015 	 0.0
0.19902199789220015 	 0.0
0.20002199789220015 	 0.0
0.20102199789220015 	 0.0
0.20202199789220016 	 0.0
0.20302199789220016 	 0.0
0.20402199789220016 	 0.0
0.20502199789220016 	 0.0
0.20602199789220016 	 0.0
0.20702199789220016 	 0.0
0.20802199789220016 	 0.0
0.20902199789220016 	 0.0
0.21002199789220016 	 0.0
0.21102199789220016 	 0.0
0.21202199789220016 	 0.0
0.21302199789220017 	 0.0
0.21402199789220017 	 0.0
0.21502199789220017 	 0.0
0.21602199789220017 	 0.0
0.21702199789220017 	 0.0
0.21802199789220017 	 0.0
0.21902199789220017 	 0.0
0.22002199789220017 	 0.0
0.22102199789220017 	 0.0
0.22202199789220017 	 0.0
0.22302199789220017 	 0.0
0.22402199789220018 	 0.0
0.22502199789220018 	 0.0
0.22602199789220018 	 0.0
0.22702199789220018 	 0.0
0.22802199789220018 	 0.0
0.22902199789220018 	 0.0
0.23002199789220018 	 0.0
0.23102199789220018 	 0.0
0.23202199789220018 	 0.0
0.23302199789220018 	 0.0
0.23402199789220018 	 0.0
0.23502199789220019 	 0.0
0.23602199789220019 	 0.0
0.2370219978922002 	 0.0
0.2380219978922002 	 0.0
0.2390219978922002 	 0.0
0.2400219978922002 	 0.0
0.2410219978922002 	 0.0
0.2420219978922002 	 0.0
0.2430219978922002 	 0.0
0.2440219978922002 	 0.0
0.2450219978922002 	 0.0
0.2460219978922002 	 0.0
0.2470219978922002 	 0.0
0.2480219978922002 	 0.0
0.2490219978922002 	 0.0
0.2500219978922002 	 0.0
0.2510219978922002 	 0.0
0.2520219978922002 	 0.0
0.2530219978922002 	 0.0
0.2540219978922002 	 0.0
0.2550219978922002 	 0.0
0.2560219978922002 	 0.0
0.2570219978922002 	 0.0
0.2580219978922002 	 0.0
0.2590219978922002 	 0.0
0.2600219978922002 	 0.0
0.2610219978922002 	 0.0
0.2620219978922002 	 0.0
0.2630219978922002 	 0.0
0.2640219978922002 	 0.0
0.2650219978922002 	 0.0
0.2660219978922002 	 0.0
0.2670219978922002 	 0.0
0.2680219978922002 	 0.0
0.2690219978922002 	 0.0
0.2700219978922002 	 0.0
0.2710219978922002 	 0.0
0.2720219978922002 	 0.0
0.2730219978922002 	 0.0
0.2740219978922002 	 0.0
0.2750219978922002 	 0.0
0.2760219978922002 	 0.0
0.2770219978922002 	 0.0
0.2780219978922002 	 0.0
0.2790219978922002 	 0.0
0.2800219978922002 	 0.0
0.2810219978922002 	 0.0
0.2820219978922002 	 0.0
0.2830219978922002 	 0.0
0.28402199789220023 	 0.0
0.28502199789220023 	 0.0
0.28602199789220023 	 0.0
0.28702199789220023 	 0.0
0.28802199789220023 	 0.0
0.28902199789220023 	 0.0
0.29002199789220023 	 0.0
0.29102199789220023 	 0.0
0.29202199789220024 	 0.0
0.29302199789220024 	 0.0
0.29402199789220024 	 0.0
0.29502199789220024 	 0.0
0.29602199789220024 	 0.0
0.29702199789220024 	 0.0
0.29802199789220024 	 0.0
0.29902199789220024 	 0.0
0.30002199789220024 	 0.0
0.30102199789220024 	 0.0
0.30202199789220024 	 0.0
0.30302199789220025 	 0.0
0.30402199789220025 	 0.0
0.30502199789220025 	 0.0
0.30602199789220025 	 0.0
0.30702199789220025 	 0.0
0.30802199789220025 	 0.0
0.30902199789220025 	 0.0
0.31002199789220025 	 0.0
0.31102199789220025 	 0.0
0.31202199789220025 	 0.0
0.31302199789220025 	 0.0
0.31402199789220026 	 0.0
0.31502199789220026 	 0.0
0.31602199789220026 	 0.0
0.31702199789220026 	 0.0
0.31802199789220026 	 0.0
0.31902199789220026 	 0.0
0.32002199789220026 	 0.0
0.32102199789220026 	 0.0
0.32202199789220026 	 0.0
0.32302199789220026 	 0.0
0.32402199789220026 	 0.0
0.32502199789220027 	 0.0
0.32602199789220027 	 0.0
0.32702199789220027 	 0.0
0.32802199789220027 	 0.0
0.32902199789220027 	 0.0
0.33002199789220027 	 0.0
0.33102199789220027 	 0.0
0.33202199789220027 	 0.0
0.33302199789220027 	 0.0
0.3340219978922003 	 0.0
0.3350219978922003 	 0.0
0.3360219978922003 	 0.0
0.3370219978922003 	 0.0
0.3380219978922003 	 0.0
0.3390219978922003 	 0.0
0.3400219978922003 	 0.0
0.3410219978922003 	 0.0
0.3420219978922003 	 0.0
0.3430219978922003 	 0.0
0.3440219978922003 	 0.0
0.3450219978922003 	 0.0
0.3460219978922003 	 0.0
0.3470219978922003 	 0.0
0.3480219978922003 	 0.0
0.3490219978922003 	 0.0
0.3500219978922003 	 0.0
0.3510219978922003 	 0.0
0.3520219978922003 	 0.0
0.3530219978922003 	 0.0
0.3540219978922003 	 0.0
0.3550219978922003 	 0.0
0.3560219978922003 	 0.0
0.3570219978922003 	 0.0
0.3580219978922003 	 0.0
0.3590219978922003 	 0.0
0.3600219978922003 	 0.0
0.3610219978922003 	 0.0
0.3620219978922003 	 0.0
0.3630219978922003 	 0.0
0.3640219978922003 	 0.0
0.3650219978922003 	 0.0
0.3660219978922003 	 0.0
0.3670219978922003 	 0.0
0.3680219978922003 	 0.0
0.3690219978922003 	 0.0
0.3700219978922003 	 0.0
0.3710219978922003 	 0.0
0.3720219978922003 	 0.0
0.3730219978922003 	 0.0
0.3740219978922003 	 0.0
0.3750219978922003 	 0.0
0.3760219978922003 	 0.0
0.3770219978922003 	 0.0
0.3780219978922003 	 0.0
0.3790219978922003 	 0.0
0.3800219978922003 	 0.0
0.3810219978922003 	 0.0
0.3820219978922003 	 0.0
0.3830219978922003 	 0.0
0.3840219978922003 	 0.0
0.3850219978922003 	 0.0
0.3860219978922003 	 0.0
0.3870219978922003 	 0.0
0.3880219978922003 	 0.0
0.3890219978922003 	 0.0
0.3900219978922003 	 0.0
0.3910219978922003 	 0.0
0.3920219978922003 	 0.0
0.3930219978922003 	 0.0
0.3940219978922003 	 0.0
0.3950219978922003 	 0.0
0.39602199789220033 	 0.0
0.39702199789220033 	 0.0
0.39802199789220033 	 0.0
0.39902199789220033 	 0.0
0.40002199789220033 	 0.0
0.40102199789220033 	 0.0
0.40202199789220033 	 0.0
0.40302199789220033 	 0.0
0.40402199789220034 	 0.0
0.40502199789220034 	 0.0
0.40602199789220034 	 0.0
0.40702199789220034 	 0.0
0.40802199789220034 	 0.0
0.40902199789220034 	 0.0
0.41002199789220034 	 0.0
0.41102199789220034 	 0.0
0.41202199789220034 	 0.0
0.41302199789220034 	 0.0
0.41402199789220034 	 0.0
0.41502199789220034 	 0.0
0.41602199789220035 	 0.0
0.41702199789220035 	 0.0
0.41802199789220035 	 0.0
0.41902199789220035 	 0.0
0.42002199789220035 	 0.0
0.42102199789220035 	 0.0
0.42202199789220035 	 0.0
0.42302199789220035 	 0.0
0.42402199789220035 	 0.0
0.42502199789220035 	 0.0
0.42602199789220035 	 0.0
0.42702199789220036 	 0.0
0.42802199789220036 	 0.0
0.42902199789220036 	 0.0
0.43002199789220036 	 0.0
0.43102199789220036 	 0.0
0.43202199789220036 	 0.0
0.43302199789220036 	 0.0
0.43402199789220036 	 0.0
0.43502199789220036 	 0.0
0.43602199789220036 	 0.0
0.43702199789220036 	 0.0
0.43802199789220037 	 0.0
0.43902199789220037 	 0.0
0.44002199789220037 	 0.0
0.44102199789220037 	 0.0
0.44202199789220037 	 0.0
0.44302199789220037 	 0.0
0.44402199789220037 	 0.0
0.44502199789220037 	 0.0
0.4460219978922004 	 0.0
0.4470219978922004 	 0.0
0.4480219978922004 	 0.0
0.4490219978922004 	 0.0
0.4500219978922004 	 0.0
0.4510219978922004 	 0.0
0.4520219978922004 	 0.0
0.4530219978922004 	 0.0
0.4540219978922004 	 0.0
0.4550219978922004 	 0.0
0.4560219978922004 	 0.0
0.4570219978922004 	 0.0
0.4580219978922004 	 0.0
0.4590219978922004 	 0.0
0.4600219978922004 	 0.0
0.4610219978922004 	 0.0
0.4620219978922004 	 0.0
0.4630219978922004 	 0.0
0.4640219978922004 	 0.0
0.4650219978922004 	 0.0
0.4660219978922004 	 0.0
0.4670219978922004 	 0.0
0.4680219978922004 	 0.0
0.4690219978922004 	 0.0
0.4700219978922004 	 0.0
0.4710219978922004 	 0.0
0.4720219978922004 	 0.0
0.4730219978922004 	 0.0
0.4740219978922004 	 0.0
0.4750219978922004 	 0.0
0.4760219978922004 	 0.0
0.4770219978922004 	 0.0
0.4780219978922004 	 0.0
0.4790219978922004 	 0.0
0.4800219978922004 	 0.0
0.4810219978922004 	 0.0
0.4820219978922004 	 0.0
0.4830219978922004 	 0.0
0.4840219978922004 	 0.0
0.4850219978922004 	 0.0
0.4860219978922004 	 0.0
0.4870219978922004 	 0.0
0.4880219978922004 	 0.0
0.4890219978922004 	 0.0
0.4900219978922004 	 0.0
0.4910219978922004 	 0.0
0.4920219978922004 	 0.0
0.4930219978922004 	 0.0
0.4940219978922004 	 0.0
0.4950219978922004 	 0.0
0.4960219978922004 	 0.0
0.4970219978922004 	 0.0
0.4980219978922004 	 0.0
0.4990219978922004 	 0.0
0.5000219978922004 	 0.0
0.5010219978922004 	 0.0
0.5020219978922004 	 0.0
0.5030219978922004 	 0.0
0.5040219978922004 	 0.0
0.5050219978922004 	 0.0
0.5060219978922004 	 0.0
0.5070219978922004 	 0.0
0.5080219978922004 	 0.0
0.5090219978922004 	 0.0
0.5100219978922004 	 0.0
0.5110219978922004 	 0.0
0.5120219978922004 	 0.0
0.5130219978922004 	 0.0
0.5140219978922004 	 0.0
0.5150219978922004 	 0.0
0.5160219978922004 	 0.0
0.5170219978922004 	 0.0
0.5180219978922004 	 0.0
0.5190219978922004 	 0.0
0.5200219978922004 	 0.0
0.5210219978922004 	 0.0
0.5220219978922004 	 0.0
0.5230219978922004 	 0.0
0.5240219978922004 	 0.0
0.5250219978922004 	 0.0
0.5260219978922004 	 0.0
0.5270219978922004 	 0.0
0.5280219978922004 	 0.0
0.5290219978922004 	 0.0
0.5300219978922004 	 0.0
0.5310219978922004 	 0.0
0.5320219978922004 	 0.0
0.5330219978922004 	 0.0
0.5340219978922004 	 0.0
0.5350219978922004 	 0.0
0.5360219978922004 	 0.0
0.5370219978922004 	 0.0
0.5380219978922004 	 0.0
0.5390219978922004 	 0.0
0.5400219978922004 	 0.0
0.5410219978922004 	 0.0
0.5420219978922004 	 0.0
0.5430219978922004 	 0.0
0.5440219978922004 	 0.0
0.5450219978922004 	 0.0
0.5460219978922004 	 0.0
0.5470219978922004 	 0.0
0.5480219978922004 	 0.0
0.5490219978922004 	 0.0
0.5500219978922004 	 0.0
0.5510219978922004 	 0.0
0.5520219978922004 	 0.0
0.5530219978922004 	 0.0
0.5540219978922004 	 0.0
0.5550219978922004 	 0.0
0.5560219978922004 	 0.0
0.5570219978922004 	 0.0
0.5580219978922004 	 0.0
0.5590219978922004 	 0.0
0.5600219978922004 	 0.0
0.5610219978922004 	 0.0
0.5620219978922004 	 0.0
0.5630219978922004 	 0.0
0.5640219978922004 	 0.0
0.5650219978922004 	 0.0
0.5660219978922004 	 0.0
0.5670219978922004 	 0.0
0.5680219978922004 	 0.0
0.5690219978922004 	 0.0
0.5700219978922004 	 0.0
0.5710219978922004 	 0.0
0.5720219978922004 	 0.0
0.5730219978922004 	 0.0
0.5740219978922004 	 0.0
0.5750219978922004 	 0.0
0.5760219978922004 	 0.0
0.5770219978922004 	 0.0
0.5780219978922004 	 0.0
0.5790219978922004 	 0.0
0.5800219978922004 	 0.0
0.5810219978922004 	 0.0
0.5820219978922004 	 0.0
0.5830219978922004 	 0.0
0.5840219978922004 	 0.0
0.5850219978922004 	 0.0
0.5860219978922004 	 0.0
0.5870219978922004 	 0.0
0.5880219978922004 	 0.0
0.5890219978922004 	 0.0
0.5900219978922004 	 0.0
0.5910219978922004 	 0.0
0.5920219978922004 	 0.0
0.5930219978922004 	 0.0
0.5940219978922004 	 0.0
0.5950219978922004 	 0.0
0.5960219978922005 	 0.0
0.5970219978922005 	 0.0
0.5980219978922005 	 0.0
0.5990219978922005 	 0.0
0.6000219978922005 	 0.0
0.6010219978922005 	 0.0
0.6020219978922005 	 0.0
0.6030219978922005 	 0.0
0.6040219978922005 	 0.0
0.6050219978922005 	 0.0
0.6060219978922005 	 0.0
0.6070219978922005 	 0.0
0.6080219978922005 	 0.0
0.6090219978922005 	 0.0
0.6100219978922005 	 0.0
0.6110219978922005 	 0.0
0.6120219978922005 	 0.0
0.6130219978922005 	 0.0
0.6140219978922005 	 0.0
0.6150219978922005 	 0.0
0.6160219978922005 	 0.0
0.6170219978922005 	 0.0
0.6180219978922005 	 0.0
0.6190219978922005 	 0.0
0.6200219978922005 	 0.0
0.6210219978922005 	 0.0
0.6220219978922005 	 0.0
0.6230219978922005 	 0.0
0.6240219978922005 	 0.0
0.6250219978922005 	 0.0
0.6260219978922005 	 0.0
0.6270219978922005 	 0.0
0.6280219978922005 	 0.0
0.6290219978922005 	 0.0
0.6300219978922005 	 0.0
0.6310219978922005 	 0.0
0.6320219978922005 	 0.0
0.6330219978922005 	 0.0
0.6340219978922005 	 0.0
0.6350219978922005 	 0.0
0.6360219978922005 	 0.0
0.6370219978922005 	 0.0
0.6380219978922005 	 0.0
0.6390219978922005 	 0.0
0.6400219978922005 	 0.0
0.6410219978922005 	 0.0
0.6420219978922005 	 0.0
0.6430219978922005 	 0.0
0.6440219978922005 	 0.0
0.6450219978922005 	 0.0
0.6460219978922005 	 0.0
0.6470219978922005 	 0.0
0.6480219978922005 	 0.0
0.6490219978922005 	 0.0
0.6500219978922005 	 0.0
0.6510219978922005 	 0.0
0.6520219978922005 	 0.0
0.6530219978922005 	 0.0
0.6540219978922005 	 0.0
0.6550219978922005 	 0.0
0.6560219978922005 	 0.0
0.6570219978922005 	 0.0
0.6580219978922005 	 0.0
0.6590219978922005 	 0.0
0.6600219978922005 	 0.0
0.6610219978922005 	 0.0
0.6620219978922005 	 0.0
0.6630219978922005 	 0.0
0.6640219978922005 	 0.0
0.6650219978922005 	 0.0
0.6660219978922005 	 0.0
0.6670219978922005 	 0.0
0.6680219978922005 	 0.0
0.6690219978922005 	 0.0
0.6700219978922005 	 0.0
0.6710219978922005 	 0.0
0.6720219978922005 	 0.0
0.6730219978922005 	 0.0
0.6740219978922005 	 0.0
0.6750219978922005 	 0.0
0.6760219978922005 	 0.0
0.6770219978922005 	 0.0
0.6780219978922005 	 0.0
0.6790219978922005 	 0.0
0.6800219978922005 	 0.0
0.6810219978922005 	 0.0
0.6820219978922005 	 0.0
0.6830219978922005 	 0.0
0.6840219978922005 	 0.0
0.6850219978922005 	 0.0
0.6860219978922005 	 0.0
0.6870219978922005 	 0.0
0.6880219978922005 	 0.0
0.6890219978922005 	 0.0
0.6900219978922005 	 0.0
0.6910219978922005 	 0.0
0.6920219978922005 	 0.0
0.6930219978922005 	 0.0
0.6940219978922005 	 0.0
0.6950219978922005 	 0.0
0.6960219978922005 	 0.0
0.6970219978922005 	 0.0
0.6980219978922005 	 0.0
0.6990219978922005 	 0.0
0.7000219978922005 	 0.0
0.7010219978922005 	 0.0
0.7020219978922005 	 0.0
0.7030219978922005 	 0.0
0.7040219978922005 	 0.0
0.7050219978922005 	 0.0
0.7060219978922005 	 0.0
0.7070219978922005 	 0.0
0.7080219978922005 	 0.0
0.7090219978922006 	 0.0
0.7100219978922006 	 0.0
0.7110219978922006 	 0.0
0.7120219978922006 	 0.0
0.7130219978922006 	 0.0
0.7140219978922006 	 0.0
0.7150219978922006 	 0.0
0.7160219978922006 	 0.0
0.7170219978922006 	 0.0
0.7180219978922006 	 0.0
0.7190219978922006 	 0.0
0.7200219978922006 	 0.0
0.7210219978922006 	 0.0
0.7220219978922006 	 0.0
0.7230219978922006 	 0.0
0.7240219978922006 	 0.0
0.7250219978922006 	 0.0
0.7260219978922006 	 0.0
0.7270219978922006 	 0.0
0.7280219978922006 	 0.0
0.7290219978922006 	 0.0
0.7300219978922006 	 0.0
0.7310219978922006 	 0.0
0.7320219978922006 	 0.0
0.7330219978922006 	 0.0
0.7340219978922006 	 0.0
0.7350219978922006 	 0.0
0.7360219978922006 	 0.0
0.7370219978922006 	 0.0
0.7380219978922006 	 0.0
0.7390219978922006 	 0.0
0.7400219978922006 	 0.0
0.7410219978922006 	 0.0
0.7420219978922006 	 0.0
0.7430219978922006 	 0.0
0.7440219978922006 	 0.0
0.7450219978922006 	 0.0
0.7460219978922006 	 0.0
0.7470219978922006 	 0.0
0.7480219978922006 	 0.0
0.7490219978922006 	 0.0
0.7500219978922006 	 0.0
0.7510219978922006 	 0.0
0.7520219978922006 	 0.0
0.7530219978922006 	 0.0
0.7540219978922006 	 0.0
0.7550219978922006 	 0.0
0.7560219978922006 	 0.0
0.7570219978922006 	 0.0
0.7580219978922006 	 0.0
0.7590219978922006 	 0.0
0.7600219978922006 	 0.0
0.7610219978922006 	 0.0
0.7620219978922006 	 0.0
0.7630219978922006 	 0.0
0.7640219978922006 	 0.0
0.7650219978922006 	 0.0
0.7660219978922006 	 0.0
0.7670219978922006 	 0.0
0.7680219978922006 	 0.0
0.7690219978922006 	 0.0
0.7700219978922006 	 0.0
0.7710219978922006 	 0.0
0.7720219978922006 	 0.0
0.7730219978922006 	 0.0
0.7740219978922006 	 0.0
0.7750219978922006 	 0.0
0.7760219978922006 	 0.0
0.7770219978922006 	 0.0
0.7780219978922006 	 0.0
0.7790219978922006 	 0.0
0.7800219978922006 	 0.0
0.7810219978922006 	 0.0
0.7820219978922006 	 0.0
0.7830219978922006 	 0.0
0.7840219978922006 	 0.0
0.7850219978922006 	 0.0
0.7860219978922006 	 0.0
0.7870219978922006 	 0.0
0.7880219978922006 	 0.0
0.7890219978922006 	 0.0
0.7900219978922006 	 0.0
0.7910219978922006 	 0.0
0.7920219978922006 	 0.0
0.7930219978922006 	 0.0
0.7940219978922006 	 0.0
0.7950219978922006 	 0.0
0.7960219978922006 	 0.0
0.7970219978922006 	 0.0
0.7980219978922006 	 0.0
0.7990219978922006 	 0.0
0.8000219978922006 	 0.0
0.8010219978922006 	 0.0
0.8020219978922006 	 0.0
0.8030219978922006 	 0.0
0.8040219978922006 	 0.0
0.8050219978922006 	 0.0
0.8060219978922006 	 0.0
0.8070219978922006 	 0.0
0.8080219978922006 	 0.0
0.8090219978922006 	 0.0
0.8100219978922006 	 0.0
0.8110219978922006 	 0.0
0.8120219978922006 	 0.0
0.8130219978922006 	 0.0
0.8140219978922006 	 0.0
0.8150219978922006 	 0.0
0.8160219978922006 	 0.0
0.8170219978922006 	 0.0
0.8180219978922006 	 0.0
0.8190219978922006 	 0.0
0.8200219978922006 	 0.0
0.8210219978922007 	 0.0
0.8220219978922007 	 0.0
0.8230219978922007 	 0.0
0.8240219978922007 	 0.0
0.8250219978922007 	 0.0
0.8260219978922007 	 0.0
0.8270219978922007 	 0.0
0.8280219978922007 	 0.0
0.8290219978922007 	 0.0
0.8300219978922007 	 0.0
0.8310219978922007 	 0.0
0.8320219978922007 	 0.0
0.8330219978922007 	 0.0
0.8340219978922007 	 0.0
0.8350219978922007 	 0.0
0.8360219978922007 	 0.0
0.8370219978922007 	 0.0
0.8380219978922007 	 0.0
0.8390219978922007 	 0.0
0.8400219978922007 	 0.0
0.8410219978922007 	 0.0
0.8420219978922007 	 0.0
0.8430219978922007 	 0.0
0.8440219978922007 	 0.0
0.8450219978922007 	 0.0
0.8460219978922007 	 0.0
0.8470219978922007 	 0.0
0.8480219978922007 	 0.0
0.8490219978922007 	 0.0
0.8500219978922007 	 0.0
0.8510219978922007 	 0.0
0.8520219978922007 	 0.0
0.8530219978922007 	 0.0
0.8540219978922007 	 0.0
0.8550219978922007 	 0.0
0.8560219978922007 	 0.0
0.8570219978922007 	 0.0
0.8580219978922007 	 0.0
0.8590219978922007 	 0.0
0.8600219978922007 	 0.0
0.8610219978922007 	 0.0
0.8620219978922007 	 0.0
0.8630219978922007 	 0.0
0.8640219978922007 	 0.0
0.8650219978922007 	 0.0
0.8660219978922007 	 0.0
0.8670219978922007 	 0.0
0.8680219978922007 	 0.0
0.8690219978922007 	 0.0
0.8700219978922007 	 0.0
0.8710219978922007 	 0.0
0.8720219978922007 	 0.0
0.8730219978922007 	 0.0
0.8740219978922007 	 0.0
0.8750219978922007 	 0.0
0.8760219978922007 	 0.0
0.8770219978922007 	 0.0
0.8780219978922007 	 0.0
0.8790219978922007 	 0.0
0.8800219978922007 	 0.0
0.8810219978922007 	 0.0
0.8820219978922007 	 0.0
0.8830219978922007 	 0.0
0.8840219978922007 	 0.0
0.8850219978922007 	 0.0
0.8860219978922007 	 0.0
0.8870219978922007 	 0.0
0.8880219978922007 	 0.0
0.8890219978922007 	 0.0
0.8900219978922007 	 0.0
0.8910219978922007 	 0.0
0.8920219978922007 	 0.0
0.8930219978922007 	 0.0
0.8940219978922007 	 0.0
0.8950219978922007 	 0.0
0.8960219978922007 	 0.0
0.8970219978922007 	 0.0
0.8980219978922007 	 0.0
0.8990219978922007 	 0.0
0.9000219978922007 	 0.0
0.9010219978922007 	 0.0
0.9020219978922007 	 0.0
0.9030219978922007 	 0.0
0.9040219978922007 	 0.0
0.9050219978922007 	 0.0
0.9060219978922007 	 0.0
0.9070219978922007 	 0.0
0.9080219978922007 	 0.0
0.9090219978922007 	 0.0
0.9100219978922007 	 0.0
0.9110219978922007 	 0.0
0.9120219978922007 	 0.0
0.9130219978922007 	 0.0
0.9140219978922007 	 0.0
0.9150219978922007 	 0.0
0.9160219978922007 	 0.0
0.9170219978922007 	 0.0
0.9180219978922007 	 0.0
0.9190219978922007 	 0.0
0.9200219978922007 	 0.0
0.9210219978922007 	 0.0
0.9220219978922007 	 0.0
0.9230219978922007 	 0.0
0.9240219978922007 	 0.0
0.9250219978922007 	 0.0
0.9260219978922007 	 0.0
0.9270219978922007 	 0.0
0.9280219978922007 	 0.0
0.9290219978922007 	 0.0
0.9300219978922007 	 0.0
0.9310219978922007 	 0.0
0.9320219978922007 	 0.0
0.9330219978922007 	 0.0
0.9340219978922008 	 0.0
0.9350219978922008 	 0.0
0.9360219978922008 	 0.0
0.9370219978922008 	 0.0
0.9380219978922008 	 0.0
0.9390219978922008 	 0.0
0.9400219978922008 	 0.0
0.9410219978922008 	 0.0
0.9420219978922008 	 0.0
0.9430219978922008 	 0.0
0.9440219978922008 	 0.0
0.9450219978922008 	 0.0
0.9460219978922008 	 0.0
0.9470219978922008 	 0.0
0.9480219978922008 	 0.0
0.9490219978922008 	 0.0
0.9500219978922008 	 0.0
0.9510219978922008 	 0.0
0.9520219978922008 	 0.0
0.9530219978922008 	 0.0
0.9540219978922008 	 0.0
0.9550219978922008 	 0.0
0.9560219978922008 	 0.0
0.9570219978922008 	 0.0
0.9580219978922008 	 0.0
0.9590219978922008 	 0.0
0.9600219978922008 	 0.0
0.9610219978922008 	 0.0
0.9620219978922008 	 0.0
0.9630219978922008 	 0.0
0.9640219978922008 	 0.0
0.9650219978922008 	 0.0
0.9660219978922008 	 0.0
0.9670219978922008 	 0.0
0.9680219978922008 	 0.0
0.9690219978922008 	 0.0
0.9700219978922008 	 0.0
0.9710219978922008 	 0.0
0.9720219978922008 	 0.0
0.9730219978922008 	 0.0
0.9740219978922008 	 0.0
0.9750219978922008 	 0.0
0.9760219978922008 	 0.0
0.9770219978922008 	 0.0
0.9780219978922008 	 0.0
0.9790219978922008 	 0.0
0.9800219978922008 	 0.0
0.9810219978922008 	 0.0
0.9820219978922008 	 0.0
0.9830219978922008 	 0.0
0.9840219978922008 	 0.0
0.9850219978922008 	 0.0
0.9860219978922008 	 0.0
0.9870219978922008 	 0.0
0.9880219978922008 	 0.0
0.9890219978922008 	 0.0
0.9900219978922008 	 0.0
0.9910219978922008 	 0.0
0.9920219978922008 	 0.0
0.9930219978922008 	 0.0
0.9940219978922008 	 0.0
0.9950219978922008 	 0.0
0.9960219978922008 	 0.0
0.9970219978922008 	 0.0
0.9980219978922008 	 0.0
0.9990219978922008 	 0.0
1.0000219978922007 	 0.0
1.0010219978922006 	 0.0
1.0020219978922005 	 0.0
1.0030219978922004 	 0.0
1.0040219978922003 	 0.0
1.0050219978922001 	 0.0
1.0060219978922 	 0.0
1.0070219978922 	 0.0
1.0080219978921998 	 0.0
1.0090219978921997 	 0.0
1.0100219978921996 	 0.0
1.0110219978921995 	 0.0
1.0120219978921994 	 0.0
1.0130219978921993 	 0.0
1.0140219978921992 	 0.0
1.015021997892199 	 0.0
1.016021997892199 	 0.0
1.0170219978921988 	 0.0
1.0180219978921987 	 0.0
1.0190219978921986 	 0.0
1.0200219978921985 	 0.0
1.0210219978921984 	 0.0
1.0220219978921983 	 0.0
1.0230219978921982 	 0.0
1.024021997892198 	 0.0
1.025021997892198 	 0.0
1.0260219978921978 	 0.0
1.0270219978921977 	 0.0
1.0280219978921976 	 0.0
1.0290219978921975 	 0.0
1.0300219978921974 	 0.0
1.0310219978921973 	 0.0
1.0320219978921972 	 0.0
1.033021997892197 	 0.0
1.034021997892197 	 0.0
1.0350219978921968 	 0.0
1.0360219978921967 	 0.0
1.0370219978921966 	 0.0
1.0380219978921965 	 0.0
1.0390219978921964 	 0.0
1.0400219978921963 	 0.0
1.0410219978921962 	 0.0
1.042021997892196 	 0.0
1.043021997892196 	 0.0
1.0440219978921959 	 0.0
1.0450219978921957 	 0.0
1.0460219978921956 	 0.0
1.0470219978921955 	 0.0
1.0480219978921954 	 0.0
1.0490219978921953 	 0.0
1.0500219978921952 	 0.0
1.051021997892195 	 0.0
1.052021997892195 	 0.0
1.0530219978921949 	 0.0
1.0540219978921948 	 0.0
1.0550219978921946 	 0.0
1.0560219978921945 	 0.0
1.0570219978921944 	 0.0
1.0580219978921943 	 0.0
1.0590219978921942 	 0.0
1.060021997892194 	 0.0
1.061021997892194 	 0.0
1.0620219978921939 	 1.0592537223560123e-09
1.0630219978921938 	 2.991180940451061e-08
1.0640219978921936 	 9.856974147956265e-08
1.0650219978921935 	 2.0749357942822518e-07
1.0660219978921934 	 3.5710575473308023e-07
1.0670219978921933 	 5.478162494691219e-07
1.0680219978921932 	 7.799858253018387e-07
1.069021997892193 	 1.053987817606196e-06
1.070021997892193 	 1.3701401703804853e-06
1.0710219978921929 	 1.7287784203794245e-06
1.0720219978921928 	 2.13019728373997e-06
1.0730219978921927 	 2.5746872451897992e-06
1.0740219978921925 	 3.0625273044965805e-06
1.0750219978921924 	 3.5939864500406216e-06
1.0760219978921923 	 4.169325012208131e-06
1.0770219978921922 	 4.7887959110513606e-06
1.078021997892192 	 5.452645810540995e-06
1.079021997892192 	 6.161116190717105e-06
1.0800219978921919 	 6.914444347027237e-06
1.0810219978921918 	 7.71286050585574e-06
1.0820219978921917 	 8.55657499777299e-06
1.0830219978921916 	 9.445784074532872e-06
1.0840219978921914 	 1.0380672136507481e-05
1.0850219978921913 	 1.1361420814223742e-05
1.0860219978921912 	 1.2388169970781921e-05
1.0870219978921911 	 1.346108981005476e-05
1.088021997892191 	 1.4580390147227546e-05
1.089021997892191 	 1.574629438337207e-05
1.0900219978921908 	 1.695898506689889e-05
1.0910219978921907 	 1.8218671807379496e-05
1.0920219978921906 	 1.9525532482208446e-05
1.0930219978921905 	 2.0879745585866556e-05
1.0940219978921903 	 2.2281456130380895e-05
1.0950219978921902 	 2.3730834301982014e-05
1.0960219978921901 	 2.5228045759736572e-05
1.09702199789219 	 2.6773222316414453e-05
1.09802199789219 	 2.836652107286443e-05
1.0990219978921898 	 3.0008094244815637e-05
1.1000219978921897 	 3.1698058050672586e-05
1.1010219978921896 	 3.3436568932630536e-05
1.1020219978921895 	 3.522376831922358e-05
1.1030219978921894 	 3.7059839670073765e-05
1.1040219978921892 	 3.894497232272739e-05
1.1050219978921891 	 4.087933066431053e-05
1.106021997892189 	 4.2863124625880416e-05
1.107021997892189 	 4.489650526046372e-05
1.1080219978921888 	 4.697956236761448e-05
1.1090219978921887 	 4.9112347813399135e-05
1.1100219978921886 	 5.12948643927494e-05
1.1110219978921885 	 5.352717272657635e-05
1.1120219978921884 	 5.580942516607206e-05
1.1130219978921883 	 5.814185781497352e-05
1.1140219978921881 	 6.052464552764555e-05
1.115021997892188 	 6.295797982695536e-05
1.116021997892188 	 6.544201474828694e-05
1.1170219978921878 	 6.79769407309712e-05
1.1180219978921877 	 7.056295315698827e-05
1.1190219978921876 	 7.32002231723789e-05
1.1200219978921875 	 7.588896835837671e-05
1.1210219978921874 	 7.862933971053777e-05
1.1220219978921873 	 8.142140523642535e-05
1.1230219978921872 	 8.426514808105009e-05
1.124021997892187 	 8.716057337611713e-05
1.125021997892187 	 9.010762604403932e-05
1.1260219978921868 	 9.310627162440016e-05
1.1270219978921867 	 9.61564140432339e-05
1.1280219978921866 	 9.925809247039055e-05
1.1290219978921865 	 0.00010241174393887135
1.1300219978921864 	 0.00010561799834815809
1.1310219978921863 	 0.00010887739300680579
1.1320219978921862 	 0.00011219012964097944
1.133021997892186 	 0.0001155562691932484
1.134021997892186 	 0.00011897590386096718
1.1350219978921858 	 0.00012244744827092025
1.1360219978921857 	 0.00012597425751616627
1.1370219978921856 	 0.00012955470711265918
1.1380219978921855 	 0.00013318881894560717
1.1390219978921854 	 0.00013687669079488185
1.1400219978921853 	 0.00014061842674312973
1.1410219978921852 	 0.00014441415468258626
1.142021997892185 	 0.00014826388395644806
1.143021997892185 	 0.00015216763841192487
1.1440219978921848 	 0.00015612542566620236
1.1450219978921847 	 0.00016013742595629799
1.1460219978921846 	 0.00016420381648637745
1.1470219978921845 	 0.00016832482345734083
1.1480219978921844 	 0.0001725006506175013
1.1490219978921843 	 0.00017673150964454395
1.1500219978921842 	 0.00018101765230565695
1.151021997892184 	 0.00018535927626711908
1.152021997892184 	 0.00018975654704232736
1.1530219978921838 	 0.00019420957020832634
1.1540219978921837 	 0.00019871849163916305
1.1550219978921836 	 0.00020328342172328887
1.1560219978921835 	 0.00020790446727754673
1.1570219978921834 	 0.00021258177434584395
1.1580219978921833 	 0.00021731544332165374
1.1590219978921832 	 0.00022210561454176833
1.160021997892183 	 0.00022695238534317788
1.161021997892183 	 0.00023185587006426407
1.1620219978921829 	 0.00023681606142447826
1.1630219978921827 	 0.00024183292667793543
1.1640219978921826 	 0.0002469065643473265
1.1650219978921825 	 0.00025203715250473853
1.1660219978921824 	 0.00025722498908931416
1.1670219978921823 	 0.00026247036865064625
1.1680219978921822 	 0.00026777359821968544
1.169021997892182 	 0.0002731350295145672
1.170021997892182 	 0.00027855498564328084
1.1710219978921819 	 0.0002840337842933996
1.1720219978921818 	 0.0002895714800556589
1.1730219978921816 	 0.00029516810817591045
1.1740219978921815 	 0.00030082366323971665
1.1750219978921814 	 0.00030653812943395
1.1760219978921813 	 0.00031231151204190384
1.1770219978921812 	 0.000318143764335348
1.178021997892181 	 0.000324034849658191
1.179021997892181 	 0.0003299847286713582
1.1800219978921809 	 0.00033599333457956526
1.1810219978921808 	 0.0003420607545097291
1.1820219978921807 	 0.0003481875345538753
1.1830219978921805 	 0.0003543743923215684
1.1840219978921804 	 0.0003606221444775894
1.1850219978921803 	 0.00036693157721768297
1.1860219978921802 	 0.00037330355685356186
1.18702199789218 	 0.0003797385729886102
1.18802199789218 	 0.00038623570324929036
1.1890219978921799 	 0.0003927943416886764
1.1900219978921798 	 0.0003994144627339841
1.1910219978921797 	 0.0004060961107144625
1.1920219978921796 	 0.0004128393343757735
1.1930219978921794 	 0.0004196441877368753
1.1940219978921793 	 0.0004265107517229465
1.1950219978921792 	 0.00043343907141524257
1.1960219978921791 	 0.0004404291869627553
1.197021997892179 	 0.0004474811653483614
1.198021997892179 	 0.00045459502688758295
1.1990219978921788 	 0.00046177082870710393
1.2000219978921787 	 0.000469008591987389
1.2010219978921786 	 0.00047630849444835357
1.2020219978921785 	 0.0004836713623185389
1.2030219978921783 	 0.0004910981719942612
1.2040219978921782 	 0.0004985899431357289
1.2050219978921781 	 0.0005061475896105171
1.206021997892178 	 0.0005137713315237487
1.207021997892178 	 0.0005214612687921495
1.2080219978921778 	 0.0005292174632004989
1.2090219978921777 	 0.0005370399691226064
1.2100219978921776 	 0.0005449288649770639
1.2110219978921775 	 0.0005528842588359827
1.2120219978921773 	 0.0005609065131593901
1.2130219978921772 	 0.0005689960747099262
1.2140219978921771 	 0.0005771530053603942
1.215021997892177 	 0.0005853770121331347
1.216021997892177 	 0.0005936677966716646
1.2170219978921768 	 0.0006020249946912397
1.2180219978921767 	 0.0006104482592560718
1.2190219978921766 	 0.0006189371878455705
1.2200219978921765 	 0.0006274913530335687
1.2210219978921764 	 0.0006361107100345648
1.2220219978921762 	 0.0006447965996672111
1.2230219978921761 	 0.0006535507556940089
1.224021997892176 	 0.0006623750139844236
1.225021997892176 	 0.0006712712503286118
1.2260219978921758 	 0.0006802409009315902
1.2270219978921757 	 0.0006892835483702217
1.2280219978921756 	 0.0006983982537646723
1.2290219978921755 	 0.0007075840258123651
1.2300219978921754 	 0.0007168398519966105
1.2310219978921753 	 0.0007261649308292325
1.2320219978921751 	 0.0007355596203168965
1.233021997892175 	 0.0007450245294930615
1.234021997892175 	 0.0007545602963327436
1.2350219978921748 	 0.0007641675773202683
1.2360219978921747 	 0.0007738470475899112
1.2370219978921746 	 0.0007835994010497065
1.2380219978921745 	 0.0007934253128934342
1.2390219978921744 	 0.0008033246852437243
1.2400219978921743 	 0.0008132966525874108
1.2410219978921742 	 0.0008233404643379816
1.242021997892174 	 0.0008334560440955255
1.243021997892174 	 0.0008436434749856893
1.2440219978921738 	 0.0008539028368266764
1.2450219978921737 	 0.0008642342057421204
1.2460219978921736 	 0.000874637654129452
1.2470219978921735 	 0.0008851135857354171
1.2480219978921734 	 0.0008956636798368874
1.2490219978921733 	 0.0009062899709867554
1.2500219978921732 	 0.0009169945611972884
1.251021997892173 	 0.0009277792359022029
1.252021997892173 	 0.0009386443821011226
1.2530219978921728 	 0.0009495900477303518
1.2540219978921727 	 0.0009606162709936537
1.2550219978921726 	 0.0009717230797258881
1.2560219978921725 	 0.000982910491283001
1.2570219978921724 	 0.000994178512360583
1.2580219978921723 	 0.001005527138929412
1.2590219978921722 	 0.0010169563562168447
1.260021997892172 	 0.001028466138493397
1.261021997892172 	 0.0010400554033527666
1.2620219978921718 	 0.001051719072124518
1.2630219978921717 	 0.0010634512065867197
1.2640219978921716 	 0.0010752509714537055
1.2650219978921715 	 0.0010871225588455862
1.2660219978921714 	 0.0010990705018077583
1.2670219978921713 	 0.0011110988342953921
1.2680219978921712 	 0.0011232092732982773
1.269021997892171 	 0.001135403007044133
1.270021997892171 	 0.0011476812533895364
1.2710219978921709 	 0.0011600450379418675
1.2720219978921707 	 0.0011724945716956262
1.2730219978921706 	 0.0011850298670261906
1.2740219978921705 	 0.0011976509267414873
1.2750219978921704 	 0.0012103577432649735
1.2760219978921703 	 0.0012231502984675674
1.2770219978921702 	 0.0012360285635503255
1.27802199789217 	 0.0012489924989371535
1.27902199789217 	 0.0012620420543495298
1.2800219978921699 	 0.0012751771687034077
1.2810219978921698 	 0.0012883976665901398
1.2820219978921696 	 0.0013017029504025313
1.2830219978921695 	 0.0013150923636251646
1.2840219978921694 	 0.0013285651661428897
1.2850219978921693 	 0.0013421206074453827
1.2860219978921692 	 0.0013557579078337205
1.287021997892169 	 0.001369478250550233
1.288021997892169 	 0.0013832899573559996
1.2890219978921689 	 0.0013971948409790588
1.2900219978921688 	 0.0014111866522708589
1.2910219978921686 	 0.0014252601577183525
1.2920219978921685 	 0.0014394157426501405
1.2930219978921684 	 0.0014536551639460075
1.2940219978921683 	 0.0014679802249311414
1.2950219978921682 	 0.001482392774919067
1.296021997892168 	 0.0014968947091759063
1.297021997892168 	 0.001511487968749262
1.2980219978921679 	 0.0015261745409988444
1.2990219978921678 	 0.0015409564590172695
1.3000219978921677 	 0.0015558357959243865
1.3010219978921675 	 0.0015708136444861924
1.3020219978921674 	 0.00158588722261473
1.3030219978921673 	 0.0016010527450779088
1.3040219978921672 	 0.001616306314631851
1.305021997892167 	 0.0016316439213059299
1.306021997892167 	 0.0016470628050441485
1.3070219978921669 	 0.0016625652659791727
1.3080219978921668 	 0.001678154873353826
1.3090219978921667 	 0.001693835287435215
1.3100219978921666 	 0.001709610259225901
1.3110219978921664 	 0.0017254823334978322
1.3120219978921663 	 0.0017414492228350832
1.3130219978921662 	 0.0017575075745436986
1.3140219978921661 	 0.0017736571752909776
1.315021997892166 	 0.0017899008722046844
1.316021997892166 	 0.0018062416993940207
1.3170219978921658 	 0.0018226827592984025
1.3180219978921657 	 0.0018392272241627722
1.3190219978921656 	 0.001855878336172058
1.3200219978921655 	 0.0018726394081930954
1.3210219978921653 	 0.0018895120541685534
1.3220219978921652 	 0.0019064912454444288
1.3230219978921651 	 0.001923570241863647
1.324021997892165 	 0.0019407421270379586
1.325021997892165 	 0.001957999809437583
1.3260219978921648 	 0.0019753360221989257
1.3270219978921647 	 0.0019927433231564265
1.3280219978921646 	 0.0020102197302366885
1.3290219978921645 	 0.0020277844391748197
1.3300219978921644 	 0.002045462092187706
1.3310219978921642 	 0.0020632720195781274
1.3320219978921641 	 0.0020812125283516405
1.333021997892164 	 0.002099277811660904
1.334021997892164 	 0.0021174616616580254
1.3350219978921638 	 0.0021357576290457754
1.3360219978921637 	 0.0021541591762676278
1.3370219978921636 	 0.002172659500801338
1.3380219978921635 	 0.002191252001668777
1.3390219978921634 	 0.0022099369861104043
1.3400219978921633 	 0.002228721473050098
1.3410219978921631 	 0.0022476117044694815
1.342021997892163 	 0.0022666095541165167
1.343021997892163 	 0.002285715853113455
1.3440219978921628 	 0.0023049314393350233
1.3450219978921627 	 0.0023242571621865196
1.3460219978921626 	 0.0023436938811634833
1.3470219978921625 	 0.002363242710371305
1.3480219978921624 	 0.0023829057181386218
1.3490219978921623 	 0.0024026852316769913
1.3500219978921622 	 0.002422583621550004
1.351021997892162 	 0.0024426033911591353
1.352021997892162 	 0.0024627474181692158
1.3530219978921618 	 0.0024830186875699975
1.3540219978921617 	 0.002503420233136213
1.3550219978921616 	 0.002523955144946563
1.3560219978921615 	 0.002544626566749859
1.3570219978921614 	 0.0025654376878780608
1.3580219978921613 	 0.002586391753247566
1.3590219978921612 	 0.002607492067289813
1.360021997892161 	 0.0026287419949036278
1.361021997892161 	 0.0026501315274356277
1.3620219978921608 	 0.002671599855988866
1.3630219978921607 	 0.0026931364307449953
1.3640219978921606 	 0.0027148339754745
1.3650219978921605 	 0.002736693634343412
1.3660219978921604 	 0.0027587104004249316
1.3670219978921603 	 0.0027808791343383508
1.3680219978921602 	 0.002803194578790697
1.36902199789216 	 0.0028256513627491573
1.37002199789216 	 0.002848244000931522
1.3710219978921598 	 0.002870968587650381
1.3720219978921597 	 0.0028938275057463878
1.3730219978921596 	 0.0029168246595679694
1.3740219978921595 	 0.002939964026305091
1.3750219978921594 	 0.0029632496629932734
1.3760219978921593 	 0.0029866857013231443
1.3770219978921592 	 0.0030102763319477233
1.378021997892159 	 0.0030340258213825684
1.379021997892159 	 0.003057938517456173
1.3800219978921588 	 0.003082018849635339
1.3810219978921587 	 0.003106270639860773
1.3820219978921586 	 0.003130695178858733
1.3830219978921585 	 0.003155293142925543
1.3840219978921584 	 0.003180065158495813
1.3850219978921583 	 0.0032050119857884784
1.3860219978921582 	 0.003230134249193912
1.387021997892158 	 0.003255432628751148
1.388021997892158 	 0.003280907513719092
1.3890219978921579 	 0.0033065533450245097
1.3900219978921577 	 0.0033323587931686155
1.3910219978921576 	 0.003358315903602269
1.3920219978921575 	 0.003384431053561337
1.3930219978921574 	 0.0034107141156789885
1.3940219978921573 	 0.0034371751060282207
1.3950219978921572 	 0.0034638241798576265
1.396021997892157 	 0.0034906700112208432
1.397021997892157 	 0.003517715292654091
1.3980219978921569 	 0.0035449612552558574
1.3990219978921568 	 0.0035724090614110723
1.4000219978921566 	 0.0035998616089313
1.4010219978921565 	 0.00362772070298895
1.4020219978921564 	 0.0036557846078253326
1.4030219978921563 	 0.003684054204619587
1.4040219978921562 	 0.0037125302723223954
1.405021997892156 	 0.0037412134806841238
1.406021997892156 	 0.0037701043959046093
1.4070219978921559 	 0.0037992035045757975
1.4080219978921558 	 0.003828511187288326
1.4090219978921557 	 0.003858027712008608
1.4100219978921555 	 0.0038877532374185005
1.4110219978921554 	 0.00391768676568355
1.4120219978921553 	 0.0039478232262113175
1.4130219978921552 	 0.003978156607021879
1.414021997892155 	 0.004008684026072959
1.415021997892155 	 0.004039405635358481
1.4160219978921549 	 0.004070321671667006
1.4170219978921548 	 0.004101432354037889
1.4180219978921547 	 0.00413273789419224
1.4190219978921546 	 0.004164238510319328
1.4200219978921544 	 0.004195934442165485
1.4210219978921543 	 0.00422782597103023
1.4220219978921542 	 0.004259913457040471
1.4230219978921541 	 0.004292197358936306
1.424021997892154 	 0.004324678218296981
1.425021997892154 	 0.004357356662613353
1.4260219978921538 	 0.004390233406474435
1.4270219978921537 	 0.0044233092387344864
1.4280219978921536 	 0.004456585046799104
1.4290219978921535 	 0.0044900618256905655
1.4300219978921533 	 0.004523740679520003
1.4310219978921532 	 0.0045576228375966525
1.4320219978921531 	 0.004591709641366822
1.433021997892153 	 0.0046260027823806305
1.434021997892153 	 0.004660503867437766
1.4350219978921528 	 0.0046952146672325544
1.4360219978921527 	 0.004730137039168093
1.4370219978921526 	 0.004765272903214356
1.4380219978921525 	 0.004800624426495657
1.4390219978921523 	 0.004836193244943078
1.4400219978921522 	 0.00487197981366724
1.4410219978921521 	 0.004907984558379183
1.442021997892152 	 0.0049442079365781145
1.443021997892152 	 0.004980650450910278
1.4440219978921518 	 0.005017312613652033
1.4450219978921517 	 0.005054194940337939
1.4460219978921516 	 0.005091297936937353
1.4470219978921515 	 0.00512862208904696
1.4480219978921514 	 0.005166167863005659
1.4490219978921512 	 0.005203935703170442
1.4500219978921511 	 0.0052419260273560316
1.451021997892151 	 0.005280139478094729
1.452021997892151 	 0.00531857763597641
1.4530219978921508 	 0.005357242319319123
1.4540219978921507 	 0.005396135340416368
1.4550219978921506 	 0.0054352584969463245
1.4560219978921505 	 0.005474613567282388
1.4570219978921504 	 0.005514201675380001
1.4580219978921503 	 0.005554021551434663
1.4590219978921501 	 0.00559407129102978
1.46002199789215 	 0.005634348897264136
1.46102199789215 	 0.005674852275218251
1.4620219978921498 	 0.005715579226221885
1.4630219978921497 	 0.0057565276938455305
1.4640219978921496 	 0.005797700190944415
1.4650219978921495 	 0.005839103641806387
1.4660219978921494 	 0.005880745216428944
1.4670219978921493 	 0.005922632157678101
1.4680219978921492 	 0.005964771783586479
1.469021997892149 	 0.006007171488176864
1.470021997892149 	 0.006049838741831059
1.4710219978921488 	 0.006092779089632812
1.4720219978921487 	 0.006135990587763218
1.4730219978921486 	 0.0061794694350112925
1.4740219978921485 	 0.006223211697013132
1.4750219978921484 	 0.006267213300352985
1.4760219978921483 	 0.0063114700284452995
1.4770219978921482 	 0.006355977514059279
1.478021997892148 	 0.006400731242516084
1.479021997892148 	 0.006445726459225287
1.4800219978921478 	 0.006490958535057191
1.4810219978921477 	 0.006536422410445628
1.4820219978921476 	 0.006582112952212966
1.4830219978921475 	 0.006628031083876813
1.4840219978921474 	 0.006674201011610114
1.4850219978921473 	 0.006720652821812899
1.4860219978921472 	 0.006767417085700749
1.487021997892147 	 0.006814524845412848
1.488021997892147 	 0.006862006077056175
1.4890219978921468 	 0.006909858431629398
1.4900219978921467 	 0.006958048303893647
1.4910219978921466 	 0.007006516094752949
1.4920219978921465 	 0.0070551437507290204
1.4930219978921464 	 0.007103914756097074
1.4940219978921463 	 0.007152841661354666
1.4950219978921462 	 0.007201937211402681
1.496021997892146 	 0.007251214332370577
1.497021997892146 	 0.007300686099974549
1.4980219978921459 	 0.007350365767830371
1.4990219978921457 	 0.007400266775739778
1.5000219978921456 	 0.00745040274929473
1.5010219978921455 	 0.007500787498053998
1.5020219978921454 	 0.007551435015233401
1.5030219978921453 	 0.007602359497036978
1.5040219978921452 	 0.007653575333250771
1.505021997892145 	 0.007705097107429168
1.506021997892145 	 0.0077569359413940855
1.5070219978921449 	 0.007809089335641587
1.5080219978921447 	 0.007861541090725073
1.5090219978921446 	 0.007914235710161211
1.5100219978921445 	 0.007967107454641919
1.5110219978921444 	 0.008020110810047722
1.5120219978921443 	 0.008073280226374513
1.5130219978921442 	 0.008126668359457752
1.514021997892144 	 0.00818029952833048
1.515021997892144 	 0.008234170696726559
1.5160219978921439 	 0.008288277615956434
1.5170219978921438 	 0.008342615881280921
1.5180219978921436 	 0.00839718094316657
1.5190219978921435 	 0.008451968109845404
1.5200219978921434 	 0.008506972545999324
1.5210219978921433 	 0.008562189195090731
1.5220219978921432 	 0.008617612714875086
1.523021997892143 	 0.008673237837034973
1.524021997892143 	 0.008729059165767678
1.5250219978921429 	 0.008785071025602978
1.5260219978921428 	 0.00884126747035677
1.5270219978921427 	 0.008897642195602783
1.5280219978921425 	 0.00895418919529928
1.5290219978921424 	 0.009010902297138986
1.5300219978921423 	 0.009067774983327587
1.5310219978921422 	 0.009124801623447781
1.532021997892142 	 0.009181980144540016
1.533021997892142 	 0.009239309283948187
1.5340219978921419 	 0.009296787727205059
1.5350219978921418 	 0.00935441409491203
1.5360219978921417 	 0.00941218694595647
1.5370219978921416 	 0.00947010478266288
1.5380219978921414 	 0.00952816592498411
1.5390219978921413 	 0.00958636614911087
1.5400219978921412 	 0.009644698773895826
1.5410219978921411 	 0.009703156880694296
1.542021997892141 	 0.00976173343596635
1.543021997892141 	 0.0098204213205154
1.5440219978921408 	 0.009879213276895157
1.5450219978921407 	 0.009938101894219824
1.5460219978921406 	 0.009997079616208339
1.5470219978921405 	 0.010056141671330539
1.5480219978921403 	 0.01011529410938985
1.5490219978921402 	 0.010174545609578964
1.5500219978921401 	 0.010233890721035723
1.55102199789214 	 0.010293282475348112
1.55202199789214 	 0.010352706111980562
1.5530219978921398 	 0.01041215738609371
1.5540219978921397 	 0.010471631981559428
1.5550219978921396 	 0.010531125492645458
1.5560219978921395 	 0.010590633441556268
1.5570219978921394 	 0.010650151327676055
1.5580219978921392 	 0.010709674579132068
1.5590219978921391 	 0.01076919853812093
1.560021997892139 	 0.010828718463844039
1.561021997892139 	 0.010888229561972742
1.5620219978921388 	 0.010947727084429466
1.5630219978921387 	 0.01100720574824094
1.5640219978921386 	 0.011066648269201984
1.5650219978921385 	 0.011126025816036928
1.5660219978921384 	 0.011185308794118994
1.5670219978921383 	 0.011244467401739422
1.5680219978921381 	 0.011303441705604916
1.569021997892138 	 0.011362175720323423
1.570021997892138 	 0.011420659972560988
1.5710219978921378 	 0.011478878404922363
1.5720219978921377 	 0.011536845670215484
1.5730219978921376 	 0.011594584192613428
1.5740219978921375 	 0.011652116791822478
1.5750219978921374 	 0.01170946708554641
1.5760219978921373 	 0.011766659902037702
1.5770219978921372 	 0.011823721800494576
1.578021997892137 	 0.011880681291943166
1.579021997892137 	 0.01193756922234873
1.5800219978921368 	 0.011994419254056874
1.5810219978921367 	 0.012051268400893201
1.5820219978921366 	 0.012108157606061131
1.5830219978921365 	 0.012165132144577312
1.5840219978921364 	 0.012222241862950763
1.5850219978921363 	 0.012279541151047808
1.5860219978921362 	 0.012337088512684058
1.587021997892136 	 0.012394945583787646
1.588021997892136 	 0.01245313305293893
1.5890219978921358 	 0.012511115402165362
1.5900219978921357 	 0.012568717274433195
1.5910219978921356 	 0.01262599890894818
1.5920219978921355 	 0.012683003580627936
1.5930219978921354 	 0.01273975682468723
1.5940219978921353 	 0.012796266175259707
1.5950219978921352 	 0.012852522822239561
1.596021997892135 	 0.012908505828488098
1.597021997892135 	 0.012964188323088419
1.5980219978921348 	 0.013019544100343255
1.5990219978921347 	 0.013074553708345605
1.6000219978921346 	 0.013129208974382998
1.6010219978921345 	 0.013183502143057765
1.6020219978921344 	 0.013237389497798078
1.6030219978921343 	 0.013290827855090552
1.6040219978921342 	 0.013343784210497195
1.605021997892134 	 0.013396233336848832
1.606021997892134 	 0.013448155431144264
1.6070219978921338 	 0.013499534110467937
1.6080219978921337 	 0.013550354668291797
1.6090219978921336 	 0.013600602818080792
1.6100219978921335 	 0.013650263838074186
1.6110219978921334 	 0.013699332560085932
1.6120219978921333 	 0.013747842062038645
1.6130219978921332 	 0.013795832628855255
1.614021997892133 	 0.013843326358877006
1.615021997892133 	 0.013890328051217999
1.6160219978921329 	 0.013936840570272214
1.6170219978921327 	 0.01398286637393468
1.6180219978921326 	 0.01402840647646447
1.6190219978921325 	 0.014073461375617843
1.6200219978921324 	 0.014118030980803139
1.6210219978921323 	 0.014162114707324275
1.6220219978921322 	 0.014205711430348473
1.623021997892132 	 0.014248819444507605
1.624021997892132 	 0.01429143680470174
1.6250219978921319 	 0.014333561484439197
1.6260219978921318 	 0.01437519140382238
1.6270219978921316 	 0.014416324370267639
1.6280219978921315 	 0.014456958285291482
1.6290219978921314 	 0.014497091251128332
1.6300219978921313 	 0.014536721632331781
1.6310219978921312 	 0.014575834154327007
1.632021997892131 	 0.014614361414898296
1.633021997892131 	 0.01465222350845029
1.6340219978921309 	 0.014689361684776246
1.6350219978921308 	 0.014725796685257118
1.6360219978921307 	 0.014761568437696522
1.6370219978921305 	 0.014796717372209618
1.6380219978921304 	 0.014831283782979194
1.6390219978921303 	 0.014865290025701925
1.6400219978921302 	 0.014898741492494727
1.64102199789213 	 0.014931643547871623
1.64202199789213 	 0.014964001898074066
1.6430219978921299 	 0.01499582267809435
1.6440219978921298 	 0.015027112761769556
1.6450219978921297 	 0.015057879831801667
1.6460219978921296 	 0.015088132279233415
1.6470219978921294 	 0.015117878906907582
1.6480219978921293 	 0.015147129211049675
1.6490219978921292 	 0.015175893446095138
1.650021997892129 	 0.015204182591180348
1.651021997892129 	 0.015232003656556895
1.652021997892129 	 0.015259346765347136
1.6530219978921288 	 0.015286198285357515
1.6540219978921287 	 0.015312544985541203
1.6550219978921286 	 0.015338374021064721
1.6560219978921285 	 0.015363672760690152
1.6570219978921283 	 0.015388428438248574
1.6580219978921282 	 0.015412628357526825
1.6590219978921281 	 0.015436259887487225
1.660021997892128 	 0.015459310380902185
1.661021997892128 	 0.015481787589902523
1.6620219978921278 	 0.015503777401314648
1.6630219978921277 	 0.015525380426940766
1.6640219978921276 	 0.015546642018055924
1.6650219978921275 	 0.015567554911859412
1.6660219978921273 	 0.015588109187631566
1.6670219978921272 	 0.015608294041151008
1.6680219978921271 	 0.01562809791034285
1.669021997892127 	 0.01564750847168748
1.670021997892127 	 0.01566651258386737
1.6710219978921268 	 0.01568509911630814
1.6720219978921267 	 0.015703266831057466
1.6730219978921266 	 0.01572101616006626
1.6740219978921265 	 0.015738346629518365
1.6750219978921264 	 0.01575525683771696
1.6760219978921262 	 0.01577174442565959
1.6770219978921261 	 0.015787806007380896
1.678021997892126 	 0.01580343726802014
1.679021997892126 	 0.015818633015410644
1.6800219978921258 	 0.015833387210759244
1.6810219978921257 	 0.015847693005102997
1.6820219978921256 	 0.015861542791742952
1.6830219978921255 	 0.015874928389467264
1.6840219978921254 	 0.015887841009632264
1.6850219978921253 	 0.015900271289094194
1.6860219978921251 	 0.01591220936256974
1.687021997892125 	 0.01592364494585413
1.688021997892125 	 0.015934568067009502
1.6890219978921248 	 0.015944982440776564
1.6900219978921247 	 0.015954904792723684
1.6910219978921246 	 0.015964346943796948
1.6920219978921245 	 0.015973300781296995
1.6930219978921244 	 0.01598175369994405
1.6940219978921243 	 0.015989693196275405
1.6950219978921242 	 0.0159971068927961
1.696021997892124 	 0.01600398262713219
1.697021997892124 	 0.016010308584179192
1.6980219978921238 	 0.01601607327709971
1.6990219978921237 	 0.016021265576965593
1.7000219978921236 	 0.0160258747615231
1.7010219978921235 	 0.016012928239348544
1.7020219978921234 	 0.01599802474926606
1.7030219978921233 	 0.015982418024519895
1.7040219978921232 	 0.015966115554280704
1.705021997892123 	 0.015949124947226962
1.706021997892123 	 0.015931453697160203
1.7070219978921228 	 0.015913110095280823
1.7080219978921227 	 0.015894101848984717
1.7090219978921226 	 0.01587443699429796
1.7100219978921225 	 0.015854123661440293
1.7110219978921224 	 0.015833170069795777
1.7120219978921223 	 0.015811584522905067
1.7130219978921222 	 0.015789375403484116
1.714021997892122 	 0.015766551168473357
1.715021997892122 	 0.015743120344121612
1.7160219978921218 	 0.01571909152110846
1.7170219978921217 	 0.015694473349709262
1.7180219978921216 	 0.015669274535006085
1.7190219978921215 	 0.015643503832148627
1.7200219978921214 	 0.015617170041667927
1.7210219978921213 	 0.015590282004846629
1.7220219978921212 	 0.015562848599148598
1.723021997892121 	 0.015534878733710945
1.724021997892121 	 0.015506381344901258
1.7250219978921209 	 0.015477365391942631
1.7260219978921207 	 0.015447839852609044
1.7270219978921206 	 0.01541781371899348
1.7280219978921205 	 0.015387295993350762
1.7290219978921204 	 0.015356295684017508
1.7300219978921203 	 0.01532482180141067
1.7310219978921202 	 0.015292883354106886
1.73202199789212 	 0.015260489345003769
1.73302199789212 	 0.015227648767565065
1.7340219978921199 	 0.015194370602150498
1.7350219978921197 	 0.015160663812432073
1.7360219978921196 	 0.01512653734189733
1.7370219978921195 	 0.015092000110440781
1.7380219978921194 	 0.01505706101104436
1.7390219978921193 	 0.015021728906547308
1.7400219978921192 	 0.014986012626506163
1.741021997892119 	 0.014949920964145364
1.742021997892119 	 0.014913462673398603
1.7430219978921189 	 0.014876646466041154
1.7440219978921188 	 0.014839481008913382
1.7450219978921186 	 0.014801974921235146
1.7460219978921185 	 0.01476413677201134
1.7470219978921184 	 0.014725975077527834
1.7480219978921183 	 0.014687498298938005
1.7490219978921182 	 0.014648714839939061
1.750021997892118 	 0.014609633044537884
1.751021997892118 	 0.014570260985122901
1.7520219978921179 	 0.01453060729994549
1.7530219978921178 	 0.014490679931235225
1.7540219978921177 	 0.014450486963661418
1.7550219978921175 	 0.014410036412349812
1.7560219978921174 	 0.014369336221169853
1.7570219978921173 	 0.014328394261105633
1.7580219978921172 	 0.014287218328709482
1.759021997892117 	 0.014245816144637038
1.760021997892117 	 0.01420419535226272
1.7610219978921169 	 0.014162363516374336
1.7620219978921168 	 0.01412032812194542
1.7630219978921167 	 0.014078096572984243
1.7640219978921166 	 0.01403567619145795
1.7650219978921164 	 0.013993074216290426
1.7660219978921163 	 0.013950297802432765
1.7670219978921162 	 0.013907354020004424
1.7680219978921161 	 0.013864249853504117
1.769021997892116 	 0.013820992201088527
1.770021997892116 	 0.013777587873917693
1.7710219978921158 	 0.013734043595565171
1.7720219978921157 	 0.013690366001491868
1.7730219978921156 	 0.013646561638581635
1.7740219978921155 	 0.013602636964737208
1.7750219978921153 	 0.013558598348535029
1.7760219978921152 	 0.013514452068937217
1.7770219978921151 	 0.013470204315059256
1.778021997892115 	 0.01342586118599174
1.779021997892115 	 0.013381428690674607
1.7800219978921148 	 0.013336912747822524
1.7810219978921147 	 0.013292319185899447
1.7820219978921146 	 0.013247653743141316
1.7830219978921145 	 0.01320292206762485
1.7840219978921144 	 0.013158129717381364
1.7850219978921142 	 0.013113282160553743
1.7860219978921141 	 0.013068384775595339
1.787021997892114 	 0.013023442851509087
1.788021997892114 	 0.012978461588125576
1.7890219978921138 	 0.012933446096418392
1.7900219978921137 	 0.01288840139885563
1.7910219978921136 	 0.01284333242978572
1.7920219978921135 	 0.012798244035856696
1.7930219978921134 	 0.012753140976466952
1.7940219978921133 	 0.012708027924246735
1.7950219978921131 	 0.012662909465568549
1.796021997892113 	 0.012617789919371005
1.797021997892113 	 0.012572674065091596
1.7980219978921128 	 0.012527566051440456
1.7990219978921127 	 0.012482470125401088
1.8000219978921126 	 0.012437390450643529
1.8010219978921125 	 0.012392331108182962
1.8020219978921124 	 0.012347296097058875
1.8030219978921123 	 0.012302289335033521
1.8040219978921122 	 0.012257314659308552
1.805021997892112 	 0.01221237582725904
1.806021997892112 	 0.012167476517183421
1.8070219978921118 	 0.0121226203290686
1.8080219978921117 	 0.012077810785369233
1.8090219978921116 	 0.01203305133179998
1.8100219978921115 	 0.011988345338140046
1.8110219978921114 	 0.011943696099048945
1.8120219978921113 	 0.011899106834892571
1.8130219978921112 	 0.011854580692578847
1.814021997892111 	 0.011810120746401871
1.815021997892111 	 0.011765729998894026
1.8160219978921108 	 0.01172141138168504
1.8170219978921107 	 0.011677167756367277
1.8180219978921106 	 0.011633001915366597
1.8190219978921105 	 0.011588916582817976
1.8200219978921104 	 0.011544914415445199
1.8210219978921103 	 0.011500998003444035
1.8220219978921102 	 0.01145716987136808
1.82302199789211 	 0.011413432479016843
1.82402199789211 	 0.011369788222325346
1.8250219978921098 	 0.011326239434254618
1.8260219978921097 	 0.011282788385682715
1.8270219978921096 	 0.011239437286295437
1.8280219978921095 	 0.011196188285476555
1.8290219978921094 	 0.011153043473196792
1.8300219978921093 	 0.011110004880901164
1.8310219978921092 	 0.011067074482394329
1.832021997892109 	 0.0110242541947233
1.833021997892109 	 0.01098154587905733
1.8340219978921088 	 0.010938951341564395
1.8350219978921087 	 0.01089647233428396
1.8360219978921086 	 0.010854110555995727
1.8370219978921085 	 0.010811867653083859
1.8380219978921084 	 0.010769745220396584
1.8390219978921083 	 0.010727744802100547
1.8400219978921082 	 0.010685867892530055
1.841021997892108 	 0.010644115783715937
1.842021997892108 	 0.010602490179964102
1.8430219978921079 	 0.010560992277349886
1.8440219978921077 	 0.010519623379252068
1.8450219978921076 	 0.010478384743372834
1.8460219978921075 	 0.010437277582549222
1.8470219978921074 	 0.010396303065557682
1.8480219978921073 	 0.010355462317911401
1.8490219978921072 	 0.010314756422650197
1.850021997892107 	 0.010274186421122971
1.851021997892107 	 0.010233753313762374
1.8520219978921069 	 0.010193458060851718
1.8530219978921068 	 0.010153301583283909
1.8540219978921066 	 0.010113284763312304
1.8550219978921065 	 0.010073408445293463
1.8560219978921064 	 0.010033673436421527
1.8570219978921063 	 0.009994080507454395
1.8580219978921062 	 0.009954630393431295
1.859021997892106 	 0.00991532379438201
1.860021997892106 	 0.009876161376027445
1.8610219978921059 	 0.009837143770471662
1.8620219978921058 	 0.009798271576885176
1.8630219978921057 	 0.009759545362179657
1.8640219978921055 	 0.009720965661673797
1.8650219978921054 	 0.009682532979750563
1.8660219978921053 	 0.009644247790505557
1.8670219978921052 	 0.009606110538386692
1.868021997892105 	 0.009568121638825056
1.869021997892105 	 0.009530281478857025
1.8700219978921049 	 0.009492590417737588
1.8710219978921048 	 0.009455048787544886
1.8720219978921047 	 0.009417656893776093
1.8730219978921046 	 0.00938041501593451
1.8740219978921044 	 0.009343323408108003
1.8750219978921043 	 0.009306382299538734
1.8760219978921042 	 0.00926959189518436
1.877021997892104 	 0.009232952376270543
1.878021997892104 	 0.009196463900834975
1.879021997892104 	 0.00916012660426291
1.8800219978921038 	 0.009123940599814187
1.8810219978921037 	 0.009087905979141955
1.8820219978921036 	 0.009052022812802964
1.8830219978921034 	 0.009016291150759618
1.8840219978921033 	 0.0089807110228738
1.8850219978921032 	 0.008945282439392572
1.8860219978921031 	 0.008910005263083179
1.887021997892103 	 0.00887487972348234
1.888021997892103 	 0.008839905646072368
1.8890219978921028 	 0.00880508296733675
1.8900219978921027 	 0.008770411606452469
1.8910219978921026 	 0.008735891465728157
1.8920219978921025 	 0.0087015224310346
1.8930219978921023 	 0.008667304372227675
1.8940219978921022 	 0.008633237143563744
1.8950219978921021 	 0.008599320584107695
1.896021997892102 	 0.008565554518133574
1.897021997892102 	 0.008531938755517995
1.8980219978921018 	 0.008498473092126358
1.8990219978921017 	 0.008465157310192019
1.9000219978921016 	 0.008431991178688364
1.9010219978921015 	 0.00839897445369406
1.9020219978921014 	 0.008366106878751382
1.9030219978921012 	 0.008333388185217862
1.9040219978921011 	 0.008300818092611236
1.905021997892101 	 0.00826839630894778
1.906021997892101 	 0.008236122531074225
1.9070219978921008 	 0.008203996444993214
1.9080219978921007 	 0.008172017726182467
1.9090219978921006 	 0.008140186039907677
1.9100219978921005 	 0.008108501041529319
1.9110219978921004 	 0.008076962376803302
1.9120219978921003 	 0.008045569682175808
1.9130219978921001 	 0.008014322585072049
1.9140219978921 	 0.007983220704179374
1.9150219978921 	 0.007952263649724593
1.9160219978920998 	 0.00792145102374567
1.9170219978920997 	 0.007890782420357912
1.9180219978920996 	 0.00786025742601461
1.9190219978920995 	 0.007829875619762455
1.9200219978920994 	 0.007799636573491425
1.9210219978920993 	 0.007769539852179738
1.9220219978920992 	 0.007739585014133433
1.923021997892099 	 0.00770977161122107
1.924021997892099 	 0.007680099189103326
1.9250219978920988 	 0.007650567287457865
1.9260219978920987 	 0.007621175440199228
1.9270219978920986 	 0.00759192317569413
1.9280219978920985 	 0.007562810016972033
1.9290219978920984 	 0.007533835481931165
1.9300219978920983 	 0.00750499908354007
1.9310219978920982 	 0.00747630033003469
1.932021997892098 	 0.007447738617760187
1.933021997892098 	 0.007419313661093407
1.9340219978920978 	 0.007391024847529586
1.9350219978920977 	 0.0073628716682596195
1.9360219978920976 	 0.007334853610663637
1.9370219978920975 	 0.007306970158483213
1.9380219978920974 	 0.007279220791989538
1.9390219978920973 	 0.007251604988147839
1.9400219978920972 	 0.007224122220778028
1.941021997892097 	 0.00719677196071158
1.942021997892097 	 0.0071695536759448664
1.9430219978920968 	 0.00714246683178883
1.9440219978920967 	 0.007115510891015217
1.9450219978920966 	 0.007088685313999367
1.9460219978920965 	 0.007061989558859568
1.9470219978920964 	 0.007035423081593191
1.9480219978920963 	 0.007008985336209483
1.9490219978920962 	 0.0069826757748592235
1.950021997892096 	 0.00695649384796126
1.951021997892096 	 0.006930439004325892
1.9520219978920959 	 0.006904510691275372
1.9530219978920957 	 0.006878708354761329
1.9540219978920956 	 0.006853031439479365
1.9550219978920955 	 0.0068274793889808
1.9560219978920954 	 0.006802051645781595
1.9570219978920953 	 0.006776747651468602
1.9580219978920952 	 0.006751566846803085
1.959021997892095 	 0.006726508671821611
1.960021997892095 	 0.006701572565934439
1.9610219978920949 	 0.0066767579680213004
1.9620219978920947 	 0.006652064316524735
1.9630219978920946 	 0.006627491049541025
1.9640219978920945 	 0.006603037604908742
1.9650219978920944 	 0.006578703420294941
1.9660219978920943 	 0.0065544879332791045
1.9670219978920942 	 0.00653039058143487
1.968021997892094 	 0.006506410802409489
1.969021997892094 	 0.00648254803400126
1.9700219978920939 	 0.00645880171423473
1.9710219978920938 	 0.0064351712814339655
1.9720219978920936 	 0.006411656174293724
1.9730219978920935 	 0.0063882558319486756
1.9740219978920934 	 0.006364969694040719
1.9750219978920933 	 0.00634179720078437
1.9760219978920932 	 0.0063187377930303225
1.977021997892093 	 0.006295790821601887
1.978021997892093 	 0.006272955910518854
1.9790219978920929 	 0.0062502324119147095
1.9800219978920928 	 0.006227619769784724
1.9810219978920927 	 0.006205117429051718
1.9820219978920925 	 0.0061827248356192575
1.9830219978920924 	 0.006160441436423327
1.9840219978920923 	 0.00613826667948244
1.9850219978920922 	 0.006116200013946181
1.986021997892092 	 0.006094240890142288
1.987021997892092 	 0.006072388759622293
1.9880219978920919 	 0.006050643075205695
1.9890219978920918 	 0.006029003291022748
1.9900219978920917 	 0.006007468862555932
1.9910219978920916 	 0.005986039246680027
1.9920219978920914 	 0.005964713901700901
1.9930219978920913 	 0.005943492287393048
1.9940219978920912 	 0.005922373865035842
1.9950219978920911 	 0.005901358097448605
1.996021997892091 	 0.0058804444490244715
1.997021997892091 	 0.005859632385763058
1.9980219978920908 	 0.005838921375302044
1.9990219978920907 	 0.0058183108869476145
