0.0010219978922 	 0
0.0020219978922 	 0.0
0.0030219978922 	 0.0
0.0040219978922 	 0.0
0.0050219978922 	 0.0
0.0060219978922 	 0.0
0.0070219978922 	 0.0
0.0080219978922 	 0.0
0.009021997892200002 	 0.0
0.010021997892200003 	 0.0
0.011021997892200004 	 0.0
0.012021997892200004 	 0.0
0.013021997892200005 	 0.0
0.014021997892200006 	 0.0
0.015021997892200007 	 0.0
0.016021997892200008 	 0.0
0.01702199789220001 	 0.0
0.01802199789220001 	 0.0
0.01902199789220001 	 0.0
0.02002199789220001 	 0.0
0.021021997892200012 	 0.0
0.022021997892200013 	 0.0
0.023021997892200014 	 0.0
0.024021997892200015 	 0.0
0.025021997892200016 	 0.0
0.026021997892200017 	 0.0
0.027021997892200018 	 0.0
0.02802199789220002 	 0.0
0.02902199789220002 	 0.0
0.03002199789220002 	 0.0
0.03102199789220002 	 0.0
0.03202199789220002 	 0.0
0.03302199789220002 	 0.0
0.03402199789220002 	 0.0
0.03502199789220002 	 0.0
0.03602199789220002 	 0.0
0.03702199789220002 	 0.0
0.038021997892200024 	 0.0
0.039021997892200025 	 0.0
0.040021997892200026 	 0.0
0.04102199789220003 	 0.0
0.04202199789220003 	 0.0
0.04302199789220003 	 0.0
0.04402199789220003 	 0.0
0.04502199789220003 	 0.0
0.04602199789220003 	 0.0
0.04702199789220003 	 0.0
0.04802199789220003 	 0.0
0.049021997892200034 	 0.0
0.050021997892200035 	 0.0
0.051021997892200036 	 0.0
0.052021997892200036 	 0.0
0.05302199789220004 	 0.0
0.05402199789220004 	 0.0
0.05502199789220004 	 0.0
0.05602199789220004 	 0.0
0.05702199789220004 	 0.0
0.05802199789220004 	 0.0
0.05902199789220004 	 0.0
0.060021997892200044 	 0.0
0.061021997892200044 	 0.0
0.062021997892200045 	 0.0
0.06302199789220005 	 0.0
0.06402199789220005 	 0.0
0.06502199789220005 	 0.0
0.06602199789220005 	 0.0
0.06702199789220005 	 0.0
0.06802199789220005 	 0.0
0.06902199789220005 	 0.0
0.07002199789220005 	 0.0
0.07102199789220005 	 0.0
0.07202199789220005 	 0.0
0.07302199789220006 	 0.0
0.07402199789220006 	 0.0
0.07502199789220006 	 0.0
0.07602199789220006 	 0.0
0.07702199789220006 	 0.0
0.07802199789220006 	 0.0
0.07902199789220006 	 0.0
0.08002199789220006 	 0.0
0.08102199789220006 	 0.0
0.08202199789220006 	 0.0
0.08302199789220006 	 0.0
0.08402199789220006 	 0.0
0.08502199789220007 	 0.0
0.08602199789220007 	 0.0
0.08702199789220007 	 0.0
0.08802199789220007 	 0.0
0.08902199789220007 	 0.0
0.09002199789220007 	 0.0
0.09102199789220007 	 0.0
0.09202199789220007 	 0.0
0.09302199789220007 	 0.0
0.09402199789220007 	 0.0
0.09502199789220007 	 0.0
0.09602199789220008 	 0.0
0.09702199789220008 	 0.0
0.09802199789220008 	 0.0
0.09902199789220008 	 0.0
0.10002199789220008 	 0.0
0.10102199789220008 	 0.0
0.10202199789220008 	 0.0
0.10302199789220008 	 0.0
0.10402199789220008 	 0.0
0.10502199789220008 	 0.0
0.10602199789220008 	 0.0
0.10702199789220009 	 0.0
0.10802199789220009 	 0.0
0.10902199789220009 	 0.0
0.11002199789220009 	 0.0
0.11102199789220009 	 0.0
0.11202199789220009 	 0.0
0.11302199789220009 	 0.0
0.11402199789220009 	 0.0
0.11502199789220009 	 0.0
0.1160219978922001 	 0.0
0.1170219978922001 	 0.0
0.1180219978922001 	 0.0
0.1190219978922001 	 0.0
0.1200219978922001 	 0.0
0.1210219978922001 	 0.0
0.1220219978922001 	 0.0
0.1230219978922001 	 0.0
0.1240219978922001 	 0.0
0.1250219978922001 	 0.0
0.1260219978922001 	 0.0
0.1270219978922001 	 0.0
0.1280219978922001 	 0.0
0.1290219978922001 	 0.0
0.1300219978922001 	 0.0
0.1310219978922001 	 0.0
0.1320219978922001 	 0.0
0.1330219978922001 	 0.0
0.1340219978922001 	 0.0
0.1350219978922001 	 0.0
0.1360219978922001 	 0.0
0.1370219978922001 	 0.0
0.1380219978922001 	 0.0
0.1390219978922001 	 0.0
0.1400219978922001 	 0.0
0.1410219978922001 	 0.0
0.1420219978922001 	 0.0
0.1430219978922001 	 0.0
0.1440219978922001 	 0.0
0.1450219978922001 	 0.0
0.1460219978922001 	 0.0
0.1470219978922001 	 0.0
0.1480219978922001 	 0.0
0.1490219978922001 	 0.0
0.1500219978922001 	 0.0
0.1510219978922001 	 0.0
0.1520219978922001 	 0.0
0.1530219978922001 	 0.0
0.1540219978922001 	 0.0
0.15502199789220011 	 0.0
0.15602199789220011 	 0.0
0.15702199789220012 	 0.0
0.15802199789220012 	 0.0
0.15902199789220012 	 0.0
0.16002199789220012 	 0.0
0.16102199789220012 	 0.0
0.16202199789220012 	 0.0
0.16302199789220012 	 0.0
0.16402199789220012 	 0.0
0.16502199789220012 	 0.0
0.16602199789220012 	 0.0
0.16702199789220012 	 0.0
0.16802199789220013 	 0.0
0.16902199789220013 	 0.0
0.17002199789220013 	 0.0
0.17102199789220013 	 0.0
0.17202199789220013 	 0.0
0.17302199789220013 	 0.0
0.17402199789220013 	 0.0
0.17502199789220013 	 0.0
0.17602199789220013 	 0.0
0.17702199789220013 	 0.0
0.17802199789220013 	 0.0
0.17902199789220014 	 0.0
0.18002199789220014 	 0.0
0.18102199789220014 	 0.0
0.18202199789220014 	 0.0
0.18302199789220014 	 0.0
0.18402199789220014 	 0.0
0.18502199789220014 	 0.0
0.18602199789220014 	 0.0
0.18702199789220014 	 0.0
0.18802199789220014 	 0.0
0.18902199789220014 	 0.0
0.19002199789220015 	 0.0
0.19102199789220015 	 0.0
0.19202199789220015 	 0.0
0.19302199789220015 	 0.0
0.19402199789220015 	 0.0
0.19502199789220015 	 0.0
0.19602199789220015 	 0.0
0.19702199789220015 	 0.0
0.19802199789220015 	 0.0
0.19902199789220015 	 0.0
0.20002199789220015 	 0.0
0.20102199789220015 	 0.0
0.20202199789220016 	 0.0
0.20302199789220016 	 0.0
0.20402199789220016 	 0.0
0.20502199789220016 	 0.0
0.20602199789220016 	 0.0
0.20702199789220016 	 0.0
0.20802199789220016 	 0.0
0.20902199789220016 	 0.0
0.21002199789220016 	 0.0
0.21102199789220016 	 0.0
0.21202199789220016 	 0.0
0.21302199789220017 	 0.0
0.21402199789220017 	 0.0
0.21502199789220017 	 0.0
0.21602199789220017 	 0.0
0.21702199789220017 	 0.0
0.21802199789220017 	 0.0
0.21902199789220017 	 0.0
0.22002199789220017 	 0.0
0.22102199789220017 	 0.0
0.22202199789220017 	 0.0
0.22302199789220017 	 0.0
0.22402199789220018 	 0.0
0.22502199789220018 	 0.0
0.22602199789220018 	 0.0
0.22702199789220018 	 0.0
0.22802199789220018 	 0.0
0.22902199789220018 	 0.0
0.23002199789220018 	 0.0
0.23102199789220018 	 0.0
0.23202199789220018 	 0.0
0.23302199789220018 	 0.0
0.23402199789220018 	 0.0
0.23502199789220019 	 0.0
0.23602199789220019 	 0.0
0.2370219978922002 	 0.0
0.2380219978922002 	 0.0
0.2390219978922002 	 0.0
0.2400219978922002 	 0.0
0.2410219978922002 	 0.0
0.2420219978922002 	 0.0
0.2430219978922002 	 0.0
0.2440219978922002 	 0.0
0.2450219978922002 	 0.0
0.2460219978922002 	 0.0
0.2470219978922002 	 0.0
0.2480219978922002 	 0.0
0.2490219978922002 	 0.0
0.2500219978922002 	 0.0
0.2510219978922002 	 0.0
0.2520219978922002 	 0.0
0.2530219978922002 	 0.0
0.2540219978922002 	 0.0
0.2550219978922002 	 0.0
0.2560219978922002 	 0.0
0.2570219978922002 	 0.0
0.2580219978922002 	 0.0
0.2590219978922002 	 0.0
0.2600219978922002 	 0.0
0.2610219978922002 	 0.0
0.2620219978922002 	 0.0
0.2630219978922002 	 0.0
0.2640219978922002 	 0.0
0.2650219978922002 	 0.0
0.2660219978922002 	 0.0
0.2670219978922002 	 0.0
0.2680219978922002 	 0.0
0.2690219978922002 	 0.0
0.2700219978922002 	 0.0
0.2710219978922002 	 0.0
0.2720219978922002 	 0.0
0.2730219978922002 	 0.0
0.2740219978922002 	 0.0
0.2750219978922002 	 0.0
0.2760219978922002 	 0.0
0.2770219978922002 	 0.0
0.2780219978922002 	 0.0
0.2790219978922002 	 0.0
0.2800219978922002 	 0.0
0.2810219978922002 	 0.0
0.2820219978922002 	 0.0
0.2830219978922002 	 0.0
0.28402199789220023 	 0.0
0.28502199789220023 	 0.0
0.28602199789220023 	 0.0
0.28702199789220023 	 0.0
0.28802199789220023 	 0.0
0.28902199789220023 	 0.0
0.29002199789220023 	 0.0
0.29102199789220023 	 0.0
0.29202199789220024 	 0.0
0.29302199789220024 	 0.0
0.29402199789220024 	 0.0
0.29502199789220024 	 0.0
0.29602199789220024 	 0.0
0.29702199789220024 	 0.0
0.29802199789220024 	 0.0
0.29902199789220024 	 0.0
0.30002199789220024 	 0.0
0.30102199789220024 	 0.0
0.30202199789220024 	 0.0
0.30302199789220025 	 0.0
0.30402199789220025 	 0.0
0.30502199789220025 	 0.0
0.30602199789220025 	 0.0
0.30702199789220025 	 0.0
0.30802199789220025 	 0.0
0.30902199789220025 	 0.0
0.31002199789220025 	 0.0
0.31102199789220025 	 0.0
0.31202199789220025 	 0.0
0.31302199789220025 	 0.0
0.31402199789220026 	 0.0
0.31502199789220026 	 0.0
0.31602199789220026 	 0.0
0.31702199789220026 	 0.0
0.31802199789220026 	 0.0
0.31902199789220026 	 0.0
0.32002199789220026 	 0.0
0.32102199789220026 	 0.0
0.32202199789220026 	 0.0
0.32302199789220026 	 0.0
0.32402199789220026 	 0.0
0.32502199789220027 	 0.0
0.32602199789220027 	 0.0
0.32702199789220027 	 0.0
0.32802199789220027 	 0.0
0.32902199789220027 	 0.0
0.33002199789220027 	 0.0
0.33102199789220027 	 0.0
0.33202199789220027 	 0.0
0.33302199789220027 	 0.0
0.3340219978922003 	 0.0
0.3350219978922003 	 0.0
0.3360219978922003 	 0.0
0.3370219978922003 	 0.0
0.3380219978922003 	 0.0
0.3390219978922003 	 0.0
0.3400219978922003 	 0.0
0.3410219978922003 	 0.0
0.3420219978922003 	 0.0
0.3430219978922003 	 0.0
0.3440219978922003 	 0.0
0.3450219978922003 	 0.0
0.3460219978922003 	 0.0
0.3470219978922003 	 0.0
0.3480219978922003 	 0.0
0.3490219978922003 	 0.0
0.3500219978922003 	 0.0
0.3510219978922003 	 0.0
0.3520219978922003 	 0.0
0.3530219978922003 	 0.0
0.3540219978922003 	 0.0
0.3550219978922003 	 0.0
0.3560219978922003 	 0.0
0.3570219978922003 	 0.0
0.3580219978922003 	 0.0
0.3590219978922003 	 0.0
0.3600219978922003 	 0.0
0.3610219978922003 	 0.0
0.3620219978922003 	 0.0
0.3630219978922003 	 0.0
0.3640219978922003 	 0.0
0.3650219978922003 	 0.0
0.3660219978922003 	 0.0
0.3670219978922003 	 0.0
0.3680219978922003 	 0.0
0.3690219978922003 	 0.0
0.3700219978922003 	 0.0
0.3710219978922003 	 0.0
0.3720219978922003 	 0.0
0.3730219978922003 	 0.0
0.3740219978922003 	 0.0
0.3750219978922003 	 0.0
0.3760219978922003 	 0.0
0.3770219978922003 	 0.0
0.3780219978922003 	 0.0
0.3790219978922003 	 0.0
0.3800219978922003 	 0.0
0.3810219978922003 	 0.0
0.3820219978922003 	 0.0
0.3830219978922003 	 0.0
0.3840219978922003 	 0.0
0.3850219978922003 	 0.0
0.3860219978922003 	 0.0
0.3870219978922003 	 0.0
0.3880219978922003 	 0.0
0.3890219978922003 	 0.0
0.3900219978922003 	 0.0
0.3910219978922003 	 0.0
0.3920219978922003 	 0.0
0.3930219978922003 	 0.0
0.3940219978922003 	 0.0
0.3950219978922003 	 0.0
0.39602199789220033 	 0.0
0.39702199789220033 	 0.0
0.39802199789220033 	 0.0
0.39902199789220033 	 0.0
0.40002199789220033 	 0.0
0.40102199789220033 	 0.0
0.40202199789220033 	 0.0
0.40302199789220033 	 0.0
0.40402199789220034 	 0.0
0.40502199789220034 	 0.0
0.40602199789220034 	 0.0
0.40702199789220034 	 0.0
0.40802199789220034 	 0.0
0.40902199789220034 	 0.0
0.41002199789220034 	 0.0
0.41102199789220034 	 0.0
0.41202199789220034 	 0.0
0.41302199789220034 	 0.0
0.41402199789220034 	 0.0
0.41502199789220034 	 0.0
0.41602199789220035 	 0.0
0.41702199789220035 	 0.0
0.41802199789220035 	 0.0
0.41902199789220035 	 0.0
0.42002199789220035 	 0.0
0.42102199789220035 	 0.0
0.42202199789220035 	 0.0
0.42302199789220035 	 0.0
0.42402199789220035 	 0.0
0.42502199789220035 	 0.0
0.42602199789220035 	 0.0
0.42702199789220036 	 0.0
0.42802199789220036 	 0.0
0.42902199789220036 	 0.0
0.43002199789220036 	 0.0
0.43102199789220036 	 0.0
0.43202199789220036 	 0.0
0.43302199789220036 	 0.0
0.43402199789220036 	 0.0
0.43502199789220036 	 0.0
0.43602199789220036 	 0.0
0.43702199789220036 	 0.0
0.43802199789220037 	 0.0
0.43902199789220037 	 0.0
0.44002199789220037 	 0.0
0.44102199789220037 	 0.0
0.44202199789220037 	 0.0
0.44302199789220037 	 0.0
0.44402199789220037 	 0.0
0.44502199789220037 	 0.0
0.4460219978922004 	 0.0
0.4470219978922004 	 0.0
0.4480219978922004 	 0.0
0.4490219978922004 	 0.0
0.4500219978922004 	 0.0
0.4510219978922004 	 0.0
0.4520219978922004 	 0.0
0.4530219978922004 	 0.0
0.4540219978922004 	 0.0
0.4550219978922004 	 0.0
0.4560219978922004 	 0.0
0.4570219978922004 	 0.0
0.4580219978922004 	 0.0
0.4590219978922004 	 0.0
0.4600219978922004 	 0.0
0.4610219978922004 	 0.0
0.4620219978922004 	 0.0
0.4630219978922004 	 0.0
0.4640219978922004 	 0.0
0.4650219978922004 	 0.0
0.4660219978922004 	 0.0
0.4670219978922004 	 0.0
0.4680219978922004 	 0.0
0.4690219978922004 	 0.0
0.4700219978922004 	 0.0
0.4710219978922004 	 0.0
0.4720219978922004 	 0.0
0.4730219978922004 	 0.0
0.4740219978922004 	 0.0
0.4750219978922004 	 0.0
0.4760219978922004 	 0.0
0.4770219978922004 	 0.0
0.4780219978922004 	 0.0
0.4790219978922004 	 0.0
0.4800219978922004 	 0.0
0.4810219978922004 	 0.0
0.4820219978922004 	 0.0
0.4830219978922004 	 0.0
0.4840219978922004 	 0.0
0.4850219978922004 	 0.0
0.4860219978922004 	 0.0
0.4870219978922004 	 0.0
0.4880219978922004 	 0.0
0.4890219978922004 	 0.0
0.4900219978922004 	 0.0
0.4910219978922004 	 0.0
0.4920219978922004 	 0.0
0.4930219978922004 	 0.0
0.4940219978922004 	 0.0
0.4950219978922004 	 0.0
0.4960219978922004 	 0.0
0.4970219978922004 	 0.0
0.4980219978922004 	 0.0
0.4990219978922004 	 0.0
0.5000219978922004 	 0.0
0.5010219978922004 	 0.0
0.5020219978922004 	 0.0
0.5030219978922004 	 0.0
0.5040219978922004 	 0.0
0.5050219978922004 	 0.0
0.5060219978922004 	 0.0
0.5070219978922004 	 0.0
0.5080219978922004 	 0.0
0.5090219978922004 	 0.0
0.5100219978922004 	 0.0
0.5110219978922004 	 0.0
0.5120219978922004 	 0.0
0.5130219978922004 	 0.0
0.5140219978922004 	 0.0
0.5150219978922004 	 0.0
0.5160219978922004 	 0.0
0.5170219978922004 	 0.0
0.5180219978922004 	 0.0
0.5190219978922004 	 0.0
0.5200219978922004 	 0.0
0.5210219978922004 	 0.0
0.5220219978922004 	 0.0
0.5230219978922004 	 0.0
0.5240219978922004 	 0.0
0.5250219978922004 	 0.0
0.5260219978922004 	 0.0
0.5270219978922004 	 0.0
0.5280219978922004 	 0.0
0.5290219978922004 	 0.0
0.5300219978922004 	 0.0
0.5310219978922004 	 0.0
0.5320219978922004 	 0.0
0.5330219978922004 	 0.0
0.5340219978922004 	 0.0
0.5350219978922004 	 0.0
0.5360219978922004 	 0.0
0.5370219978922004 	 0.0
0.5380219978922004 	 0.0
0.5390219978922004 	 0.0
0.5400219978922004 	 0.0
0.5410219978922004 	 0.0
0.5420219978922004 	 0.0
0.5430219978922004 	 0.0
0.5440219978922004 	 0.0
0.5450219978922004 	 0.0
0.5460219978922004 	 0.0
0.5470219978922004 	 0.0
0.5480219978922004 	 0.0
0.5490219978922004 	 0.0
0.5500219978922004 	 0.0
0.5510219978922004 	 0.0
0.5520219978922004 	 0.0
0.5530219978922004 	 0.0
0.5540219978922004 	 0.0
0.5550219978922004 	 0.0
0.5560219978922004 	 0.0
0.5570219978922004 	 0.0
0.5580219978922004 	 0.0
0.5590219978922004 	 0.0
0.5600219978922004 	 0.0
0.5610219978922004 	 0.0
0.5620219978922004 	 0.0
0.5630219978922004 	 0.0
0.5640219978922004 	 0.0
0.5650219978922004 	 0.0
0.5660219978922004 	 0.0
0.5670219978922004 	 0.0
0.5680219978922004 	 0.0
0.5690219978922004 	 0.0
0.5700219978922004 	 0.0
0.5710219978922004 	 0.0
0.5720219978922004 	 0.0
0.5730219978922004 	 0.0
0.5740219978922004 	 0.0
0.5750219978922004 	 0.0
0.5760219978922004 	 0.0
0.5770219978922004 	 0.0
0.5780219978922004 	 0.0
0.5790219978922004 	 0.0
0.5800219978922004 	 0.0
0.5810219978922004 	 0.0
0.5820219978922004 	 0.0
0.5830219978922004 	 0.0
0.5840219978922004 	 0.0
0.5850219978922004 	 0.0
0.5860219978922004 	 0.0
0.5870219978922004 	 0.0
0.5880219978922004 	 0.0
0.5890219978922004 	 0.0
0.5900219978922004 	 0.0
0.5910219978922004 	 0.0
0.5920219978922004 	 0.0
0.5930219978922004 	 0.0
0.5940219978922004 	 0.0
0.5950219978922004 	 0.0
0.5960219978922005 	 0.0
0.5970219978922005 	 0.0
0.5980219978922005 	 0.0
0.5990219978922005 	 0.0
0.6000219978922005 	 0.0
0.6010219978922005 	 0.0
0.6020219978922005 	 0.0
0.6030219978922005 	 0.0
0.6040219978922005 	 0.0
0.6050219978922005 	 0.0
0.6060219978922005 	 0.0
0.6070219978922005 	 0.0
0.6080219978922005 	 0.0
0.6090219978922005 	 0.0
0.6100219978922005 	 0.0
0.6110219978922005 	 0.0
0.6120219978922005 	 0.0
0.6130219978922005 	 0.0
0.6140219978922005 	 0.0
0.6150219978922005 	 0.0
0.6160219978922005 	 0.0
0.6170219978922005 	 0.0
0.6180219978922005 	 0.0
0.6190219978922005 	 0.0
0.6200219978922005 	 0.0
0.6210219978922005 	 0.0
0.6220219978922005 	 0.0
0.6230219978922005 	 0.0
0.6240219978922005 	 0.0
0.6250219978922005 	 0.0
0.6260219978922005 	 0.0
0.6270219978922005 	 0.0
0.6280219978922005 	 0.0
0.6290219978922005 	 0.0
0.6300219978922005 	 0.0
0.6310219978922005 	 0.0
0.6320219978922005 	 0.0
0.6330219978922005 	 0.0
0.6340219978922005 	 0.0
0.6350219978922005 	 0.0
0.6360219978922005 	 0.0
0.6370219978922005 	 0.0
0.6380219978922005 	 0.0
0.6390219978922005 	 0.0
0.6400219978922005 	 0.0
0.6410219978922005 	 0.0
0.6420219978922005 	 0.0
0.6430219978922005 	 0.0
0.6440219978922005 	 0.0
0.6450219978922005 	 0.0
0.6460219978922005 	 0.0
0.6470219978922005 	 0.0
0.6480219978922005 	 0.0
0.6490219978922005 	 0.0
0.6500219978922005 	 0.0
0.6510219978922005 	 0.0
0.6520219978922005 	 0.0
0.6530219978922005 	 0.0
0.6540219978922005 	 0.0
0.6550219978922005 	 0.0
0.6560219978922005 	 0.0
0.6570219978922005 	 0.0
0.6580219978922005 	 0.0
0.6590219978922005 	 0.0
0.6600219978922005 	 0.0
0.6610219978922005 	 0.0
0.6620219978922005 	 0.0
0.6630219978922005 	 0.0
0.6640219978922005 	 0.0
0.6650219978922005 	 0.0
0.6660219978922005 	 0.0
0.6670219978922005 	 0.0
0.6680219978922005 	 0.0
0.6690219978922005 	 0.0
0.6700219978922005 	 0.0
0.6710219978922005 	 0.0
0.6720219978922005 	 0.0
0.6730219978922005 	 0.0
0.6740219978922005 	 0.0
0.6750219978922005 	 0.0
0.6760219978922005 	 0.0
0.6770219978922005 	 0.0
0.6780219978922005 	 0.0
0.6790219978922005 	 0.0
0.6800219978922005 	 0.0
0.6810219978922005 	 0.0
0.6820219978922005 	 0.0
0.6830219978922005 	 0.0
0.6840219978922005 	 0.0
0.6850219978922005 	 0.0
0.6860219978922005 	 0.0
0.6870219978922005 	 0.0
0.6880219978922005 	 0.0
0.6890219978922005 	 0.0
0.6900219978922005 	 0.0
0.6910219978922005 	 0.0
0.6920219978922005 	 0.0
0.6930219978922005 	 0.0
0.6940219978922005 	 0.0
0.6950219978922005 	 0.0
0.6960219978922005 	 0.0
0.6970219978922005 	 0.0
0.6980219978922005 	 0.0
0.6990219978922005 	 0.0
0.7000219978922005 	 0.0
0.7010219978922005 	 0.0
0.7020219978922005 	 0.0
0.7030219978922005 	 0.0
0.7040219978922005 	 0.0
0.7050219978922005 	 0.0
0.7060219978922005 	 0.0
0.7070219978922005 	 0.0
0.7080219978922005 	 0.0
0.7090219978922006 	 0.0
0.7100219978922006 	 0.0
0.7110219978922006 	 0.0
0.7120219978922006 	 0.0
0.7130219978922006 	 0.0
0.7140219978922006 	 0.0
0.7150219978922006 	 0.0
0.7160219978922006 	 0.0
0.7170219978922006 	 0.0
0.7180219978922006 	 0.0
0.7190219978922006 	 0.0
0.7200219978922006 	 0.0
0.7210219978922006 	 0.0
0.7220219978922006 	 0.0
0.7230219978922006 	 0.0
0.7240219978922006 	 0.0
0.7250219978922006 	 0.0
0.7260219978922006 	 0.0
0.7270219978922006 	 0.0
0.7280219978922006 	 0.0
0.7290219978922006 	 0.0
0.7300219978922006 	 0.0
0.7310219978922006 	 0.0
0.7320219978922006 	 0.0
0.7330219978922006 	 0.0
0.7340219978922006 	 0.0
0.7350219978922006 	 0.0
0.7360219978922006 	 0.0
0.7370219978922006 	 0.0
0.7380219978922006 	 0.0
0.7390219978922006 	 0.0
0.7400219978922006 	 0.0
0.7410219978922006 	 0.0
0.7420219978922006 	 0.0
0.7430219978922006 	 0.0
0.7440219978922006 	 0.0
0.7450219978922006 	 0.0
0.7460219978922006 	 0.0
0.7470219978922006 	 0.0
0.7480219978922006 	 0.0
0.7490219978922006 	 0.0
0.7500219978922006 	 0.0
0.7510219978922006 	 0.0
0.7520219978922006 	 0.0
0.7530219978922006 	 0.0
0.7540219978922006 	 0.0
0.7550219978922006 	 0.0
0.7560219978922006 	 0.0
0.7570219978922006 	 0.0
0.7580219978922006 	 0.0
0.7590219978922006 	 0.0
0.7600219978922006 	 0.0
0.7610219978922006 	 0.0
0.7620219978922006 	 0.0
0.7630219978922006 	 0.0
0.7640219978922006 	 0.0
0.7650219978922006 	 0.0
0.7660219978922006 	 0.0
0.7670219978922006 	 0.0
0.7680219978922006 	 0.0
0.7690219978922006 	 0.0
0.7700219978922006 	 0.0
0.7710219978922006 	 0.0
0.7720219978922006 	 0.0
0.7730219978922006 	 0.0
0.7740219978922006 	 0.0
0.7750219978922006 	 0.0
0.7760219978922006 	 0.0
0.7770219978922006 	 0.0
0.7780219978922006 	 0.0
0.7790219978922006 	 0.0
0.7800219978922006 	 0.0
0.7810219978922006 	 0.0
0.7820219978922006 	 0.0
0.7830219978922006 	 0.0
0.7840219978922006 	 0.0
0.7850219978922006 	 0.0
0.7860219978922006 	 0.0
0.7870219978922006 	 0.0
0.7880219978922006 	 0.0
0.7890219978922006 	 0.0
0.7900219978922006 	 0.0
0.7910219978922006 	 0.0
0.7920219978922006 	 0.0
0.7930219978922006 	 0.0
0.7940219978922006 	 0.0
0.7950219978922006 	 0.0
0.7960219978922006 	 0.0
0.7970219978922006 	 0.0
0.7980219978922006 	 0.0
0.7990219978922006 	 0.0
0.8000219978922006 	 0.0
0.8010219978922006 	 0.0
0.8020219978922006 	 0.0
0.8030219978922006 	 0.0
0.8040219978922006 	 0.0
0.8050219978922006 	 0.0
0.8060219978922006 	 0.0
0.8070219978922006 	 0.0
0.8080219978922006 	 0.0
0.8090219978922006 	 0.0
0.8100219978922006 	 0.0
0.8110219978922006 	 0.0
0.8120219978922006 	 0.0
0.8130219978922006 	 0.0
0.8140219978922006 	 0.0
0.8150219978922006 	 0.0
0.8160219978922006 	 0.0
0.8170219978922006 	 0.0
0.8180219978922006 	 0.0
0.8190219978922006 	 0.0
0.8200219978922006 	 0.0
0.8210219978922007 	 0.0
0.8220219978922007 	 0.0
0.8230219978922007 	 0.0
0.8240219978922007 	 0.0
0.8250219978922007 	 0.0
0.8260219978922007 	 0.0
0.8270219978922007 	 0.0
0.8280219978922007 	 0.0
0.8290219978922007 	 0.0
0.8300219978922007 	 0.0
0.8310219978922007 	 0.0
0.8320219978922007 	 0.0
0.8330219978922007 	 0.0
0.8340219978922007 	 0.0
0.8350219978922007 	 0.0
0.8360219978922007 	 0.0
0.8370219978922007 	 0.0
0.8380219978922007 	 0.0
0.8390219978922007 	 0.0
0.8400219978922007 	 0.0
0.8410219978922007 	 0.0
0.8420219978922007 	 0.0
0.8430219978922007 	 0.0
0.8440219978922007 	 0.0
0.8450219978922007 	 0.0
0.8460219978922007 	 0.0
0.8470219978922007 	 0.0
0.8480219978922007 	 0.0
0.8490219978922007 	 0.0
0.8500219978922007 	 0.0
0.8510219978922007 	 0.0
0.8520219978922007 	 0.0
0.8530219978922007 	 0.0
0.8540219978922007 	 0.0
0.8550219978922007 	 0.0
0.8560219978922007 	 0.0
0.8570219978922007 	 0.0
0.8580219978922007 	 0.0
0.8590219978922007 	 0.0
0.8600219978922007 	 0.0
0.8610219978922007 	 0.0
0.8620219978922007 	 0.0
0.8630219978922007 	 0.0
0.8640219978922007 	 0.0
0.8650219978922007 	 0.0
0.8660219978922007 	 0.0
0.8670219978922007 	 0.0
0.8680219978922007 	 0.0
0.8690219978922007 	 0.0
0.8700219978922007 	 0.0
0.8710219978922007 	 0.0
0.8720219978922007 	 0.0
0.8730219978922007 	 0.0
0.8740219978922007 	 0.0
0.8750219978922007 	 0.0
0.8760219978922007 	 0.0
0.8770219978922007 	 0.0
0.8780219978922007 	 0.0
0.8790219978922007 	 0.0
0.8800219978922007 	 0.0
0.8810219978922007 	 0.0
0.8820219978922007 	 0.0
0.8830219978922007 	 0.0
0.8840219978922007 	 0.0
0.8850219978922007 	 0.0
0.8860219978922007 	 0.0
0.8870219978922007 	 0.0
0.8880219978922007 	 0.0
0.8890219978922007 	 0.0
0.8900219978922007 	 0.0
0.8910219978922007 	 0.0
0.8920219978922007 	 0.0
0.8930219978922007 	 0.0
0.8940219978922007 	 0.0
0.8950219978922007 	 0.0
0.8960219978922007 	 0.0
0.8970219978922007 	 0.0
0.8980219978922007 	 0.0
0.8990219978922007 	 0.0
0.9000219978922007 	 0.0
0.9010219978922007 	 0.0
0.9020219978922007 	 0.0
0.9030219978922007 	 0.0
0.9040219978922007 	 0.0
0.9050219978922007 	 0.0
0.9060219978922007 	 0.0
0.9070219978922007 	 0.0
0.9080219978922007 	 0.0
0.9090219978922007 	 0.0
0.9100219978922007 	 0.0
0.9110219978922007 	 0.0
0.9120219978922007 	 0.0
0.9130219978922007 	 0.0
0.9140219978922007 	 0.0
0.9150219978922007 	 0.0
0.9160219978922007 	 0.0
0.9170219978922007 	 0.0
0.9180219978922007 	 0.0
0.9190219978922007 	 0.0
0.9200219978922007 	 0.0
0.9210219978922007 	 0.0
0.9220219978922007 	 0.0
0.9230219978922007 	 0.0
0.9240219978922007 	 0.0
0.9250219978922007 	 0.0
0.9260219978922007 	 0.0
0.9270219978922007 	 0.0
0.9280219978922007 	 0.0
0.9290219978922007 	 0.0
0.9300219978922007 	 0.0
0.9310219978922007 	 0.0
0.9320219978922007 	 0.0
0.9330219978922007 	 0.0
0.9340219978922008 	 0.0
0.9350219978922008 	 0.0
0.9360219978922008 	 0.0
0.9370219978922008 	 0.0
0.9380219978922008 	 0.0
0.9390219978922008 	 0.0
0.9400219978922008 	 0.0
0.9410219978922008 	 0.0
0.9420219978922008 	 0.0
0.9430219978922008 	 0.0
0.9440219978922008 	 0.0
0.9450219978922008 	 0.0
0.9460219978922008 	 0.0
0.9470219978922008 	 0.0
0.9480219978922008 	 0.0
0.9490219978922008 	 0.0
0.9500219978922008 	 0.0
0.9510219978922008 	 0.0
0.9520219978922008 	 0.0
0.9530219978922008 	 0.0
0.9540219978922008 	 0.0
0.9550219978922008 	 0.0
0.9560219978922008 	 0.0
0.9570219978922008 	 0.0
0.9580219978922008 	 0.0
0.9590219978922008 	 0.0
0.9600219978922008 	 0.0
0.9610219978922008 	 0.0
0.9620219978922008 	 0.0
0.9630219978922008 	 0.0
0.9640219978922008 	 0.0
0.9650219978922008 	 0.0
0.9660219978922008 	 0.0
0.9670219978922008 	 0.0
0.9680219978922008 	 0.0
0.9690219978922008 	 0.0
0.9700219978922008 	 0.0
0.9710219978922008 	 0.0
0.9720219978922008 	 0.0
0.9730219978922008 	 0.0
0.9740219978922008 	 0.0
0.9750219978922008 	 0.0
0.9760219978922008 	 0.0
0.9770219978922008 	 0.0
0.9780219978922008 	 0.0
0.9790219978922008 	 0.0
0.9800219978922008 	 0.0
0.9810219978922008 	 0.0
0.9820219978922008 	 0.0
0.9830219978922008 	 0.0
0.9840219978922008 	 0.0
0.9850219978922008 	 0.0
0.9860219978922008 	 0.0
0.9870219978922008 	 0.0
0.9880219978922008 	 0.0
0.9890219978922008 	 0.0
0.9900219978922008 	 0.0
0.9910219978922008 	 0.0
0.9920219978922008 	 0.0
0.9930219978922008 	 0.0
0.9940219978922008 	 0.0
0.9950219978922008 	 0.0
0.9960219978922008 	 0.0
0.9970219978922008 	 0.0
0.9980219978922008 	 0.0
0.9990219978922008 	 0.0
1.0000219978922007 	 0.0
1.0010219978922006 	 0.0
1.0020219978922005 	 0.0
1.0030219978922004 	 0.0
1.0040219978922003 	 0.0
1.0050219978922001 	 0.0
1.0060219978922 	 0.0
1.0070219978922 	 0.0
1.0080219978921998 	 0.0
1.0090219978921997 	 0.0
1.0100219978921996 	 0.0
1.0110219978921995 	 0.0
1.0120219978921994 	 0.0
1.0130219978921993 	 0.0
1.0140219978921992 	 0.0
1.015021997892199 	 0.0
1.016021997892199 	 0.0
1.0170219978921988 	 0.0
1.0180219978921987 	 0.0
1.0190219978921986 	 0.0
1.0200219978921985 	 0.0
1.0210219978921984 	 0.0
1.0220219978921983 	 0.0
1.0230219978921982 	 0.0
1.024021997892198 	 0.0
1.025021997892198 	 0.0
1.0260219978921978 	 0.0
1.0270219978921977 	 0.0
1.0280219978921976 	 0.0
1.0290219978921975 	 0.0
1.0300219978921974 	 0.0
1.0310219978921973 	 0.0
1.0320219978921972 	 0.0
1.033021997892197 	 0.0
1.034021997892197 	 0.0
1.0350219978921968 	 0.0
1.0360219978921967 	 0.0
1.0370219978921966 	 0.0
1.0380219978921965 	 0.0
1.0390219978921964 	 0.0
1.0400219978921963 	 0.0
1.0410219978921962 	 0.0
1.042021997892196 	 0.0
1.043021997892196 	 0.0
1.0440219978921959 	 0.0
1.0450219978921957 	 0.0
1.0460219978921956 	 0.0
1.0470219978921955 	 0.0
1.0480219978921954 	 0.0
1.0490219978921953 	 0.0
1.0500219978921952 	 0.0
1.051021997892195 	 0.0
1.052021997892195 	 0.0
1.0530219978921949 	 0.0
1.0540219978921948 	 0.0
1.0550219978921946 	 0.0
1.0560219978921945 	 0.0
1.0570219978921944 	 0.0
1.0580219978921943 	 0.0
1.0590219978921942 	 0.0
1.060021997892194 	 0.0
1.061021997892194 	 0.0
1.0620219978921939 	 0.0
1.0630219978921938 	 0.0
1.0640219978921936 	 0.0
1.0650219978921935 	 0.0
1.0660219978921934 	 0.0
1.0670219978921933 	 0.0
1.0680219978921932 	 0.0
1.069021997892193 	 0.0
1.070021997892193 	 0.0
1.0710219978921929 	 0.0
1.0720219978921928 	 0.0
1.0730219978921927 	 0.0
1.0740219978921925 	 0.0
1.0750219978921924 	 0.0
1.0760219978921923 	 0.0
1.0770219978921922 	 0.0
1.078021997892192 	 0.0
1.079021997892192 	 0.0
1.0800219978921919 	 0.0
1.0810219978921918 	 0.0
1.0820219978921917 	 0.0
1.0830219978921916 	 0.0
1.0840219978921914 	 0.0
1.0850219978921913 	 0.0
1.0860219978921912 	 0.0
1.0870219978921911 	 0.0
1.088021997892191 	 0.0
1.089021997892191 	 0.0
1.0900219978921908 	 0.0
1.0910219978921907 	 0.0
1.0920219978921906 	 0.0
1.0930219978921905 	 0.0
1.0940219978921903 	 0.0
1.0950219978921902 	 0.0
1.0960219978921901 	 0.0
1.09702199789219 	 0.0
1.09802199789219 	 0.0
1.0990219978921898 	 0.0
1.1000219978921897 	 0.0
1.1010219978921896 	 0.0
1.1020219978921895 	 0.0
1.1030219978921894 	 0.0
1.1040219978921892 	 0.0
1.1050219978921891 	 0.0
1.106021997892189 	 0.0
1.107021997892189 	 0.0
1.1080219978921888 	 0.0
1.1090219978921887 	 0.0
1.1100219978921886 	 0.0
1.1110219978921885 	 0.0
1.1120219978921884 	 0.0
1.1130219978921883 	 0.0
1.1140219978921881 	 0.0
1.115021997892188 	 0.0
1.116021997892188 	 0.0
1.1170219978921878 	 0.0
1.1180219978921877 	 0.0
1.1190219978921876 	 0.0
1.1200219978921875 	 0.0
1.1210219978921874 	 0.0
1.1220219978921873 	 0.0
1.1230219978921872 	 0.0
1.124021997892187 	 0.0
1.125021997892187 	 0.0
1.1260219978921868 	 0.0
1.1270219978921867 	 0.0
1.1280219978921866 	 0.0
1.1290219978921865 	 0.0
1.1300219978921864 	 0.0
1.1310219978921863 	 0.0
1.1320219978921862 	 0.0
1.133021997892186 	 0.0
1.134021997892186 	 0.0
1.1350219978921858 	 0.0
1.1360219978921857 	 0.0
1.1370219978921856 	 0.0
1.1380219978921855 	 0.0
1.1390219978921854 	 0.0
1.1400219978921853 	 0.0
1.1410219978921852 	 0.0
1.142021997892185 	 0.0
1.143021997892185 	 0.0
1.1440219978921848 	 0.0
1.1450219978921847 	 0.0
1.1460219978921846 	 0.0
1.1470219978921845 	 0.0
1.1480219978921844 	 0.0
1.1490219978921843 	 0.0
1.1500219978921842 	 0.0
1.151021997892184 	 0.0
1.152021997892184 	 0.0
1.1530219978921838 	 0.0
1.1540219978921837 	 0.0
1.1550219978921836 	 0.0
1.1560219978921835 	 0.0
1.1570219978921834 	 0.0
1.1580219978921833 	 0.0
1.1590219978921832 	 0.0
1.160021997892183 	 0.0
1.161021997892183 	 0.0
1.1620219978921829 	 0.0
1.1630219978921827 	 0.0
1.1640219978921826 	 0.0
1.1650219978921825 	 0.0
1.1660219978921824 	 0.0
1.1670219978921823 	 0.0
1.1680219978921822 	 0.0
1.169021997892182 	 0.0
1.170021997892182 	 0.0
1.1710219978921819 	 0.0
1.1720219978921818 	 0.0
1.1730219978921816 	 0.0
1.1740219978921815 	 0.0
1.1750219978921814 	 0.0
1.1760219978921813 	 0.0
1.1770219978921812 	 0.0
1.178021997892181 	 0.0
1.179021997892181 	 0.0
1.1800219978921809 	 0.0
1.1810219978921808 	 0.0
1.1820219978921807 	 0.0
1.1830219978921805 	 0.0
1.1840219978921804 	 0.0
1.1850219978921803 	 0.0
1.1860219978921802 	 0.0
1.18702199789218 	 0.0
1.18802199789218 	 0.0
1.1890219978921799 	 0.0
1.1900219978921798 	 0.0
1.1910219978921797 	 0.0
1.1920219978921796 	 0.0
1.1930219978921794 	 0.0
1.1940219978921793 	 0.0
1.1950219978921792 	 0.0
1.1960219978921791 	 0.0
1.197021997892179 	 0.0
1.198021997892179 	 0.0
1.1990219978921788 	 0.0
1.2000219978921787 	 0.0
1.2010219978921786 	 0.0
1.2020219978921785 	 0.0
1.2030219978921783 	 0.0
1.2040219978921782 	 0.0
1.2050219978921781 	 0.0
1.206021997892178 	 0.0
1.207021997892178 	 0.0
1.2080219978921778 	 0.0
1.2090219978921777 	 0.0
1.2100219978921776 	 0.0
1.2110219978921775 	 0.0
1.2120219978921773 	 0.0
1.2130219978921772 	 0.0
1.2140219978921771 	 0.0
1.215021997892177 	 0.0
1.216021997892177 	 0.0
1.2170219978921768 	 0.0
1.2180219978921767 	 0.0
1.2190219978921766 	 0.0
1.2200219978921765 	 0.0
1.2210219978921764 	 0.0
1.2220219978921762 	 0.0
1.2230219978921761 	 0.0
1.224021997892176 	 0.0
1.225021997892176 	 0.0
1.2260219978921758 	 0.0
1.2270219978921757 	 0.0
1.2280219978921756 	 0.0
1.2290219978921755 	 0.0
1.2300219978921754 	 0.0
1.2310219978921753 	 0.0
1.2320219978921751 	 0.0
1.233021997892175 	 0.0
1.234021997892175 	 0.0
1.2350219978921748 	 0.0
1.2360219978921747 	 0.0
1.2370219978921746 	 0.0
1.2380219978921745 	 0.0
1.2390219978921744 	 0.0
1.2400219978921743 	 0.0
1.2410219978921742 	 0.0
1.242021997892174 	 0.0
1.243021997892174 	 0.0
1.2440219978921738 	 0.0
1.2450219978921737 	 0.0
1.2460219978921736 	 0.0
1.2470219978921735 	 0.0
1.2480219978921734 	 0.0
1.2490219978921733 	 0.0
1.2500219978921732 	 0.0
1.251021997892173 	 0.0
1.252021997892173 	 0.0
1.2530219978921728 	 0.0
1.2540219978921727 	 0.0
1.2550219978921726 	 0.0
1.2560219978921725 	 0.0
1.2570219978921724 	 0.0
1.2580219978921723 	 0.0
1.2590219978921722 	 0.0
1.260021997892172 	 0.0
1.261021997892172 	 0.0
1.2620219978921718 	 0.0
1.2630219978921717 	 0.0
1.2640219978921716 	 0.0
1.2650219978921715 	 0.0
1.2660219978921714 	 0.0
1.2670219978921713 	 0.0
1.2680219978921712 	 0.0
1.269021997892171 	 0.0
1.270021997892171 	 0.0
1.2710219978921709 	 0.0
1.2720219978921707 	 0.0
1.2730219978921706 	 0.0
1.2740219978921705 	 0.0
1.2750219978921704 	 0.0
1.2760219978921703 	 0.0
1.2770219978921702 	 0.0
1.27802199789217 	 0.0
1.27902199789217 	 0.0
1.2800219978921699 	 0.0
1.2810219978921698 	 0.0
1.2820219978921696 	 0.0
1.2830219978921695 	 0.0
1.2840219978921694 	 0.0
1.2850219978921693 	 0.0
1.2860219978921692 	 0.0
1.287021997892169 	 0.0
1.288021997892169 	 0.0
1.2890219978921689 	 0.0
1.2900219978921688 	 0.0
1.2910219978921686 	 0.0
1.2920219978921685 	 0.0
1.2930219978921684 	 0.0
1.2940219978921683 	 0.0
1.2950219978921682 	 0.0
1.296021997892168 	 0.0
1.297021997892168 	 0.0
1.2980219978921679 	 0.0
1.2990219978921678 	 0.0
1.3000219978921677 	 0.0
1.3010219978921675 	 0.0
1.3020219978921674 	 0.0
1.3030219978921673 	 0.0
1.3040219978921672 	 0.0
1.305021997892167 	 0.0
1.306021997892167 	 0.0
1.3070219978921669 	 0.0
1.3080219978921668 	 0.0
1.3090219978921667 	 0.0
1.3100219978921666 	 0.0
1.3110219978921664 	 0.0
1.3120219978921663 	 0.0
1.3130219978921662 	 0.0
1.3140219978921661 	 0.0
1.315021997892166 	 0.0
1.316021997892166 	 0.0
1.3170219978921658 	 0.0
1.3180219978921657 	 0.0
1.3190219978921656 	 0.0
1.3200219978921655 	 0.0
1.3210219978921653 	 0.0
1.3220219978921652 	 0.0
1.3230219978921651 	 0.0
1.324021997892165 	 0.0
1.325021997892165 	 0.0
1.3260219978921648 	 0.0
1.3270219978921647 	 0.0
1.3280219978921646 	 0.0
1.3290219978921645 	 0.0
1.3300219978921644 	 0.0
1.3310219978921642 	 0.0
1.3320219978921641 	 0.0
1.333021997892164 	 0.0
1.334021997892164 	 0.0
1.3350219978921638 	 0.0
1.3360219978921637 	 0.0
1.3370219978921636 	 0.0
1.3380219978921635 	 0.0
1.3390219978921634 	 0.0
1.3400219978921633 	 0.0
1.3410219978921631 	 0.0
1.342021997892163 	 0.0
1.343021997892163 	 0.0
1.3440219978921628 	 0.0
1.3450219978921627 	 0.0
1.3460219978921626 	 0.0
1.3470219978921625 	 0.0
1.3480219978921624 	 0.0
1.3490219978921623 	 0.0
1.3500219978921622 	 0.0
1.351021997892162 	 0.0
1.352021997892162 	 0.0
1.3530219978921618 	 0.0
1.3540219978921617 	 0.0
1.3550219978921616 	 0.0
1.3560219978921615 	 0.0
1.3570219978921614 	 0.0
1.3580219978921613 	 0.0
1.3590219978921612 	 0.0
1.360021997892161 	 0.0
1.361021997892161 	 0.0
1.3620219978921608 	 0.0
1.3630219978921607 	 0.0
1.3640219978921606 	 0.0
1.3650219978921605 	 0.0
1.3660219978921604 	 0.0
1.3670219978921603 	 0.0
1.3680219978921602 	 0.0
1.36902199789216 	 0.0
1.37002199789216 	 0.0
1.3710219978921598 	 0.0
1.3720219978921597 	 0.0
1.3730219978921596 	 0.0
1.3740219978921595 	 0.0
1.3750219978921594 	 0.0
1.3760219978921593 	 0.0
1.3770219978921592 	 0.0
1.378021997892159 	 0.0
1.379021997892159 	 0.0
1.3800219978921588 	 0.0
1.3810219978921587 	 0.0
1.3820219978921586 	 0.0
1.3830219978921585 	 0.0
1.3840219978921584 	 0.0
1.3850219978921583 	 0.0
1.3860219978921582 	 0.0
1.387021997892158 	 0.0
1.388021997892158 	 0.0
1.3890219978921579 	 0.0
1.3900219978921577 	 0.0
1.3910219978921576 	 0.0
1.3920219978921575 	 0.0
1.3930219978921574 	 0.0
1.3940219978921573 	 0.0
1.3950219978921572 	 0.0
1.396021997892157 	 0.0
1.397021997892157 	 0.0
1.3980219978921569 	 0.0
1.3990219978921568 	 0.0
1.4000219978921566 	 4.28264933542297e-05
1.4010219978921565 	 4.2442406659765525e-05
1.4020219978921564 	 4.204996655978912e-05
1.4030219978921563 	 4.164903734294952e-05
1.4040219978921562 	 4.1239496091730476e-05
1.405021997892156 	 4.0821233586335646e-05
1.406021997892156 	 4.0394155356532434e-05
1.4070219978921559 	 3.995818292223492e-05
1.4080219978921558 	 3.951325448782361e-05
1.4090219978921557 	 3.905932586773759e-05
1.4100219978921555 	 3.859637151711179e-05
1.4110219978921554 	 3.8124375331664386e-05
1.4120219978921553 	 3.764330485360407e-05
1.4130219978921552 	 3.715314537569625e-05
1.414021997892155 	 3.665393893877458e-05
1.415021997892155 	 3.6145781249027724e-05
1.4160219978921549 	 3.562879373039116e-05
1.4170219978921548 	 3.510312338590735e-05
1.4180219978921547 	 3.456894370860959e-05
1.4190219978921546 	 3.4026455590638284e-05
1.4200219978921544 	 3.3475888208267895e-05
1.4210219978921543 	 3.291749990786484e-05
1.4220219978921542 	 3.235157917896902e-05
1.4230219978921541 	 3.177844543305945e-05
1.424021997892154 	 3.119844948036634e-05
1.425021997892154 	 3.061197413330767e-05
1.4260219978921538 	 3.001943476876677e-05
1.4270219978921537 	 2.9421279770169683e-05
1.4280219978921536 	 2.881799119745213e-05
1.4290219978921535 	 2.8210085307286967e-05
1.4300219978921533 	 2.7598112989629154e-05
1.4310219978921532 	 2.6982660261610465e-05
1.4320219978921531 	 2.6364348927309894e-05
1.433021997892153 	 2.57438367186298e-05
1.434021997892153 	 2.5121817352716114e-05
1.4350219978921528 	 2.449902074707065e-05
1.4360219978921527 	 2.3876213229202422e-05
1.4370219978921526 	 2.3254197669402827e-05
1.4380219978921525 	 2.263381459285561e-05
1.4390219978921523 	 2.201593869874405e-05
1.4400219978921522 	 2.140147666855709e-05
1.4410219978921521 	 2.0791373158635663e-05
1.442021997892152 	 2.0186611192563624e-05
1.443021997892152 	 1.9588212272119895e-05
1.4440219978921518 	 1.899723625615716e-05
1.4450219978921517 	 1.8414781341770774e-05
1.4460219978921516 	 1.7841983992142325e-05
1.4470219978921515 	 1.728001884537069e-05
1.4480219978921514 	 1.673009863365651e-05
1.4490219978921512 	 1.6193474052489435e-05
1.4500219978921511 	 1.5671433589455548e-05
1.451021997892151 	 1.5165304054246983e-05
1.452021997892151 	 1.4676452177172612e-05
1.4530219978921508 	 1.4206281980511682e-05
1.4540219978921507 	 1.3756233784267324e-05
1.4550219978921506 	 1.3327783920658479e-05
1.4560219978921505 	 1.2922444434555326e-05
1.4570219978921504 	 1.2541761324494565e-05
1.4580219978921503 	 1.2187310638346011e-05
1.4590219978921501 	 1.186070267546979e-05
1.46002199789215 	 1.1563582725270512e-05
1.46102199789215 	 1.1297630420811617e-05
1.4620219978921498 	 1.1064559049775837e-05
1.4630219978921497 	 1.086611529813599e-05
1.4640219978921496 	 1.0704086607996287e-05
1.4650219978921495 	 1.0580299299411422e-05
1.4660219978921494 	 1.0496610028866488e-05
1.4670219978921493 	 1.0454905262958706e-05
1.4680219978921492 	 1.0457101101129257e-05
1.469021997892149 	 1.050514310749446e-05
1.470021997892149 	 1.0601006155185545e-05
1.4710219978921488 	 1.0746690754099663e-05
1.4720219978921487 	 1.0944212804003064e-05
1.4730219978921486 	 1.1195612457111894e-05
1.4740219978921485 	 1.1502956042297831e-05
1.4750219978921484 	 1.1868334920595108e-05
1.4760219978921483 	 1.2293864300941552e-05
1.4770219978921482 	 1.278168200647182e-05
1.478021997892148 	 1.3333947219107142e-05
1.479021997892148 	 1.3952839178445003e-05
1.4800219978921478 	 1.4640555831226557e-05
1.4810219978921477 	 1.539931244507587e-05
1.4820219978921476 	 1.623134016048705e-05
1.4830219978921475 	 1.7138900617209523e-05
1.4840219978921474 	 1.8124335269477987e-05
1.4850219978921473 	 1.9190031174396534e-05
1.4860219978921472 	 2.0338410761413186e-05
1.487021997892147 	 2.157193441787513e-05
1.488021997892147 	 2.2893098127766782e-05
1.4890219978921468 	 2.430432504335275e-05
1.4900219978921467 	 2.5807940903372717e-05
1.4910219978921466 	 2.740616202510889e-05
1.4920219978921465 	 2.9100929361908237e-05
1.4930219978921464 	 3.089453155622202e-05
1.4940219978921463 	 3.278937835246804e-05
1.4950219978921462 	 3.478789422489049e-05
1.496021997892146 	 3.6892519101229e-05
1.497021997892146 	 3.910570904142614e-05
1.4980219978921459 	 4.1429937274139654e-05
1.4990219978921457 	 4.386769523161539e-05
1.5000219978921456 	 4.642149361775204e-05
1.5010219978921455 	 4.909386353952237e-05
1.5020219978921454 	 5.1887357718328286e-05
1.5030219978921453 	 5.480455191474863e-05
1.5040219978921452 	 5.7848046248564324e-05
1.505021997892145 	 6.1020466649246624e-05
1.506021997892145 	 6.432443606475974e-05
1.5070219978921449 	 6.776248086241398e-05
1.5080219978921447 	 7.133700393740965e-05
1.5090219978921446 	 7.505001323107737e-05
1.5100219978921445 	 7.890332444081961e-05
1.5110219978921444 	 8.289884671362233e-05
1.5120219978921443 	 8.703926336843648e-05
1.5130219978921442 	 9.132751464193863e-05
1.514021997892144 	 9.576629931424456e-05
1.515021997892144 	 0.00010035802457955567
1.5160219978921439 	 0.00010510507279515484
1.5170219978921438 	 0.00011000981174916175
1.5180219978921436 	 0.00011507459369744036
1.5190219978921435 	 0.00012030175431709006
1.5200219978921434 	 0.000125693611618389
1.5210219978921433 	 0.00013125246369047889
1.5220219978921432 	 0.0001369805864017846
1.523021997892143 	 0.00014288023785903606
1.524021997892143 	 0.00014895365455093614
1.5250219978921429 	 0.00015520304991494706
1.5260219978921428 	 0.00016163060424205256
1.5270219978921427 	 0.00016823847471412578
1.5280219978921425 	 0.00017502879788826165
1.5290219978921424 	 0.00018200368285855854
1.5300219978921423 	 0.00018916520647763985
1.5310219978921422 	 0.00019651543827294644
1.532021997892142 	 0.00020405650236381893
1.533021997892142 	 0.0002117905266017714
1.5340219978921419 	 0.00021971962521870098
1.5350219978921418 	 0.0002278458985967961
1.5360219978921417 	 0.00023617143341842702
1.5370219978921416 	 0.0002446983029057042
1.5380219978921414 	 0.00025342856362582953
1.5390219978921413 	 0.0002623641905564428
1.5400219978921412 	 0.00027150706997686305
1.5410219978921411 	 0.00028085905410963827
1.542021997892141 	 0.0002904219637056785
1.543021997892141 	 0.00030019758837322095
1.5440219978921408 	 0.00031018768450061116
1.5450219978921407 	 0.00032039397414199616
1.5460219978921406 	 0.0003308181446069984
1.5470219978921405 	 0.00034146194732351373
1.5480219978921403 	 0.0003523274899682218
1.5490219978921402 	 0.00036341699223224014
1.5500219978921401 	 0.00037473218559849216
1.55102199789214 	 0.0003862732232560084
1.55202199789214 	 0.0003980413238234727
1.5530219978921398 	 0.000410038062992473
1.5540219978921397 	 0.0004222649956445264
1.5550219978921396 	 0.00043472365537603695
1.5560219978921395 	 0.0004474155554463062
1.5570219978921394 	 0.00046034219120915504
1.5580219978921392 	 0.0004735050385303827
1.5590219978921391 	 0.00048690555346073464
1.560021997892139 	 0.0005005451726442342
1.561021997892139 	 0.0005144253150048514
1.5620219978921388 	 0.0005285473870169404
1.5630219978921387 	 0.0005429127550252197
1.5640219978921386 	 0.0005575221655302364
1.5650219978921385 	 0.0005723757052993587
1.5660219978921384 	 0.0005874733049858613
1.5670219978921383 	 0.000602814762981191
1.5680219978921381 	 0.0006183981052648485
1.569021997892138 	 0.0006342213185918613
1.570021997892138 	 0.0006502848003977468
1.5710219978921378 	 0.0006665884967793772
1.5720219978921377 	 0.0006831341289308904
1.5730219978921376 	 0.0006999239484742234
1.5740219978921375 	 0.0007169603409419767
1.5750219978921374 	 0.0007342458571543057
1.5760219978921373 	 0.0007517832481606427
1.5770219978921372 	 0.0007695755102854269
1.578021997892137 	 0.0007876259142777457
1.579021997892137 	 0.0008059380473037702
1.5800219978921368 	 0.0008245158648365185
1.5810219978921367 	 0.0008433637502589615
1.5820219978921366 	 0.0008624865819885041
1.5830219978921365 	 0.0008818897928033328
1.5840219978921364 	 0.0009015794208811388
1.5850219978921363 	 0.0009215621433010204
1.5860219978921362 	 0.0009418452794552974
1.587021997892136 	 0.0009624367489699656
1.588021997892136 	 0.0009833416194422427
1.5890219978921358 	 0.0010045204726727797
1.5900219978921357 	 0.0010259604890852307
1.5910219978921356 	 0.001047667483136384
1.5920219978921355 	 0.0010696461869724174
1.5930219978921354 	 0.0010919000755270829
1.5940219978921353 	 0.0011144312271412257
1.5950219978921352 	 0.0011372403487602885
1.596021997892135 	 0.0011603270422045732
1.597021997892135 	 0.00118369028390298
1.5980219978921348 	 0.0012073289931922879
1.5990219978921347 	 0.0012312426084519713
1.6000219978921346 	 0.0012554315668050684
1.6010219978921345 	 0.0012798963307753966
1.6020219978921344 	 0.0013046338059888789
1.6030219978921343 	 0.0013296407250488983
1.6040219978921342 	 0.0013549146266698658
1.605021997892134 	 0.0013804536806285444
1.606021997892134 	 0.001406256497607861
1.6070219978921338 	 0.0014323219557379843
1.6080219978921337 	 0.0014586490374893946
1.6090219978921336 	 0.0014852367040370604
1.6100219978921335 	 0.001512083802466938
1.6110219978921334 	 0.001539190183250431
1.6120219978921333 	 0.001566560044400281
1.6130219978921332 	 0.0015941986516300503
1.614021997892133 	 0.001622109425624139
1.615021997892133 	 0.0016502939043882266
1.6160219978921329 	 0.0016787534788615566
1.6170219978921327 	 0.001707489468134363
1.6180219978921326 	 0.001736503131810023
1.6190219978921325 	 0.0017657956792940213
1.6200219978921324 	 0.0017953682802016961
1.6210219978921323 	 0.0018252220715648051
1.6220219978921322 	 0.0018553581475299293
1.623021997892132 	 0.0018857775491756038
1.624021997892132 	 0.0019164813048650887
1.6250219978921319 	 0.0019474704492534413
1.6260219978921318 	 0.001978746025944725
1.6270219978921316 	 0.00201030907821518
1.6280219978921315 	 0.002042160676614938
1.6290219978921314 	 0.002074301934428196
1.6300219978921313 	 0.0021067340177579616
1.6310219978921312 	 0.002139456106781623
1.632021997892131 	 0.00217245954600615
1.633021997892131 	 0.0022057333146312127
1.6340219978921309 	 0.0022392690275014034
1.6350219978921308 	 0.0022730701293972384
1.6360219978921307 	 0.0023071432281301673
1.6370219978921305 	 0.0023414953272451974
1.6380219978921304 	 0.002376133734126625
1.6390219978921303 	 0.0024110631767857165
1.6400219978921302 	 0.00244628579024509
1.64102199789213 	 0.0024818037631834065
1.64202199789213 	 0.0025176193997001168
1.6430219978921299 	 0.0025537351375229805
1.6440219978921298 	 0.0025901536058162665
1.6450219978921297 	 0.0026268776450873964
1.6460219978921296 	 0.00266391029805219
1.6470219978921294 	 0.00270125476440642
1.6480219978921293 	 0.0027389144565146376
1.6490219978921292 	 0.0027768930192000637
1.650021997892129 	 0.0028151943323721897
1.651021997892129 	 0.0028538216403381773
1.652021997892129 	 0.002892775059718923
1.6530219978921288 	 0.002932053909539649
1.6540219978921287 	 0.0029716574722735015
1.6550219978921286 	 0.0030115849914221986
1.6560219978921285 	 0.0030518356375919178
1.6570219978921283 	 0.0030924084368407338
1.6580219978921282 	 0.0031333023066135762
1.6590219978921281 	 0.0031745160513198937
1.660021997892128 	 0.003216048341835902
1.661021997892128 	 0.0032579020538957685
1.6620219978921278 	 0.003300096613236676
1.6630219978921277 	 0.003342655577746059
1.6640219978921276 	 0.00338559141000432
1.6650219978921275 	 0.0034289054394487273
1.6660219978921273 	 0.0034725983391211044
1.6670219978921272 	 0.0035166704887401356
1.6680219978921271 	 0.0035611219883248035
1.669021997892127 	 0.003605952643590982
1.670021997892127 	 0.0036511619386407654
1.6710219978921268 	 0.003696749687326355
1.6720219978921267 	 0.003742717933686986
1.6730219978921266 	 0.003789069098216421
1.6740219978921265 	 0.003835805370643198
1.6750219978921264 	 0.003882928690459687
1.6760219978921262 	 0.003930440724893018
1.6770219978921261 	 0.003978342835858891
1.678021997892126 	 0.004026636088068951
1.679021997892126 	 0.004075321246385072
1.6800219978921258 	 0.00412439876819453
1.6810219978921257 	 0.0041738687974318565
1.6820219978921256 	 0.004223731163089572
1.6830219978921255 	 0.004273985413469479
1.6840219978921254 	 0.004324630794480542
1.6850219978921253 	 0.00437566624515154
1.6860219978921251 	 0.004427090404375845
1.687021997892125 	 0.004478901621707707
1.688021997892125 	 0.004531098153649087
1.6890219978921248 	 0.004583682007846642
1.6900219978921247 	 0.004636658956289948
1.6910219978921246 	 0.004690033477003725
1.6920219978921245 	 0.004743804214681901
1.6930219978921244 	 0.004797968295292859
1.6940219978921243 	 0.004852522642090753
1.6950219978921242 	 0.004907463978227644
1.696021997892124 	 0.0049627888499420856
1.697021997892124 	 0.005018493664969209
1.6980219978921238 	 0.005074574685738779
1.6990219978921237 	 0.005131028037819603
1.7000219978921236 	 0.00518784972521936
1.7010219978921235 	 0.005239485515480159
1.7020219978921234 	 0.005290914212587195
1.7030219978921233 	 0.005342537597619226
1.7040219978921232 	 0.005394353964495826
1.705021997892123 	 0.005446361590262774
1.706021997892123 	 0.005498558734494797
1.7070219978921228 	 0.005550943638658711
1.7080219978921227 	 0.005603514525435334
1.7090219978921226 	 0.005656269597998439
1.7100219978921225 	 0.005709207039249067
1.7110219978921224 	 0.005762325011003387
1.7120219978921223 	 0.005815621653132161
1.7130219978921222 	 0.005869095082649797
1.714021997892122 	 0.005922743392751011
1.715021997892122 	 0.005976564651792887
1.7160219978921218 	 0.006030556902220099
1.7170219978921217 	 0.006084718159430917
1.7180219978921216 	 0.006139046410581566
1.7190219978921215 	 0.006193539613326407
1.7200219978921214 	 0.006248195694491241
1.7210219978921213 	 0.006303012548676985
1.7220219978921212 	 0.006357988036790779
1.723021997892121 	 0.006413119984501588
1.724021997892121 	 0.00646840618061704
1.7250219978921209 	 0.006523844375378309
1.7260219978921207 	 0.0065794322786695905
1.7270219978921206 	 0.006635167558138601
1.7280219978921205 	 0.006691047837224392
1.7290219978921204 	 0.006747070693088635
1.7300219978921203 	 0.006803233654446306
1.7310219978921202 	 0.006859534199291633
1.73202199789212 	 0.006915969752514881
1.73302199789212 	 0.006972537683405495
1.7340219978921199 	 0.007029235303036842
1.7350219978921197 	 0.007086059861527601
1.7360219978921196 	 0.007143008545174822
1.7370219978921195 	 0.007200078473453126
1.7380219978921194 	 0.007257266695874776
1.7390219978921193 	 0.007314570188704712
1.7400219978921192 	 0.007371985851524594
1.741021997892119 	 0.007429510503639837
1.742021997892119 	 0.007487140880323045
1.7430219978921189 	 0.007544873628887271
1.7440219978921188 	 0.007602705304582307
1.7450219978921186 	 0.007660632366306675
1.7460219978921185 	 0.00771865117212811
1.7470219978921184 	 0.007776757974604855
1.7480219978921183 	 0.007834948915899777
1.7490219978921182 	 0.007893220022679334
1.750021997892118 	 0.007951567200788769
1.751021997892118 	 0.008009986229695051
1.7520219978921179 	 0.008068472756688415
1.7530219978921178 	 0.00812702229083357
1.7540219978921177 	 0.008185630196660815
1.7550219978921175 	 0.008244291687587566
1.7560219978921174 	 0.008303001819060301
1.7570219978921173 	 0.00836175548140661
1.7580219978921172 	 0.008420547392387085
1.759021997892117 	 0.008479372089436272
1.760021997892117 	 0.00853822392158198
1.7610219978921169 	 0.008597097041031745
1.7620219978921168 	 0.008655985394415483
1.7630219978921167 	 0.008714882713672803
1.7640219978921166 	 0.008773782506573768
1.7650219978921164 	 0.00883267804686145
1.7660219978921163 	 0.008891562364004884
1.7670219978921162 	 0.008950428232550904
1.7680219978921161 	 0.009009268161063412
1.769021997892116 	 0.009068074380638835
1.770021997892116 	 0.009126838832986687
1.7710219978921158 	 0.009185553158064443
1.7720219978921157 	 0.009244208681256185
1.7730219978921156 	 0.00930279640008525
1.7740219978921155 	 0.009361306970451127
1.7750219978921153 	 0.009419730692382262
1.7760219978921152 	 0.00947805749529644
1.7770219978921151 	 0.009536276922762063
1.778021997892115 	 0.009594378116754388
1.779021997892115 	 0.009652349801402074
1.7800219978921148 	 0.009710180266221198
1.7810219978921147 	 0.009767857348835096
1.7820219978921146 	 0.009825368417180938
1.7830219978921145 	 0.009882700351205621
1.7840219978921144 	 0.00993983952405641
1.7850219978921142 	 0.00999677178277422
1.7860219978921141 	 0.01005348242850115
1.787021997892114 	 0.01010995619621647
1.788021997892114 	 0.010166177234020156
1.7890219978921138 	 0.010222129081986612
1.7900219978921137 	 0.010277794650616557
1.7910219978921136 	 0.010333156198919719
1.7920219978921135 	 0.010388195312167767
1.7930219978921134 	 0.010442892879362073
1.7940219978921133 	 0.010497229070469115
1.7950219978921131 	 0.01055118331348314
1.796021997892113 	 0.0106047342713845
1.797021997892113 	 0.010657859819071152
1.7980219978921128 	 0.010710537020350512
1.7990219978921127 	 0.01076274210508984
1.8000219978921126 	 0.01081445044663473
1.8010219978921125 	 0.010865636539617852
1.8020219978921124 	 0.010916273978293421
1.8030219978921123 	 0.010966335435547585
1.8040219978921122 	 0.011015792642749723
1.805021997892112 	 0.01106461637062665
1.806021997892112 	 0.011112776411358901
1.8070219978921118 	 0.011160241562116535
1.8080219978921117 	 0.01120697961027167
1.8090219978921116 	 0.011252957320545246
1.8100219978921115 	 0.011298140424367043
1.8110219978921114 	 0.011342493611749856
1.8120219978921113 	 0.011385980526002456
1.8130219978921112 	 0.011428563761629033
1.814021997892111 	 0.011470204865787651
1.815021997892111 	 0.011510864343704614
1.8160219978921108 	 0.011550501668466467
1.8170219978921107 	 0.011589075295636462
1.8180219978921106 	 0.011626542683166053
1.8190219978921105 	 0.011662860317096383
1.8200219978921104 	 0.011697983743566353
1.8210219978921103 	 0.01173186760766582
1.8220219978921102 	 0.011764465699690294
1.82302199789211 	 0.01179573100937028
1.82402199789211 	 0.011825615788661316
1.8250219978921098 	 0.011854071623688942
1.8260219978921097 	 0.011881049516447664
1.8270219978921096 	 0.01190649997685065
1.8280219978921095 	 0.011930373125719328
1.8290219978921094 	 0.011952618809285736
1.8300219978921093 	 0.011973186725756825
1.8310219978921092 	 0.011992026564455758
1.832021997892109 	 0.012009088158011116
1.833021997892109 	 0.012024321648008478
1.8340219978921088 	 0.012037677664450195
1.8350219978921087 	 0.012049107519286251
1.8360219978921086 	 0.012058563414181853
1.8370219978921085 	 0.01206599866257397
1.8380219978921084 	 0.012071367925940027
1.8390219978921083 	 0.012074627464055477
1.8400219978921082 	 0.012075735398853775
1.841021997892108 	 0.012074651991321916
1.842021997892108 	 0.01207133993066763
1.8430219978921079 	 0.012065764634780977
1.8440219978921077 	 0.012057894560785477
1.8450219978921076 	 0.012047701524232473
1.8460219978921075 	 0.01203516102524072
1.8470219978921074 	 0.012020252579622843
1.8480219978921073 	 0.012002960052775404
1.8490219978921072 	 0.011983271993843827
1.850021997892107 	 0.011961181967411642
1.851021997892107 	 0.011936688879710783
1.8520219978921069 	 0.01190979729611198
1.8530219978921068 	 0.01188051774643817
1.8540219978921066 	 0.011848867014454062
1.8550219978921065 	 0.011814868407732135
1.8560219978921064 	 0.011778552003981589
1.8570219978921063 	 0.011739954869863883
1.8580219978921062 	 0.011699121248309179
1.859021997892106 	 0.011656102710400625
1.860021997892106 	 0.011610958268013033
1.8610219978921059 	 0.01156375444358195
1.8620219978921058 	 0.011514565293644297
1.8630219978921057 	 0.011463472383130842
1.8640219978921055 	 0.011410564707806797
1.8650219978921054 	 0.01135593856274572
1.8660219978921053 	 0.01129969735528006
1.8670219978921052 	 0.011241951361493918
1.868021997892105 	 0.011182817426000217
1.869021997892105 	 0.01112241860546605
1.8700219978921049 	 0.01106088375710438
1.8710219978921048 	 0.010998347074122701
1.8720219978921047 	 0.010934947570896142
1.8730219978921046 	 0.010870828521395199
1.8740219978921044 	 0.010806136855132655
1.8750219978921043 	 0.010741022515581535
1.8760219978921042 	 0.010675637786640947
1.877021997892104 	 0.010610136593272666
1.878021997892104 	 0.01054467378288705
1.879021997892104 	 0.010479404394407409
1.8800219978921038 	 0.010414482922180243
1.8810219978921037 	 0.010350062582017329
1.8820219978921036 	 0.01028629458665101
1.8830219978921034 	 0.010223327437755352
1.8840219978921033 	 0.010161306241437724
1.8850219978921032 	 0.010100372053739901
1.8860219978921031 	 0.010040661262219603
1.887021997892103 	 0.00998230500911704
1.888021997892103 	 0.009925428660966627
1.8890219978921028 	 0.009870151328801712
1.8900219978921027 	 0.009816585442340526
1.8910219978921026 	 0.00976483638074826
1.8920219978921025 	 0.009715002161764468
1.8930219978921023 	 0.009667173190179793
1.8940219978921022 	 0.00962143206586106
1.8950219978921021 	 0.009577853450771745
1.896021997892102 	 0.009536503993728906
1.897021997892102 	 0.009497442310991179
1.8980219978921018 	 0.009460719020191268
1.8990219978921017 	 0.009426376824620521
1.9000219978921016 	 0.009394450644445045
1.9010219978921015 	 0.009364967791086299
1.9020219978921014 	 0.009337948180733614
1.9030219978921012 	 0.009313404582770713
1.9040219978921011 	 0.009291342898789622
1.905021997892101 	 0.009271762467828517
1.906021997892101 	 0.009254656393500236
1.9070219978921008 	 0.00924001188876685
1.9080219978921007 	 0.009227810634258078
1.9090219978921006 	 0.009218029146217575
1.9100219978921005 	 0.009210639150384841
1.9110219978921004 	 0.009205607958373333
1.9120219978921003 	 0.009202898843380625
1.9130219978921001 	 0.009202471412356453
1.9140219978921 	 0.009204281972052784
1.9150219978921 	 0.009208283886682113
1.9160219978920998 	 0.009214427925208558
1.9170219978920997 	 0.009222662596588993
1.9180219978920996 	 0.009232934471562785
1.9190219978920995 	 0.009245188489856745
1.9200219978920994 	 0.009259368251923522
1.9210219978920993 	 0.009275416294566144
1.9220219978920992 	 0.009293274350015564
1.923021997892099 	 0.009312883588224012
1.924021997892099 	 0.009334184842311213
1.9250219978920988 	 0.009357118817256451
1.9260219978920987 	 0.009381626282064057
1.9270219978920986 	 0.009407648245747977
1.9280219978920985 	 0.009435126117578584
1.9290219978920984 	 0.009464001852118502
1.9300219978920983 	 0.009494218079639329
1.9310219978920982 	 0.009525718222564523
1.932021997892098 	 0.00955844659862184
1.933021997892098 	 0.00959234851141671
1.9340219978920978 	 0.009627370329154498
1.9350219978920977 	 0.009663459552247141
1.9360219978920976 	 0.009700564870539573
1.9370219978920975 	 0.009738636210883764
1.9380219978920974 	 0.009777624775774917
1.9390219978920973 	 0.009817483073746924
1.9400219978920972 	 0.009858164942201264
1.941021997892097 	 0.00989962556331907
1.942021997892097 	 0.009941821473678064
1.9430219978920968 	 0.00998471056816657
1.9440219978920967 	 0.010028252098756208
1.9450219978920966 	 0.010072406668663473
1.9460219978920965 	 0.010117136222398512
1.9470219978920964 	 0.010162404032167704
1.9480219978920963 	 0.010208174681065432
1.9490219978920962 	 0.010254414043459701
1.950021997892096 	 0.010301089262946256
1.951021997892096 	 0.010348168728217021
1.9520219978920959 	 0.010395622047160998
1.9530219978920957 	 0.01044342001948919
1.9540219978920956 	 0.010491534608149746
1.9550219978920955 	 0.010539938909775797
1.9560219978920954 	 0.010588607124385781
1.9570219978920953 	 0.010637514524534993
1.9580219978920952 	 0.01068663742409694
1.959021997892095 	 0.010735953146835201
1.960021997892095 	 0.010785439994908328
1.9610219978920949 	 0.010835077217435426
1.9620219978920947 	 0.010884844979234512
1.9630219978920946 	 0.010934724329832342
1.9640219978920945 	 0.010984697172832162
1.9650219978920944 	 0.011034746235714153
1.9660219978920943 	 0.011084855040132739
1.9670219978920942 	 0.011135007872765784
1.968021997892094 	 0.011185189756761648
1.969021997892094 	 0.011235386423822422
1.9700219978920939 	 0.0112855842869545
1.9710219978920938 	 0.011335770413911333
1.9720219978920936 	 0.011385932501347272
1.9730219978920935 	 0.011436058849696437
1.9740219978920934 	 0.011486138338786004
1.9750219978920933 	 0.011536160404189028
1.9760219978920932 	 0.011586115014318523
1.977021997892093 	 0.011635992648261203
1.978021997892093 	 0.011685784274346632
1.9790219978920929 	 0.011735481329444871
1.9800219978920928 	 0.01178507569898417
1.9810219978920927 	 0.011834559697677528
1.9820219978920925 	 0.011883926050946422
1.9830219978920924 	 0.01193316787702798
1.9840219978920923 	 0.011982278669751096
1.9850219978920922 	 0.012031252281966096
1.986021997892092 	 0.01208008290961181
1.987021997892092 	 0.012128765076403255
1.9880219978920919 	 0.012177293619123087
1.9890219978920918 	 0.01222566367349902
1.9900219978920917 	 0.01227387066065007
1.9910219978920916 	 0.012321910274083683
1.9920219978920914 	 0.01236977846722607
1.9930219978920913 	 0.012417471441468516
1.9940219978920912 	 0.012464985634711675
1.9950219978920911 	 0.01251231771039103
1.996021997892091 	 0.012559464546966319
1.997021997892091 	 0.012606423227858213
1.9980219978920908 	 0.012653191031815846
1.9990219978920907 	 0.01269976542369908
