0.0010219978922 	 0
0.0020219978922 	 0.0
0.0030219978922 	 0.0
0.0040219978922 	 0.0
0.0050219978922 	 0.0
0.0060219978922 	 0.0
0.0070219978922 	 0.0
0.0080219978922 	 0.0
0.009021997892200002 	 0.0
0.010021997892200003 	 0.0
0.011021997892200004 	 0.0
0.012021997892200004 	 0.0
0.013021997892200005 	 0.0
0.014021997892200006 	 0.0
0.015021997892200007 	 0.0
0.016021997892200008 	 0.0
0.01702199789220001 	 0.0
0.01802199789220001 	 0.0
0.01902199789220001 	 0.0
0.02002199789220001 	 0.0
0.021021997892200012 	 0.0
0.022021997892200013 	 0.0
0.023021997892200014 	 0.0
0.024021997892200015 	 0.0
0.025021997892200016 	 0.0
0.026021997892200017 	 0.0
0.027021997892200018 	 0.0
0.02802199789220002 	 0.0
0.02902199789220002 	 0.0
0.03002199789220002 	 0.0
0.03102199789220002 	 0.0
0.03202199789220002 	 0.0
0.03302199789220002 	 0.0
0.03402199789220002 	 0.0
0.03502199789220002 	 0.0
0.03602199789220002 	 0.0
0.03702199789220002 	 0.0
0.038021997892200024 	 0.0
0.039021997892200025 	 0.0
0.040021997892200026 	 0.0
0.04102199789220003 	 0.0
0.04202199789220003 	 0.0
0.04302199789220003 	 0.0
0.04402199789220003 	 0.0
0.04502199789220003 	 0.0
0.04602199789220003 	 0.0
0.04702199789220003 	 0.0
0.04802199789220003 	 0.0
0.049021997892200034 	 0.0
0.050021997892200035 	 0.0
0.051021997892200036 	 0.0
0.052021997892200036 	 0.0
0.05302199789220004 	 0.0
0.05402199789220004 	 0.0
0.05502199789220004 	 0.0
0.05602199789220004 	 0.0
0.05702199789220004 	 0.0
0.05802199789220004 	 0.0
0.05902199789220004 	 0.0
0.060021997892200044 	 0.0
0.061021997892200044 	 0.0
0.062021997892200045 	 0.0
0.06302199789220005 	 0.0
0.06402199789220005 	 0.0
0.06502199789220005 	 0.0
0.06602199789220005 	 0.0
0.06702199789220005 	 0.0
0.06802199789220005 	 0.0
0.06902199789220005 	 0.0
0.07002199789220005 	 0.0
0.07102199789220005 	 0.0
0.07202199789220005 	 0.0
0.07302199789220006 	 0.0
0.07402199789220006 	 0.0
0.07502199789220006 	 0.0
0.07602199789220006 	 0.0
0.07702199789220006 	 0.0
0.07802199789220006 	 0.0
0.07902199789220006 	 0.0
0.08002199789220006 	 0.0
0.08102199789220006 	 0.0
0.08202199789220006 	 0.0
0.08302199789220006 	 0.0
0.08402199789220006 	 0.0
0.08502199789220007 	 0.0
0.08602199789220007 	 0.0
0.08702199789220007 	 0.0
0.08802199789220007 	 0.0
0.08902199789220007 	 0.0
0.09002199789220007 	 0.0
0.09102199789220007 	 0.0
0.09202199789220007 	 0.0
0.09302199789220007 	 0.0
0.09402199789220007 	 0.0
0.09502199789220007 	 0.0
0.09602199789220008 	 0.0
0.09702199789220008 	 0.0
0.09802199789220008 	 0.0
0.09902199789220008 	 0.0
0.10002199789220008 	 0.0
0.10102199789220008 	 0.0
0.10202199789220008 	 0.0
0.10302199789220008 	 0.0
0.10402199789220008 	 0.0
0.10502199789220008 	 0.0
0.10602199789220008 	 0.0
0.10702199789220009 	 0.0
0.10802199789220009 	 0.0
0.10902199789220009 	 0.0
0.11002199789220009 	 0.0
0.11102199789220009 	 0.0
0.11202199789220009 	 0.0
0.11302199789220009 	 0.0
0.11402199789220009 	 0.0
0.11502199789220009 	 0.0
0.1160219978922001 	 0.0
0.1170219978922001 	 0.0
0.1180219978922001 	 0.0
0.1190219978922001 	 0.0
0.1200219978922001 	 0.0
0.1210219978922001 	 0.0
0.1220219978922001 	 0.0
0.1230219978922001 	 0.0
0.1240219978922001 	 0.0
0.1250219978922001 	 0.0
0.1260219978922001 	 0.0
0.1270219978922001 	 0.0
0.1280219978922001 	 0.0
0.1290219978922001 	 0.0
0.1300219978922001 	 0.0
0.1310219978922001 	 0.0
0.1320219978922001 	 0.0
0.1330219978922001 	 0.0
0.1340219978922001 	 0.0
0.1350219978922001 	 0.0
0.1360219978922001 	 0.0
0.1370219978922001 	 0.0
0.1380219978922001 	 0.0
0.1390219978922001 	 0.0
0.1400219978922001 	 0.0
0.1410219978922001 	 0.0
0.1420219978922001 	 0.0
0.1430219978922001 	 0.0
0.1440219978922001 	 0.0
0.1450219978922001 	 0.0
0.1460219978922001 	 0.0
0.1470219978922001 	 0.0
0.1480219978922001 	 0.0
0.1490219978922001 	 0.0
0.1500219978922001 	 0.0
0.1510219978922001 	 0.0
0.1520219978922001 	 0.0
0.1530219978922001 	 0.0
0.1540219978922001 	 0.0
0.15502199789220011 	 0.0
0.15602199789220011 	 0.0
0.15702199789220012 	 0.0
0.15802199789220012 	 0.0
0.15902199789220012 	 0.0
0.16002199789220012 	 0.0
0.16102199789220012 	 0.0
0.16202199789220012 	 0.0
0.16302199789220012 	 0.0
0.16402199789220012 	 0.0
0.16502199789220012 	 0.0
0.16602199789220012 	 0.0
0.16702199789220012 	 0.0
0.16802199789220013 	 0.0
0.16902199789220013 	 0.0
0.17002199789220013 	 0.0
0.17102199789220013 	 0.0
0.17202199789220013 	 0.0
0.17302199789220013 	 0.0
0.17402199789220013 	 0.0
0.17502199789220013 	 0.0
0.17602199789220013 	 0.0
0.17702199789220013 	 0.0
0.17802199789220013 	 0.0
0.17902199789220014 	 0.0
0.18002199789220014 	 0.0
0.18102199789220014 	 0.0
0.18202199789220014 	 0.0
0.18302199789220014 	 0.0
0.18402199789220014 	 0.0
0.18502199789220014 	 0.0
0.18602199789220014 	 0.0
0.18702199789220014 	 0.0
0.18802199789220014 	 0.0
0.18902199789220014 	 0.0
0.19002199789220015 	 0.0
0.19102199789220015 	 0.0
0.19202199789220015 	 0.0
0.19302199789220015 	 0.0
0.19402199789220015 	 0.0
0.19502199789220015 	 0.0
0.19602199789220015 	 0.0
0.19702199789220015 	 0.0
0.19802199789220015 	 0.0
0.19902199789220015 	 0.0
0.20002199789220015 	 0.0
0.20102199789220015 	 0.0
0.20202199789220016 	 0.0
0.20302199789220016 	 0.0
0.20402199789220016 	 0.0
0.20502199789220016 	 0.0
0.20602199789220016 	 0.0
0.20702199789220016 	 0.0
0.20802199789220016 	 0.0
0.20902199789220016 	 0.0
0.21002199789220016 	 0.0
0.21102199789220016 	 0.0
0.21202199789220016 	 0.0
0.21302199789220017 	 0.0
0.21402199789220017 	 0.0
0.21502199789220017 	 0.0
0.21602199789220017 	 0.0
0.21702199789220017 	 0.0
0.21802199789220017 	 0.0
0.21902199789220017 	 0.0
0.22002199789220017 	 0.0
0.22102199789220017 	 0.0
0.22202199789220017 	 0.0
0.22302199789220017 	 0.0
0.22402199789220018 	 0.0
0.22502199789220018 	 0.0
0.22602199789220018 	 0.0
0.22702199789220018 	 0.0
0.22802199789220018 	 0.0
0.22902199789220018 	 0.0
0.23002199789220018 	 0.0
0.23102199789220018 	 0.0
0.23202199789220018 	 0.0
0.23302199789220018 	 0.0
0.23402199789220018 	 0.0
0.23502199789220019 	 0.0
0.23602199789220019 	 0.0
0.2370219978922002 	 0.0
0.2380219978922002 	 0.0
0.2390219978922002 	 0.0
0.2400219978922002 	 0.0
0.2410219978922002 	 0.0
0.2420219978922002 	 0.0
0.2430219978922002 	 0.0
0.2440219978922002 	 0.0
0.2450219978922002 	 0.0
0.2460219978922002 	 0.0
0.2470219978922002 	 0.0
0.2480219978922002 	 0.0
0.2490219978922002 	 0.0
0.2500219978922002 	 0.0
0.2510219978922002 	 0.0
0.2520219978922002 	 0.0
0.2530219978922002 	 0.0
0.2540219978922002 	 0.0
0.2550219978922002 	 0.0
0.2560219978922002 	 0.0
0.2570219978922002 	 0.0
0.2580219978922002 	 0.0
0.2590219978922002 	 0.0
0.2600219978922002 	 0.0
0.2610219978922002 	 0.0
0.2620219978922002 	 0.0
0.2630219978922002 	 0.0
0.2640219978922002 	 0.0
0.2650219978922002 	 0.0
0.2660219978922002 	 0.0
0.2670219978922002 	 0.0
0.2680219978922002 	 0.0
0.2690219978922002 	 0.0
0.2700219978922002 	 0.0
0.2710219978922002 	 0.0
0.2720219978922002 	 0.0
0.2730219978922002 	 0.0
0.2740219978922002 	 0.0
0.2750219978922002 	 0.0
0.2760219978922002 	 0.0
0.2770219978922002 	 0.0
0.2780219978922002 	 0.0
0.2790219978922002 	 0.0
0.2800219978922002 	 0.0
0.2810219978922002 	 0.0
0.2820219978922002 	 0.0
0.2830219978922002 	 0.0
0.28402199789220023 	 0.0
0.28502199789220023 	 0.0
0.28602199789220023 	 0.0
0.28702199789220023 	 0.0
0.28802199789220023 	 0.0
0.28902199789220023 	 0.0
0.29002199789220023 	 0.0
0.29102199789220023 	 0.0
0.29202199789220024 	 0.0
0.29302199789220024 	 0.0
0.29402199789220024 	 0.0
0.29502199789220024 	 0.0
0.29602199789220024 	 0.0
0.29702199789220024 	 0.0
0.29802199789220024 	 0.0
0.29902199789220024 	 0.0
0.30002199789220024 	 0.0
0.30102199789220024 	 0.0
0.30202199789220024 	 0.0
0.30302199789220025 	 0.0
0.30402199789220025 	 0.0
0.30502199789220025 	 0.0
0.30602199789220025 	 0.0
0.30702199789220025 	 0.0
0.30802199789220025 	 0.0
0.30902199789220025 	 0.0
0.31002199789220025 	 0.0
0.31102199789220025 	 0.0
0.31202199789220025 	 0.0
0.31302199789220025 	 0.0
0.31402199789220026 	 0.0
0.31502199789220026 	 0.0
0.31602199789220026 	 0.0
0.31702199789220026 	 0.0
0.31802199789220026 	 0.0
0.31902199789220026 	 0.0
0.32002199789220026 	 0.0
0.32102199789220026 	 0.0
0.32202199789220026 	 0.0
0.32302199789220026 	 0.0
0.32402199789220026 	 0.0
0.32502199789220027 	 0.0
0.32602199789220027 	 0.0
0.32702199789220027 	 0.0
0.32802199789220027 	 0.0
0.32902199789220027 	 0.0
0.33002199789220027 	 0.0
0.33102199789220027 	 0.0
0.33202199789220027 	 0.0
0.33302199789220027 	 0.0
0.3340219978922003 	 0.0
0.3350219978922003 	 0.0
0.3360219978922003 	 0.0
0.3370219978922003 	 0.0
0.3380219978922003 	 0.0
0.3390219978922003 	 0.0
0.3400219978922003 	 0.0
0.3410219978922003 	 0.0
0.3420219978922003 	 0.0
0.3430219978922003 	 0.0
0.3440219978922003 	 0.0
0.3450219978922003 	 0.0
0.3460219978922003 	 0.0
0.3470219978922003 	 0.0
0.3480219978922003 	 0.0
0.3490219978922003 	 0.0
0.3500219978922003 	 0.0
0.3510219978922003 	 0.0
0.3520219978922003 	 0.0
0.3530219978922003 	 0.0
0.3540219978922003 	 0.0
0.3550219978922003 	 0.0
0.3560219978922003 	 0.0
0.3570219978922003 	 0.0
0.3580219978922003 	 0.0
0.3590219978922003 	 0.0
0.3600219978922003 	 0.0
0.3610219978922003 	 0.0
0.3620219978922003 	 0.0
0.3630219978922003 	 0.0
0.3640219978922003 	 0.0
0.3650219978922003 	 0.0
0.3660219978922003 	 0.0
0.3670219978922003 	 0.0
0.3680219978922003 	 0.0
0.3690219978922003 	 0.0
0.3700219978922003 	 0.0
0.3710219978922003 	 0.0
0.3720219978922003 	 0.0
0.3730219978922003 	 0.0
0.3740219978922003 	 0.0
0.3750219978922003 	 0.0
0.3760219978922003 	 0.0
0.3770219978922003 	 0.0
0.3780219978922003 	 0.0
0.3790219978922003 	 0.0
0.3800219978922003 	 0.0
0.3810219978922003 	 0.0
0.3820219978922003 	 0.0
0.3830219978922003 	 0.0
0.3840219978922003 	 0.0
0.3850219978922003 	 0.0
0.3860219978922003 	 0.0
0.3870219978922003 	 0.0
0.3880219978922003 	 0.0
0.3890219978922003 	 0.0
0.3900219978922003 	 0.0
0.3910219978922003 	 0.0
0.3920219978922003 	 0.0
0.3930219978922003 	 0.0
0.3940219978922003 	 0.0
0.3950219978922003 	 0.0
0.39602199789220033 	 0.0
0.39702199789220033 	 0.0
0.39802199789220033 	 0.0
0.39902199789220033 	 0.0
0.40002199789220033 	 0.0
0.40102199789220033 	 0.0
0.40202199789220033 	 0.0
0.40302199789220033 	 0.0
0.40402199789220034 	 0.0
0.40502199789220034 	 0.0
0.40602199789220034 	 0.0
0.40702199789220034 	 0.0
0.40802199789220034 	 0.0
0.40902199789220034 	 0.0
0.41002199789220034 	 0.0
0.41102199789220034 	 0.0
0.41202199789220034 	 0.0
0.41302199789220034 	 0.0
0.41402199789220034 	 0.0
0.41502199789220034 	 0.0
0.41602199789220035 	 0.0
0.41702199789220035 	 0.0
0.41802199789220035 	 0.0
0.41902199789220035 	 0.0
0.42002199789220035 	 0.0
0.42102199789220035 	 0.0
0.42202199789220035 	 0.0
0.42302199789220035 	 0.0
0.42402199789220035 	 0.0
0.42502199789220035 	 0.0
0.42602199789220035 	 0.0
0.42702199789220036 	 0.0
0.42802199789220036 	 0.0
0.42902199789220036 	 0.0
0.43002199789220036 	 0.0
0.43102199789220036 	 0.0
0.43202199789220036 	 0.0
0.43302199789220036 	 0.0
0.43402199789220036 	 0.0
0.43502199789220036 	 0.0
0.43602199789220036 	 0.0
0.43702199789220036 	 0.0
0.43802199789220037 	 0.0
0.43902199789220037 	 0.0
0.44002199789220037 	 0.0
0.44102199789220037 	 0.0
0.44202199789220037 	 0.0
0.44302199789220037 	 0.0
0.44402199789220037 	 0.0
0.44502199789220037 	 0.0
0.4460219978922004 	 0.0
0.4470219978922004 	 0.0
0.4480219978922004 	 0.0
0.4490219978922004 	 0.0
0.4500219978922004 	 0.0
0.4510219978922004 	 0.0
0.4520219978922004 	 0.0
0.4530219978922004 	 0.0
0.4540219978922004 	 0.0
0.4550219978922004 	 0.0
0.4560219978922004 	 0.0
0.4570219978922004 	 0.0
0.4580219978922004 	 0.0
0.4590219978922004 	 0.0
0.4600219978922004 	 0.0
0.4610219978922004 	 0.0
0.4620219978922004 	 0.0
0.4630219978922004 	 0.0
0.4640219978922004 	 0.0
0.4650219978922004 	 0.0
0.4660219978922004 	 0.0
0.4670219978922004 	 0.0
0.4680219978922004 	 0.0
0.4690219978922004 	 0.0
0.4700219978922004 	 0.0
0.4710219978922004 	 0.0
0.4720219978922004 	 0.0
0.4730219978922004 	 0.0
0.4740219978922004 	 0.0
0.4750219978922004 	 0.0
0.4760219978922004 	 0.0
0.4770219978922004 	 0.0
0.4780219978922004 	 0.0
0.4790219978922004 	 0.0
0.4800219978922004 	 0.0
0.4810219978922004 	 0.0
0.4820219978922004 	 0.0
0.4830219978922004 	 0.0
0.4840219978922004 	 0.0
0.4850219978922004 	 0.0
0.4860219978922004 	 0.0
0.4870219978922004 	 0.0
0.4880219978922004 	 0.0
0.4890219978922004 	 0.0
0.4900219978922004 	 0.0
0.4910219978922004 	 0.0
0.4920219978922004 	 0.0
0.4930219978922004 	 0.0
0.4940219978922004 	 0.0
0.4950219978922004 	 0.0
0.4960219978922004 	 0.0
0.4970219978922004 	 0.0
0.4980219978922004 	 0.0
0.4990219978922004 	 0.0
0.5000219978922004 	 0.0
0.5010219978922004 	 0.0
0.5020219978922004 	 0.0
0.5030219978922004 	 0.0
0.5040219978922004 	 0.0
0.5050219978922004 	 0.0
0.5060219978922004 	 0.0
0.5070219978922004 	 0.0
0.5080219978922004 	 0.0
0.5090219978922004 	 0.0
0.5100219978922004 	 0.0
0.5110219978922004 	 0.0
0.5120219978922004 	 0.0
0.5130219978922004 	 0.0
0.5140219978922004 	 0.0
0.5150219978922004 	 0.0
0.5160219978922004 	 0.0
0.5170219978922004 	 0.0
0.5180219978922004 	 0.0
0.5190219978922004 	 0.0
0.5200219978922004 	 0.0
0.5210219978922004 	 0.0
0.5220219978922004 	 0.0
0.5230219978922004 	 0.0
0.5240219978922004 	 0.0
0.5250219978922004 	 0.0
0.5260219978922004 	 0.0
0.5270219978922004 	 0.0
0.5280219978922004 	 0.0
0.5290219978922004 	 0.0
0.5300219978922004 	 0.0
0.5310219978922004 	 0.0
0.5320219978922004 	 0.0
0.5330219978922004 	 0.0
0.5340219978922004 	 0.0
0.5350219978922004 	 0.0
0.5360219978922004 	 0.0
0.5370219978922004 	 0.0
0.5380219978922004 	 0.0
0.5390219978922004 	 0.0
0.5400219978922004 	 0.0
0.5410219978922004 	 0.0
0.5420219978922004 	 0.0
0.5430219978922004 	 0.0
0.5440219978922004 	 0.0
0.5450219978922004 	 0.0
0.5460219978922004 	 0.0
0.5470219978922004 	 0.0
0.5480219978922004 	 0.0
0.5490219978922004 	 0.0
0.5500219978922004 	 0.0
0.5510219978922004 	 0.0
0.5520219978922004 	 0.0
0.5530219978922004 	 0.0
0.5540219978922004 	 0.0
0.5550219978922004 	 0.0
0.5560219978922004 	 0.0
0.5570219978922004 	 0.0
0.5580219978922004 	 0.0
0.5590219978922004 	 0.0
0.5600219978922004 	 0.0
0.5610219978922004 	 0.0
0.5620219978922004 	 0.0
0.5630219978922004 	 0.0
0.5640219978922004 	 0.0
0.5650219978922004 	 0.0
0.5660219978922004 	 0.0
0.5670219978922004 	 0.0
0.5680219978922004 	 0.0
0.5690219978922004 	 0.0
0.5700219978922004 	 0.0
0.5710219978922004 	 0.0
0.5720219978922004 	 0.0
0.5730219978922004 	 0.0
0.5740219978922004 	 0.0
0.5750219978922004 	 0.0
0.5760219978922004 	 0.0
0.5770219978922004 	 0.0
0.5780219978922004 	 0.0
0.5790219978922004 	 0.0
0.5800219978922004 	 0.0
0.5810219978922004 	 0.0
0.5820219978922004 	 0.0
0.5830219978922004 	 0.0
0.5840219978922004 	 0.0
0.5850219978922004 	 0.0
0.5860219978922004 	 0.0
0.5870219978922004 	 0.0
0.5880219978922004 	 0.0
0.5890219978922004 	 0.0
0.5900219978922004 	 0.0
0.5910219978922004 	 0.0
0.5920219978922004 	 0.0
0.5930219978922004 	 0.0
0.5940219978922004 	 0.0
0.5950219978922004 	 0.0
0.5960219978922005 	 0.0
0.5970219978922005 	 0.0
0.5980219978922005 	 0.0
0.5990219978922005 	 0.0
0.6000219978922005 	 0.0
0.6010219978922005 	 0.0
0.6020219978922005 	 0.0
0.6030219978922005 	 0.0
0.6040219978922005 	 0.0
0.6050219978922005 	 0.0
0.6060219978922005 	 0.0
0.6070219978922005 	 0.0
0.6080219978922005 	 0.0
0.6090219978922005 	 0.0
0.6100219978922005 	 0.0
0.6110219978922005 	 0.0
0.6120219978922005 	 0.0
0.6130219978922005 	 0.0
0.6140219978922005 	 0.0
0.6150219978922005 	 0.0
0.6160219978922005 	 0.0
0.6170219978922005 	 0.0
0.6180219978922005 	 0.0
0.6190219978922005 	 0.0
0.6200219978922005 	 0.0
0.6210219978922005 	 0.0
0.6220219978922005 	 0.0
0.6230219978922005 	 0.0
0.6240219978922005 	 0.0
0.6250219978922005 	 0.0
0.6260219978922005 	 0.0
0.6270219978922005 	 0.0
0.6280219978922005 	 0.0
0.6290219978922005 	 0.0
0.6300219978922005 	 0.0
0.6310219978922005 	 0.0
0.6320219978922005 	 0.0
0.6330219978922005 	 0.0
0.6340219978922005 	 0.0
0.6350219978922005 	 0.0
0.6360219978922005 	 0.0
0.6370219978922005 	 0.0
0.6380219978922005 	 0.0
0.6390219978922005 	 0.0
0.6400219978922005 	 0.0
0.6410219978922005 	 0.0
0.6420219978922005 	 0.0
0.6430219978922005 	 0.0
0.6440219978922005 	 0.0
0.6450219978922005 	 0.0
0.6460219978922005 	 0.0
0.6470219978922005 	 0.0
0.6480219978922005 	 0.0
0.6490219978922005 	 0.0
0.6500219978922005 	 0.0
0.6510219978922005 	 0.0
0.6520219978922005 	 0.0
0.6530219978922005 	 0.0
0.6540219978922005 	 0.0
0.6550219978922005 	 0.0
0.6560219978922005 	 0.0
0.6570219978922005 	 0.0
0.6580219978922005 	 0.0
0.6590219978922005 	 0.0
0.6600219978922005 	 0.0
0.6610219978922005 	 0.0
0.6620219978922005 	 0.0
0.6630219978922005 	 0.0
0.6640219978922005 	 0.0
0.6650219978922005 	 0.0
0.6660219978922005 	 0.0
0.6670219978922005 	 0.0
0.6680219978922005 	 0.0
0.6690219978922005 	 0.0
0.6700219978922005 	 0.0
0.6710219978922005 	 0.0
0.6720219978922005 	 0.0
0.6730219978922005 	 0.0
0.6740219978922005 	 0.0
0.6750219978922005 	 0.0
0.6760219978922005 	 0.0
0.6770219978922005 	 0.0
0.6780219978922005 	 0.0
0.6790219978922005 	 0.0
0.6800219978922005 	 0.0
0.6810219978922005 	 0.0
0.6820219978922005 	 0.0
0.6830219978922005 	 0.0
0.6840219978922005 	 0.0
0.6850219978922005 	 0.0
0.6860219978922005 	 0.0
0.6870219978922005 	 0.0
0.6880219978922005 	 0.0
0.6890219978922005 	 0.0
0.6900219978922005 	 0.0
0.6910219978922005 	 0.0
0.6920219978922005 	 0.0
0.6930219978922005 	 0.0
0.6940219978922005 	 0.0
0.6950219978922005 	 0.0
0.6960219978922005 	 0.0
0.6970219978922005 	 0.0
0.6980219978922005 	 0.0
0.6990219978922005 	 0.0
0.7000219978922005 	 0.0
0.7010219978922005 	 0.0
0.7020219978922005 	 0.0
0.7030219978922005 	 0.0
0.7040219978922005 	 0.0
0.7050219978922005 	 0.0
0.7060219978922005 	 0.0
0.7070219978922005 	 0.0
0.7080219978922005 	 0.0
0.7090219978922006 	 0.0
0.7100219978922006 	 0.0
0.7110219978922006 	 0.0
0.7120219978922006 	 0.0
0.7130219978922006 	 0.0
0.7140219978922006 	 0.0
0.7150219978922006 	 0.0
0.7160219978922006 	 0.0
0.7170219978922006 	 0.0
0.7180219978922006 	 0.0
0.7190219978922006 	 0.0
0.7200219978922006 	 0.0
0.7210219978922006 	 0.0
0.7220219978922006 	 0.0
0.7230219978922006 	 0.0
0.7240219978922006 	 0.0
0.7250219978922006 	 0.0
0.7260219978922006 	 0.0
0.7270219978922006 	 0.0
0.7280219978922006 	 0.0
0.7290219978922006 	 0.0
0.7300219978922006 	 0.0
0.7310219978922006 	 0.0
0.7320219978922006 	 0.0
0.7330219978922006 	 0.0
0.7340219978922006 	 0.0
0.7350219978922006 	 0.0
0.7360219978922006 	 0.0
0.7370219978922006 	 0.0
0.7380219978922006 	 0.0
0.7390219978922006 	 0.0
0.7400219978922006 	 0.0
0.7410219978922006 	 0.0
0.7420219978922006 	 0.0
0.7430219978922006 	 0.0
0.7440219978922006 	 0.0
0.7450219978922006 	 0.0
0.7460219978922006 	 0.0
0.7470219978922006 	 0.0
0.7480219978922006 	 0.0
0.7490219978922006 	 0.0
0.7500219978922006 	 0.0
0.7510219978922006 	 0.0
0.7520219978922006 	 0.0
0.7530219978922006 	 0.0
0.7540219978922006 	 0.0
0.7550219978922006 	 0.0
0.7560219978922006 	 0.0
0.7570219978922006 	 0.0
0.7580219978922006 	 0.0
0.7590219978922006 	 0.0
0.7600219978922006 	 0.0
0.7610219978922006 	 0.0
0.7620219978922006 	 0.0
0.7630219978922006 	 0.0
0.7640219978922006 	 0.0
0.7650219978922006 	 0.0
0.7660219978922006 	 0.0
0.7670219978922006 	 0.0
0.7680219978922006 	 0.0
0.7690219978922006 	 0.0
0.7700219978922006 	 0.0
0.7710219978922006 	 0.0
0.7720219978922006 	 0.0
0.7730219978922006 	 0.0
0.7740219978922006 	 0.0
0.7750219978922006 	 0.0
0.7760219978922006 	 0.0
0.7770219978922006 	 0.0
0.7780219978922006 	 0.0
0.7790219978922006 	 0.0
0.7800219978922006 	 0.0
0.7810219978922006 	 0.0
0.7820219978922006 	 0.0
0.7830219978922006 	 0.0
0.7840219978922006 	 0.0
0.7850219978922006 	 0.0
0.7860219978922006 	 0.0
0.7870219978922006 	 0.0
0.7880219978922006 	 0.0
0.7890219978922006 	 0.0
0.7900219978922006 	 0.0
0.7910219978922006 	 0.0
0.7920219978922006 	 0.0
0.7930219978922006 	 0.0
0.7940219978922006 	 0.0
0.7950219978922006 	 0.0
0.7960219978922006 	 0.0
0.7970219978922006 	 0.0
0.7980219978922006 	 0.0
0.7990219978922006 	 0.0
0.8000219978922006 	 0.0
0.8010219978922006 	 0.0
0.8020219978922006 	 0.0
0.8030219978922006 	 0.0
0.8040219978922006 	 0.0
0.8050219978922006 	 0.0
0.8060219978922006 	 0.0
0.8070219978922006 	 0.0
0.8080219978922006 	 0.0
0.8090219978922006 	 0.0
0.8100219978922006 	 0.0
0.8110219978922006 	 0.0
0.8120219978922006 	 0.0
0.8130219978922006 	 0.0
0.8140219978922006 	 0.0
0.8150219978922006 	 0.0
0.8160219978922006 	 0.0
0.8170219978922006 	 0.0
0.8180219978922006 	 0.0
0.8190219978922006 	 0.0
0.8200219978922006 	 0.0
0.8210219978922007 	 0.0
0.8220219978922007 	 0.0
0.8230219978922007 	 0.0
0.8240219978922007 	 0.0
0.8250219978922007 	 0.0
0.8260219978922007 	 0.0
0.8270219978922007 	 0.0
0.8280219978922007 	 0.0
0.8290219978922007 	 0.0
0.8300219978922007 	 0.0
0.8310219978922007 	 0.0
0.8320219978922007 	 0.0
0.8330219978922007 	 0.0
0.8340219978922007 	 0.0
0.8350219978922007 	 0.0
0.8360219978922007 	 0.0
0.8370219978922007 	 0.0
0.8380219978922007 	 0.0
0.8390219978922007 	 0.0
0.8400219978922007 	 0.0
0.8410219978922007 	 0.0
0.8420219978922007 	 0.0
0.8430219978922007 	 0.0
0.8440219978922007 	 0.0
0.8450219978922007 	 0.0
0.8460219978922007 	 0.0
0.8470219978922007 	 0.0
0.8480219978922007 	 0.0
0.8490219978922007 	 0.0
0.8500219978922007 	 0.0
0.8510219978922007 	 0.0
0.8520219978922007 	 0.0
0.8530219978922007 	 0.0
0.8540219978922007 	 0.0
0.8550219978922007 	 0.0
0.8560219978922007 	 0.0
0.8570219978922007 	 0.0
0.8580219978922007 	 0.0
0.8590219978922007 	 0.0
0.8600219978922007 	 0.0
0.8610219978922007 	 0.0
0.8620219978922007 	 0.0
0.8630219978922007 	 0.0
0.8640219978922007 	 0.0
0.8650219978922007 	 0.0
0.8660219978922007 	 0.0
0.8670219978922007 	 0.0
0.8680219978922007 	 0.0
0.8690219978922007 	 0.0
0.8700219978922007 	 0.0
0.8710219978922007 	 0.0
0.8720219978922007 	 0.0
0.8730219978922007 	 0.0
0.8740219978922007 	 0.0
0.8750219978922007 	 0.0
0.8760219978922007 	 0.0
0.8770219978922007 	 0.0
0.8780219978922007 	 0.0
0.8790219978922007 	 0.0
0.8800219978922007 	 0.0
0.8810219978922007 	 0.0
0.8820219978922007 	 0.0
0.8830219978922007 	 0.0
0.8840219978922007 	 0.0
0.8850219978922007 	 0.0
0.8860219978922007 	 0.0
0.8870219978922007 	 0.0
0.8880219978922007 	 0.0
0.8890219978922007 	 0.0
0.8900219978922007 	 0.0
0.8910219978922007 	 0.0
0.8920219978922007 	 0.0
0.8930219978922007 	 0.0
0.8940219978922007 	 0.0
0.8950219978922007 	 0.0
0.8960219978922007 	 0.0
0.8970219978922007 	 0.0
0.8980219978922007 	 0.0
0.8990219978922007 	 0.0
0.9000219978922007 	 0.0
0.9010219978922007 	 0.0
0.9020219978922007 	 0.0
0.9030219978922007 	 0.0
0.9040219978922007 	 0.0
0.9050219978922007 	 0.0
0.9060219978922007 	 0.0
0.9070219978922007 	 0.0
0.9080219978922007 	 0.0
0.9090219978922007 	 0.0
0.9100219978922007 	 0.0
0.9110219978922007 	 0.0
0.9120219978922007 	 0.0
0.9130219978922007 	 0.0
0.9140219978922007 	 0.0
0.9150219978922007 	 0.0
0.9160219978922007 	 0.0
0.9170219978922007 	 0.0
0.9180219978922007 	 0.0
0.9190219978922007 	 0.0
0.9200219978922007 	 0.0
0.9210219978922007 	 0.0
0.9220219978922007 	 0.0
0.9230219978922007 	 0.0
0.9240219978922007 	 0.0
0.9250219978922007 	 0.0
0.9260219978922007 	 0.0
0.9270219978922007 	 0.0
0.9280219978922007 	 0.0
0.9290219978922007 	 0.0
0.9300219978922007 	 0.0
0.9310219978922007 	 0.0
0.9320219978922007 	 0.0
0.9330219978922007 	 0.0
0.9340219978922008 	 0.0
0.9350219978922008 	 0.0
0.9360219978922008 	 0.0
0.9370219978922008 	 0.0
0.9380219978922008 	 0.0
0.9390219978922008 	 0.0
0.9400219978922008 	 0.0
0.9410219978922008 	 0.0
0.9420219978922008 	 0.0
0.9430219978922008 	 0.0
0.9440219978922008 	 0.0
0.9450219978922008 	 0.0
0.9460219978922008 	 0.0
0.9470219978922008 	 0.0
0.9480219978922008 	 0.0
0.9490219978922008 	 0.0
0.9500219978922008 	 0.0
0.9510219978922008 	 0.0
0.9520219978922008 	 0.0
0.9530219978922008 	 0.0
0.9540219978922008 	 0.0
0.9550219978922008 	 0.0
0.9560219978922008 	 0.0
0.9570219978922008 	 0.0
0.9580219978922008 	 0.0
0.9590219978922008 	 0.0
0.9600219978922008 	 0.0
0.9610219978922008 	 0.0
0.9620219978922008 	 0.0
0.9630219978922008 	 0.0
0.9640219978922008 	 0.0
0.9650219978922008 	 0.0
0.9660219978922008 	 0.0
0.9670219978922008 	 0.0
0.9680219978922008 	 0.0
0.9690219978922008 	 0.0
0.9700219978922008 	 0.0
0.9710219978922008 	 0.0
0.9720219978922008 	 0.0
0.9730219978922008 	 0.0
0.9740219978922008 	 0.0
0.9750219978922008 	 0.0
0.9760219978922008 	 0.0
0.9770219978922008 	 0.0
0.9780219978922008 	 0.0
0.9790219978922008 	 0.0
0.9800219978922008 	 0.0
0.9810219978922008 	 0.0
0.9820219978922008 	 0.0
0.9830219978922008 	 0.0
0.9840219978922008 	 0.0
0.9850219978922008 	 0.0
0.9860219978922008 	 0.0
0.9870219978922008 	 0.0
0.9880219978922008 	 6.697236791836783e-05
0.9890219978922008 	 0.0002870612391980728
0.9900219978922008 	 0.0006318314590936544
0.9910219978922008 	 0.0011100665787082803
0.9920219978922008 	 0.0017401072090542198
0.9930219978922008 	 0.00254710839779969
0.9940219978922008 	 0.003563099389681318
0.9950219978922008 	 0.004827965315981493
0.9960219978922008 	 0.006388934385451659
0.9970219978922008 	 0.008303325957222583
0.9980219978922008 	 0.01064336337509347
0.9990219978922008 	 0.013497044122246499
1.0000219978922007 	 0.01697227937350205
1.0010219978922006 	 0.021201688479442513
1.0020219978922005 	 0.02634828045917411
1.0030219978922004 	 0.0326120104195476
1.0040219978922003 	 0.040237495456299545
1.0050219978922001 	 0.04952263178411066
1.0060219978922 	 0.06082487383896363
1.0070219978922 	 0.07456630170201103
1.0080219978921998 	 0.09123147831742082
1.0090219978921997 	 0.11135074497217697
1.0100219978921996 	 0.13545809308489384
1.0110219978921995 	 0.16401061567912345
1.0120219978921994 	 0.19724264746947429
1.0130219978921993 	 0.2349494915043159
1.0140219978921992 	 0.27622300215590656
1.015021997892199 	 0.31920452169203894
1.016021997892199 	 0.36102683559804233
1.0170219978921988 	 0.39815462827578874
1.0180219978921987 	 0.42764265052342365
1.0190219978921986 	 0.44885732538240875
1.0200219978921985 	 0.4611185247708194
1.0210219978921984 	 0.4619497725994918
1.0220219978921983 	 0.45226647694176236
1.0230219978921982 	 0.43537426492624803
1.024021997892198 	 0.4141728647422341
1.025021997892198 	 0.3909390289227126
1.0260219978921978 	 0.36726795886228847
1.0270219978921977 	 0.34420311149186567
1.0280219978921976 	 0.32236026224389747
1.0290219978921975 	 0.30205081910985565
1.0300219978921974 	 0.28339100698745945
1.0310219978921973 	 0.266366552987914
1.0320219978921972 	 0.25089435089498363
1.033021997892197 	 0.23686457157072174
1.034021997892197 	 0.22415304926826538
1.0350219978921968 	 0.2126325327731197
1.0360219978921967 	 0.20218098088068245
1.0370219978921966 	 0.19268564613689182
1.0380219978921965 	 0.18404403655947646
1.0390219978921964 	 0.17616413412725554
1.0400219978921963 	 0.1689640127841386
1.0410219978921962 	 0.16237092493224692
1.042021997892196 	 0.1563198072633207
1.043021997892196 	 0.15075312569479649
1.0440219978921959 	 0.14562020193488007
1.0450219978921957 	 0.1408763835756793
1.0460219978921956 	 0.13648229356835734
1.0470219978921955 	 0.13240329058203776
1.0480219978921954 	 0.12860921096254044
1.0490219978921953 	 0.12507345445977117
1.0500219978921952 	 0.12177242685832214
1.051021997892195 	 0.11868512458533882
1.052021997892195 	 0.1157927162529689
1.0530219978921949 	 0.11307836335964284
1.0540219978921948 	 0.11052700295088366
1.0550219978921946 	 0.10812513238595439
1.0560219978921945 	 0.10586062278709471
1.0570219978921944 	 0.10372255654322395
1.0580219978921943 	 0.10170108503091449
1.0590219978921942 	 0.099787308016005
1.060021997892194 	 0.09797316739760681
1.061021997892194 	 0.09625134900830076
1.0620219978921939 	 0.09461518746968842
1.0630219978921938 	 0.09305860399326468
1.0640219978921936 	 0.0915760751315051
1.0650219978921935 	 0.09016256728260329
1.0660219978921934 	 0.08881345831912846
1.0670219978921933 	 0.08752444997204081
1.0680219978921932 	 0.08629158079524207
1.069021997892193 	 0.08511120708809108
1.070021997892193 	 0.08397997246107605
1.0710219978921929 	 0.0828948068376136
1.0720219978921928 	 0.08185297145209697
1.0730219978921927 	 0.08085195847266309
1.0740219978921925 	 0.07988944877192235
1.0750219978921924 	 0.07896329511816619
1.0760219978921923 	 0.07807150708939353
1.0770219978921922 	 0.07721223751373368
1.078021997892192 	 0.07638377025841289
1.079021997892192 	 0.07558450922229873
1.0800219978921919 	 0.07481296839360381
1.0810219978921918 	 0.07406772617980246
1.0820219978921917 	 0.07334731947887187
1.0830219978921916 	 0.07265034610030655
1.0840219978921914 	 0.07197549034517749
1.0850219978921913 	 0.07132151641361789
1.0860219978921912 	 0.07068726241384454
1.0870219978921911 	 0.07007171124596934
1.088021997892191 	 0.0694741853483384
1.089021997892191 	 0.06889402972504803
1.0900219978921908 	 0.0683305494062695
1.0910219978921907 	 0.06778306594245716
1.0920219978921906 	 0.06725085493372554
1.0930219978921905 	 0.06673321295799779
1.0940219978921903 	 0.06622947562519066
1.0950219978921902 	 0.06573901493950415
1.0960219978921901 	 0.06526123688043285
1.09702199789219 	 0.06479557916769116
1.09802199789219 	 0.06434150919848099
1.0990219978921898 	 0.0638985219544444
1.1000219978921897 	 0.06346613459583189
1.1010219978921896 	 0.06304389933996687
1.1020219978921895 	 0.06263144310461252
1.1030219978921894 	 0.062228428706533424
1.1040219978921892 	 0.06183454043736372
1.1050219978921891 	 0.06144947939062543
1.106021997892189 	 0.06107296227243946
1.107021997892189 	 0.060704688047008126
1.1080219978921888 	 0.060344249922943176
1.1090219978921887 	 0.05999123046560305
1.1100219978921886 	 0.059645229450746906
1.1110219978921885 	 0.05930590466495735
1.1120219978921884 	 0.058973083424379014
1.1130219978921883 	 0.05864663723868247
1.1140219978921881 	 0.058326411827185926
1.115021997892188 	 0.05801222952501705
1.116021997892188 	 0.05770391996844838
1.1170219978921878 	 0.05740132087531528
1.1180219978921877 	 0.057104277605578374
1.1190219978921876 	 0.056812642745249956
1.1200219978921875 	 0.056526275714678255
1.1210219978921874 	 0.05624501914267728
1.1220219978921873 	 0.05596863593832945
1.1230219978921872 	 0.055696877891167694
1.124021997892187 	 0.05542950561582623
1.125021997892187 	 0.05516628808233159
1.1260219978921868 	 0.05490700224843111
1.1270219978921867 	 0.0546514327259364
1.1280219978921866 	 0.05439943496317139
1.1290219978921865 	 0.05415110614837038
1.1300219978921864 	 0.053906597688281856
1.1310219978921863 	 0.053666004523406884
1.1320219978921862 	 0.053429218735904095
1.133021997892186 	 0.0531960897543033
1.134021997892186 	 0.05296647211393923
1.1350219978921858 	 0.052739524488771006
1.1360219978921857 	 0.05251654709488198
1.1370219978921856 	 0.05229667151759957
1.1380219978921855 	 0.05207977153337849
1.1390219978921854 	 0.05186574599483018
1.1400219978921853 	 0.05165451688831605
1.1410219978921852 	 0.0514460028122344
1.142021997892185 	 0.05124009932875939
1.143021997892185 	 0.05103669946308477
1.1440219978921848 	 0.05083571146969662
1.1450219978921847 	 0.050637090664624664
1.1460219978921846 	 0.050440804437232464
1.1470219978921845 	 0.05024682165847626
1.1480219978921844 	 0.050055112612929345
1.1490219978921843 	 0.04986564892705897
1.1500219978921842 	 0.04967840350183282
1.151021997892184 	 0.04949334479600523
1.152021997892184 	 0.049310421511868555
1.1530219978921838 	 0.04912957927210583
1.1540219978921837 	 0.04895076546852812
1.1550219978921836 	 0.048773928331589264
1.1560219978921835 	 0.04859901732943608
1.1570219978921834 	 0.048425985626216084
1.1580219978921833 	 0.048254787225209345
1.1590219978921832 	 0.04808537743477627
1.160021997892183 	 0.04791771290198216
1.161021997892183 	 0.047751746848683774
1.1620219978921829 	 0.04758741627067833
1.1630219978921827 	 0.04742465689788732
1.1640219978921826 	 0.04726342743172785
1.1650219978921825 	 0.047103711053010054
1.1660219978921824 	 0.04694550479811864
1.1670219978921823 	 0.04678880895200046
1.1680219978921822 	 0.046633624072214185
1.169021997892182 	 0.04647995096729485
1.170021997892182 	 0.04632779068150414
1.1710219978921819 	 0.04617713460440302
1.1720219978921818 	 0.04602793779829801
1.1730219978921816 	 0.04588014801383086
1.1740219978921815 	 0.04573371434183322
1.1750219978921814 	 0.045588587158744816
1.1760219978921813 	 0.04544471808869359
1.1770219978921812 	 0.04530205997427017
1.178021997892181 	 0.04516056395196674
1.179021997892181 	 0.045020187868118414
1.1800219978921809 	 0.044880888301365544
1.1810219978921808 	 0.044742640380194
1.1820219978921807 	 0.04460548306216015
1.1830219978921805 	 0.04446947271240401
1.1840219978921804 	 0.04433466839073265
1.1850219978921803 	 0.04420112467473423
1.1860219978921802 	 0.044068895124943164
1.18702199789218 	 0.04393798779990329
1.18802199789218 	 0.043808248671701876
1.1890219978921799 	 0.043679566130488325
1.1900219978921798 	 0.04355190399530748
1.1910219978921797 	 0.04342523098288814
1.1920219978921796 	 0.04329952105876982
1.1930219978921794 	 0.04317474992269685
1.1940219978921793 	 0.04305089388436215
1.1950219978921792 	 0.042927929839945075
1.1960219978921791 	 0.042805835255069986
1.197021997892179 	 0.0426845881496096
1.198021997892179 	 0.04256416708616678
1.1990219978921788 	 0.04244455115453479
1.2000219978921787 	 0.042325719961447655
1.2010219978921786 	 0.04220766794477236
1.2020219978921785 	 0.04209044313806128
1.2030219978921783 	 0.04197410515662466
1.2040219978921782 	 0.04185871248659047
1.2050219978921781 	 0.04174430754307109
1.206021997892178 	 0.041630876260094936
1.207021997892178 	 0.04151839193626813
1.2080219978921778 	 0.04140682845502782
1.2090219978921777 	 0.0412961602689943
1.2100219978921776 	 0.041186362386993344
1.2110219978921775 	 0.041077415432134466
1.2120219978921773 	 0.04096931935958125
1.2130219978921772 	 0.0408620773740177
1.2140219978921771 	 0.040755666955029024
1.215021997892177 	 0.04065004190663181
1.216021997892177 	 0.04054515604389612
1.2170219978921768 	 0.04044096413786195
1.2180219978921767 	 0.0403374218961436
1.2190219978921766 	 0.040234485949163436
1.2200219978921765 	 0.04013211383467407
1.2210219978921764 	 0.0400302876595049
1.2220219978921762 	 0.03992907818737285
1.2230219978921761 	 0.03982857544445424
1.224021997892176 	 0.03972886774062484
1.225021997892176 	 0.039630041685169204
1.2260219978921758 	 0.03953215250023794
1.2270219978921757 	 0.03943514360540427
1.2280219978921756 	 0.03933893374587548
1.2290219978921755 	 0.03924344325717508
1.2300219978921754 	 0.03914859403608135
1.2310219978921753 	 0.03905432598215323
1.2320219978921751 	 0.038960641564204514
1.233021997892175 	 0.03886755759622078
1.234021997892175 	 0.038775090617893436
1.2350219978921748 	 0.03868325688270422
1.2360219978921747 	 0.038592072360405114
1.2370219978921746 	 0.03850155273883471
1.2380219978921745 	 0.03841171160507426
1.2390219978921744 	 0.03832252458832873
1.2400219978921743 	 0.03823393235482868
1.2410219978921742 	 0.0381458840597928
1.242021997892174 	 0.03805836235405512
1.243021997892174 	 0.037971357887551446
1.2440219978921738 	 0.03788486153706019
1.2450219978921737 	 0.037798864384982964
1.2460219978921736 	 0.037713357714933775
1.2470219978921735 	 0.03762834725364786
1.2480219978921734 	 0.03754389174865361
1.2490219978921733 	 0.0374600612297882
1.2500219978921732 	 0.037376924419517545
1.251021997892173 	 0.03729453329576813
1.252021997892173 	 0.03721288126375476
1.2530219978921728 	 0.03713194851943957
1.2540219978921727 	 0.0370517156575111
1.2550219978921726 	 0.03697216364263519
1.2560219978921725 	 0.0368932738022896
1.2570219978921724 	 0.036815027817078114
1.2580219978921723 	 0.03673740771565412
1.2590219978921722 	 0.036660395871271845
1.260021997892172 	 0.036583974991258546
1.261021997892172 	 0.036508091407458435
1.2620219978921718 	 0.03643255565423005
1.2630219978921717 	 0.03635715864686865
1.2640219978921716 	 0.03628187436371207
1.2650219978921715 	 0.03620684569839175
1.2660219978921714 	 0.03613221951763799
1.2670219978921713 	 0.036058118988526004
1.2680219978921712 	 0.035984586694996025
1.269021997892171 	 0.03591164619802209
1.270021997892171 	 0.035839320633271804
1.2710219978921709 	 0.03576762587068548
1.2720219978921707 	 0.03569655199818634
1.2730219978921706 	 0.03562608343807489
1.2740219978921705 	 0.03555620492211267
1.2750219978921704 	 0.0354869014630525
1.2760219978921703 	 0.03541815834665895
1.2770219978921702 	 0.0353499611253888
1.27802199789217 	 0.035282295612445225
1.27902199789217 	 0.03521514788097049
1.2800219978921699 	 0.035148504258020685
1.2810219978921698 	 0.035082348502637986
1.2820219978921696 	 0.03501665419293052
1.2830219978921695 	 0.03495139302832126
1.2840219978921694 	 0.03488653724266952
1.2850219978921693 	 0.034822059575266885
1.2860219978921692 	 0.034757933256840096
1.287021997892169 	 0.03469418247251319
1.288021997892169 	 0.03463100895353237
1.2890219978921689 	 0.03456844387223504
1.2900219978921688 	 0.03450631965919159
1.2910219978921686 	 0.03444450092478271
1.2920219978921685 	 0.03438299269464132
1.2930219978921684 	 0.034321832131258515
1.2940219978921683 	 0.03426105575042522
1.2950219978921682 	 0.03420069941224063
1.296021997892168 	 0.0341407983226623
1.297021997892168 	 0.0340813870322064
1.2980219978921679 	 0.03402249945066161
1.2990219978921678 	 0.03396416883660653
1.3000219978921677 	 0.03390642767613006
1.3010219978921675 	 0.03384928570477855
1.3020219978921674 	 0.03379266946725878
1.3030219978921673 	 0.033736487438899905
1.3040219978921672 	 0.033680649648166465
1.305021997892167 	 0.03362506764224614
1.306021997892167 	 0.03356968224016941
1.3070219978921669 	 0.03351453880040628
1.3080219978921668 	 0.03345970596772995
1.3090219978921667 	 0.0334052511294985
1.3100219978921666 	 0.033351240415311845
1.3110219978921664 	 0.03329771367419149
1.3120219978921663 	 0.03324461660486696
1.3130219978921662 	 0.03319187689531967
1.3140219978921661 	 0.03313948377112311
1.315021997892166 	 0.033087483305283515
1.316021997892166 	 0.033035922844894046
1.3170219978921658 	 0.03298484874666011
1.3180219978921657 	 0.03293430640341889
1.3190219978921656 	 0.032884340244677415
1.3200219978921655 	 0.03283499374708034
1.3210219978921653 	 0.03278627872485002
1.3220219978921652 	 0.03273809202391406
1.3230219978921651 	 0.0326903052259188
1.324021997892165 	 0.03264279181543267
1.325021997892165 	 0.03259542716053663
1.3260219978921648 	 0.032548088469946196
1.3270219978921647 	 0.03250065475277986
1.3280219978921646 	 0.03245309775468845
1.3290219978921645 	 0.03240572849870525
1.3300219978921644 	 0.03235893130956669
1.3310219978921642 	 0.032312991399609296
1.3320219978921641 	 0.03226785593408769
1.333021997892164 	 0.03222341020481845
1.334021997892164 	 0.032179537111930015
1.3350219978921638 	 0.032136120163636935
1.3360219978921637 	 0.03209304392291832
1.3370219978921636 	 0.03205019406311936
1.3380219978921635 	 0.032007462357566026
1.3390219978921634 	 0.031964843830979695
1.3400219978921633 	 0.031922428909856054
1.3410219978921631 	 0.03188029249529496
1.342021997892163 	 0.03183844412837136
1.343021997892163 	 0.03179687727170459
1.3440219978921628 	 0.031755584440263634
1.3450219978921627 	 0.031714557215870194
1.3460219978921626 	 0.03167378617064338
1.3470219978921625 	 0.03163326408058758
1.3480219978921624 	 0.03159299498260957
1.3490219978921623 	 0.03155298438657166
1.3500219978921622 	 0.03151323626501061
1.351021997892162 	 0.03147375413298283
1.352021997892162 	 0.031434543998182546
1.3530219978921618 	 0.03139561070748459
1.3540219978921617 	 0.03135695709642439
1.3550219978921616 	 0.031318583996506506
1.3560219978921615 	 0.03128049010827438
1.3570219978921614 	 0.03124267180581222
1.3580219978921613 	 0.031205123161088963
1.3590219978921612 	 0.031167835885208838
1.360021997892161 	 0.031130799228455484
1.361021997892161 	 0.03109384224510006
1.3620219978921608 	 0.031056205886453605
1.3630219978921607 	 0.03101773393712304
1.3640219978921606 	 0.030979450510942152
1.3650219978921605 	 0.030941302546500783
1.3660219978921604 	 0.03090316528888031
1.3670219978921603 	 0.030864912151478376
1.3680219978921602 	 0.03082641478062011
1.36902199789216 	 0.030787543007551182
1.37002199789216 	 0.030748164759266734
1.3710219978921598 	 0.030708164107396307
1.3720219978921597 	 0.03066749028606441
1.3730219978921596 	 0.03062610449433765
1.3740219978921595 	 0.030583964090789766
1.3750219978921594 	 0.030541022669890425
1.3760219978921593 	 0.030497230039668487
1.3770219978921592 	 0.03045253213081403
1.378021997892159 	 0.030406871281218394
1.379021997892159 	 0.030360186442728365
1.3800219978921588 	 0.03031241338592564
1.3810219978921587 	 0.03026347824491423
1.3820219978921586 	 0.030213279592734187
1.3830219978921585 	 0.03016170835072389
1.3840219978921584 	 0.030108654339203362
1.3850219978921583 	 0.030054006867557957
1.3860219978921582 	 0.029997655428772287
1.387021997892158 	 0.029939490550111608
1.388021997892158 	 0.02987940190135207
1.3890219978921579 	 0.029817228361710458
1.3900219978921577 	 0.02975276331280193
1.3910219978921576 	 0.029685839179217337
1.3920219978921575 	 0.02961642302642762
1.3930219978921574 	 0.0295445176565564
1.3940219978921573 	 0.029470132729642242
1.3950219978921572 	 0.02939328612571865
1.396021997892157 	 0.029313991768563846
1.397021997892157 	 0.02923222437876688
1.3980219978921569 	 0.029147960739093898
1.3990219978921568 	 0.029061193080960643
1.4000219978921566 	 0.02897033543760488
1.4010219978921565 	 0.028878657094815144
1.4020219978921564 	 0.028784555394454302
1.4030219978921563 	 0.02868809648583022
1.4040219978921562 	 0.028589366861177995
1.405021997892156 	 0.028488473656675232
1.406021997892156 	 0.028385544737396746
1.4070219978921559 	 0.02828072857376701
1.4080219978921558 	 0.028174193374208897
1.4090219978921557 	 0.028066126003683346
1.4100219978921555 	 0.027956730605886
1.4110219978921554 	 0.0278462193965714
1.4120219978921553 	 0.027734790507931706
1.4130219978921552 	 0.02762264894202437
1.414021997892155 	 0.02751003214869018
1.415021997892155 	 0.027397205163734294
1.4160219978921549 	 0.027284436564016815
1.4170219978921548 	 0.027171994638221474
1.4180219978921547 	 0.02706014434853295
1.4190219978921546 	 0.026949144382532243
1.4200219978921544 	 0.026839244348943903
1.4210219978921543 	 0.026730682202590877
1.4220219978921542 	 0.026623682028986302
1.4230219978921541 	 0.026518452011329036
1.424021997892154 	 0.026415182513947325
1.425021997892154 	 0.02631404465168453
1.4260219978921538 	 0.02621518922350347
1.4270219978921537 	 0.02611874593960272
1.4280219978921536 	 0.026024823236539374
1.4290219978921535 	 0.02593350834124483
1.4300219978921533 	 0.025844867607235995
1.4310219978921532 	 0.025758947218545724
1.4320219978921531 	 0.025675774341195834
1.433021997892153 	 0.025595358031159712
1.434021997892153 	 0.025517690233476914
1.4350219978921528 	 0.02544274706924655
1.4360219978921527 	 0.025370490223079672
1.4370219978921526 	 0.025300868319083167
1.4380219978921525 	 0.025233819419252592
1.4390219978921523 	 0.02516926844138669
1.4400219978921522 	 0.02510712544546798
1.4410219978921521 	 0.025047293241489955
1.442021997892152 	 0.02498966905871579
1.443021997892152 	 0.024934145873816694
1.4440219978921518 	 0.024880613401300305
1.4450219978921517 	 0.024828959140383494
1.4460219978921516 	 0.024779069292694068
1.4470219978921515 	 0.024730829593476847
1.4480219978921514 	 0.024684126104702008
1.4490219978921512 	 0.024638845895113407
1.4500219978921511 	 0.02459487762242184
1.451021997892151 	 0.024552113221727657
1.452021997892151 	 0.0245104515825353
1.4530219978921508 	 0.024469795524068735
1.4540219978921507 	 0.024430050949518726
1.4550219978921506 	 0.024391127056340448
1.4560219978921505 	 0.024352936512859826
1.4570219978921504 	 0.024315392809067145
1.4580219978921503 	 0.024278402885122546
1.4590219978921501 	 0.024241875275243015
1.46002199789215 	 0.024205722582601317
1.46102199789215 	 0.024169861472451
1.4620219978921498 	 0.024134212644313608
1.4630219978921497 	 0.024098701841478158
1.4640219978921496 	 0.0240632781464623
1.4650219978921495 	 0.024027912456602917
1.4660219978921494 	 0.023992579655927212
1.4670219978921493 	 0.02395725782260216
1.4680219978921492 	 0.023921928168959296
1.469021997892149 	 0.023886574970457448
1.470021997892149 	 0.023851185489454644
1.4710219978921488 	 0.0238157420713008
1.4720219978921487 	 0.023780200835207717
1.4730219978921486 	 0.023744514476784457
1.4740219978921485 	 0.02370863904775834
1.4750219978921484 	 0.02367253385872119
1.4760219978921483 	 0.023636161391358674
1.4770219978921482 	 0.023599487200741925
1.478021997892148 	 0.023562479860069763
1.479021997892148 	 0.023525110895386895
1.4800219978921478 	 0.023487354705261435
1.4810219978921477 	 0.023449188490245784
1.4820219978921476 	 0.023410592151158444
1.4830219978921475 	 0.023371570171635145
1.4840219978921474 	 0.023332210838302853
1.4850219978921473 	 0.023292622361255063
1.4860219978921472 	 0.023252913447256898
1.487021997892147 	 0.023213193183493804
1.488021997892147 	 0.02317356578236363
1.4890219978921468 	 0.023134026087969068
1.4900219978921467 	 0.0230944677942754
1.4910219978921466 	 0.023054705163644027
1.4920219978921465 	 0.023014370682165802
1.4930219978921464 	 0.02297344047961375
1.4940219978921463 	 0.0229319874602324
1.4950219978921462 	 0.022890085405773242
1.496021997892146 	 0.022847808865470023
1.497021997892146 	 0.02280523299047769
1.4980219978921459 	 0.022762433559101618
1.4990219978921457 	 0.022719486935970375
1.5000219978921456 	 0.022676470003619473
1.5010219978921455 	 0.022633460090103585
1.5020219978921454 	 0.02259053490180546
1.5030219978921453 	 0.022547772515045923
1.5040219978921452 	 0.02250525128087464
1.505021997892145 	 0.022463049760098892
1.506021997892145 	 0.022421236092579035
1.5070219978921449 	 0.022379839267439625
1.5080219978921447 	 0.022338850508596183
1.5090219978921446 	 0.02229815271875557
1.5100219978921445 	 0.022257606198811057
1.5110219978921444 	 0.02221713402156443
1.5120219978921443 	 0.022176883519739836
1.5130219978921442 	 0.022137048673807676
1.514021997892144 	 0.022097742340243233
1.515021997892144 	 0.02205900212511333
1.5160219978921439 	 0.02202086285938856
1.5170219978921438 	 0.021983359433943934
1.5180219978921436 	 0.021946526763410936
1.5190219978921435 	 0.021910399727540646
1.5200219978921434 	 0.021875013104060564
1.5210219978921433 	 0.02184040130896793
1.5220219978921432 	 0.02180659818192105
1.523021997892143 	 0.021773637846270427
1.524021997892143 	 0.02174155413121025
1.5250219978921429 	 0.021710380455090553
1.5260219978921428 	 0.021680148563966755
1.5270219978921427 	 0.021650890158736436
1.5280219978921425 	 0.02162263721000586
1.5290219978921424 	 0.02159542107794092
1.5300219978921423 	 0.021569272054695478
1.5310219978921422 	 0.021544222263828426
1.532021997892142 	 0.021520311803557266
1.533021997892142 	 0.021497582022204115
1.5340219978921419 	 0.021476073444889412
1.5350219978921418 	 0.021455825741375854
1.5360219978921417 	 0.021436877737588133
1.5370219978921416 	 0.02141926743641876
1.5380219978921414 	 0.02140303174917468
1.5390219978921413 	 0.02138820125601824
1.5400219978921412 	 0.021374800606990162
1.5410219978921411 	 0.02136285360663402
1.542021997892141 	 0.021352383515533938
1.543021997892141 	 0.021343413143132574
1.5440219978921408 	 0.02133596476629968
1.5450219978921407 	 0.0213300601371773
1.5460219978921406 	 0.02132572054597615
1.5470219978921405 	 0.021322973082803082
1.5480219978921403 	 0.021321867446364797
1.5490219978921402 	 0.021322458168929623
1.5500219978921401 	 0.021324769623728368
1.55102199789214 	 0.02132874019122456
1.55202199789214 	 0.021334376595652512
1.5530219978921398 	 0.021341707588006
1.5540219978921397 	 0.021350761804942064
1.5550219978921396 	 0.021361567764214363
1.5560219978921395 	 0.021374153914679214
1.5570219978921394 	 0.021388548722469102
1.5580219978921392 	 0.021404780523122897
1.5590219978921391 	 0.021422877395561136
1.560021997892139 	 0.02144286700776893
1.561021997892139 	 0.021464776430529665
1.5620219978921388 	 0.02148863197798858
1.5630219978921387 	 0.021514457570212406
1.5640219978921386 	 0.021542251751477556
1.5650219978921385 	 0.021571988113899335
1.5660219978921384 	 0.02160363530128982
1.5670219978921383 	 0.021637156437666203
1.5680219978921381 	 0.021672449600331732
1.569021997892138 	 0.021709411162121557
1.570021997892138 	 0.02174801340447234
1.5710219978921378 	 0.021788196473275956
1.5720219978921377 	 0.02182993535236004
1.5730219978921376 	 0.021873187318477448
1.5740219978921375 	 0.02191786930326972
1.5750219978921374 	 0.021963847663918647
1.5760219978921373 	 0.022010925488100772
1.5770219978921372 	 0.022058827312584968
1.578021997892137 	 0.022107180310282862
1.579021997892137 	 0.02215549287532306
1.5800219978921368 	 0.02220313098237633
1.5810219978921367 	 0.022249293445091144
1.5820219978921366 	 0.022292988330022172
1.5830219978921365 	 0.022333013887733268
1.5840219978921364 	 0.022367949680838925
1.5850219978921363 	 0.022396165472670315
1.5860219978921362 	 0.022415857224924788
1.587021997892136 	 0.022425120202886336
1.588021997892136 	 0.022421991074767597
1.5890219978921358 	 0.022403698109708062
1.5900219978921357 	 0.022368535314107985
1.5910219978921356 	 0.022315858221646806
1.5920219978921355 	 0.02224583798908861
1.5930219978921354 	 0.022159600960685394
1.5940219978921353 	 0.02205925239607383
1.5950219978921352 	 0.021947759753547777
1.596021997892135 	 0.021828703190648422
1.597021997892135 	 0.021705935395142328
1.5980219978921348 	 0.021583216132827817
1.5990219978921347 	 0.021463891144933737
1.6000219978921346 	 0.02135066615296463
1.6010219978921345 	 0.021245475414253367
1.6020219978921344 	 0.021149421655328685
1.6030219978921343 	 0.021062917048109635
1.6040219978921342 	 0.020985826374477025
1.605021997892134 	 0.020917606555185424
1.606021997892134 	 0.020857439451343114
1.6070219978921338 	 0.020804345197965132
1.6080219978921337 	 0.020757270773874133
1.6090219978921336 	 0.02071515443699742
1.6100219978921335 	 0.020676969133090292
1.6110219978921334 	 0.02064176499843869
1.6120219978921333 	 0.02060872656835
1.6130219978921332 	 0.020577130613644908
1.614021997892133 	 0.02054630786099055
1.615021997892133 	 0.020515640959044772
1.6160219978921329 	 0.020484581922782713
1.6170219978921327 	 0.020452646302803416
1.6180219978921326 	 0.020419406345143866
1.6190219978921325 	 0.0203844843781974
1.6200219978921324 	 0.02034754672817351
1.6210219978921323 	 0.020308298232316748
1.6220219978921322 	 0.020266477233931185
1.623021997892132 	 0.020221851257651007
1.624021997892132 	 0.020174213850649006
1.6250219978921319 	 0.020123381719592447
1.6260219978921318 	 0.020069192181585135
1.6270219978921316 	 0.020011500932428917
1.6280219978921315 	 0.019950180564838067
1.6290219978921314 	 0.019885119264199426
1.6300219978921313 	 0.019816219713136046
1.6310219978921312 	 0.019743379311346097
1.632021997892131 	 0.019666438239307006
1.633021997892131 	 0.019585234214736985
1.6340219978921309 	 0.019499647420158934
1.6350219978921308 	 0.019409676204942255
1.6360219978921307 	 0.019315354218518443
1.6370219978921305 	 0.019216724973356466
1.6380219978921304 	 0.019113840775670184
1.6390219978921303 	 0.0190067397829092
1.6400219978921302 	 0.018895448005209467
1.64102199789213 	 0.01878000138469365
1.64202199789213 	 0.018660446179605487
1.6430219978921299 	 0.018536838972355335
1.6440219978921298 	 0.018409246934386534
1.6450219978921297 	 0.01827774776214995
1.6460219978921296 	 0.018142429381117008
1.6470219978921294 	 0.018003389397204656
1.6480219978921293 	 0.017860735221783774
1.6490219978921292 	 0.01771458389297074
1.650021997892129 	 0.017565061745653584
1.651021997892129 	 0.01741229872268911
1.652021997892129 	 0.017256413695911653
1.6530219978921288 	 0.017097529857427213
1.6540219978921287 	 0.01693577919402815
1.6550219978921286 	 0.016771302056518077
1.6560219978921285 	 0.016604246523957648
1.6570219978921283 	 0.016434767559111843
1.6580219978921282 	 0.016263026742744078
1.6590219978921281 	 0.01608919174429777
1.660021997892128 	 0.015913435687280174
1.661021997892128 	 0.015735957556908646
1.6620219978921278 	 0.015557037310213734
1.6630219978921277 	 0.015376968750311025
1.6640219978921276 	 0.015195988628255443
1.6650219978921275 	 0.015014282404361947
1.6660219978921273 	 0.01483203459088203
1.6670219978921272 	 0.014649429980800077
1.6680219978921271 	 0.014466653212413458
1.669021997892127 	 0.014283888209047281
1.670021997892127 	 0.014101317577115002
1.6710219978921268 	 0.013919124576635666
1.6720219978921267 	 0.013737499309109388
1.6730219978921266 	 0.01355663044383209
1.6740219978921265 	 0.013376702387303872
1.6750219978921264 	 0.013197894804138903
1.6760219978921262 	 0.013020382153400846
1.6770219978921261 	 0.012844333214843169
1.678021997892126 	 0.01266991077540782
1.679021997892126 	 0.012497271292866518
1.6800219978921258 	 0.012326564560329569
1.6810219978921257 	 0.012157933393405769
1.6820219978921256 	 0.011991513346582437
1.6830219978921255 	 0.011827432542217011
1.6840219978921254 	 0.011665811346453529
1.6850219978921253 	 0.011506762111411833
1.6860219978921251 	 0.011350388958233157
1.687021997892125 	 0.011196787576424254
1.688021997892125 	 0.011046045478811866
1.6890219978921248 	 0.010898250865065096
1.6900219978921247 	 0.010753491263402233
1.6910219978921246 	 0.010611840804071812
1.6920219978921245 	 0.010473350408038623
1.6930219978921244 	 0.01033805846778554
1.6940219978921243 	 0.010205993742778939
1.6950219978921242 	 0.010077175130385668
1.696021997892124 	 0.009951611475607821
1.697021997892124 	 0.00982930140218271
1.6980219978921238 	 0.009710233045514861
1.6990219978921237 	 0.009594383816228352
1.7000219978921236 	 0.009481720175675988
1.7010219978921235 	 0.009362280049879422
1.7020219978921234 	 0.009245371752168897
1.7030219978921233 	 0.009131664952006343
1.7040219978921232 	 0.00902107969297321
1.705021997892123 	 0.00891352372829694
1.706021997892123 	 0.008808892471523768
1.7070219978921228 	 0.008707068985673314
1.7080219978921227 	 0.008607924020618177
1.7090219978921226 	 0.008511316109724686
1.7100219978921225 	 0.008417091738021467
1.7110219978921224 	 0.008325085595284333
1.7120219978921223 	 0.008235120928367519
1.7130219978921222 	 0.00814701000780051
1.714021997892122 	 0.008060554724018811
1.715021997892122 	 0.007975547328511134
1.7160219978921218 	 0.007891771334548273
1.7170219978921217 	 0.0078090025909112095
1.7180219978921216 	 0.0077270105400540036
1.7190219978921215 	 0.007645559669351311
1.7200219978921214 	 0.0075644111604131516
1.7210219978921213 	 0.007483324736877958
1.7220219978921212 	 0.007402060705618156
1.723021997892121 	 0.007320382179970757
1.724021997892121 	 0.007238057466554854
1.7250219978921209 	 0.007154862589635905
1.7260219978921207 	 0.007070583919099498
1.7270219978921206 	 0.006985020860224376
1.7280219978921205 	 0.006897988555970972
1.7290219978921204 	 0.006809320545863023
1.7300219978921203 	 0.006718871320184543
1.7310219978921202 	 0.006626518704593937
1.73202199789212 	 0.006532166008790288
1.73302199789212 	 0.006435743873895648
1.7340219978921199 	 0.006337211756980266
1.7350219978921197 	 0.006236558997752193
1.7360219978921196 	 0.006133805421788796
1.7370219978921195 	 0.0060290014465619515
1.7380219978921194 	 0.005922227670471974
1.7390219978921193 	 0.00581359394057686
1.7400219978921192 	 0.005703237910963145
1.741021997892119 	 0.005591323119956674
1.742021997892119 	 0.0054780366297886495
1.7430219978921189 	 0.005363586286119922
1.7440219978921188 	 0.005248197666284964
1.7450219978921186 	 0.005132110793687879
1.7460219978921185 	 0.005015576701092234
1.7470219978921184 	 0.00489885392742924
1.7480219978921183 	 0.0047822050312462065
1.7490219978921182 	 0.004665893199275752
1.750021997892118 	 0.004550179021233506
1.751021997892118 	 0.004435317492392785
1.7520219978921179 	 0.00432155529435718
1.7530219978921178 	 0.004209128392410316
1.7540219978921177 	 0.004098259975502936
1.7550219978921175 	 0.003989158752921071
1.7560219978921174 	 0.003882017610461531
1.7570219978921173 	 0.003777012618910126
1.7580219978921172 	 0.003674302379047644
1.759021997892117 	 0.0035740276804583624
1.760021997892117 	 0.0034763114461378495
1.7610219978921169 	 0.003381258931257432
1.7620219978921168 	 0.0032889581423244958
1.7630219978921167 	 0.0031994804422279233
1.7640219978921166 	 0.0031128813070673968
1.7650219978921164 	 0.003029201202029103
1.7660219978921163 	 0.0029484665456668826
1.7670219978921162 	 0.002870690734572251
1.7680219978921161 	 0.002795875203382024
1.769021997892116 	 0.002724010498211951
1.770021997892116 	 0.002655077344781823
1.7710219978921158 	 0.0025890476956021984
1.7720219978921157 	 0.0025258857435388575
1.7730219978921156 	 0.0024655488917997284
1.7740219978921155 	 0.002407988672859488
1.7750219978921153 	 0.0023531516110297857
1.7760219978921152 	 0.0023009800252895597
1.7770219978921151 	 0.0022514127706161195
1.778021997892115 	 0.0022043859174157104
1.779021997892115 	 0.002159833369762264
1.7800219978921148 	 0.0021176874240359696
1.7810219978921147 	 0.002077879270235648
1.7820219978921146 	 0.002040339438744415
1.7830219978921145 	 0.0020049981956823462
1.7840219978921144 	 0.0019717858902056767
1.7850219978921142 	 0.001940633257232471
1.7860219978921141 	 0.0019114716791070695
1.787021997892114 	 0.0018842334096802681
1.788021997892114 	 0.0018588517641927016
1.7890219978921138 	 0.001835261278218616
1.7900219978921137 	 0.0018133978387683573
1.7910219978921136 	 0.0017931987904686235
1.7920219978921135 	 0.0017746030195487084
1.7930219978921134 	 0.0017575510181633567
1.7940219978921133 	 0.001741984931385615
1.7950219978921131 	 0.0017278485890072737
1.796021997892113 	 0.0017150875240958166
1.797021997892113 	 0.0017036489800752424
1.7980219978921128 	 0.0016934819079265232
1.7990219978921127 	 0.001684536954942002
1.8000219978921126 	 0.0016767664463176407
1.8010219978921125 	 0.0016701243607278018
1.8020219978921124 	 0.0016645663008992427
1.8030219978921123 	 0.0016600494600833005
1.8040219978921122 	 0.0016565325852188441
1.805021997892112 	 0.0016539759374813064
1.806021997892112 	 0.0016523412508256685
1.8070219978921118 	 0.0016515916890525598
1.8080219978921117 	 0.001651691801855676
1.8090219978921116 	 0.0016526074802459684
1.8100219978921115 	 0.0016543059116913515
1.8110219978921114 	 0.0016567555352611123
1.8120219978921113 	 0.0016599259970195603
1.8130219978921112 	 0.001663788105874644
1.814021997892111 	 0.0016683137900528613
1.815021997892111 	 0.001673476054341359
1.8160219978921108 	 0.0016792489382120043
1.8170219978921107 	 0.0016856074749191222
1.8180219978921106 	 0.0016925276516423407
1.8190219978921105 	 0.0016999863707290197
1.8200219978921104 	 0.0017079614120755332
1.8210219978921103 	 0.0017164313966739515
1.8220219978921102 	 0.0017253757513395944
1.82302199789211 	 0.001734774674625819
1.82402199789211 	 0.0017446091039241482
1.8250219978921098 	 0.0017548606837416052
1.8260219978921097 	 0.0017655117351413425
1.8270219978921096 	 0.0017765452263282793
1.8280219978921095 	 0.0017879447443575906
1.8290219978921094 	 0.0017996944679410816
1.8300219978921093 	 0.0018117791413241233
1.8310219978921092 	 0.0018241840492038306
1.832021997892109 	 0.0018368949926582591
1.833021997892109 	 0.001849898266055013
1.8340219978921088 	 0.0018631806349074939
1.8350219978921087 	 0.0018767293146464382
1.8360219978921086 	 0.0018905319502746539
1.8370219978921085 	 0.00190457659687268
1.8380219978921084 	 0.0019188517009239192
1.8390219978921083 	 0.0019333460824278656
1.8400219978921082 	 0.0019480489177708079
1.841021997892108 	 0.001962949723324305
1.842021997892108 	 0.0019780383397421906
1.8430219978921079 	 0.0019933049169278154
1.8440219978921077 	 0.002008739899644363
1.8450219978921076 	 0.0020243340137415127
1.8460219978921075 	 0.0020400782529731904
1.8470219978921074 	 0.002055963866381633
1.8480219978921073 	 0.002071982346224299
1.8490219978921072 	 0.002088125416420825
1.850021997892107 	 0.0021043850214984877
1.851021997892107 	 0.0021207533160151524
1.8520219978921069 	 0.002137222654440016
1.8530219978921068 	 0.0021537855814731497
1.8540219978921066 	 0.0021704348227854606
1.8550219978921065 	 0.0021871632761623146
1.8560219978921064 	 0.002203964003033957
1.8570219978921063 	 0.0022208302203772412
1.8580219978921062 	 0.0022377552929739516
1.859021997892106 	 0.0022547327260114456
1.860021997892106 	 0.0022717561580123287
1.8610219978921059 	 0.0022888193540804695
1.8620219978921058 	 0.002305916199451403
1.8630219978921057 	 0.0023230406933356395
1.8640219978921055 	 0.002340186943044313
1.8650219978921054 	 0.002357349158386831
1.8660219978921053 	 0.0023745216463311575
1.8670219978921052 	 0.002391698805917442
1.868021997892105 	 0.0024088751234168228
1.869021997892105 	 0.0024260451677269195
1.8700219978921049 	 0.0024432035859969564
1.8710219978921048 	 0.0024603450994750845
1.8720219978921047 	 0.0024774644995713482
1.8730219978921046 	 0.002494556644130057
1.8740219978921044 	 0.002511616453905593
1.8750219978921043 	 0.0025286389092363175
1.8760219978921042 	 0.002545619046911207
1.877021997892104 	 0.0025625519572244466
1.878021997892104 	 0.0025794327812136337
1.879021997892104 	 0.0025962567080770453
1.8800219978921038 	 0.002613018972766205
1.8810219978921037 	 0.0026297148537500247
1.8820219978921036 	 0.0026463396709469817
1.8830219978921034 	 0.0026628887838220892
1.8840219978921033 	 0.002679357589645504
1.8850219978921032 	 0.0026957415219102956
1.8860219978921031 	 0.002712036048906019
1.887021997892103 	 0.002728236672446208
1.888021997892103 	 0.002744338926747027
1.8890219978921028 	 0.0027603383774547395
1.8900219978921027 	 0.0027762306208200683
1.8910219978921026 	 0.0027920112830172603
1.8920219978921025 	 0.0028076760196056945
1.8930219978921023 	 0.0028232205151324484
1.8940219978921022 	 0.002838640482873474
1.8950219978921021 	 0.0028539316647119865
1.896021997892102 	 0.0028690898311518956
1.897021997892102 	 0.0028841107814644995
1.8980219978921018 	 0.0028989903439668226
1.8990219978921017 	 0.00291372437642952
1.9000219978921016 	 0.0029283087666124178
1.9010219978921015 	 0.0029427394329259136
1.9020219978921014 	 0.0029570123252161385
1.9030219978921012 	 0.0029711234256718246
1.9040219978921011 	 0.0029850687498505874
1.905021997892101 	 0.0029988443478226466
1.906021997892101 	 0.003012446305429171
1.9070219978921008 	 0.0030258707456531997
1.9080219978921007 	 0.0030391138301001435
1.9090219978921006 	 0.0030521717605853254
1.9100219978921005 	 0.003065040780825445
1.9110219978921004 	 0.0030777171782310304
1.9120219978921003 	 0.0030901972857964558
1.9130219978921001 	 0.0031024774840841787
1.9140219978921 	 0.003114554203299507
1.9150219978921 	 0.0031264239254520784
1.9160219978920998 	 0.003138083186599953
1.9170219978920997 	 0.0031495285791721893
1.9180219978920996 	 0.0031607567543653348
1.9190219978920995 	 0.0031717644246092706
1.9200219978920994 	 0.0031825483660973225
1.9210219978920993 	 0.0031931054213758642
1.9220219978920992 	 0.003203432501987772
1.923021997892099 	 0.003213526591164333
1.924021997892099 	 0.003223384746559853
1.9250219978920988 	 0.0032330041030231493
1.9260219978920987 	 0.0032423818753992716
1.9270219978920986 	 0.0032515153613557296
1.9280219978920985 	 0.003260401944226243
1.9290219978920984 	 0.003269039095865295
1.9300219978920983 	 0.0032774243795067374
1.9310219978920982 	 0.0032855554526193187
1.932021997892098 	 0.003293430069751691
1.933021997892098 	 0.0033010460853599268
1.9340219978920978 	 0.003308401456609538
1.9350219978920977 	 0.003315494246145014
1.9360219978920976 	 0.0033223226248184946
1.9370219978920975 	 0.0033288848743705836
1.9380219978920974 	 0.003335179390054773
1.9390219978920973 	 0.0033412046831982245
1.9400219978920972 	 0.0033469593836907997
1.941021997892097 	 0.003352442242394534
1.942021997892097 	 0.0033576521334659293
1.9430219978920968 	 0.0033625880565831506
1.9440219978920967 	 0.0033672491390709255
1.9450219978920966 	 0.0033716346379150837
1.9460219978920965 	 0.003375743941659873
1.9470219978920964 	 0.003379576572180881
1.9480219978920963 	 0.0033831321863261794
1.9490219978920962 	 0.0033864105774195205
1.950021997892096 	 0.0033894116766186723
1.951021997892096 	 0.003392135554122981
1.9520219978920959 	 0.003394582420224173
1.9530219978920957 	 0.0033967526261947448
1.9540219978920956 	 0.0033986466650090226
1.9550219978920955 	 0.003400265171891914
1.9560219978920954 	 0.0034016089246908473
1.9570219978920953 	 0.0034026788440672607
1.9580219978920952 	 0.0034034759935038087
1.959021997892095 	 0.003404001579124398
1.960021997892095 	 0.0034042569493245556
1.9610219978920949 	 0.0034042435942098397
1.9620219978920947 	 0.0034039631448410765
1.9630219978920946 	 0.0034034173722851386
1.9640219978920945 	 0.0034026081864708783
1.9650219978920944 	 0.0034015376348505025
1.9660219978920943 	 0.003400207900866591
1.9670219978920942 	 0.0033986213022263777
1.968021997892094 	 0.003396780288984765
1.969021997892094 	 0.0033946874414385064
1.9700219978920939 	 0.0033923454678342776
1.9710219978920938 	 0.0033897572018941036
1.9720219978920936 	 0.0033869256001622275
1.9730219978920935 	 0.0033838537391774116
1.9740219978920934 	 0.0033805448124761906
1.9750219978920933 	 0.003377002127432153
1.9760219978920932 	 0.003373229101937221
1.977021997892093 	 0.003369229260931593
1.978021997892093 	 0.003365006232788728
1.9790219978920929 	 0.0033605637455629794
1.9800219978920928 	 0.0033559056231073662
1.9810219978920927 	 0.003351035781069233
1.9820219978920925 	 0.003345958222772557
1.9830219978920924 	 0.003340677034995048
1.9840219978920923 	 0.0033351963836490183
1.9850219978920922 	 0.003329520509375345
1.986021997892092 	 0.0033236537230594823
1.987021997892092 	 0.003317600401279035
1.9880219978920919 	 0.003311364981692722
1.9890219978920918 	 0.0033049519583800645
1.9900219978920917 	 0.0032983658771415882
1.9910219978920916 	 0.003291611330769632
1.9920219978920914 	 0.003284692954298912
1.9930219978920913 	 0.0032776154202470652
1.9940219978920912 	 0.0032703834338544692
1.9950219978920911 	 0.00326300172833296
1.996021997892091 	 0.003255475060132786
1.997021997892091 	 0.003247808204237022
1.9980219978920908 	 0.003240005949492265
1.9990219978920907 	 0.0032320730939846523
