0.0010219978922 	 0
0.0020219978922 	 0.0
0.0030219978922 	 0.0
0.0040219978922 	 0.0
0.0050219978922 	 0.0
0.0060219978922 	 0.0
0.0070219978922 	 0.0
0.0080219978922 	 0.0
0.009021997892200002 	 0.0
0.010021997892200003 	 0.0
0.011021997892200004 	 0.0
0.012021997892200004 	 0.0
0.013021997892200005 	 0.0
0.014021997892200006 	 0.0
0.015021997892200007 	 0.0
0.016021997892200008 	 0.0
0.01702199789220001 	 0.0
0.01802199789220001 	 0.0
0.01902199789220001 	 0.0
0.02002199789220001 	 0.0
0.021021997892200012 	 0.0
0.022021997892200013 	 0.0
0.023021997892200014 	 0.0
0.024021997892200015 	 0.0
0.025021997892200016 	 0.0
0.026021997892200017 	 0.0
0.027021997892200018 	 0.0
0.02802199789220002 	 0.0
0.02902199789220002 	 0.0
0.03002199789220002 	 0.0
0.03102199789220002 	 0.0
0.03202199789220002 	 0.0
0.03302199789220002 	 0.0
0.03402199789220002 	 0.0
0.03502199789220002 	 0.0
0.03602199789220002 	 0.0
0.03702199789220002 	 0.0
0.038021997892200024 	 0.0
0.039021997892200025 	 0.0
0.040021997892200026 	 0.0
0.04102199789220003 	 0.0
0.04202199789220003 	 0.0
0.04302199789220003 	 0.0
0.04402199789220003 	 0.0
0.04502199789220003 	 0.0
0.04602199789220003 	 0.0
0.04702199789220003 	 0.0
0.04802199789220003 	 0.0
0.049021997892200034 	 0.0
0.050021997892200035 	 0.0
0.051021997892200036 	 0.0
0.052021997892200036 	 0.0
0.05302199789220004 	 0.0
0.05402199789220004 	 0.0
0.05502199789220004 	 0.0
0.05602199789220004 	 0.0
0.05702199789220004 	 0.0
0.05802199789220004 	 0.0
0.05902199789220004 	 0.0
0.060021997892200044 	 0.0
0.061021997892200044 	 0.0
0.062021997892200045 	 0.0
0.06302199789220005 	 0.0
0.06402199789220005 	 0.0
0.06502199789220005 	 0.0
0.06602199789220005 	 0.0
0.06702199789220005 	 0.0
0.06802199789220005 	 0.0
0.06902199789220005 	 0.0
0.07002199789220005 	 0.0
0.07102199789220005 	 0.0
0.07202199789220005 	 0.0
0.07302199789220006 	 0.0
0.07402199789220006 	 0.0
0.07502199789220006 	 0.0
0.07602199789220006 	 0.0
0.07702199789220006 	 0.0
0.07802199789220006 	 0.0
0.07902199789220006 	 0.0
0.08002199789220006 	 0.0
0.08102199789220006 	 0.0
0.08202199789220006 	 0.0
0.08302199789220006 	 0.0
0.08402199789220006 	 0.0
0.08502199789220007 	 0.0
0.08602199789220007 	 0.0
0.08702199789220007 	 0.0
0.08802199789220007 	 0.0
0.08902199789220007 	 0.0
0.09002199789220007 	 0.0
0.09102199789220007 	 0.0
0.09202199789220007 	 0.0
0.09302199789220007 	 0.0
0.09402199789220007 	 0.0
0.09502199789220007 	 0.0
0.09602199789220008 	 0.0
0.09702199789220008 	 0.0
0.09802199789220008 	 0.0
0.09902199789220008 	 0.0
0.10002199789220008 	 0.0
0.10102199789220008 	 0.0
0.10202199789220008 	 0.0
0.10302199789220008 	 0.0
0.10402199789220008 	 0.0
0.10502199789220008 	 0.0
0.10602199789220008 	 0.0
0.10702199789220009 	 0.0
0.10802199789220009 	 0.0
0.10902199789220009 	 0.0
0.11002199789220009 	 0.0
0.11102199789220009 	 0.0
0.11202199789220009 	 0.0
0.11302199789220009 	 0.0
0.11402199789220009 	 0.0
0.11502199789220009 	 0.0
0.1160219978922001 	 0.0
0.1170219978922001 	 0.0
0.1180219978922001 	 0.0
0.1190219978922001 	 0.0
0.1200219978922001 	 0.0
0.1210219978922001 	 0.0
0.1220219978922001 	 0.0
0.1230219978922001 	 0.0
0.1240219978922001 	 0.0
0.1250219978922001 	 0.0
0.1260219978922001 	 0.0
0.1270219978922001 	 0.0
0.1280219978922001 	 0.0
0.1290219978922001 	 0.0
0.1300219978922001 	 0.0
0.1310219978922001 	 0.0
0.1320219978922001 	 0.0
0.1330219978922001 	 0.0
0.1340219978922001 	 0.0
0.1350219978922001 	 0.0
0.1360219978922001 	 0.0
0.1370219978922001 	 0.0
0.1380219978922001 	 0.0
0.1390219978922001 	 0.0
0.1400219978922001 	 0.0
0.1410219978922001 	 0.0
0.1420219978922001 	 0.0
0.1430219978922001 	 0.0
0.1440219978922001 	 0.0
0.1450219978922001 	 0.0
0.1460219978922001 	 0.0
0.1470219978922001 	 0.0
0.1480219978922001 	 0.0
0.1490219978922001 	 0.0
0.1500219978922001 	 0.0
0.1510219978922001 	 0.0
0.1520219978922001 	 0.0
0.1530219978922001 	 0.0
0.1540219978922001 	 0.0
0.15502199789220011 	 0.0
0.15602199789220011 	 0.0
0.15702199789220012 	 0.0
0.15802199789220012 	 0.0
0.15902199789220012 	 0.0
0.16002199789220012 	 0.0
0.16102199789220012 	 0.0
0.16202199789220012 	 0.0
0.16302199789220012 	 0.0
0.16402199789220012 	 0.0
0.16502199789220012 	 0.0
0.16602199789220012 	 0.0
0.16702199789220012 	 0.0
0.16802199789220013 	 0.0
0.16902199789220013 	 0.0
0.17002199789220013 	 0.0
0.17102199789220013 	 0.0
0.17202199789220013 	 0.0
0.17302199789220013 	 0.0
0.17402199789220013 	 0.0
0.17502199789220013 	 0.0
0.17602199789220013 	 0.0
0.17702199789220013 	 0.0
0.17802199789220013 	 0.0
0.17902199789220014 	 0.0
0.18002199789220014 	 0.0
0.18102199789220014 	 0.0
0.18202199789220014 	 0.0
0.18302199789220014 	 0.0
0.18402199789220014 	 0.0
0.18502199789220014 	 0.0
0.18602199789220014 	 0.0
0.18702199789220014 	 0.0
0.18802199789220014 	 0.0
0.18902199789220014 	 0.0
0.19002199789220015 	 0.0
0.19102199789220015 	 0.0
0.19202199789220015 	 0.0
0.19302199789220015 	 0.0
0.19402199789220015 	 0.0
0.19502199789220015 	 0.0
0.19602199789220015 	 0.0
0.19702199789220015 	 0.0
0.19802199789220015 	 0.0
0.19902199789220015 	 0.0
0.20002199789220015 	 0.0
0.20102199789220015 	 0.0
0.20202199789220016 	 0.0
0.20302199789220016 	 0.0
0.20402199789220016 	 0.0
0.20502199789220016 	 0.0
0.20602199789220016 	 0.0
0.20702199789220016 	 0.0
0.20802199789220016 	 0.0
0.20902199789220016 	 0.0
0.21002199789220016 	 0.0
0.21102199789220016 	 0.0
0.21202199789220016 	 0.0
0.21302199789220017 	 0.0
0.21402199789220017 	 0.0
0.21502199789220017 	 0.0
0.21602199789220017 	 0.0
0.21702199789220017 	 0.0
0.21802199789220017 	 0.0
0.21902199789220017 	 0.0
0.22002199789220017 	 0.0
0.22102199789220017 	 0.0
0.22202199789220017 	 0.0
0.22302199789220017 	 0.0
0.22402199789220018 	 0.0
0.22502199789220018 	 0.0
0.22602199789220018 	 0.0
0.22702199789220018 	 0.0
0.22802199789220018 	 0.0
0.22902199789220018 	 0.0
0.23002199789220018 	 0.0
0.23102199789220018 	 0.0
0.23202199789220018 	 0.0
0.23302199789220018 	 0.0
0.23402199789220018 	 0.0
0.23502199789220019 	 0.0
0.23602199789220019 	 0.0
0.2370219978922002 	 0.0
0.2380219978922002 	 0.0
0.2390219978922002 	 0.0
0.2400219978922002 	 0.0
0.2410219978922002 	 0.0
0.2420219978922002 	 0.0
0.2430219978922002 	 0.0
0.2440219978922002 	 0.0
0.2450219978922002 	 0.0
0.2460219978922002 	 0.0
0.2470219978922002 	 0.0
0.2480219978922002 	 0.0
0.2490219978922002 	 0.0
0.2500219978922002 	 0.0
0.2510219978922002 	 0.0
0.2520219978922002 	 0.0
0.2530219978922002 	 0.0
0.2540219978922002 	 0.0
0.2550219978922002 	 0.0
0.2560219978922002 	 0.0
0.2570219978922002 	 0.0
0.2580219978922002 	 0.0
0.2590219978922002 	 0.0
0.2600219978922002 	 0.0
0.2610219978922002 	 0.0
0.2620219978922002 	 0.0
0.2630219978922002 	 0.0
0.2640219978922002 	 0.0
0.2650219978922002 	 0.0
0.2660219978922002 	 0.0
0.2670219978922002 	 0.0
0.2680219978922002 	 0.0
0.2690219978922002 	 0.0
0.2700219978922002 	 0.0
0.2710219978922002 	 0.0
0.2720219978922002 	 0.0
0.2730219978922002 	 0.0
0.2740219978922002 	 0.0
0.2750219978922002 	 0.0
0.2760219978922002 	 0.0
0.2770219978922002 	 0.0
0.2780219978922002 	 0.0
0.2790219978922002 	 0.0
0.2800219978922002 	 0.0
0.2810219978922002 	 0.0
0.2820219978922002 	 0.0
0.2830219978922002 	 0.0
0.28402199789220023 	 0.0
0.28502199789220023 	 0.0
0.28602199789220023 	 0.0
0.28702199789220023 	 0.0
0.28802199789220023 	 0.0
0.28902199789220023 	 0.0
0.29002199789220023 	 0.0
0.29102199789220023 	 0.0
0.29202199789220024 	 0.0
0.29302199789220024 	 0.0
0.29402199789220024 	 0.0
0.29502199789220024 	 0.0
0.29602199789220024 	 0.0
0.29702199789220024 	 0.0
0.29802199789220024 	 0.0
0.29902199789220024 	 0.0
0.30002199789220024 	 0.0
0.30102199789220024 	 0.0
0.30202199789220024 	 0.0
0.30302199789220025 	 0.0
0.30402199789220025 	 0.0
0.30502199789220025 	 0.0
0.30602199789220025 	 0.0
0.30702199789220025 	 0.0
0.30802199789220025 	 0.0
0.30902199789220025 	 0.0
0.31002199789220025 	 0.0
0.31102199789220025 	 0.0
0.31202199789220025 	 0.0
0.31302199789220025 	 0.0
0.31402199789220026 	 0.0
0.31502199789220026 	 0.0
0.31602199789220026 	 0.0
0.31702199789220026 	 0.0
0.31802199789220026 	 0.0
0.31902199789220026 	 0.0
0.32002199789220026 	 0.0
0.32102199789220026 	 0.0
0.32202199789220026 	 0.0
0.32302199789220026 	 0.0
0.32402199789220026 	 0.0
0.32502199789220027 	 0.0
0.32602199789220027 	 0.0
0.32702199789220027 	 0.0
0.32802199789220027 	 0.0
0.32902199789220027 	 0.0
0.33002199789220027 	 0.0
0.33102199789220027 	 0.0
0.33202199789220027 	 0.0
0.33302199789220027 	 0.0
0.3340219978922003 	 0.0
0.3350219978922003 	 0.0
0.3360219978922003 	 0.0
0.3370219978922003 	 0.0
0.3380219978922003 	 0.0
0.3390219978922003 	 0.0
0.3400219978922003 	 0.0
0.3410219978922003 	 0.0
0.3420219978922003 	 0.0
0.3430219978922003 	 0.0
0.3440219978922003 	 0.0
0.3450219978922003 	 0.0
0.3460219978922003 	 0.0
0.3470219978922003 	 0.0
0.3480219978922003 	 0.0
0.3490219978922003 	 0.0
0.3500219978922003 	 0.0
0.3510219978922003 	 0.0
0.3520219978922003 	 0.0
0.3530219978922003 	 0.0
0.3540219978922003 	 0.0
0.3550219978922003 	 0.0
0.3560219978922003 	 0.0
0.3570219978922003 	 0.0
0.3580219978922003 	 0.0
0.3590219978922003 	 0.0
0.3600219978922003 	 0.0
0.3610219978922003 	 0.0
0.3620219978922003 	 0.0
0.3630219978922003 	 0.0
0.3640219978922003 	 0.0
0.3650219978922003 	 0.0
0.3660219978922003 	 0.0
0.3670219978922003 	 0.0
0.3680219978922003 	 0.0
0.3690219978922003 	 0.0
0.3700219978922003 	 0.0
0.3710219978922003 	 0.0
0.3720219978922003 	 0.0
0.3730219978922003 	 0.0
0.3740219978922003 	 0.0
0.3750219978922003 	 0.0
0.3760219978922003 	 0.0
0.3770219978922003 	 0.0
0.3780219978922003 	 0.0
0.3790219978922003 	 0.0
0.3800219978922003 	 0.0
0.3810219978922003 	 0.0
0.3820219978922003 	 0.0
0.3830219978922003 	 0.0
0.3840219978922003 	 0.0
0.3850219978922003 	 0.0
0.3860219978922003 	 0.0
0.3870219978922003 	 0.0
0.3880219978922003 	 0.0
0.3890219978922003 	 0.0
0.3900219978922003 	 0.0
0.3910219978922003 	 0.0
0.3920219978922003 	 0.0
0.3930219978922003 	 0.0
0.3940219978922003 	 0.0
0.3950219978922003 	 0.0
0.39602199789220033 	 0.0
0.39702199789220033 	 0.0
0.39802199789220033 	 0.0
0.39902199789220033 	 0.0
0.40002199789220033 	 0.0
0.40102199789220033 	 0.0
0.40202199789220033 	 0.0
0.40302199789220033 	 0.0
0.40402199789220034 	 0.0
0.40502199789220034 	 0.0
0.40602199789220034 	 0.0
0.40702199789220034 	 0.0
0.40802199789220034 	 0.0
0.40902199789220034 	 0.0
0.41002199789220034 	 0.0
0.41102199789220034 	 0.0
0.41202199789220034 	 0.0
0.41302199789220034 	 0.0
0.41402199789220034 	 0.0
0.41502199789220034 	 0.0
0.41602199789220035 	 0.0
0.41702199789220035 	 0.0
0.41802199789220035 	 0.0
0.41902199789220035 	 0.0
0.42002199789220035 	 0.0
0.42102199789220035 	 0.0
0.42202199789220035 	 0.0
0.42302199789220035 	 0.0
0.42402199789220035 	 0.0
0.42502199789220035 	 0.0
0.42602199789220035 	 0.0
0.42702199789220036 	 0.0
0.42802199789220036 	 0.0
0.42902199789220036 	 0.0
0.43002199789220036 	 0.0
0.43102199789220036 	 0.0
0.43202199789220036 	 0.0
0.43302199789220036 	 0.0
0.43402199789220036 	 0.0
0.43502199789220036 	 0.0
0.43602199789220036 	 0.0
0.43702199789220036 	 0.0
0.43802199789220037 	 0.0
0.43902199789220037 	 0.0
0.44002199789220037 	 0.0
0.44102199789220037 	 0.0
0.44202199789220037 	 0.0
0.44302199789220037 	 0.0
0.44402199789220037 	 0.0
0.44502199789220037 	 0.0
0.4460219978922004 	 0.0
0.4470219978922004 	 0.0
0.4480219978922004 	 0.0
0.4490219978922004 	 0.0
0.4500219978922004 	 0.0
0.4510219978922004 	 0.0
0.4520219978922004 	 0.0
0.4530219978922004 	 0.0
0.4540219978922004 	 0.0
0.4550219978922004 	 0.0
0.4560219978922004 	 0.0
0.4570219978922004 	 0.0
0.4580219978922004 	 0.0
0.4590219978922004 	 0.0
0.4600219978922004 	 0.0
0.4610219978922004 	 0.0
0.4620219978922004 	 0.0
0.4630219978922004 	 0.0
0.4640219978922004 	 0.0
0.4650219978922004 	 0.0
0.4660219978922004 	 0.0
0.4670219978922004 	 0.0
0.4680219978922004 	 0.0
0.4690219978922004 	 0.0
0.4700219978922004 	 0.0
0.4710219978922004 	 0.0
0.4720219978922004 	 0.0
0.4730219978922004 	 0.0
0.4740219978922004 	 0.0
0.4750219978922004 	 0.0
0.4760219978922004 	 0.0
0.4770219978922004 	 0.0
0.4780219978922004 	 0.0
0.4790219978922004 	 0.0
0.4800219978922004 	 0.0
0.4810219978922004 	 0.0
0.4820219978922004 	 0.0
0.4830219978922004 	 0.0
0.4840219978922004 	 0.0
0.4850219978922004 	 0.0
0.4860219978922004 	 0.0
0.4870219978922004 	 0.0
0.4880219978922004 	 0.0
0.4890219978922004 	 0.0
0.4900219978922004 	 0.0
0.4910219978922004 	 0.0
0.4920219978922004 	 0.0
0.4930219978922004 	 0.0
0.4940219978922004 	 0.0
0.4950219978922004 	 0.0
0.4960219978922004 	 0.0
0.4970219978922004 	 0.0
0.4980219978922004 	 0.0
0.4990219978922004 	 0.0
0.5000219978922004 	 0.0
0.5010219978922004 	 0.0
0.5020219978922004 	 0.0
0.5030219978922004 	 0.0
0.5040219978922004 	 0.0
0.5050219978922004 	 0.0
0.5060219978922004 	 0.0
0.5070219978922004 	 0.0
0.5080219978922004 	 0.0
0.5090219978922004 	 0.0
0.5100219978922004 	 0.0
0.5110219978922004 	 0.0
0.5120219978922004 	 0.0
0.5130219978922004 	 0.0
0.5140219978922004 	 0.0
0.5150219978922004 	 0.0
0.5160219978922004 	 0.0
0.5170219978922004 	 0.0
0.5180219978922004 	 0.0
0.5190219978922004 	 0.0
0.5200219978922004 	 0.0
0.5210219978922004 	 0.0
0.5220219978922004 	 0.0
0.5230219978922004 	 0.0
0.5240219978922004 	 0.0
0.5250219978922004 	 0.0
0.5260219978922004 	 0.0
0.5270219978922004 	 0.0
0.5280219978922004 	 0.0
0.5290219978922004 	 0.0
0.5300219978922004 	 0.0
0.5310219978922004 	 0.0
0.5320219978922004 	 0.0
0.5330219978922004 	 0.0
0.5340219978922004 	 0.0
0.5350219978922004 	 0.0
0.5360219978922004 	 0.0
0.5370219978922004 	 0.0
0.5380219978922004 	 0.0
0.5390219978922004 	 0.0
0.5400219978922004 	 0.0
0.5410219978922004 	 0.0
0.5420219978922004 	 0.0
0.5430219978922004 	 0.0
0.5440219978922004 	 0.0
0.5450219978922004 	 0.0
0.5460219978922004 	 0.0
0.5470219978922004 	 0.0
0.5480219978922004 	 0.0
0.5490219978922004 	 0.0
0.5500219978922004 	 0.0
0.5510219978922004 	 0.0
0.5520219978922004 	 0.0
0.5530219978922004 	 0.0
0.5540219978922004 	 0.0
0.5550219978922004 	 0.0
0.5560219978922004 	 0.0
0.5570219978922004 	 0.0
0.5580219978922004 	 0.0
0.5590219978922004 	 0.0
0.5600219978922004 	 0.0
0.5610219978922004 	 0.0
0.5620219978922004 	 0.0
0.5630219978922004 	 0.0
0.5640219978922004 	 0.0
0.5650219978922004 	 0.0
0.5660219978922004 	 0.0
0.5670219978922004 	 0.0
0.5680219978922004 	 0.0
0.5690219978922004 	 0.0
0.5700219978922004 	 0.0
0.5710219978922004 	 0.0
0.5720219978922004 	 0.0
0.5730219978922004 	 0.0
0.5740219978922004 	 0.0
0.5750219978922004 	 0.0
0.5760219978922004 	 0.0
0.5770219978922004 	 0.0
0.5780219978922004 	 0.0
0.5790219978922004 	 0.0
0.5800219978922004 	 0.0
0.5810219978922004 	 0.0
0.5820219978922004 	 0.0
0.5830219978922004 	 0.0
0.5840219978922004 	 0.0
0.5850219978922004 	 0.0
0.5860219978922004 	 0.0
0.5870219978922004 	 0.0
0.5880219978922004 	 0.0
0.5890219978922004 	 0.0
0.5900219978922004 	 0.0
0.5910219978922004 	 0.0
0.5920219978922004 	 0.0
0.5930219978922004 	 0.0
0.5940219978922004 	 0.0
0.5950219978922004 	 0.0
0.5960219978922005 	 0.0
0.5970219978922005 	 0.0
0.5980219978922005 	 0.0
0.5990219978922005 	 0.0
0.6000219978922005 	 0.0
0.6010219978922005 	 0.0
0.6020219978922005 	 0.0
0.6030219978922005 	 0.0
0.6040219978922005 	 0.0
0.6050219978922005 	 0.0
0.6060219978922005 	 0.0
0.6070219978922005 	 0.0
0.6080219978922005 	 0.0
0.6090219978922005 	 0.0
0.6100219978922005 	 0.0
0.6110219978922005 	 0.0
0.6120219978922005 	 0.0
0.6130219978922005 	 0.0
0.6140219978922005 	 0.0
0.6150219978922005 	 0.0
0.6160219978922005 	 0.0
0.6170219978922005 	 0.0
0.6180219978922005 	 0.0
0.6190219978922005 	 0.0
0.6200219978922005 	 0.0
0.6210219978922005 	 0.0
0.6220219978922005 	 0.0
0.6230219978922005 	 0.0
0.6240219978922005 	 0.0
0.6250219978922005 	 0.0
0.6260219978922005 	 0.0
0.6270219978922005 	 0.0
0.6280219978922005 	 0.0
0.6290219978922005 	 0.0
0.6300219978922005 	 0.0
0.6310219978922005 	 0.0
0.6320219978922005 	 0.0
0.6330219978922005 	 0.0
0.6340219978922005 	 0.0
0.6350219978922005 	 0.0
0.6360219978922005 	 0.0
0.6370219978922005 	 0.0
0.6380219978922005 	 0.0
0.6390219978922005 	 0.0
0.6400219978922005 	 0.0
0.6410219978922005 	 0.0
0.6420219978922005 	 0.0
0.6430219978922005 	 0.0
0.6440219978922005 	 0.0
0.6450219978922005 	 0.0
0.6460219978922005 	 0.0
0.6470219978922005 	 0.0
0.6480219978922005 	 0.0
0.6490219978922005 	 0.0
0.6500219978922005 	 0.0
0.6510219978922005 	 0.0
0.6520219978922005 	 0.0
0.6530219978922005 	 0.0
0.6540219978922005 	 0.0
0.6550219978922005 	 0.0
0.6560219978922005 	 0.0
0.6570219978922005 	 0.0
0.6580219978922005 	 0.0
0.6590219978922005 	 0.0
0.6600219978922005 	 0.0
0.6610219978922005 	 0.0
0.6620219978922005 	 0.0
0.6630219978922005 	 0.0
0.6640219978922005 	 0.0
0.6650219978922005 	 0.0
0.6660219978922005 	 0.0
0.6670219978922005 	 0.0
0.6680219978922005 	 0.0
0.6690219978922005 	 0.0
0.6700219978922005 	 0.0
0.6710219978922005 	 0.0
0.6720219978922005 	 0.0
0.6730219978922005 	 0.0
0.6740219978922005 	 0.0
0.6750219978922005 	 0.0
0.6760219978922005 	 0.0
0.6770219978922005 	 0.0
0.6780219978922005 	 0.0
0.6790219978922005 	 0.0
0.6800219978922005 	 0.0
0.6810219978922005 	 0.0
0.6820219978922005 	 0.0
0.6830219978922005 	 0.0
0.6840219978922005 	 0.0
0.6850219978922005 	 0.0
0.6860219978922005 	 0.0
0.6870219978922005 	 0.0
0.6880219978922005 	 0.0
0.6890219978922005 	 0.0
0.6900219978922005 	 0.0
0.6910219978922005 	 0.0
0.6920219978922005 	 0.0
0.6930219978922005 	 0.0
0.6940219978922005 	 0.0
0.6950219978922005 	 0.0
0.6960219978922005 	 0.0
0.6970219978922005 	 0.0
0.6980219978922005 	 0.0
0.6990219978922005 	 0.0
0.7000219978922005 	 0.0
0.7010219978922005 	 0.0
0.7020219978922005 	 0.0
0.7030219978922005 	 0.0
0.7040219978922005 	 0.0
0.7050219978922005 	 0.0
0.7060219978922005 	 0.0
0.7070219978922005 	 0.0
0.7080219978922005 	 0.0
0.7090219978922006 	 0.0
0.7100219978922006 	 0.0
0.7110219978922006 	 0.0
0.7120219978922006 	 0.0
0.7130219978922006 	 0.0
0.7140219978922006 	 0.0
0.7150219978922006 	 0.0
0.7160219978922006 	 0.0
0.7170219978922006 	 0.0
0.7180219978922006 	 0.0
0.7190219978922006 	 0.0
0.7200219978922006 	 0.0
0.7210219978922006 	 0.0
0.7220219978922006 	 0.0
0.7230219978922006 	 0.0
0.7240219978922006 	 0.0
0.7250219978922006 	 0.0
0.7260219978922006 	 0.0
0.7270219978922006 	 0.0
0.7280219978922006 	 0.0
0.7290219978922006 	 0.0
0.7300219978922006 	 0.0
0.7310219978922006 	 0.0
0.7320219978922006 	 0.0
0.7330219978922006 	 0.0
0.7340219978922006 	 0.0
0.7350219978922006 	 0.0
0.7360219978922006 	 0.0
0.7370219978922006 	 0.0
0.7380219978922006 	 0.0
0.7390219978922006 	 0.0
0.7400219978922006 	 0.0
0.7410219978922006 	 0.0
0.7420219978922006 	 0.0
0.7430219978922006 	 0.0
0.7440219978922006 	 0.0
0.7450219978922006 	 0.0
0.7460219978922006 	 0.0
0.7470219978922006 	 0.0
0.7480219978922006 	 0.0
0.7490219978922006 	 0.0
0.7500219978922006 	 0.0
0.7510219978922006 	 0.0
0.7520219978922006 	 0.0
0.7530219978922006 	 0.0
0.7540219978922006 	 0.0
0.7550219978922006 	 0.0
0.7560219978922006 	 0.0
0.7570219978922006 	 0.0
0.7580219978922006 	 0.0
0.7590219978922006 	 0.0
0.7600219978922006 	 0.0
0.7610219978922006 	 0.0
0.7620219978922006 	 0.0
0.7630219978922006 	 0.0
0.7640219978922006 	 0.0
0.7650219978922006 	 0.0
0.7660219978922006 	 0.0
0.7670219978922006 	 0.0
0.7680219978922006 	 0.0
0.7690219978922006 	 0.0
0.7700219978922006 	 0.0
0.7710219978922006 	 0.0
0.7720219978922006 	 0.0
0.7730219978922006 	 0.0
0.7740219978922006 	 0.0
0.7750219978922006 	 0.0
0.7760219978922006 	 0.0
0.7770219978922006 	 0.0
0.7780219978922006 	 0.0
0.7790219978922006 	 0.0
0.7800219978922006 	 0.0
0.7810219978922006 	 0.0
0.7820219978922006 	 0.0
0.7830219978922006 	 0.0
0.7840219978922006 	 0.0
0.7850219978922006 	 0.0
0.7860219978922006 	 0.0
0.7870219978922006 	 0.0
0.7880219978922006 	 0.0
0.7890219978922006 	 0.0
0.7900219978922006 	 0.0
0.7910219978922006 	 0.0
0.7920219978922006 	 0.0
0.7930219978922006 	 0.0
0.7940219978922006 	 0.0
0.7950219978922006 	 0.0
0.7960219978922006 	 0.0
0.7970219978922006 	 0.0
0.7980219978922006 	 0.0
0.7990219978922006 	 0.0
0.8000219978922006 	 0.0
0.8010219978922006 	 0.0
0.8020219978922006 	 0.0
0.8030219978922006 	 0.0
0.8040219978922006 	 0.0
0.8050219978922006 	 0.0
0.8060219978922006 	 0.0
0.8070219978922006 	 0.0
0.8080219978922006 	 0.0
0.8090219978922006 	 0.0
0.8100219978922006 	 0.0
0.8110219978922006 	 0.0
0.8120219978922006 	 0.0
0.8130219978922006 	 0.0
0.8140219978922006 	 0.0
0.8150219978922006 	 0.0
0.8160219978922006 	 0.0
0.8170219978922006 	 0.0
0.8180219978922006 	 0.0
0.8190219978922006 	 0.0
0.8200219978922006 	 0.0
0.8210219978922007 	 0.0
0.8220219978922007 	 0.0
0.8230219978922007 	 0.0
0.8240219978922007 	 0.0
0.8250219978922007 	 0.0
0.8260219978922007 	 0.0
0.8270219978922007 	 0.0
0.8280219978922007 	 0.0
0.8290219978922007 	 0.0
0.8300219978922007 	 0.0
0.8310219978922007 	 0.0
0.8320219978922007 	 0.0
0.8330219978922007 	 0.0
0.8340219978922007 	 0.0
0.8350219978922007 	 0.0
0.8360219978922007 	 0.0
0.8370219978922007 	 0.0
0.8380219978922007 	 0.0
0.8390219978922007 	 0.0
0.8400219978922007 	 0.0
0.8410219978922007 	 0.0
0.8420219978922007 	 0.0
0.8430219978922007 	 0.0
0.8440219978922007 	 0.0
0.8450219978922007 	 0.0
0.8460219978922007 	 0.0
0.8470219978922007 	 0.0
0.8480219978922007 	 0.0
0.8490219978922007 	 0.0
0.8500219978922007 	 0.0
0.8510219978922007 	 0.0
0.8520219978922007 	 0.0
0.8530219978922007 	 0.0
0.8540219978922007 	 0.0
0.8550219978922007 	 0.0
0.8560219978922007 	 0.0
0.8570219978922007 	 0.0
0.8580219978922007 	 0.0
0.8590219978922007 	 0.0
0.8600219978922007 	 0.0
0.8610219978922007 	 0.0
0.8620219978922007 	 0.0
0.8630219978922007 	 0.0
0.8640219978922007 	 0.0
0.8650219978922007 	 0.0
0.8660219978922007 	 0.0
0.8670219978922007 	 0.0
0.8680219978922007 	 0.0
0.8690219978922007 	 0.0
0.8700219978922007 	 0.0
0.8710219978922007 	 0.0
0.8720219978922007 	 0.0
0.8730219978922007 	 0.0
0.8740219978922007 	 0.0
0.8750219978922007 	 0.0
0.8760219978922007 	 0.0
0.8770219978922007 	 0.0
0.8780219978922007 	 0.0
0.8790219978922007 	 0.0
0.8800219978922007 	 0.0
0.8810219978922007 	 0.0
0.8820219978922007 	 0.0
0.8830219978922007 	 0.0
0.8840219978922007 	 0.0
0.8850219978922007 	 0.0
0.8860219978922007 	 0.0
0.8870219978922007 	 0.0
0.8880219978922007 	 0.0
0.8890219978922007 	 0.0
0.8900219978922007 	 0.0
0.8910219978922007 	 0.0
0.8920219978922007 	 0.0
0.8930219978922007 	 0.0
0.8940219978922007 	 0.0
0.8950219978922007 	 0.0
0.8960219978922007 	 0.0
0.8970219978922007 	 0.0
0.8980219978922007 	 0.0
0.8990219978922007 	 0.0
0.9000219978922007 	 0.0
0.9010219978922007 	 0.0
0.9020219978922007 	 0.0
0.9030219978922007 	 0.0
0.9040219978922007 	 0.0
0.9050219978922007 	 0.0
0.9060219978922007 	 0.0
0.9070219978922007 	 0.0
0.9080219978922007 	 0.0
0.9090219978922007 	 0.0
0.9100219978922007 	 0.0
0.9110219978922007 	 0.0
0.9120219978922007 	 0.0
0.9130219978922007 	 0.0
0.9140219978922007 	 0.0
0.9150219978922007 	 0.0
0.9160219978922007 	 0.0
0.9170219978922007 	 0.0
0.9180219978922007 	 0.0
0.9190219978922007 	 0.0
0.9200219978922007 	 0.0
0.9210219978922007 	 0.0
0.9220219978922007 	 0.0
0.9230219978922007 	 0.0
0.9240219978922007 	 0.0
0.9250219978922007 	 0.0
0.9260219978922007 	 0.0
0.9270219978922007 	 0.0
0.9280219978922007 	 0.0
0.9290219978922007 	 0.0
0.9300219978922007 	 0.0
0.9310219978922007 	 0.0
0.9320219978922007 	 0.0
0.9330219978922007 	 0.0
0.9340219978922008 	 0.0
0.9350219978922008 	 0.0
0.9360219978922008 	 0.0
0.9370219978922008 	 0.0
0.9380219978922008 	 0.0
0.9390219978922008 	 0.0
0.9400219978922008 	 0.0
0.9410219978922008 	 0.0
0.9420219978922008 	 0.0
0.9430219978922008 	 0.0
0.9440219978922008 	 0.0
0.9450219978922008 	 0.0
0.9460219978922008 	 0.0
0.9470219978922008 	 0.0
0.9480219978922008 	 0.0
0.9490219978922008 	 0.0
0.9500219978922008 	 0.0
0.9510219978922008 	 0.0
0.9520219978922008 	 0.0
0.9530219978922008 	 0.0
0.9540219978922008 	 0.0
0.9550219978922008 	 0.0
0.9560219978922008 	 0.0
0.9570219978922008 	 0.0
0.9580219978922008 	 0.0
0.9590219978922008 	 0.0
0.9600219978922008 	 0.0
0.9610219978922008 	 0.0
0.9620219978922008 	 0.0
0.9630219978922008 	 0.0
0.9640219978922008 	 0.0
0.9650219978922008 	 0.0
0.9660219978922008 	 0.0
0.9670219978922008 	 0.0
0.9680219978922008 	 0.0
0.9690219978922008 	 0.0
0.9700219978922008 	 0.0
0.9710219978922008 	 0.0
0.9720219978922008 	 0.0
0.9730219978922008 	 0.0
0.9740219978922008 	 0.0
0.9750219978922008 	 0.0
0.9760219978922008 	 0.0
0.9770219978922008 	 0.0
0.9780219978922008 	 0.0
0.9790219978922008 	 0.0
0.9800219978922008 	 0.0
0.9810219978922008 	 0.0
0.9820219978922008 	 0.0
0.9830219978922008 	 0.0
0.9840219978922008 	 0.0
0.9850219978922008 	 0.0
0.9860219978922008 	 0.0
0.9870219978922008 	 0.0
0.9880219978922008 	 0.0
0.9890219978922008 	 0.0
0.9900219978922008 	 0.0
0.9910219978922008 	 0.0
0.9920219978922008 	 0.0
0.9930219978922008 	 0.0
0.9940219978922008 	 0.0
0.9950219978922008 	 0.0
0.9960219978922008 	 0.0
0.9970219978922008 	 0.0
0.9980219978922008 	 0.0
0.9990219978922008 	 0.0
1.0000219978922007 	 0.0
1.0010219978922006 	 0.0
1.0020219978922005 	 0.0
1.0030219978922004 	 0.0
1.0040219978922003 	 0.0
1.0050219978922001 	 0.0
1.0060219978922 	 0.0
1.0070219978922 	 0.0
1.0080219978921998 	 0.0
1.0090219978921997 	 0.0
1.0100219978921996 	 0.0
1.0110219978921995 	 0.0
1.0120219978921994 	 0.0
1.0130219978921993 	 0.0
1.0140219978921992 	 0.0
1.015021997892199 	 0.0
1.016021997892199 	 0.0
1.0170219978921988 	 0.0
1.0180219978921987 	 0.0
1.0190219978921986 	 0.0
1.0200219978921985 	 0.0
1.0210219978921984 	 0.0
1.0220219978921983 	 0.0
1.0230219978921982 	 0.0
1.024021997892198 	 0.0
1.025021997892198 	 0.0
1.0260219978921978 	 0.0
1.0270219978921977 	 0.0
1.0280219978921976 	 0.0
1.0290219978921975 	 0.0
1.0300219978921974 	 0.0
1.0310219978921973 	 0.0
1.0320219978921972 	 0.0
1.033021997892197 	 0.0
1.034021997892197 	 0.0
1.0350219978921968 	 0.0
1.0360219978921967 	 0.0
1.0370219978921966 	 0.0
1.0380219978921965 	 0.0
1.0390219978921964 	 0.0
1.0400219978921963 	 0.0
1.0410219978921962 	 0.0
1.042021997892196 	 0.0
1.043021997892196 	 0.0
1.0440219978921959 	 0.0
1.0450219978921957 	 0.0
1.0460219978921956 	 0.0
1.0470219978921955 	 0.0
1.0480219978921954 	 0.0
1.0490219978921953 	 0.0
1.0500219978921952 	 0.0
1.051021997892195 	 0.0
1.052021997892195 	 0.0
1.0530219978921949 	 0.0
1.0540219978921948 	 0.0
1.0550219978921946 	 0.0
1.0560219978921945 	 0.0
1.0570219978921944 	 0.0
1.0580219978921943 	 0.0
1.0590219978921942 	 0.0
1.060021997892194 	 0.0
1.061021997892194 	 0.0
1.0620219978921939 	 0.0
1.0630219978921938 	 0.0
1.0640219978921936 	 0.0
1.0650219978921935 	 0.0
1.0660219978921934 	 0.0
1.0670219978921933 	 0.0
1.0680219978921932 	 0.0
1.069021997892193 	 0.0
1.070021997892193 	 0.0
1.0710219978921929 	 0.0
1.0720219978921928 	 0.0
1.0730219978921927 	 0.0
1.0740219978921925 	 0.0
1.0750219978921924 	 0.0
1.0760219978921923 	 0.0
1.0770219978921922 	 0.0
1.078021997892192 	 0.0
1.079021997892192 	 0.0
1.0800219978921919 	 0.0
1.0810219978921918 	 0.0
1.0820219978921917 	 0.0
1.0830219978921916 	 0.0
1.0840219978921914 	 0.0
1.0850219978921913 	 0.0
1.0860219978921912 	 0.0
1.0870219978921911 	 0.0
1.088021997892191 	 0.0
1.089021997892191 	 0.0
1.0900219978921908 	 0.0
1.0910219978921907 	 0.0
1.0920219978921906 	 0.0
1.0930219978921905 	 0.0
1.0940219978921903 	 0.0
1.0950219978921902 	 0.0
1.0960219978921901 	 0.0
1.09702199789219 	 0.0
1.09802199789219 	 0.0
1.0990219978921898 	 0.0
1.1000219978921897 	 0.0
1.1010219978921896 	 0.0
1.1020219978921895 	 0.0
1.1030219978921894 	 0.0
1.1040219978921892 	 0.0
1.1050219978921891 	 0.0
1.106021997892189 	 0.0
1.107021997892189 	 0.0
1.1080219978921888 	 0.0
1.1090219978921887 	 0.0
1.1100219978921886 	 0.0
1.1110219978921885 	 0.0
1.1120219978921884 	 0.0
1.1130219978921883 	 0.0
1.1140219978921881 	 0.0
1.115021997892188 	 0.0
1.116021997892188 	 0.0
1.1170219978921878 	 0.0
1.1180219978921877 	 0.0
1.1190219978921876 	 0.0
1.1200219978921875 	 0.0
1.1210219978921874 	 0.0
1.1220219978921873 	 0.0
1.1230219978921872 	 0.0
1.124021997892187 	 0.0
1.125021997892187 	 0.0
1.1260219978921868 	 0.0
1.1270219978921867 	 0.0
1.1280219978921866 	 0.0
1.1290219978921865 	 0.0
1.1300219978921864 	 0.0
1.1310219978921863 	 0.0
1.1320219978921862 	 0.0
1.133021997892186 	 0.0
1.134021997892186 	 0.0
1.1350219978921858 	 3.4025732303228326e-06
1.1360219978921857 	 3.2460377475914964e-06
1.1370219978921856 	 3.0947083530065415e-06
1.1380219978921855 	 2.9484676602121176e-06
1.1390219978921854 	 2.8071998518363336e-06
1.1400219978921853 	 2.6707903160921398e-06
1.1410219978921852 	 2.539124118036644e-06
1.142021997892185 	 2.4120851754956484e-06
1.143021997892185 	 2.2895574878005394e-06
1.1440219978921848 	 2.1714259555244115e-06
1.1450219978921847 	 2.0575775431919076e-06
1.1460219978921846 	 1.947899487412099e-06
1.1470219978921845 	 1.8422788504618958e-06
1.1480219978921844 	 1.7406025667296146e-06
1.1490219978921843 	 1.6427574866286616e-06
1.1500219978921842 	 1.5486304183815476e-06
1.151021997892184 	 1.4581080011571426e-06
1.152021997892184 	 1.3710763653478091e-06
1.1530219978921838 	 1.2874217708408546e-06
1.1540219978921837 	 1.207030779580353e-06
1.1550219978921836 	 1.1297902458379873e-06
1.1560219978921835 	 1.0555873425454362e-06
1.1570219978921834 	 9.843096247071605e-07
1.1580219978921833 	 9.158449710794983e-07
1.1590219978921832 	 8.500816077146634e-07
1.160021997892183 	 7.869081197939856e-07
1.161021997892183 	 7.262133895780826e-07
1.1620219978921829 	 6.678864545257906e-07
1.1630219978921827 	 6.118168073764938e-07
1.1640219978921826 	 5.578946972175006e-07
1.1650219978921825 	 5.060110310839722e-07
1.1660219978921824 	 4.56057159914722e-07
1.1670219978921823 	 4.079247390244175e-07
1.1680219978921822 	 3.6150571385221697e-07
1.169021997892182 	 3.166923419466571e-07
1.170021997892182 	 2.733772131587317e-07
1.1710219978921819 	 2.31453218520403e-07
1.1720219978921818 	 1.908134991381603e-07
1.1730219978921816 	 1.5135170955069624e-07
1.1740219978921815 	 1.1296207533641593e-07
1.1750219978921814 	 7.553939251740279e-08
1.1760219978921813 	 3.89790280814064e-08
1.1770219978921812 	 3.1769215113720413e-09
1.178021997892181 	 3.1970410679796786e-08
1.179021997892181 	 6.656587285099903e-08
1.1800219978921809 	 1.0071178942912667e-07
1.1810219978921808 	 1.3450995001298674e-07
1.1820219978921807 	 1.680618403294713e-07
1.1830219978921805 	 2.014686645674882e-07
1.1840219978921804 	 2.3483132561679137e-07
1.1850219978921803 	 2.682503871934822e-07
1.1860219978921802 	 3.0182607915077474e-07
1.18702199789218 	 3.356579559017013e-07
1.18802199789218 	 3.6984373510820383e-07
1.1890219978921799 	 4.04480530882716e-07
1.1900219978921798 	 4.3966533985735203e-07
1.1910219978921797 	 4.7549456890263656e-07
1.1920219978921796 	 5.120640505730241e-07
1.1930219978921794 	 5.494690121154726e-07
1.1940219978921793 	 5.878040589298095e-07
1.1950219978921792 	 6.271631678991568e-07
1.1960219978921791 	 6.676396804986344e-07
1.197021997892179 	 7.093262956536273e-07
1.198021997892179 	 7.5231506239745e-07
1.1990219978921788 	 7.966973722176677e-07
1.2000219978921787 	 8.425639512523706e-07
1.2010219978921786 	 8.900051543228604e-07
1.2020219978921785 	 9.391119096132219e-07
1.2030219978921783 	 9.899750646230637e-07
1.2040219978921782 	 1.0426851691549324e-06
1.2050219978921781 	 1.0973321066709427e-06
1.206021997892178 	 1.1540038936669871e-06
1.207021997892178 	 1.212787568082573e-06
1.2080219978921778 	 1.2737694950260865e-06
1.2090219978921777 	 1.3370353598139693e-06
1.2100219978921776 	 1.4026701605974035e-06
1.2110219978921775 	 1.4707583820886096e-06
1.2120219978921773 	 1.5413845499593302e-06
1.2130219978921772 	 1.6146327686228483e-06
1.2140219978921771 	 1.6905855557097481e-06
1.215021997892177 	 1.769323675541792e-06
1.216021997892177 	 1.8509269559114034e-06
1.2170219978921768 	 1.9354742999880957e-06
1.2180219978921767 	 2.0230436608433995e-06
1.2190219978921766 	 2.113712015205258e-06
1.2200219978921765 	 2.207555336196861e-06
1.2210219978921764 	 2.3046527350663145e-06
1.2220219978921762 	 2.4050982773063685e-06
1.2230219978921761 	 2.5089897071459485e-06
1.224021997892176 	 2.6164249445443414e-06
1.225021997892176 	 2.7275021559917964e-06
1.2260219978921758 	 2.842320099549051e-06
1.2270219978921757 	 2.9609782653260013e-06
1.2280219978921756 	 3.0835749791217923e-06
1.2290219978921755 	 3.2102069586078756e-06
1.2300219978921754 	 3.3409692511326545e-06
1.2310219978921753 	 3.475959544613032e-06
1.2320219978921751 	 3.615290500295041e-06
1.233021997892175 	 3.759077831500381e-06
1.234021997892175 	 3.907436567131097e-06
1.2350219978921748 	 4.060481069298718e-06
1.2360219978921747 	 4.218328285043877e-06
1.2370219978921746 	 4.381106596274327e-06
1.2380219978921745 	 4.5489462858061075e-06
1.2390219978921744 	 4.721972255897476e-06
1.2400219978921743 	 4.900303499775863e-06
1.2410219978921742 	 5.084061636721523e-06
1.242021997892174 	 5.273384535884236e-06
1.243021997892174 	 5.468412862940432e-06
1.2440219978921738 	 5.669285884144507e-06
1.2450219978921737 	 5.876141452925928e-06
1.2460219978921736 	 6.0891201588744975e-06
1.2470219978921735 	 6.308379068486991e-06
1.2480219978921734 	 6.53408685657137e-06
1.2490219978921733 	 6.766414366228262e-06
1.2500219978921732 	 7.005532754200384e-06
1.251021997892173 	 7.251615327694368e-06
1.252021997892173 	 7.504841585944642e-06
1.2530219978921728 	 7.7653909709502e-06
1.2540219978921727 	 8.033441147745764e-06
1.2550219978921726 	 8.309167981217923e-06
1.2560219978921725 	 8.592750912853026e-06
1.2570219978921724 	 8.884387679824237e-06
1.2580219978921723 	 9.184278691616604e-06
1.2590219978921722 	 9.49262226168236e-06
1.260021997892172 	 9.80961458248865e-06
1.261021997892172 	 1.0135445684958256e-05
1.2620219978921718 	 1.0470285912209062e-05
1.2630219978921717 	 1.0814295648977417e-05
1.2640219978921716 	 1.1167680699136756e-05
1.2650219978921715 	 1.1530696889593246e-05
1.2660219978921714 	 1.190361198093452e-05
1.2670219978921713 	 1.2286716243637986e-05
1.2680219978921712 	 1.2680281014637626e-05
1.269021997892171 	 1.308457048398765e-05
1.270021997892171 	 1.3499847681665264e-05
1.2710219978921709 	 1.3926380039293912e-05
1.2720219978921707 	 1.4364453840462366e-05
1.2730219978921706 	 1.4814357334069195e-05
1.2740219978921705 	 1.5276375711924643e-05
1.2750219978921704 	 1.575079107216254e-05
1.2760219978921703 	 1.6237891820439563e-05
1.2770219978921702 	 1.6737998392775777e-05
1.27802199789217 	 1.7251435945960136e-05
1.27902199789217 	 1.7778526030248516e-05
1.2800219978921699 	 1.8319586554357983e-05
1.2810219978921698 	 1.8874941182789568e-05
1.2820219978921696 	 1.9444944725499e-05
1.2830219978921695 	 2.0029955251834567e-05
1.2840219978921694 	 2.0630325588894313e-05
1.2850219978921693 	 2.1246403212238923e-05
1.2860219978921692 	 2.1878542907969574e-05
1.287021997892169 	 2.252717429583294e-05
1.288021997892169 	 2.3192854719892137e-05
1.2890219978921689 	 2.387603633209182e-05
1.2900219978921688 	 2.4577028804238443e-05
1.2910219978921686 	 2.5296162072929408e-05
1.2920219978921685 	 2.603391180531031e-05
1.2930219978921684 	 2.6790787174217807e-05
1.2940219978921683 	 2.7567295197177987e-05
1.2950219978921682 	 2.836394088108443e-05
1.296021997892168 	 2.918124500993166e-05
1.297021997892168 	 3.0019792429542678e-05
1.2980219978921679 	 3.088018122428785e-05
1.2990219978921678 	 3.176300737878607e-05
1.3000219978921677 	 3.266886484787514e-05
1.3010219978921675 	 3.359834481182062e-05
1.3020219978921674 	 3.4552027810535664e-05
1.3030219978921673 	 3.553047922538826e-05
1.3040219978921672 	 3.653424876656396e-05
1.305021997892167 	 3.7563869935310263e-05
1.306021997892167 	 3.8619916356774157e-05
1.3070219978921669 	 3.97031631883941e-05
1.3080219978921668 	 4.081443367095145e-05
1.3090219978921667 	 4.1954550985026876e-05
1.3100219978921666 	 4.312433868348975e-05
1.3110219978921664 	 4.43246177800559e-05
1.3120219978921663 	 4.5556191041429965e-05
1.3130219978921662 	 4.6819845245941375e-05
1.3140219978921661 	 4.8116436077252695e-05
1.315021997892166 	 4.944689342594176e-05
1.316021997892166 	 5.081218448781999e-05
1.3170219978921658 	 5.2213409982312974e-05
1.3180219978921657 	 5.36516996860495e-05
1.3190219978921656 	 5.512818098982227e-05
1.3200219978921655 	 5.664397939316197e-05
1.3210219978921653 	 5.8200208732055964e-05
1.3220219978921652 	 5.9797932376384924e-05
1.3230219978921651 	 6.143817374773394e-05
1.324021997892165 	 6.312192177214781e-05
1.325021997892165 	 6.485012962845644e-05
1.3260219978921648 	 6.662376785646288e-05
1.3270219978921647 	 6.844397155042835e-05
1.3280219978921646 	 7.03120782815831e-05
1.3290219978921645 	 7.223015657164465e-05
1.3300219978921644 	 7.42005042586662e-05
1.3310219978921642 	 7.62253391903503e-05
1.3320219978921641 	 7.830637763554032e-05
1.333021997892164 	 8.04452160005036e-05
1.334021997892164 	 8.264340148015937e-05
1.3350219978921638 	 8.490243739563109e-05
1.3360219978921637 	 8.72238674806218e-05
1.3370219978921636 	 8.960950559706617e-05
1.3380219978921635 	 9.206120324449092e-05
1.3390219978921634 	 9.458106288641611e-05
1.3400219978921633 	 9.717145589984885e-05
1.3410219978921631 	 9.983482422759002e-05
1.342021997892163 	 0.00010257380727079246
1.343021997892163 	 0.00010539106810995329
1.3440219978921628 	 0.00010828924449666744
1.3450219978921627 	 0.00011127094922910836
1.3460219978921626 	 0.00011433890571485716
1.3470219978921625 	 0.00011749632983098796
1.3480219978921624 	 0.00012074657438467537
1.3490219978921623 	 0.0001240929788388182
1.3500219978921622 	 0.0001275388596938876
1.351021997892162 	 0.00013108768753476813
1.352021997892162 	 0.00013474356934334235
1.3530219978921618 	 0.00013851073946478324
1.3540219978921617 	 0.0001423934066832597
1.3550219978921616 	 0.0001463957557728934
1.3560219978921615 	 0.00015052216296365363
1.3570219978921614 	 0.00015477778163556686
1.3580219978921613 	 0.0001591679232402025
1.3590219978921612 	 0.00016369787031396939
1.360021997892161 	 0.0001683728781171406
1.361021997892161 	 0.00017319755684232072
1.3620219978921608 	 0.00017817399280272114
1.3630219978921607 	 0.00018330752635609658
1.3640219978921606 	 0.00018861053962465298
1.3650219978921605 	 0.0001940893799620889
1.3660219978921604 	 0.00019975018635649296
1.3670219978921603 	 0.00020560006808457992
1.3680219978921602 	 0.00021164627538280365
1.36902199789216 	 0.00021789594545606266
1.37002199789216 	 0.00022435609945573094
1.3710219978921598 	 0.00023103403083628039
1.3720219978921597 	 0.00023793840036588897
1.3730219978921596 	 0.0002450781509848751
1.3740219978921595 	 0.0002524621740011497
1.3750219978921594 	 0.0002600993124503216
1.3760219978921593 	 0.0002679984667529761
1.3770219978921592 	 0.00027616887779296476
1.378021997892159 	 0.0002846198328109556
1.379021997892159 	 0.00029336057851641695
1.3800219978921588 	 0.00030240032469719153
1.3810219978921587 	 0.0003117479769924414
1.3820219978921586 	 0.0003214113847269042
1.3830219978921585 	 0.0003313980990284564
1.3840219978921584 	 0.00034171560940458813
1.3850219978921583 	 0.00035237134432727387
1.3860219978921582 	 0.00036337212566247884
1.387021997892158 	 0.00037472267934516836
1.388021997892158 	 0.0003864271819118934
1.3890219978921579 	 0.0003984890555617192
1.3900219978921577 	 0.00041091090687978135
1.3910219978921576 	 0.0004236948882522293
1.3920219978921575 	 0.0004368422264999912
1.3930219978921574 	 0.00045035404481355557
1.3940219978921573 	 0.000464231587683958
1.3950219978921572 	 0.0004784762273875009
1.396021997892157 	 0.0004930886337627116
1.397021997892157 	 0.0005080664453241509
1.3980219978921569 	 0.0005234066036912811
1.3990219978921568 	 0.0005391060750071036
1.4000219978921566 	 0.0005551312845078434
1.4010219978921565 	 0.0005715400049338199
1.4020219978921564 	 0.0005882968145727445
1.4030219978921563 	 0.000605396566247301
1.4040219978921562 	 0.0006228341390263446
1.405021997892156 	 0.0006406044343069651
1.406021997892156 	 0.0006587021689600819
1.4070219978921559 	 0.0006771213172030285
1.4080219978921558 	 0.0006958556965333682
1.4090219978921557 	 0.0007148991440070728
1.4100219978921555 	 0.0007342455139489954
1.4110219978921554 	 0.0007538883875155508
1.4120219978921553 	 0.0007738202444819018
1.4130219978921552 	 0.000794033263456432
1.414021997892155 	 0.0008145202070731936
1.415021997892155 	 0.0008352744577724948
1.4160219978921549 	 0.0008562894302486455
1.4170219978921548 	 0.0008775584926471638
1.4180219978921547 	 0.0008990750300275073
1.4190219978921546 	 0.0009208324659257093
1.4200219978921544 	 0.0009428242657939786
1.4210219978921543 	 0.0009650439500762213
1.4220219978921542 	 0.0009874851258618077
1.4230219978921541 	 0.0010101414693713512
1.424021997892154 	 0.0010330067167966279
1.425021997892154 	 0.0010560746665524397
1.4260219978921538 	 0.0010793392003576937
1.4270219978921537 	 0.001102794334116768
1.4280219978921536 	 0.0011264341697757763
1.4290219978921535 	 0.0011502528824699882
1.4300219978921533 	 0.0011742447227738688
1.4310219978921532 	 0.0011984040484332398
1.4320219978921531 	 0.001222725410543415
1.433021997892153 	 0.001247203475498156
1.434021997892153 	 0.001271832993728907
1.4350219978921528 	 0.0012966087976586903
1.4360219978921527 	 0.0013215258230404889
1.4370219978921526 	 0.0013465791667054126
1.4380219978921525 	 0.0013717640728929028
1.4390219978921523 	 0.001397075691567987
1.4400219978921522 	 0.0014225088801408134
1.4410219978921521 	 0.001448058548937401
1.442021997892152 	 0.0014737197448670344
1.443021997892152 	 0.0014994875866179776
1.4440219978921518 	 0.0015253572336171538
1.4450219978921517 	 0.0015513238844495302
1.4460219978921516 	 0.0015773827955789907
1.4470219978921515 	 0.0016035293392701027
1.4480219978921514 	 0.0016297589391239696
1.4490219978921512 	 0.0016560670495178386
1.4500219978921511 	 0.0016824491541362187
1.451021997892151 	 0.0017089008695251433
1.452021997892151 	 0.001735418242001523
1.4530219978921508 	 0.001761997465352401
1.4540219978921507 	 0.001788634783358483
1.4550219978921506 	 0.0018153264866166258
1.4560219978921505 	 0.0018420689329339448
1.4570219978921504 	 0.0018688583927510439
1.4580219978921503 	 0.0018956903826710537
1.4590219978921501 	 0.0019225602221645934
1.46002199789215 	 0.0019494632148416326
1.46102199789215 	 0.0019763946690628353
1.4620219978921498 	 0.0020033499570200957
1.4630219978921497 	 0.00203032453739161
1.4640219978921496 	 0.0020573155096819326
1.4650219978921495 	 0.0020843216074505613
1.4660219978921494 	 0.0021113417702834664
1.4670219978921493 	 0.002138375142972286
1.4680219978921492 	 0.0021654210095466988
1.469021997892149 	 0.0021924787720273616
1.470021997892149 	 0.0022195479487757104
1.4710219978921488 	 0.0022466274573880473
1.4720219978921487 	 0.002273713595307995
1.4730219978921486 	 0.0023008020024846082
1.4740219978921485 	 0.002327888271560922
1.4750219978921484 	 0.0023549679466510413
1.4760219978921483 	 0.0023820365453642734
1.4770219978921482 	 0.002409089618669267
1.478021997892148 	 0.0024361226879412103
1.479021997892148 	 0.0024631312263254956
1.4800219978921478 	 0.0024901106582514813
1.4810219978921477 	 0.0025170563798302104
1.4820219978921476 	 0.002543963810460031
1.4830219978921475 	 0.002570830749548925
1.4840219978921474 	 0.002597664106302421
1.4850219978921473 	 0.0026244732551827825
1.4860219978921472 	 0.0026512679716428054
1.487021997892147 	 0.0026780584767695194
1.488021997892147 	 0.0027048547619683773
1.4890219978921468 	 0.0027316541957329507
1.4900219978921467 	 0.0027584417573942813
1.4910219978921466 	 0.0027851919736949665
1.4920219978921465 	 0.002811855889686013
1.4930219978921464 	 0.002838424691361047
1.4940219978921463 	 0.002864901203007528
1.4950219978921462 	 0.0028912884378093796
1.496021997892146 	 0.002917589600121127
1.497021997892146 	 0.0029438080994130373
1.4980219978921459 	 0.0029699475259419026
1.4990219978921457 	 0.0029960116407349835
1.5000219978921456 	 0.0030220043718328492
1.5010219978921455 	 0.003047929811012627
1.5020219978921454 	 0.0030737922129683726
1.5030219978921453 	 0.0030995959964980227
1.5040219978921452 	 0.003125345736180606
1.505021997892145 	 0.0031510461588806046
1.506021997892145 	 0.003176700637310538
1.5070219978921449 	 0.00320230699439659
1.5080219978921447 	 0.0032278574498856385
1.5090219978921446 	 0.0032533280711498397
1.5100219978921445 	 0.0032786906454270424
1.5110219978921444 	 0.003303925204639066
1.5120219978921443 	 0.003329044660459297
1.5130219978921442 	 0.0033540695364698966
1.514021997892144 	 0.00337900878270944
1.515021997892144 	 0.0034038601220658248
1.5160219978921439 	 0.003428620787643687
1.5170219978921438 	 0.0034532878743411045
1.5180219978921436 	 0.0034778584339451813
1.5190219978921435 	 0.0035023295043208535
1.5200219978921434 	 0.0035266981097192953
1.5210219978921433 	 0.003550961179644735
1.5220219978921432 	 0.003575115386810106
1.523021997892143 	 0.003599157440810401
1.524021997892143 	 0.0036230840492359924
1.5250219978921429 	 0.0036468919077424725
1.5260219978921428 	 0.0036705774305322452
1.5270219978921427 	 0.0036941368513108744
1.5280219978921425 	 0.0037175664749099354
1.5290219978921424 	 0.00374086259407837
1.5300219978921423 	 0.0037640214158358052
1.5310219978921422 	 0.003787039487251603
1.532021997892142 	 0.0038099145665566802
1.533021997892142 	 0.0038326447321359812
1.5340219978921419 	 0.0038552281002670074
1.5350219978921418 	 0.003877662819122093
1.5360219978921417 	 0.0038999469655104833
1.5370219978921416 	 0.003922078261951926
1.5380219978921414 	 0.003944054324104364
1.5390219978921413 	 0.003965871774738772
1.5400219978921412 	 0.003987526281993181
1.5410219978921411 	 0.0040090133540843
1.542021997892141 	 0.00403032804702232
1.543021997892141 	 0.004051465339165306
1.5440219978921408 	 0.004072420220031971
1.5450219978921407 	 0.0040931876842745865
1.5460219978921406 	 0.004113762591851262
1.5470219978921405 	 0.004134140480688679
1.5480219978921403 	 0.0041543212750099106
1.5490219978921402 	 0.004174306026519085
1.5500219978921401 	 0.004194090037328344
1.55102199789214 	 0.00421365151587299
1.55202199789214 	 0.004232981377136554
1.5530219978921398 	 0.004252074778088772
1.5540219978921397 	 0.00427092691568429
1.5550219978921396 	 0.0042895330183394375
1.5560219978921395 	 0.004307888179368798
1.5570219978921394 	 0.004325986903590451
1.5580219978921392 	 0.004343823584239113
1.5590219978921391 	 0.004361392647410165
1.560021997892139 	 0.004378688551963942
1.561021997892139 	 0.0043957056197475195
1.5620219978921388 	 0.004412437580999352
1.5630219978921387 	 0.004428877858685247
1.5640219978921386 	 0.004445015121415387
1.5650219978921385 	 0.004460833507046981
1.5660219978921384 	 0.004476316804344067
1.5670219978921383 	 0.004491448196103821
1.5680219978921381 	 0.0045061988437337455
1.569021997892138 	 0.0045205417246640895
1.570021997892138 	 0.004534468589692079
1.5710219978921378 	 0.0045479683149706115
1.5720219978921377 	 0.0045610416153307465
1.5730219978921376 	 0.004573692073472306
1.5740219978921375 	 0.004585923404826562
1.5750219978921374 	 0.004597739605837349
1.5760219978921373 	 0.004609144967640413
1.5770219978921372 	 0.00462014389310898
1.578021997892137 	 0.00463074135763662
1.579021997892137 	 0.004640943158151511
1.5800219978921368 	 0.004650756077593532
1.5810219978921367 	 0.004660187973960967
1.5820219978921366 	 0.004669247721261203
1.5830219978921365 	 0.004677945595738441
1.5840219978921364 	 0.004686293410560811
1.5850219978921363 	 0.004694304463747332
1.5860219978921362 	 0.0047019932965147735
1.587021997892136 	 0.0047093751821423785
1.588021997892136 	 0.0047164494938465975
1.5890219978921358 	 0.00472300545416519
1.5900219978921357 	 0.004728970398092602
1.5910219978921356 	 0.004734360932889317
1.5920219978921355 	 0.004739187197080158
1.5930219978921354 	 0.004743452528023993
1.5940219978921353 	 0.004747153427816496
1.5950219978921352 	 0.004750280288623668
1.596021997892135 	 0.0047528191847450215
1.597021997892135 	 0.004754754587544432
1.5980219978921348 	 0.004756071441994003
1.5990219978921347 	 0.0047567572638216055
1.6000219978921346 	 0.004756803730136159
1.6010219978921345 	 0.004756202912601868
1.6020219978921344 	 0.004754934856414084
1.6030219978921343 	 0.004752980228788049
1.6040219978921342 	 0.0047503235465722726
1.605021997892134 	 0.004746952248484499
1.606021997892134 	 0.004742856146235441
1.6070219978921338 	 0.004738027612866331
1.6080219978921337 	 0.0047324599614633495
1.6090219978921336 	 0.004726146694027573
1.6100219978921335 	 0.004719081201784648
1.6110219978921334 	 0.004711260647236482
1.6120219978921333 	 0.0047026969046595705
1.6130219978921332 	 0.004693404364996565
1.614021997892133 	 0.004683390874673194
1.615021997892133 	 0.004672658193783396
1.6160219978921329 	 0.004661207889264193
1.6170219978921327 	 0.00464904303694341
1.6180219978921326 	 0.004636166758578347
1.6190219978921325 	 0.0046225818043975995
1.6200219978921324 	 0.004608290598917962
1.6210219978921323 	 0.0045932958679574904
1.6220219978921322 	 0.004577602250948846
1.623021997892132 	 0.004561214583557399
1.624021997892132 	 0.004544137489759417
1.6250219978921319 	 0.004526375433017922
1.6260219978921318 	 0.004507933344687738
1.6270219978921316 	 0.004488818303047648
1.6280219978921315 	 0.004469037813359426
1.6290219978921314 	 0.004448599295047378
1.6300219978921313 	 0.004427510098010153
1.6310219978921312 	 0.004405773914696524
1.632021997892131 	 0.004383381085240439
1.633021997892131 	 0.004360319228911625
1.6340219978921309 	 0.0043365828007452655
1.6350219978921308 	 0.004312189936917185
1.6360219978921307 	 0.004287164562320394
1.6370219978921305 	 0.004261532326927137
1.6380219978921304 	 0.004235318779068188
1.6390219978921303 	 0.004208543823674937
1.6400219978921302 	 0.004181222212644088
1.64102199789213 	 0.004153368953174888
1.64202199789213 	 0.004125000748840836
1.6430219978921299 	 0.004096134616677895
1.6440219978921298 	 0.004066787539588776
1.6450219978921297 	 0.004036976478235931
1.6460219978921296 	 0.004006718714411432
1.6470219978921294 	 0.003976032801915916
1.6480219978921293 	 0.003944937551743431
1.6490219978921292 	 0.003913451712136603
1.650021997892129 	 0.0038815939541257814
1.651021997892129 	 0.0038493819306567784
1.652021997892129 	 0.0038168297878057506
1.6530219978921288 	 0.0037839509189180553
1.6540219978921287 	 0.0037507588174435407
1.6550219978921286 	 0.003717267073922443
1.6560219978921285 	 0.003683489452790482
1.6570219978921283 	 0.00364944013479383
1.6580219978921282 	 0.003615133434455827
1.6590219978921281 	 0.003580583700257459
1.660021997892128 	 0.0035458053002739615
1.661021997892128 	 0.0035108172972833996
1.6620219978921278 	 0.003475655901966064
1.6630219978921277 	 0.003440359751006067
1.6640219978921276 	 0.0034049542042513346
1.6650219978921275 	 0.0033694526916084075
1.6660219978921273 	 0.0033338679590993367
1.6670219978921272 	 0.0032982121455707217
1.6680219978921271 	 0.0032624971806640645
1.669021997892127 	 0.003226734907707229
1.670021997892127 	 0.0031909370873772205
1.6710219978921268 	 0.0031551157668441004
1.6720219978921267 	 0.0031192842339004007
1.6730219978921266 	 0.003083455902907084
1.6740219978921265 	 0.003047643989624743
1.6750219978921264 	 0.0030118615239995744
1.6760219978921262 	 0.00297612107879371
1.6770219978921261 	 0.0029404339970415866
1.678021997892126 	 0.002904811238556334
1.679021997892126 	 0.0028692636530307336
1.6800219978921258 	 0.0028338020004815257
1.6810219978921257 	 0.0027984366462769786
1.6820219978921256 	 0.002763176689223381
1.6830219978921255 	 0.0027280309385569377
1.6840219978921254 	 0.002693008203383303
1.6850219978921253 	 0.0026581173080044524
1.6860219978921251 	 0.002623366767309675
1.687021997892125 	 0.0025887638585637136
1.688021997892125 	 0.002554315735193327
1.6890219978921248 	 0.002520031841238037
1.6900219978921247 	 0.002485923654393315
1.6910219978921246 	 0.0024520014472339045
1.6920219978921245 	 0.00241827111926827
1.6930219978921244 	 0.0023847377157881306
1.6940219978921243 	 0.0023514064566366147
1.6950219978921242 	 0.0023182827386470646
1.696021997892124 	 0.002285371813979081
1.697021997892124 	 0.0022526778909989754
1.6980219978921238 	 0.0022202050804973517
1.6990219978921237 	 0.002187957687307506
1.7000219978921236 	 0.0021559402125963774
1.7010219978921235 	 0.002121909330496225
1.7020219978921234 	 0.002088007194556426
1.7030219978921233 	 0.0020544064642471433
1.7040219978921232 	 0.0020211121151542514
1.705021997892123 	 0.0019881291113722733
1.706021997892123 	 0.001955462128926662
1.7070219978921228 	 0.0019231147978250613
1.7080219978921227 	 0.0018910904975747613
1.7090219978921226 	 0.001859392599901129
1.7100219978921225 	 0.0018280244687676967
1.7110219978921224 	 0.001796989217664909
1.7120219978921223 	 0.0017662890444795968
1.7130219978921222 	 0.0017359259295710722
1.714021997892122 	 0.0017059018487557236
1.715021997892122 	 0.0016762187733180354
1.7160219978921218 	 0.0016468784622203796
1.7170219978921217 	 0.0016178818926788502
1.7180219978921216 	 0.0015892298577725524
1.7190219978921215 	 0.0015609231487721217
1.7200219978921214 	 0.001532962555143141
1.7210219978921213 	 0.0015053486895469745
1.7220219978921212 	 0.00147808150828439
1.723021997892121 	 0.0014511608145708163
1.724021997892121 	 0.0014245864120805386
1.7250219978921209 	 0.001398358104943905
1.7260219978921207 	 0.001372475553222175
1.7270219978921206 	 0.0013469378768681214
1.7280219978921205 	 0.0013217440713371052
1.7290219978921204 	 0.001296893134382524
1.7300219978921203 	 0.0012723840660480267
1.7310219978921202 	 0.0012482157516061742
1.73202199789212 	 0.0012243866407856642
1.73302199789212 	 0.0012008950843809616
1.7340219978921199 	 0.00117773943694249
1.7350219978921197 	 0.001154918056764956
1.7360219978921196 	 0.0011324292134854744
1.7370219978921195 	 0.001110270834891388
1.7380219978921194 	 0.001088440772598363
1.7390219978921193 	 0.0010669368830979152
1.7400219978921192 	 0.0010457570277427903
1.741021997892119 	 0.0010248990020233178
1.742021997892119 	 0.001004360341785148
1.7430219978921189 	 0.0009841385265537343
1.7440219978921188 	 0.000964231041556702
1.7450219978921186 	 0.000944635377707118
1.7460219978921185 	 0.0009253489800593953
1.7470219978921184 	 0.0009063691065887768
1.7480219978921183 	 0.0008876929763517308
1.7490219978921182 	 0.0008693178146770227
1.750021997892118 	 0.0008512408531475893
1.751021997892118 	 0.0008334592948010198
1.7520219978921179 	 0.0008159702187972802
1.7530219978921178 	 0.000798770680420761
1.7540219978921177 	 0.0007818577415778046
1.7550219978921175 	 0.0007652284707777886
1.7560219978921174 	 0.0007488799230216746
1.7570219978921173 	 0.0007328090847216769
1.7580219978921172 	 0.0007170129314618286
1.759021997892117 	 0.0007014884456074588
1.760021997892117 	 0.0006862326162860126
1.7610219978921169 	 0.0006712424318569912
1.7620219978921168 	 0.0006565148593099105
1.7630219978921167 	 0.0006420468658439943
1.7640219978921166 	 0.0006278354254389156
1.7650219978921164 	 0.0006138775188357821
1.7660219978921163 	 0.0006001701369097151
1.7670219978921162 	 0.0005867102899451547
1.7680219978921161 	 0.0005734949978643273
1.769021997892116 	 0.000560521287232964
1.770021997892116 	 0.0005477861912418173
1.7710219978921158 	 0.0005352867621264006
1.7720219978921157 	 0.0005230201052344906
1.7730219978921156 	 0.000510983343240786
1.7740219978921155 	 0.0004991736052162093
1.7750219978921153 	 0.00048758802661024293
1.7760219978921152 	 0.00047622376923919747
1.7770219978921151 	 0.0004650780760935099
1.778021997892115 	 0.00045414821379199987
1.779021997892115 	 0.00044343145501259893
1.7800219978921148 	 0.0004329250784757379
1.7810219978921147 	 0.0004226263949661032
1.7820219978921146 	 0.00041253281867282816
1.7830219978921145 	 0.00040264179229860235
1.7840219978921144 	 0.00039295076419903433
1.7850219978921142 	 0.00038345718836726094
1.7860219978921141 	 0.000374158555179664
1.787021997892114 	 0.0003650524756800735
1.788021997892114 	 0.0003561365931102319
1.7890219978921138 	 0.0003474085559070301
1.7900219978921137 	 0.00033886601768846414
1.7910219978921136 	 0.0003305066715256089
1.7920219978921135 	 0.00032232834388846364
1.7930219978921134 	 0.00031432889604243085
1.7940219978921133 	 0.00030650619395445575
1.7950219978921131 	 0.00029885810828041024
1.796021997892113 	 0.00029138255111425766
1.797021997892113 	 0.00028407757672052256
1.7980219978921128 	 0.00027694127581381764
1.7990219978921127 	 0.0002699717432944271
1.8000219978921126 	 0.00026316707823716216
1.8010219978921125 	 0.00025652542220591456
1.8020219978921124 	 0.00025004506427394186
1.8030219978921123 	 0.00024372433080856296
1.8040219978921122 	 0.0002375615518362218
1.805021997892112 	 0.00023155506103282868
1.806021997892112 	 0.0002257032348328928
1.8070219978921118 	 0.0002200045996252231
1.8080219978921117 	 0.0002144577192593254
1.8090219978921116 	 0.00020906116071622556
1.8100219978921115 	 0.00020381349410028424
1.8110219978921114 	 0.00019871333189683076
1.8120219978921113 	 0.00019375943657272613
1.8130219978921112 	 0.00018895060766219526
1.814021997892111 	 0.00018428564731020602
1.815021997892111 	 0.0001797633602657248
1.8160219978921108 	 0.0001753825927008651
1.8170219978921107 	 0.0001711423386077179
1.8180219978921106 	 0.00016704162815131966
1.8190219978921105 	 0.00016307949360049826
1.8200219978921104 	 0.00015925496932251847
1.8210219978921103 	 0.00015556712971155048
1.8220219978921102 	 0.0001520151931425776
1.82302199789211 	 0.00014859841289152813
1.82402199789211 	 0.00014531604385020826
1.8250219978921098 	 0.00014216734252227469
1.8260219978921097 	 0.00013915160358750735
1.8270219978921096 	 0.00013626826011519549
1.8280219978921095 	 0.00013351677841267538
1.8290219978921094 	 0.00013089662593964381
1.8300219978921093 	 0.00012840727130538005
1.8310219978921092 	 0.00012604821906380493
1.832021997892109 	 0.00012381910507646324
1.833021997892109 	 0.00012171959645368685
1.8340219978921088 	 0.00011974936102346475
1.8350219978921087 	 0.00011790806732982471
1.8360219978921086 	 0.00011619541720458225
1.8370219978921085 	 0.00011461123503554852
1.8380219978921084 	 0.00011315537410558165
1.8390219978921083 	 0.00011182768801421858
1.8400219978921082 	 0.00011062803067711464
1.841021997892108 	 0.00010955628622371605
1.842021997892108 	 0.0001086124509354503
1.8430219978921079 	 0.00010779654727828486
1.8440219978921077 	 0.00010710859767237969
1.8450219978921076 	 0.0001065486244924698
1.8460219978921075 	 0.00010611667675188191
1.8470219978921074 	 0.00010581290323207557
1.8480219978921073 	 0.00010563747575961426
1.8490219978921072 	 0.00010559056579698488
1.850021997892107 	 0.00010567234444379427
1.851021997892107 	 0.00010588300531850146
1.8520219978921069 	 0.00010622282726626007
1.8530219978921068 	 0.00010669210857215168
1.8540219978921066 	 0.00010729114688931819
1.8550219978921065 	 0.00010802023924082539
1.8560219978921064 	 0.00010887970041722524
1.8570219978921063 	 0.00010986991339407594
1.8580219978921062 	 0.00011099127644133207
1.859021997892106 	 0.00011224418698671554
1.860021997892106 	 0.00011362904161808245
1.8610219978921059 	 0.00011514624923779139
1.8620219978921058 	 0.0001167962671098834
1.8630219978921057 	 0.00011857956304720367
1.8640219978921055 	 0.00012049660387556971
1.8650219978921054 	 0.00012254785543645575
1.8660219978921053 	 0.00012473378965881333
1.8670219978921052 	 0.00012705490393574703
1.868021997892105 	 0.00012951170080179215
1.869021997892105 	 0.00013210468173386787
1.8700219978921049 	 0.0001348343471540722
1.8710219978921048 	 0.00013770119653754685
1.8720219978921047 	 0.00014070572870324299
1.8730219978921046 	 0.00014384844151456132
1.8740219978921044 	 0.0001471298317899265
1.8750219978921043 	 0.00015055039530546179
1.8760219978921042 	 0.00015411061902751523
1.877021997892104 	 0.00015781095981996334
1.878021997892104 	 0.00016165186678747897
1.879021997892104 	 0.00016563378809480967
1.8800219978921038 	 0.00016975717096908208
1.8810219978921037 	 0.00017402244519486317
1.8820219978921036 	 0.00017842997787546677
1.8830219978921034 	 0.00018298012089635005
1.8840219978921033 	 0.0001876732254089214
1.8850219978921032 	 0.00019250964183220272
1.8860219978921031 	 0.00019748969387297605
1.887021997892103 	 0.0002026136073202576
1.888021997892103 	 0.00020788158474775012
1.8890219978921028 	 0.0002132938283085867
1.8900219978921027 	 0.00021885053973606734
1.8910219978921026 	 0.00022455188427029444
1.8920219978921025 	 0.00023039789179072232
1.8930219978921023 	 0.0002363885605347799
1.8940219978921022 	 0.00024252388874566086
1.8950219978921021 	 0.0002488038746718411
1.896021997892102 	 0.0002552284702548209
1.897021997892102 	 0.0002617974542015958
1.8980219978921018 	 0.0002685105651359602
1.8990219978921017 	 0.0002753675422262966
1.9000219978921016 	 0.0002823681251835866
1.9010219978921015 	 0.00028951199770385855
1.9020219978921014 	 0.0002967986324633183
1.9030219978921012 	 0.00030422745371927793
1.9040219978921011 	 0.000311797886922979
1.905021997892101 	 0.0003195093587158258
1.906021997892101 	 0.0003273612310061447
1.9070219978921008 	 0.00033535262029799447
1.9080219978921007 	 0.00034348258721138313
1.9090219978921006 	 0.00035175019430792013
1.9100219978921005 	 0.0003601545060850381
1.9110219978921004 	 0.0003686945146077338
1.9120219978921003 	 0.00037736893569460307
1.9130219978921001 	 0.0003861764227091178
1.9140219978921 	 0.0003951156317899475
1.9150219978921 	 0.00040418522184297936
1.9160219978920998 	 0.00041338377402853725
1.9170219978920997 	 0.00042270957110988243
1.9180219978920996 	 0.0004321608289004987
1.9190219978920995 	 0.0004417357668805454
1.9200219978920994 	 0.0004514326081865589
1.9210219978920993 	 0.0004612494952066495
1.9220219978920992 	 0.00047118425826510205
1.923021997892099 	 0.00048123465824902124
1.924021997892099 	 0.0004913984606346298
1.9250219978920988 	 0.0005016734354746188
1.9260219978920987 	 0.0005120572724243092
1.9270219978920986 	 0.0005225473478698842
1.9280219978920985 	 0.0005331409691804976
1.9290219978920984 	 0.000543835449229205
1.9300219978920983 	 0.000554628106378028
1.9310219978920982 	 0.0005655161825124471
1.932021997892098 	 0.0005764966184179192
1.933021997892098 	 0.0005875662893727836
1.9340219978920978 	 0.0005987220770256597
1.9350219978920977 	 0.0006099608693783991
1.9360219978920976 	 0.0006212794857304292
1.9370219978920975 	 0.0006326744709965524
1.9380219978920974 	 0.0006441423114246565
1.9390219978920973 	 0.0006556795004072757
1.9400219978920972 	 0.0006672825384627179
1.941021997892097 	 0.0006789478690052673
1.942021997892097 	 0.0006906717023369247
1.9430219978920968 	 0.000702450200232875
1.9440219978920967 	 0.0007142795322524169
1.9450219978920966 	 0.0007261558757186585
1.9460219978920965 	 0.0007380753658153717
1.9470219978920964 	 0.000750033958847236
1.9480219978920963 	 0.0007620275756303321
1.9490219978920962 	 0.000774052145232126
1.950021997892096 	 0.0007861036049502013
1.951021997892096 	 0.0007981778679552206
1.9520219978920959 	 0.0008102707346430593
1.9530219978920957 	 0.0008223779855769654
1.9540219978920956 	 0.0008344954098332746
1.9550219978920955 	 0.0008466188049797285
1.9560219978920954 	 0.0008587439638826267
1.9570219978920953 	 0.0008708666385851842
1.9580219978920952 	 0.000882982578152162
1.959021997892095 	 0.0008950875402029176
1.960021997892095 	 0.000907177290889882
1.9610219978920949 	 0.0009192476123840106
1.9620219978920947 	 0.0009312943234286463
1.9630219978920946 	 0.0009433132577365904
1.9640219978920945 	 0.0009553002573833995
1.9650219978920944 	 0.0009672511727866045
1.9660219978920943 	 0.000979161890347718
1.9670219978920942 	 0.0009910284082509928
1.968021997892094 	 0.0010028467569157945
1.969021997892094 	 0.001014612974709015
1.9700219978920939 	 0.001026323107925567
1.9710219978920938 	 0.0010379732568940611
1.9720219978920936 	 0.0010495597023799253
1.9730219978920935 	 0.0010610787729626646
1.9740219978920934 	 0.0010725268045535597
1.9750219978920933 	 0.0010839001403779298
1.9760219978920932 	 0.001095195194042166
1.977021997892093 	 0.0011064086224231197
1.978021997892093 	 0.001117537144291595
1.9790219978920929 	 0.0011285774849541972
1.9800219978920928 	 0.0011395263762377572
1.9810219978920927 	 0.0011503806328904311
1.9820219978920925 	 0.0011611373620149638
1.9830219978920924 	 0.0011717937433684165
1.9840219978920923 	 0.0011823469623110023
1.9850219978920922 	 0.001192794209792953
1.986021997892092 	 0.0012031327654431964
1.987021997892092 	 0.0012133602253290604
1.9880219978920919 	 0.001223474263041046
1.9890219978920918 	 0.0012334725567797432
1.9900219978920917 	 0.0012433527893452887
1.9910219978920916 	 0.0012531127401480028
1.9920219978920914 	 0.0012627505374185415
1.9930219978920913 	 0.0012722643936551965
1.9940219978920912 	 0.0012816525248891385
1.9950219978920911 	 0.0012909131506765705
1.996021997892091 	 0.001300044584943977
1.997021997892091 	 0.0013090454850002817
1.9980219978920908 	 0.001317914590346198
1.9990219978920907 	 0.0013266506429669882
