0.0010219978922 	 0
0.0020219978922 	 0.0
0.0030219978922 	 0.0
0.0040219978922 	 0.0
0.0050219978922 	 0.0
0.0060219978922 	 0.0
0.0070219978922 	 0.0
0.0080219978922 	 0.0
0.009021997892200002 	 0.0
0.010021997892200003 	 0.0
0.011021997892200004 	 0.0
0.012021997892200004 	 0.0
0.013021997892200005 	 0.0
0.014021997892200006 	 0.0
0.015021997892200007 	 0.0
0.016021997892200008 	 0.0
0.01702199789220001 	 0.0
0.01802199789220001 	 0.0
0.01902199789220001 	 0.0
0.02002199789220001 	 0.0
0.021021997892200012 	 0.0
0.022021997892200013 	 0.0
0.023021997892200014 	 0.0
0.024021997892200015 	 0.0
0.025021997892200016 	 0.0
0.026021997892200017 	 0.0
0.027021997892200018 	 0.0
0.02802199789220002 	 0.0
0.02902199789220002 	 0.0
0.03002199789220002 	 0.0
0.03102199789220002 	 0.0
0.03202199789220002 	 0.0
0.03302199789220002 	 0.0
0.03402199789220002 	 0.0
0.03502199789220002 	 0.0
0.03602199789220002 	 0.0
0.03702199789220002 	 0.0
0.038021997892200024 	 0.0
0.039021997892200025 	 0.0
0.040021997892200026 	 0.0
0.04102199789220003 	 0.0
0.04202199789220003 	 0.0
0.04302199789220003 	 0.0
0.04402199789220003 	 0.0
0.04502199789220003 	 0.0
0.04602199789220003 	 0.0
0.04702199789220003 	 0.0
0.04802199789220003 	 0.0
0.049021997892200034 	 0.0
0.050021997892200035 	 0.0
0.051021997892200036 	 0.0
0.052021997892200036 	 0.0
0.05302199789220004 	 0.0
0.05402199789220004 	 0.0
0.05502199789220004 	 0.0
0.05602199789220004 	 0.0
0.05702199789220004 	 0.0
0.05802199789220004 	 0.0
0.05902199789220004 	 0.0
0.060021997892200044 	 0.0
0.061021997892200044 	 0.0
0.062021997892200045 	 0.0
0.06302199789220005 	 0.0
0.06402199789220005 	 0.0
0.06502199789220005 	 0.0
0.06602199789220005 	 0.0
0.06702199789220005 	 0.0
0.06802199789220005 	 0.0
0.06902199789220005 	 0.0
0.07002199789220005 	 0.0
0.07102199789220005 	 0.0
0.07202199789220005 	 0.0
0.07302199789220006 	 0.0
0.07402199789220006 	 0.0
0.07502199789220006 	 0.0
0.07602199789220006 	 0.0
0.07702199789220006 	 0.0
0.07802199789220006 	 0.0
0.07902199789220006 	 0.0
0.08002199789220006 	 0.0
0.08102199789220006 	 0.0
0.08202199789220006 	 0.0
0.08302199789220006 	 0.0
0.08402199789220006 	 0.0
0.08502199789220007 	 0.0
0.08602199789220007 	 0.0
0.08702199789220007 	 0.0
0.08802199789220007 	 0.0
0.08902199789220007 	 0.0
0.09002199789220007 	 0.0
0.09102199789220007 	 0.0
0.09202199789220007 	 0.0
0.09302199789220007 	 0.0
0.09402199789220007 	 0.0
0.09502199789220007 	 0.0
0.09602199789220008 	 0.0
0.09702199789220008 	 0.0
0.09802199789220008 	 0.0
0.09902199789220008 	 0.0
0.10002199789220008 	 0.0
0.10102199789220008 	 0.0
0.10202199789220008 	 0.0
0.10302199789220008 	 0.0
0.10402199789220008 	 0.0
0.10502199789220008 	 0.0
0.10602199789220008 	 0.0
0.10702199789220009 	 0.0
0.10802199789220009 	 0.0
0.10902199789220009 	 0.0
0.11002199789220009 	 0.0
0.11102199789220009 	 0.0
0.11202199789220009 	 0.0
0.11302199789220009 	 0.0
0.11402199789220009 	 0.0
0.11502199789220009 	 0.0
0.1160219978922001 	 0.0
0.1170219978922001 	 0.0
0.1180219978922001 	 0.0
0.1190219978922001 	 0.0
0.1200219978922001 	 0.0
0.1210219978922001 	 0.0
0.1220219978922001 	 0.0
0.1230219978922001 	 0.0
0.1240219978922001 	 0.0
0.1250219978922001 	 0.0
0.1260219978922001 	 0.0
0.1270219978922001 	 0.0
0.1280219978922001 	 0.0
0.1290219978922001 	 0.0
0.1300219978922001 	 0.0
0.1310219978922001 	 0.0
0.1320219978922001 	 0.0
0.1330219978922001 	 0.0
0.1340219978922001 	 0.0
0.1350219978922001 	 0.0
0.1360219978922001 	 0.0
0.1370219978922001 	 0.0
0.1380219978922001 	 0.0
0.1390219978922001 	 0.0
0.1400219978922001 	 0.0
0.1410219978922001 	 0.0
0.1420219978922001 	 0.0
0.1430219978922001 	 0.0
0.1440219978922001 	 0.0
0.1450219978922001 	 0.0
0.1460219978922001 	 0.0
0.1470219978922001 	 0.0
0.1480219978922001 	 0.0
0.1490219978922001 	 0.0
0.1500219978922001 	 0.0
0.1510219978922001 	 0.0
0.1520219978922001 	 0.0
0.1530219978922001 	 0.0
0.1540219978922001 	 0.0
0.15502199789220011 	 0.0
0.15602199789220011 	 0.0
0.15702199789220012 	 0.0
0.15802199789220012 	 0.0
0.15902199789220012 	 0.0
0.16002199789220012 	 0.0
0.16102199789220012 	 0.0
0.16202199789220012 	 0.0
0.16302199789220012 	 0.0
0.16402199789220012 	 0.0
0.16502199789220012 	 0.0
0.16602199789220012 	 0.0
0.16702199789220012 	 0.0
0.16802199789220013 	 0.0
0.16902199789220013 	 0.0
0.17002199789220013 	 0.0
0.17102199789220013 	 0.0
0.17202199789220013 	 0.0
0.17302199789220013 	 0.0
0.17402199789220013 	 0.0
0.17502199789220013 	 0.0
0.17602199789220013 	 0.0
0.17702199789220013 	 0.0
0.17802199789220013 	 0.0
0.17902199789220014 	 0.0
0.18002199789220014 	 0.0
0.18102199789220014 	 0.0
0.18202199789220014 	 0.0
0.18302199789220014 	 0.0
0.18402199789220014 	 0.0
0.18502199789220014 	 0.0
0.18602199789220014 	 0.0
0.18702199789220014 	 0.0
0.18802199789220014 	 0.0
0.18902199789220014 	 0.0
0.19002199789220015 	 0.0
0.19102199789220015 	 0.0
0.19202199789220015 	 0.0
0.19302199789220015 	 0.0
0.19402199789220015 	 0.0
0.19502199789220015 	 0.0
0.19602199789220015 	 0.0
0.19702199789220015 	 0.0
0.19802199789220015 	 0.0
0.19902199789220015 	 0.0
0.20002199789220015 	 0.0
0.20102199789220015 	 0.0
0.20202199789220016 	 0.0
0.20302199789220016 	 0.0
0.20402199789220016 	 0.0
0.20502199789220016 	 0.0
0.20602199789220016 	 0.0
0.20702199789220016 	 0.0
0.20802199789220016 	 0.0
0.20902199789220016 	 0.0
0.21002199789220016 	 0.0
0.21102199789220016 	 0.0
0.21202199789220016 	 0.0
0.21302199789220017 	 0.0
0.21402199789220017 	 0.0
0.21502199789220017 	 0.0
0.21602199789220017 	 0.0
0.21702199789220017 	 0.0
0.21802199789220017 	 0.0
0.21902199789220017 	 0.0
0.22002199789220017 	 0.0
0.22102199789220017 	 0.0
0.22202199789220017 	 0.0
0.22302199789220017 	 0.0
0.22402199789220018 	 0.0
0.22502199789220018 	 0.0
0.22602199789220018 	 0.0
0.22702199789220018 	 0.0
0.22802199789220018 	 0.0
0.22902199789220018 	 0.0
0.23002199789220018 	 0.0
0.23102199789220018 	 0.0
0.23202199789220018 	 0.0
0.23302199789220018 	 0.0
0.23402199789220018 	 0.0
0.23502199789220019 	 0.0
0.23602199789220019 	 0.0
0.2370219978922002 	 0.0
0.2380219978922002 	 0.0
0.2390219978922002 	 0.0
0.2400219978922002 	 0.0
0.2410219978922002 	 0.0
0.2420219978922002 	 0.0
0.2430219978922002 	 0.0
0.2440219978922002 	 0.0
0.2450219978922002 	 0.0
0.2460219978922002 	 0.0
0.2470219978922002 	 0.0
0.2480219978922002 	 0.0
0.2490219978922002 	 0.0
0.2500219978922002 	 0.0
0.2510219978922002 	 0.0
0.2520219978922002 	 0.0
0.2530219978922002 	 0.0
0.2540219978922002 	 0.0
0.2550219978922002 	 0.0
0.2560219978922002 	 0.0
0.2570219978922002 	 0.0
0.2580219978922002 	 0.0
0.2590219978922002 	 0.0
0.2600219978922002 	 0.0
0.2610219978922002 	 0.0
0.2620219978922002 	 0.0
0.2630219978922002 	 0.0
0.2640219978922002 	 0.0
0.2650219978922002 	 0.0
0.2660219978922002 	 0.0
0.2670219978922002 	 0.0
0.2680219978922002 	 0.0
0.2690219978922002 	 0.0
0.2700219978922002 	 0.0
0.2710219978922002 	 0.0
0.2720219978922002 	 0.0
0.2730219978922002 	 0.0
0.2740219978922002 	 0.0
0.2750219978922002 	 0.0
0.2760219978922002 	 0.0
0.2770219978922002 	 0.0
0.2780219978922002 	 0.0
0.2790219978922002 	 0.0
0.2800219978922002 	 0.0
0.2810219978922002 	 0.0
0.2820219978922002 	 0.0
0.2830219978922002 	 0.0
0.28402199789220023 	 0.0
0.28502199789220023 	 0.0
0.28602199789220023 	 0.0
0.28702199789220023 	 0.0
0.28802199789220023 	 0.0
0.28902199789220023 	 0.0
0.29002199789220023 	 0.0
0.29102199789220023 	 0.0
0.29202199789220024 	 0.0
0.29302199789220024 	 0.0
0.29402199789220024 	 0.0
0.29502199789220024 	 0.0
0.29602199789220024 	 0.0
0.29702199789220024 	 0.0
0.29802199789220024 	 0.0
0.29902199789220024 	 0.0
0.30002199789220024 	 0.0
0.30102199789220024 	 0.0
0.30202199789220024 	 0.0
0.30302199789220025 	 0.0
0.30402199789220025 	 0.0
0.30502199789220025 	 0.0
0.30602199789220025 	 0.0
0.30702199789220025 	 0.0
0.30802199789220025 	 0.0
0.30902199789220025 	 0.0
0.31002199789220025 	 0.0
0.31102199789220025 	 0.0
0.31202199789220025 	 0.0
0.31302199789220025 	 0.0
0.31402199789220026 	 0.0
0.31502199789220026 	 0.0
0.31602199789220026 	 0.0
0.31702199789220026 	 0.0
0.31802199789220026 	 0.0
0.31902199789220026 	 0.0
0.32002199789220026 	 0.0
0.32102199789220026 	 0.0
0.32202199789220026 	 0.0
0.32302199789220026 	 0.0
0.32402199789220026 	 0.0
0.32502199789220027 	 0.0
0.32602199789220027 	 0.0
0.32702199789220027 	 0.0
0.32802199789220027 	 0.0
0.32902199789220027 	 0.0
0.33002199789220027 	 0.0
0.33102199789220027 	 0.0
0.33202199789220027 	 0.0
0.33302199789220027 	 0.0
0.3340219978922003 	 0.0
0.3350219978922003 	 0.0
0.3360219978922003 	 0.0
0.3370219978922003 	 0.0
0.3380219978922003 	 0.0
0.3390219978922003 	 0.0
0.3400219978922003 	 0.0
0.3410219978922003 	 0.0
0.3420219978922003 	 0.0
0.3430219978922003 	 0.0
0.3440219978922003 	 0.0
0.3450219978922003 	 0.0
0.3460219978922003 	 0.0
0.3470219978922003 	 0.0
0.3480219978922003 	 0.0
0.3490219978922003 	 0.0
0.3500219978922003 	 0.0
0.3510219978922003 	 0.0
0.3520219978922003 	 0.0
0.3530219978922003 	 0.0
0.3540219978922003 	 0.0
0.3550219978922003 	 0.0
0.3560219978922003 	 0.0
0.3570219978922003 	 0.0
0.3580219978922003 	 0.0
0.3590219978922003 	 0.0
0.3600219978922003 	 0.0
0.3610219978922003 	 0.0
0.3620219978922003 	 0.0
0.3630219978922003 	 0.0
0.3640219978922003 	 0.0
0.3650219978922003 	 0.0
0.3660219978922003 	 0.0
0.3670219978922003 	 0.0
0.3680219978922003 	 0.0
0.3690219978922003 	 0.0
0.3700219978922003 	 0.0
0.3710219978922003 	 0.0
0.3720219978922003 	 0.0
0.3730219978922003 	 0.0
0.3740219978922003 	 0.0
0.3750219978922003 	 0.0
0.3760219978922003 	 0.0
0.3770219978922003 	 0.0
0.3780219978922003 	 0.0
0.3790219978922003 	 0.0
0.3800219978922003 	 0.0
0.3810219978922003 	 0.0
0.3820219978922003 	 0.0
0.3830219978922003 	 0.0
0.3840219978922003 	 0.0
0.3850219978922003 	 0.0
0.3860219978922003 	 0.0
0.3870219978922003 	 0.0
0.3880219978922003 	 0.0
0.3890219978922003 	 0.0
0.3900219978922003 	 0.0
0.3910219978922003 	 0.0
0.3920219978922003 	 0.0
0.3930219978922003 	 0.0
0.3940219978922003 	 0.0
0.3950219978922003 	 0.0
0.39602199789220033 	 0.0
0.39702199789220033 	 0.0
0.39802199789220033 	 0.0
0.39902199789220033 	 0.0
0.40002199789220033 	 0.0
0.40102199789220033 	 0.0
0.40202199789220033 	 0.0
0.40302199789220033 	 0.0
0.40402199789220034 	 0.0
0.40502199789220034 	 0.0
0.40602199789220034 	 0.0
0.40702199789220034 	 0.0
0.40802199789220034 	 0.0
0.40902199789220034 	 0.0
0.41002199789220034 	 0.0
0.41102199789220034 	 0.0
0.41202199789220034 	 0.0
0.41302199789220034 	 0.0
0.41402199789220034 	 0.0
0.41502199789220034 	 0.0
0.41602199789220035 	 0.0
0.41702199789220035 	 0.0
0.41802199789220035 	 0.0
0.41902199789220035 	 0.0
0.42002199789220035 	 0.0
0.42102199789220035 	 0.0
0.42202199789220035 	 0.0
0.42302199789220035 	 0.0
0.42402199789220035 	 0.0
0.42502199789220035 	 0.0
0.42602199789220035 	 0.0
0.42702199789220036 	 0.0
0.42802199789220036 	 0.0
0.42902199789220036 	 0.0
0.43002199789220036 	 0.0
0.43102199789220036 	 0.0
0.43202199789220036 	 0.0
0.43302199789220036 	 0.0
0.43402199789220036 	 0.0
0.43502199789220036 	 0.0
0.43602199789220036 	 0.0
0.43702199789220036 	 0.0
0.43802199789220037 	 0.0
0.43902199789220037 	 0.0
0.44002199789220037 	 0.0
0.44102199789220037 	 0.0
0.44202199789220037 	 0.0
0.44302199789220037 	 0.0
0.44402199789220037 	 0.0
0.44502199789220037 	 0.0
0.4460219978922004 	 0.0
0.4470219978922004 	 0.0
0.4480219978922004 	 0.0
0.4490219978922004 	 0.0
0.4500219978922004 	 0.0
0.4510219978922004 	 0.0
0.4520219978922004 	 0.0
0.4530219978922004 	 0.0
0.4540219978922004 	 0.0
0.4550219978922004 	 0.0
0.4560219978922004 	 0.0
0.4570219978922004 	 0.0
0.4580219978922004 	 0.0
0.4590219978922004 	 0.0
0.4600219978922004 	 0.0
0.4610219978922004 	 0.0
0.4620219978922004 	 0.0
0.4630219978922004 	 0.0
0.4640219978922004 	 0.0
0.4650219978922004 	 0.0
0.4660219978922004 	 0.0
0.4670219978922004 	 0.0
0.4680219978922004 	 0.0
0.4690219978922004 	 0.0
0.4700219978922004 	 0.0
0.4710219978922004 	 0.0
0.4720219978922004 	 0.0
0.4730219978922004 	 0.0
0.4740219978922004 	 0.0
0.4750219978922004 	 0.0
0.4760219978922004 	 0.0
0.4770219978922004 	 0.0
0.4780219978922004 	 0.0
0.4790219978922004 	 0.0
0.4800219978922004 	 0.0
0.4810219978922004 	 0.0
0.4820219978922004 	 0.0
0.4830219978922004 	 0.0
0.4840219978922004 	 0.0
0.4850219978922004 	 0.0
0.4860219978922004 	 0.0
0.4870219978922004 	 0.0
0.4880219978922004 	 0.0
0.4890219978922004 	 0.0
0.4900219978922004 	 0.0
0.4910219978922004 	 0.0
0.4920219978922004 	 0.0
0.4930219978922004 	 0.0
0.4940219978922004 	 0.0
0.4950219978922004 	 0.0
0.4960219978922004 	 0.0
0.4970219978922004 	 0.0
0.4980219978922004 	 0.0
0.4990219978922004 	 0.0
0.5000219978922004 	 0.0
0.5010219978922004 	 0.0
0.5020219978922004 	 0.0
0.5030219978922004 	 0.0
0.5040219978922004 	 0.0
0.5050219978922004 	 0.0
0.5060219978922004 	 0.0
0.5070219978922004 	 0.0
0.5080219978922004 	 0.0
0.5090219978922004 	 0.0
0.5100219978922004 	 0.0
0.5110219978922004 	 0.0
0.5120219978922004 	 0.0
0.5130219978922004 	 0.0
0.5140219978922004 	 0.0
0.5150219978922004 	 0.0
0.5160219978922004 	 0.0
0.5170219978922004 	 0.0
0.5180219978922004 	 0.0
0.5190219978922004 	 0.0
0.5200219978922004 	 0.0
0.5210219978922004 	 0.0
0.5220219978922004 	 0.0
0.5230219978922004 	 0.0
0.5240219978922004 	 0.0
0.5250219978922004 	 0.0
0.5260219978922004 	 0.0
0.5270219978922004 	 0.0
0.5280219978922004 	 0.0
0.5290219978922004 	 0.0
0.5300219978922004 	 0.0
0.5310219978922004 	 0.0
0.5320219978922004 	 0.0
0.5330219978922004 	 0.0
0.5340219978922004 	 0.0
0.5350219978922004 	 0.0
0.5360219978922004 	 0.0
0.5370219978922004 	 0.0
0.5380219978922004 	 0.0
0.5390219978922004 	 0.0
0.5400219978922004 	 0.0
0.5410219978922004 	 0.0
0.5420219978922004 	 0.0
0.5430219978922004 	 0.0
0.5440219978922004 	 0.0
0.5450219978922004 	 0.0
0.5460219978922004 	 0.0
0.5470219978922004 	 0.0
0.5480219978922004 	 0.0
0.5490219978922004 	 0.0
0.5500219978922004 	 0.0
0.5510219978922004 	 0.0
0.5520219978922004 	 0.0
0.5530219978922004 	 0.0
0.5540219978922004 	 0.0
0.5550219978922004 	 0.0
0.5560219978922004 	 0.0
0.5570219978922004 	 0.0
0.5580219978922004 	 0.0
0.5590219978922004 	 0.0
0.5600219978922004 	 0.0
0.5610219978922004 	 0.0
0.5620219978922004 	 0.0
0.5630219978922004 	 0.0
0.5640219978922004 	 0.0
0.5650219978922004 	 0.0
0.5660219978922004 	 0.0
0.5670219978922004 	 0.0
0.5680219978922004 	 0.0
0.5690219978922004 	 0.0
0.5700219978922004 	 0.0
0.5710219978922004 	 0.0
0.5720219978922004 	 0.0
0.5730219978922004 	 0.0
0.5740219978922004 	 0.0
0.5750219978922004 	 0.0
0.5760219978922004 	 0.0
0.5770219978922004 	 0.0
0.5780219978922004 	 0.0
0.5790219978922004 	 0.0
0.5800219978922004 	 0.0
0.5810219978922004 	 0.0
0.5820219978922004 	 0.0
0.5830219978922004 	 0.0
0.5840219978922004 	 0.0
0.5850219978922004 	 0.0
0.5860219978922004 	 0.0
0.5870219978922004 	 0.0
0.5880219978922004 	 0.0
0.5890219978922004 	 0.0
0.5900219978922004 	 0.0
0.5910219978922004 	 0.0
0.5920219978922004 	 0.0
0.5930219978922004 	 0.0
0.5940219978922004 	 0.0
0.5950219978922004 	 0.0
0.5960219978922005 	 0.0
0.5970219978922005 	 0.0
0.5980219978922005 	 0.0
0.5990219978922005 	 0.0
0.6000219978922005 	 0.0
0.6010219978922005 	 0.0
0.6020219978922005 	 0.0
0.6030219978922005 	 0.0
0.6040219978922005 	 0.0
0.6050219978922005 	 0.0
0.6060219978922005 	 0.0
0.6070219978922005 	 0.0
0.6080219978922005 	 0.0
0.6090219978922005 	 0.0
0.6100219978922005 	 0.0
0.6110219978922005 	 0.0
0.6120219978922005 	 0.0
0.6130219978922005 	 0.0
0.6140219978922005 	 0.0
0.6150219978922005 	 0.0
0.6160219978922005 	 0.0
0.6170219978922005 	 0.0
0.6180219978922005 	 0.0
0.6190219978922005 	 0.0
0.6200219978922005 	 0.0
0.6210219978922005 	 0.0
0.6220219978922005 	 0.0
0.6230219978922005 	 0.0
0.6240219978922005 	 0.0
0.6250219978922005 	 0.0
0.6260219978922005 	 0.0
0.6270219978922005 	 0.0
0.6280219978922005 	 0.0
0.6290219978922005 	 0.0
0.6300219978922005 	 0.0
0.6310219978922005 	 0.0
0.6320219978922005 	 0.0
0.6330219978922005 	 0.0
0.6340219978922005 	 0.0
0.6350219978922005 	 0.0
0.6360219978922005 	 0.0
0.6370219978922005 	 0.0
0.6380219978922005 	 0.0
0.6390219978922005 	 0.0
0.6400219978922005 	 0.0
0.6410219978922005 	 0.0
0.6420219978922005 	 0.0
0.6430219978922005 	 0.0
0.6440219978922005 	 0.0
0.6450219978922005 	 0.0
0.6460219978922005 	 0.0
0.6470219978922005 	 0.0
0.6480219978922005 	 0.0
0.6490219978922005 	 0.0
0.6500219978922005 	 0.0
0.6510219978922005 	 0.0
0.6520219978922005 	 0.0
0.6530219978922005 	 0.0
0.6540219978922005 	 0.0
0.6550219978922005 	 0.0
0.6560219978922005 	 0.0
0.6570219978922005 	 0.0
0.6580219978922005 	 0.0
0.6590219978922005 	 0.0
0.6600219978922005 	 0.0
0.6610219978922005 	 0.0
0.6620219978922005 	 0.0
0.6630219978922005 	 0.0
0.6640219978922005 	 0.0
0.6650219978922005 	 0.0
0.6660219978922005 	 0.0
0.6670219978922005 	 0.0
0.6680219978922005 	 0.0
0.6690219978922005 	 0.0
0.6700219978922005 	 0.0
0.6710219978922005 	 0.0
0.6720219978922005 	 0.0
0.6730219978922005 	 0.0
0.6740219978922005 	 0.0
0.6750219978922005 	 0.0
0.6760219978922005 	 0.0
0.6770219978922005 	 0.0
0.6780219978922005 	 0.0
0.6790219978922005 	 0.0
0.6800219978922005 	 0.0
0.6810219978922005 	 0.0
0.6820219978922005 	 0.0
0.6830219978922005 	 0.0
0.6840219978922005 	 0.0
0.6850219978922005 	 0.0
0.6860219978922005 	 0.0
0.6870219978922005 	 0.0
0.6880219978922005 	 0.0
0.6890219978922005 	 0.0
0.6900219978922005 	 0.0
0.6910219978922005 	 0.0
0.6920219978922005 	 0.0
0.6930219978922005 	 0.0
0.6940219978922005 	 0.0
0.6950219978922005 	 0.0
0.6960219978922005 	 0.0
0.6970219978922005 	 0.0
0.6980219978922005 	 0.0
0.6990219978922005 	 0.0
0.7000219978922005 	 0.0
0.7010219978922005 	 0.0
0.7020219978922005 	 0.0
0.7030219978922005 	 0.0
0.7040219978922005 	 0.0
0.7050219978922005 	 0.0
0.7060219978922005 	 0.0
0.7070219978922005 	 0.0
0.7080219978922005 	 0.0
0.7090219978922006 	 0.0
0.7100219978922006 	 0.0
0.7110219978922006 	 0.0
0.7120219978922006 	 0.0
0.7130219978922006 	 0.0
0.7140219978922006 	 0.0
0.7150219978922006 	 0.0
0.7160219978922006 	 0.0
0.7170219978922006 	 0.0
0.7180219978922006 	 0.0
0.7190219978922006 	 0.0
0.7200219978922006 	 0.0
0.7210219978922006 	 0.0
0.7220219978922006 	 0.0
0.7230219978922006 	 0.0
0.7240219978922006 	 0.0
0.7250219978922006 	 0.0
0.7260219978922006 	 0.0
0.7270219978922006 	 0.0
0.7280219978922006 	 0.0
0.7290219978922006 	 0.0
0.7300219978922006 	 0.0
0.7310219978922006 	 0.0
0.7320219978922006 	 0.0
0.7330219978922006 	 0.0
0.7340219978922006 	 0.0
0.7350219978922006 	 0.0
0.7360219978922006 	 0.0
0.7370219978922006 	 0.0
0.7380219978922006 	 0.0
0.7390219978922006 	 0.0
0.7400219978922006 	 0.0
0.7410219978922006 	 0.0
0.7420219978922006 	 0.0
0.7430219978922006 	 0.0
0.7440219978922006 	 0.0
0.7450219978922006 	 0.0
0.7460219978922006 	 0.0
0.7470219978922006 	 0.0
0.7480219978922006 	 0.0
0.7490219978922006 	 0.0
0.7500219978922006 	 0.0
0.7510219978922006 	 0.0
0.7520219978922006 	 0.0
0.7530219978922006 	 0.0
0.7540219978922006 	 0.0
0.7550219978922006 	 0.0
0.7560219978922006 	 0.0
0.7570219978922006 	 0.0
0.7580219978922006 	 0.0
0.7590219978922006 	 0.0
0.7600219978922006 	 0.0
0.7610219978922006 	 0.0
0.7620219978922006 	 0.0
0.7630219978922006 	 0.0
0.7640219978922006 	 0.0
0.7650219978922006 	 0.0
0.7660219978922006 	 0.0
0.7670219978922006 	 0.0
0.7680219978922006 	 0.0
0.7690219978922006 	 0.0
0.7700219978922006 	 0.0
0.7710219978922006 	 0.0
0.7720219978922006 	 0.0
0.7730219978922006 	 0.0
0.7740219978922006 	 0.0
0.7750219978922006 	 0.0
0.7760219978922006 	 0.0
0.7770219978922006 	 0.0
0.7780219978922006 	 0.0
0.7790219978922006 	 0.0
0.7800219978922006 	 0.0
0.7810219978922006 	 0.0
0.7820219978922006 	 0.0
0.7830219978922006 	 0.0
0.7840219978922006 	 0.0
0.7850219978922006 	 0.0
0.7860219978922006 	 0.0
0.7870219978922006 	 0.0
0.7880219978922006 	 0.0
0.7890219978922006 	 0.0
0.7900219978922006 	 0.0
0.7910219978922006 	 0.0
0.7920219978922006 	 0.0
0.7930219978922006 	 0.0
0.7940219978922006 	 0.0
0.7950219978922006 	 0.0
0.7960219978922006 	 0.0
0.7970219978922006 	 0.0
0.7980219978922006 	 0.0
0.7990219978922006 	 0.0
0.8000219978922006 	 0.0
0.8010219978922006 	 0.0
0.8020219978922006 	 0.0
0.8030219978922006 	 0.0
0.8040219978922006 	 0.0
0.8050219978922006 	 0.0
0.8060219978922006 	 0.0
0.8070219978922006 	 0.0
0.8080219978922006 	 0.0
0.8090219978922006 	 0.0
0.8100219978922006 	 0.0
0.8110219978922006 	 0.0
0.8120219978922006 	 0.0
0.8130219978922006 	 0.0
0.8140219978922006 	 0.0
0.8150219978922006 	 0.0
0.8160219978922006 	 0.0
0.8170219978922006 	 0.0
0.8180219978922006 	 0.0
0.8190219978922006 	 0.0
0.8200219978922006 	 0.0
0.8210219978922007 	 0.0
0.8220219978922007 	 0.0
0.8230219978922007 	 0.0
0.8240219978922007 	 0.0
0.8250219978922007 	 0.0
0.8260219978922007 	 0.0
0.8270219978922007 	 0.0
0.8280219978922007 	 0.0
0.8290219978922007 	 0.0
0.8300219978922007 	 0.0
0.8310219978922007 	 0.0
0.8320219978922007 	 0.0
0.8330219978922007 	 0.0
0.8340219978922007 	 0.0
0.8350219978922007 	 0.0
0.8360219978922007 	 0.0
0.8370219978922007 	 0.0
0.8380219978922007 	 0.0
0.8390219978922007 	 0.0
0.8400219978922007 	 0.0
0.8410219978922007 	 0.0
0.8420219978922007 	 0.0
0.8430219978922007 	 0.0
0.8440219978922007 	 0.0
0.8450219978922007 	 0.0
0.8460219978922007 	 0.0
0.8470219978922007 	 0.0
0.8480219978922007 	 0.0
0.8490219978922007 	 0.0
0.8500219978922007 	 0.0
0.8510219978922007 	 0.0
0.8520219978922007 	 0.0
0.8530219978922007 	 0.0
0.8540219978922007 	 0.0
0.8550219978922007 	 0.0
0.8560219978922007 	 0.0
0.8570219978922007 	 0.0
0.8580219978922007 	 0.0
0.8590219978922007 	 0.0
0.8600219978922007 	 0.0
0.8610219978922007 	 0.0
0.8620219978922007 	 0.0
0.8630219978922007 	 0.0
0.8640219978922007 	 0.0
0.8650219978922007 	 0.0
0.8660219978922007 	 0.0
0.8670219978922007 	 0.0
0.8680219978922007 	 0.0
0.8690219978922007 	 0.0
0.8700219978922007 	 0.0
0.8710219978922007 	 0.0
0.8720219978922007 	 0.0
0.8730219978922007 	 0.0
0.8740219978922007 	 0.0
0.8750219978922007 	 0.0
0.8760219978922007 	 0.0
0.8770219978922007 	 0.0
0.8780219978922007 	 0.0
0.8790219978922007 	 0.0
0.8800219978922007 	 0.0
0.8810219978922007 	 0.0
0.8820219978922007 	 0.0
0.8830219978922007 	 0.0
0.8840219978922007 	 0.0
0.8850219978922007 	 0.0
0.8860219978922007 	 0.0
0.8870219978922007 	 0.0
0.8880219978922007 	 0.0
0.8890219978922007 	 0.0
0.8900219978922007 	 0.0
0.8910219978922007 	 0.0
0.8920219978922007 	 0.0
0.8930219978922007 	 0.0
0.8940219978922007 	 0.0
0.8950219978922007 	 0.0
0.8960219978922007 	 0.0
0.8970219978922007 	 0.0
0.8980219978922007 	 0.0
0.8990219978922007 	 0.0
0.9000219978922007 	 0.0
0.9010219978922007 	 0.0
0.9020219978922007 	 0.0
0.9030219978922007 	 0.0
0.9040219978922007 	 0.0
0.9050219978922007 	 0.0
0.9060219978922007 	 0.0
0.9070219978922007 	 0.0
0.9080219978922007 	 0.0
0.9090219978922007 	 0.0
0.9100219978922007 	 0.0
0.9110219978922007 	 0.0
0.9120219978922007 	 0.0
0.9130219978922007 	 0.0
0.9140219978922007 	 0.0
0.9150219978922007 	 0.0
0.9160219978922007 	 0.0
0.9170219978922007 	 0.0
0.9180219978922007 	 0.0
0.9190219978922007 	 0.0
0.9200219978922007 	 0.0
0.9210219978922007 	 0.0
0.9220219978922007 	 0.0
0.9230219978922007 	 0.0
0.9240219978922007 	 0.0
0.9250219978922007 	 0.0
0.9260219978922007 	 0.0
0.9270219978922007 	 0.0
0.9280219978922007 	 0.0
0.9290219978922007 	 0.0
0.9300219978922007 	 0.0
0.9310219978922007 	 0.0
0.9320219978922007 	 0.0
0.9330219978922007 	 0.0
0.9340219978922008 	 0.0
0.9350219978922008 	 0.0
0.9360219978922008 	 0.0
0.9370219978922008 	 0.0
0.9380219978922008 	 0.0
0.9390219978922008 	 0.0
0.9400219978922008 	 0.0
0.9410219978922008 	 0.0
0.9420219978922008 	 0.0
0.9430219978922008 	 0.0
0.9440219978922008 	 0.0
0.9450219978922008 	 0.0
0.9460219978922008 	 0.0
0.9470219978922008 	 0.0
0.9480219978922008 	 0.0
0.9490219978922008 	 0.0
0.9500219978922008 	 0.0
0.9510219978922008 	 0.0
0.9520219978922008 	 0.0
0.9530219978922008 	 0.0
0.9540219978922008 	 0.0
0.9550219978922008 	 0.0
0.9560219978922008 	 0.0
0.9570219978922008 	 0.0
0.9580219978922008 	 0.0
0.9590219978922008 	 0.0
0.9600219978922008 	 0.0
0.9610219978922008 	 0.0
0.9620219978922008 	 0.0
0.9630219978922008 	 0.0
0.9640219978922008 	 0.0
0.9650219978922008 	 0.0
0.9660219978922008 	 0.0
0.9670219978922008 	 0.0
0.9680219978922008 	 0.0
0.9690219978922008 	 0.0
0.9700219978922008 	 0.0
0.9710219978922008 	 0.0
0.9720219978922008 	 0.0
0.9730219978922008 	 0.0
0.9740219978922008 	 0.0
0.9750219978922008 	 0.0
0.9760219978922008 	 0.0
0.9770219978922008 	 0.0
0.9780219978922008 	 0.0
0.9790219978922008 	 0.0
0.9800219978922008 	 0.0
0.9810219978922008 	 0.0
0.9820219978922008 	 0.0
0.9830219978922008 	 0.0
0.9840219978922008 	 0.0
0.9850219978922008 	 0.0
0.9860219978922008 	 0.0
0.9870219978922008 	 0.0
0.9880219978922008 	 0.0
0.9890219978922008 	 0.0
0.9900219978922008 	 0.0
0.9910219978922008 	 0.0
0.9920219978922008 	 0.0
0.9930219978922008 	 0.0
0.9940219978922008 	 0.0
0.9950219978922008 	 0.0
0.9960219978922008 	 0.0
0.9970219978922008 	 0.0
0.9980219978922008 	 0.0
0.9990219978922008 	 0.0
1.0000219978922007 	 0.0
1.0010219978922006 	 0.0
1.0020219978922005 	 0.0
1.0030219978922004 	 0.0
1.0040219978922003 	 0.0
1.0050219978922001 	 0.0
1.0060219978922 	 0.0
1.0070219978922 	 0.0
1.0080219978921998 	 0.0
1.0090219978921997 	 0.0
1.0100219978921996 	 0.0
1.0110219978921995 	 0.0
1.0120219978921994 	 0.0
1.0130219978921993 	 0.0
1.0140219978921992 	 0.0
1.015021997892199 	 0.0
1.016021997892199 	 0.0
1.0170219978921988 	 0.0
1.0180219978921987 	 0.0
1.0190219978921986 	 0.0
1.0200219978921985 	 0.0
1.0210219978921984 	 0.0
1.0220219978921983 	 0.0
1.0230219978921982 	 0.0
1.024021997892198 	 0.0
1.025021997892198 	 0.0
1.0260219978921978 	 0.0
1.0270219978921977 	 0.0
1.0280219978921976 	 0.0
1.0290219978921975 	 0.0
1.0300219978921974 	 0.0
1.0310219978921973 	 0.0
1.0320219978921972 	 0.0
1.033021997892197 	 0.0
1.034021997892197 	 0.0
1.0350219978921968 	 0.0
1.0360219978921967 	 0.0
1.0370219978921966 	 0.0
1.0380219978921965 	 0.0
1.0390219978921964 	 0.0
1.0400219978921963 	 0.0
1.0410219978921962 	 0.0
1.042021997892196 	 0.0
1.043021997892196 	 0.0
1.0440219978921959 	 0.0
1.0450219978921957 	 0.0
1.0460219978921956 	 0.0
1.0470219978921955 	 0.0
1.0480219978921954 	 0.0
1.0490219978921953 	 0.0
1.0500219978921952 	 0.0
1.051021997892195 	 0.0
1.052021997892195 	 0.0
1.0530219978921949 	 0.0
1.0540219978921948 	 0.0
1.0550219978921946 	 0.0
1.0560219978921945 	 0.0
1.0570219978921944 	 0.0
1.0580219978921943 	 0.0
1.0590219978921942 	 0.0
1.060021997892194 	 0.0
1.061021997892194 	 0.0
1.0620219978921939 	 0.0
1.0630219978921938 	 0.0
1.0640219978921936 	 0.0
1.0650219978921935 	 0.0
1.0660219978921934 	 0.0
1.0670219978921933 	 0.0
1.0680219978921932 	 0.0
1.069021997892193 	 0.0
1.070021997892193 	 0.0
1.0710219978921929 	 0.0
1.0720219978921928 	 0.0
1.0730219978921927 	 0.0
1.0740219978921925 	 0.0
1.0750219978921924 	 0.0
1.0760219978921923 	 0.0
1.0770219978921922 	 0.0
1.078021997892192 	 0.0
1.079021997892192 	 0.0
1.0800219978921919 	 0.0
1.0810219978921918 	 0.0
1.0820219978921917 	 0.0
1.0830219978921916 	 0.0
1.0840219978921914 	 0.0
1.0850219978921913 	 0.0
1.0860219978921912 	 0.0
1.0870219978921911 	 0.0
1.088021997892191 	 0.0
1.089021997892191 	 0.0
1.0900219978921908 	 0.0
1.0910219978921907 	 0.0
1.0920219978921906 	 0.0
1.0930219978921905 	 0.0
1.0940219978921903 	 0.0
1.0950219978921902 	 0.0
1.0960219978921901 	 0.0
1.09702199789219 	 0.0
1.09802199789219 	 0.0
1.0990219978921898 	 0.0
1.1000219978921897 	 0.0
1.1010219978921896 	 0.0
1.1020219978921895 	 0.0
1.1030219978921894 	 0.0
1.1040219978921892 	 0.0
1.1050219978921891 	 0.0
1.106021997892189 	 0.0
1.107021997892189 	 0.0
1.1080219978921888 	 0.0
1.1090219978921887 	 0.0
1.1100219978921886 	 0.0
1.1110219978921885 	 0.0
1.1120219978921884 	 0.0
1.1130219978921883 	 0.0
1.1140219978921881 	 0.0
1.115021997892188 	 0.0
1.116021997892188 	 0.0
1.1170219978921878 	 0.0
1.1180219978921877 	 0.0
1.1190219978921876 	 0.0
1.1200219978921875 	 0.0
1.1210219978921874 	 0.0
1.1220219978921873 	 0.0
1.1230219978921872 	 0.0
1.124021997892187 	 0.0
1.125021997892187 	 0.0
1.1260219978921868 	 0.0
1.1270219978921867 	 0.0
1.1280219978921866 	 0.0
1.1290219978921865 	 0.0
1.1300219978921864 	 0.0
1.1310219978921863 	 0.0
1.1320219978921862 	 0.0
1.133021997892186 	 0.0
1.134021997892186 	 0.0
1.1350219978921858 	 1.1865192030036076e-06
1.1360219978921857 	 1.133569183351405e-06
1.1370219978921856 	 1.0822857412701258e-06
1.1380219978921855 	 1.0326370111098184e-06
1.1390219978921854 	 9.845916496951258e-07
1.1400219978921853 	 9.381187114496715e-07
1.1410219978921852 	 8.931871124896145e-07
1.142021997892185 	 8.497653382045948e-07
1.143021997892185 	 8.078218724178735e-07
1.1440219978921848 	 7.673254857901896e-07
1.1450219978921847 	 7.282456482502209e-07
1.1460219978921846 	 6.905518980947131e-07
1.1470219978921845 	 6.542136829662857e-07
1.1480219978921844 	 6.192003746116977e-07
1.1490219978921843 	 5.854812828891941e-07
1.1500219978921842 	 5.530256691649004e-07
1.151021997892184 	 5.218026995041924e-07
1.152021997892184 	 4.917813208392002e-07
1.1530219978921838 	 4.6293048672289296e-07
1.1540219978921837 	 4.3521921806586917e-07
1.1550219978921836 	 4.086165988062506e-07
1.1560219978921835 	 3.8309178452717376e-07
1.1570219978921834 	 3.58614024680032e-07
1.1580219978921833 	 3.3515264076107565e-07
1.1590219978921832 	 3.126770340087577e-07
1.160021997892183 	 2.911566888979453e-07
1.161021997892183 	 2.7056114913730584e-07
1.1620219978921829 	 2.508599623818635e-07
1.1630219978921827 	 2.3202278862265922e-07
1.1640219978921826 	 2.1401951387243172e-07
1.1650219978921825 	 1.9682021752765383e-07
1.1660219978921824 	 1.8039509474473653e-07
1.1670219978921823 	 1.6471440406797853e-07
1.1680219978921822 	 1.4974846144631683e-07
1.169021997892182 	 1.3546764815901098e-07
1.170021997892182 	 1.218424182268973e-07
1.1710219978921819 	 1.0884328201811652e-07
1.1720219978921818 	 9.64407696890396e-08
1.1730219978921816 	 8.460553542453944e-08
1.1740219978921815 	 7.330838111840849e-08
1.1750219978921814 	 6.252025500037033e-08
1.1760219978921813 	 5.221225059861055e-08
1.1770219978921812 	 4.2355605999426114e-08
1.178021997892181 	 3.2921701271632186e-08
1.179021997892181 	 2.3882065628591027e-08
1.1800219978921809 	 1.5208369296368763e-08
1.1810219978921808 	 6.87242931399192e-09
1.1820219978921807 	 1.1538066705600453e-09
1.1830219978921805 	 8.898303994395678e-09
1.1840219978921804 	 1.6388944649256684e-08
1.1850219978921803 	 2.3653520071792035e-08
1.1860219978921802 	 3.071972519622282e-08
1.18702199789218 	 3.761511594979839e-08
1.18802199789218 	 4.436695288656875e-08
1.1890219978921799 	 5.1002313515132966e-08
1.1900219978921798 	 5.7548169866052554e-08
1.1910219978921797 	 6.403134178494973e-08
1.1920219978921796 	 7.047849972066053e-08
1.1930219978921794 	 7.691616079725221e-08
1.1940219978921793 	 8.337068618991099e-08
1.1950219978921792 	 8.98682796941101e-08
1.1960219978921791 	 9.643498621888396e-08
1.197021997892179 	 1.0309669020197473e-07
1.198021997892179 	 1.0987911395537615e-07
1.1990219978921788 	 1.1680781592632115e-07
1.2000219978921787 	 1.2390818889812586e-07
1.2010219978921786 	 1.3120550265145157e-07
1.2020219978921785 	 1.3872504324382062e-07
1.2030219978921783 	 1.4649201695488443e-07
1.2040219978921782 	 1.5453151768314085e-07
1.2050219978921781 	 1.6286847181203253e-07
1.206021997892178 	 1.715274593018585e-07
1.207021997892178 	 1.8053284446981946e-07
1.2080219978921778 	 1.899088210994886e-07
1.2090219978921777 	 1.9967941120609392e-07
1.2100219978921776 	 2.09868463668475e-07
1.2110219978921775 	 2.2049967994245015e-07
1.2120219978921773 	 2.3159669726305163e-07
1.2130219978921772 	 2.431830199614342e-07
1.2140219978921771 	 2.552818437994215e-07
1.215021997892177 	 2.679160287320876e-07
1.216021997892177 	 2.811082201161617e-07
1.2170219978921768 	 2.9488084914489347e-07
1.2180219978921767 	 3.092561274950899e-07
1.2190219978921766 	 3.242560416933325e-07
1.2200219978921765 	 3.3990234717716664e-07
1.2210219978921764 	 3.562179438868312e-07
1.2220219978921762 	 3.7323072192593204e-07
1.2230219978921761 	 3.9096970043375396e-07
1.224021997892176 	 4.0946384308011807e-07
1.225021997892176 	 4.287420735026047e-07
1.2260219978921758 	 4.4883403522255563e-07
1.2270219978921757 	 4.6977202069604564e-07
1.2280219978921756 	 4.915886276238542e-07
1.2290219978921755 	 5.143160663819183e-07
1.2300219978921754 	 5.379861455838687e-07
1.2310219978921753 	 5.626318668245433e-07
1.2320219978921751 	 5.882918895869248e-07
1.233021997892175 	 6.150060099174512e-07
1.234021997892175 	 6.428137657028408e-07
1.2350219978921748 	 6.717544408138402e-07
1.2360219978921747 	 7.018686780070678e-07
1.2370219978921746 	 7.332028774143716e-07
1.2380219978921745 	 7.658045181559104e-07
1.2390219978921744 	 7.997199932250189e-07
1.2400219978921743 	 8.349944973669005e-07
1.2410219978921742 	 8.716747965019223e-07
1.242021997892174 	 9.098152053852052e-07
1.243021997892174 	 9.494714424857655e-07
1.2440219978921738 	 9.906987392683255e-07
1.2450219978921737 	 1.0335518360390208e-06
1.2460219978921736 	 1.0780872110173692e-06
1.2470219978921735 	 1.1243696012493414e-06
1.2480219978921734 	 1.172466844624084e-06
1.2490219978921733 	 1.222446928518985e-06
1.2500219978921732 	 1.2743776761775188e-06
1.251021997892173 	 1.3283293942497068e-06
1.252021997892173 	 1.384381873223817e-06
1.2530219978921728 	 1.442616555381433e-06
1.2540219978921727 	 1.5031141911629966e-06
1.2550219978921726 	 1.5659548330412078e-06
1.2560219978921725 	 1.6312208464189128e-06
1.2570219978921724 	 1.6990051430469543e-06
1.2580219978921723 	 1.7694024531264485e-06
1.2590219978921722 	 1.8425066650881457e-06
1.260021997892172 	 1.918410817548978e-06
1.261021997892172 	 1.997209263440991e-06
1.2620219978921718 	 2.079002972872006e-06
1.2630219978921717 	 2.1638926484260793e-06
1.2640219978921716 	 2.251987193507389e-06
1.2650219978921715 	 2.3434050067817822e-06
1.2660219978921714 	 2.438270103867172e-06
1.2670219978921713 	 2.536723920944677e-06
1.2680219978921712 	 2.6389065971980735e-06
1.269021997892171 	 2.74495620782479e-06
1.270021997892171 	 2.855009992747019e-06
1.2710219978921709 	 2.969209877524161e-06
1.2720219978921707 	 3.087717334613649e-06
1.2730219978921706 	 3.2106972256993502e-06
1.2740219978921705 	 3.3383129172669984e-06
1.2750219978921704 	 3.4707262681897422e-06
1.2760219978921703 	 3.608105037945098e-06
1.2770219978921702 	 3.7506431350243048e-06
1.27802199789217 	 3.89853914453373e-06
1.27902199789217 	 4.051989788021933e-06
1.2800219978921699 	 4.211189908357854e-06
1.2810219978921698 	 4.3763412369355615e-06
1.2820219978921696 	 4.547676257983721e-06
1.2830219978921695 	 4.7254326098016994e-06
1.2840219978921694 	 4.909845283968136e-06
1.2850219978921693 	 5.101146575296887e-06
1.2860219978921692 	 5.299577334729638e-06
1.287021997892169 	 5.505425787005135e-06
1.288021997892169 	 5.719017309971921e-06
1.2890219978921689 	 5.940650676931868e-06
1.2900219978921688 	 6.170587593520849e-06
1.2910219978921686 	 6.409102633911271e-06
1.2920219978921685 	 6.656543362381563e-06
1.2930219978921684 	 6.913272910735297e-06
1.2940219978921683 	 7.179652036852144e-06
1.2950219978921682 	 7.456039199766702e-06
1.296021997892168 	 7.742808268417728e-06
1.297021997892168 	 8.040396723533947e-06
1.2980219978921679 	 8.349254756155022e-06
1.2990219978921678 	 8.669829860590813e-06
1.3000219978921677 	 9.002566911209069e-06
1.3010219978921675 	 9.347924436030296e-06
1.3020219978921674 	 9.706416846964356e-06
1.3030219978921673 	 1.0078564844185155e-05
1.3040219978921672 	 1.046488057072467e-05
1.305021997892167 	 1.0865867287845845e-05
1.306021997892167 	 1.1282056632953284e-05
1.3070219978921669 	 1.1714113585637071e-05
1.3080219978921668 	 1.2162732092628205e-05
1.3090219978921667 	 1.2628602825183446e-05
1.3100219978921666 	 1.3112413454785839e-05
1.3110219978921664 	 1.3614874942081746e-05
1.3120219978921663 	 1.4136789807551118e-05
1.3130219978921662 	 1.467897323474426e-05
1.3140219978921661 	 1.5242255857383785e-05
1.315021997892166 	 1.582748669196523e-05
1.316021997892166 	 1.6435557745694364e-05
1.3170219978921658 	 1.706753127351228e-05
1.3180219978921657 	 1.7724504387631876e-05
1.3190219978921656 	 1.8407568141894633e-05
1.3200219978921655 	 1.911780790131132e-05
1.3210219978921653 	 1.9856346278073592e-05
1.3220219978921652 	 2.0624454190538747e-05
1.3230219978921651 	 2.1423418335221446e-05
1.324021997892165 	 2.2254501652080455e-05
1.325021997892165 	 2.3118942299452962e-05
1.3260219978921648 	 2.4018033638994144e-05
1.3270219978921647 	 2.4953344333120868e-05
1.3280219978921646 	 2.5926554888928258e-05
1.3290219978921645 	 2.6939604600006504e-05
1.3300219978921644 	 2.799451826179662e-05
1.3310219978921642 	 2.9093375078642957e-05
1.3320219978921641 	 3.023836404991931e-05
1.333021997892164 	 3.1431683813459e-05
1.334021997892164 	 3.267549629062041e-05
1.3350219978921638 	 3.397192794607601e-05
1.3360219978921637 	 3.532321826619804e-05
1.3370219978921636 	 3.67321260997446e-05
1.3380219978921635 	 3.820150123716335e-05
1.3390219978921634 	 3.9734273130866736e-05
1.3400219978921633 	 4.133346537968855e-05
1.3410219978921631 	 4.300225755484131e-05
1.342021997892163 	 4.474441938690625e-05
1.343021997892163 	 4.656382872378645e-05
1.3440219978921628 	 4.846432727267738e-05
1.3450219978921627 	 5.0449720873143904e-05
1.3460219978921626 	 5.2524078810827995e-05
1.3470219978921625 	 5.469255575382737e-05
1.3480219978921624 	 5.696054316399188e-05
1.3490219978921623 	 5.933339288595225e-05
1.3500219978921622 	 6.181641332411101e-05
1.351021997892162 	 6.441523286825696e-05
1.352021997892162 	 6.713679031389956e-05
1.3530219978921618 	 6.998828684733555e-05
1.3540219978921617 	 7.297686905567896e-05
1.3550219978921616 	 7.610963071520311e-05
1.3560219978921615 	 7.939415478531378e-05
1.3570219978921614 	 8.283998912813103e-05
1.3580219978921613 	 8.645708374193375e-05
1.3590219978921612 	 9.025531759239095e-05
1.360021997892161 	 9.42445011338432e-05
1.361021997892161 	 9.843460552930951e-05
1.3620219978921608 	 0.00010283621380867654
1.3630219978921607 	 0.00010746208870422816
1.3640219978921606 	 0.00011232905954346742
1.3650219978921605 	 0.00011745044691664144
1.3660219978921604 	 0.00012284015426638017
1.3670219978921603 	 0.0001285155207236488
1.3680219978921602 	 0.0001344945319518575
1.36902199789216 	 0.0001407949695851116
1.37002199789216 	 0.0001474344065033393
1.3710219978921598 	 0.00015443145533603666
1.3720219978921597 	 0.00016180921604042056
1.3730219978921596 	 0.00016959169765978852
1.3740219978921595 	 0.00017780272776680238
1.3750219978921594 	 0.0001864659583756178
1.3760219978921593 	 0.00019560603727082594
1.3770219978921592 	 0.00020525179365002143
1.378021997892159 	 0.00021543287057775075
1.379021997892159 	 0.0002261787073406463
1.3800219978921588 	 0.00023751854794746525
1.3810219978921587 	 0.0002494821263508627
1.3820219978921586 	 0.0002621014993746892
1.3830219978921585 	 0.00027540905832516534
1.3840219978921584 	 0.00028943693318547547
1.3850219978921583 	 0.0003042169955129679
1.3860219978921582 	 0.00031978065811400587
1.387021997892158 	 0.00033615832392201007
1.388021997892158 	 0.00035337994469426115
1.3890219978921579 	 0.00037147455982259844
1.3900219978921577 	 0.00039047017510555784
1.3910219978921576 	 0.0004103934856080728
1.3920219978921575 	 0.0004312679553649207
1.3930219978921574 	 0.00045311633828694017
1.3940219978921573 	 0.0004759614152617058
1.3950219978921572 	 0.0004998260171250496
1.396021997892157 	 0.0005247310376636441
1.397021997892157 	 0.0005506898793163687
1.3980219978921569 	 0.0005777141295338828
1.3990219978921568 	 0.0006058153074593768
1.4000219978921566 	 0.0006349699030978625
1.4010219978921565 	 0.0006652569240335818
1.4020219978921564 	 0.0006966452289385764
1.4030219978921563 	 0.0007291365443024073
1.4040219978921562 	 0.0007627325838799211
1.405021997892156 	 0.0007974350421516465
1.406021997892156 	 0.0008332444577328155
1.4070219978921559 	 0.0008701571220872345
1.4080219978921558 	 0.0009081683440433105
1.4090219978921557 	 0.0009472734377250896
1.4100219978921555 	 0.0009874677164286325
1.4110219978921554 	 0.001028745172657593
1.4120219978921553 	 0.001071094800012083
1.4130219978921552 	 0.0011145042892548777
1.414021997892155 	 0.001158962068045142
1.415021997892155 	 0.0012044574057244477
1.4160219978921549 	 0.0012509796114507864
1.4170219978921548 	 0.0012985179224739105
1.4180219978921547 	 0.0013470615930174475
1.4190219978921546 	 0.0013965999243655978
1.4200219978921544 	 0.0014471222697961495
1.4210219978921543 	 0.0014986169467278892
1.4220219978921542 	 0.001551068260686654
1.4230219978921541 	 0.0016044596847141833
1.424021997892154 	 0.001658774821427459
1.425021997892154 	 0.001713997408100932
1.4260219978921538 	 0.0017701125244025937
1.4270219978921537 	 0.0018271098765152878
1.4280219978921536 	 0.0018849803316820573
1.4290219978921535 	 0.0019437148692003352
1.4300219978921533 	 0.002003304586913039
1.4310219978921532 	 0.00206373909214247
1.4320219978921531 	 0.0021250021031024753
1.433021997892153 	 0.0021870761382205245
1.434021997892153 	 0.002249943931237377
1.4350219978921528 	 0.002313588430268774
1.4360219978921527 	 0.002377993897617706
1.4370219978921526 	 0.0024431489074729536
1.4380219978921525 	 0.002509043262251826
1.4390219978921523 	 0.0025756666223793415
1.4400219978921522 	 0.0026430081276957464
1.4410219978921521 	 0.0027110565499344702
1.442021997892152 	 0.002779799164538467
1.443021997892152 	 0.0028492229906102425
1.4440219978921518 	 0.002919315147152017
1.4450219978921517 	 0.0029900628503300125
1.4460219978921516 	 0.00306145365304443
1.4470219978921515 	 0.0031334761117107163
1.4480219978921514 	 0.0032061190738942903
1.4490219978921512 	 0.003279371459694957
1.4500219978921511 	 0.003353222258674479
1.451021997892151 	 0.003427660707328599
1.452021997892151 	 0.0035026768105300694
1.4530219978921508 	 0.0035782608761126848
1.4540219978921507 	 0.0036544033483233364
1.4550219978921506 	 0.003731094801880896
1.4560219978921505 	 0.00380832609765438
1.4570219978921504 	 0.0038860883697154395
1.4580219978921503 	 0.003964371293662281
1.4590219978921501 	 0.004043164111181952
1.46002199789215 	 0.004122456000826389
1.46102199789215 	 0.004202236386774146
1.4620219978921498 	 0.004282495791013052
1.4630219978921497 	 0.004363225110583824
1.4640219978921496 	 0.00444441874463466
1.4650219978921495 	 0.004526074670741311
1.4660219978921494 	 0.004608191181433263
1.4670219978921493 	 0.004690766245894326
1.4680219978921492 	 0.004773798049481947
1.469021997892149 	 0.004857285157505137
1.470021997892149 	 0.004941226514801782
1.4710219978921488 	 0.0050256205491570624
1.4720219978921487 	 0.005110462519649035
1.4730219978921486 	 0.0051957467688390985
1.4740219978921485 	 0.005281467452585341
1.4750219978921484 	 0.005367618535008141
1.4760219978921483 	 0.00545419364799128
1.4770219978921482 	 0.005541185710646845
1.478021997892148 	 0.005628587327527523
1.479021997892148 	 0.0057163909092050715
1.4800219978921478 	 0.005804588668565051
1.4810219978921477 	 0.005893173054436367
1.4820219978921476 	 0.005982137931149575
1.4830219978921475 	 0.006071483020027881
1.4840219978921474 	 0.006161229639979055
1.4850219978921473 	 0.006251405341057649
1.4860219978921472 	 0.00634203931052239
1.487021997892147 	 0.006433163102441432
1.488021997892147 	 0.006524808385981406
1.4890219978921468 	 0.006616976717250911
1.4900219978921467 	 0.00670963947250318
1.4910219978921466 	 0.006802742177657443
1.4920219978921465 	 0.006896172634464073
1.4930219978921464 	 0.006989915773533645
1.4940219978921463 	 0.007083985000647885
1.4950219978921462 	 0.007178394355627778
1.496021997892146 	 0.007273158974813584
1.497021997892146 	 0.0073682963587081585
1.4980219978921459 	 0.00746382502574698
1.4990219978921457 	 0.007559764102677787
1.5000219978921456 	 0.00765613332471399
1.5010219978921455 	 0.007752953113478482
1.5020219978921454 	 0.007850244793669012
1.5030219978921453 	 0.007948030386240378
1.5040219978921452 	 0.008046332531138381
1.505021997892145 	 0.008145174489588939
1.506021997892145 	 0.008244576711400421
1.5070219978921449 	 0.008344547107872203
1.5080219978921447 	 0.00844507928135174
1.5090219978921446 	 0.008546124109903163
1.5100219978921445 	 0.008647620199650303
1.5110219978921444 	 0.00874952705380973
1.5120219978921443 	 0.008851891667672845
1.5130219978921442 	 0.008954782140146457
1.514021997892144 	 0.009058236455565416
1.515021997892144 	 0.009162262797292552
1.5160219978921439 	 0.009266868266128433
1.5170219978921438 	 0.009372060656888639
1.5180219978921436 	 0.009477847820622162
1.5190219978921435 	 0.009584237470624013
1.5200219978921434 	 0.009691237182491331
1.5210219978921433 	 0.009798854459895864
1.5220219978921432 	 0.009907097078675845
1.523021997892143 	 0.01001597305780832
1.524021997892143 	 0.0101254902982228
1.5250219978921429 	 0.010235656554387636
1.5260219978921428 	 0.010346478906031091
1.5270219978921427 	 0.01045796466844167
1.5280219978921425 	 0.01057012143475349
1.5290219978921424 	 0.010682956638713775
1.5300219978921423 	 0.01079647734172142
1.5310219978921422 	 0.010910691677692748
1.532021997892142 	 0.011025612017633489
1.533021997892142 	 0.011141251823808856
1.5340219978921419 	 0.011257624652499477
1.5350219978921418 	 0.011374744140897512
1.5360219978921417 	 0.01149262383721534
1.5370219978921416 	 0.011611276727329695
1.5380219978921414 	 0.011730715591664432
1.5390219978921413 	 0.011850950240621331
1.5400219978921412 	 0.011971987561650346
1.5410219978921411 	 0.012093833907888329
1.542021997892141 	 0.01221649437459427
1.543021997892141 	 0.012339973759665177
1.5440219978921408 	 0.012464276779818125
1.5450219978921407 	 0.0125894080513488
1.5460219978921406 	 0.012715371619084717
1.5470219978921405 	 0.012842173382938424
1.5480219978921403 	 0.012969832864093962
1.5490219978921402 	 0.013098373364257943
1.5500219978921401 	 0.013227800376291956
1.55102199789214 	 0.013358064938230699
1.55202199789214 	 0.013489156585259893
1.5530219978921398 	 0.013621077951265504
1.5540219978921397 	 0.013753831792453758
1.5550219978921396 	 0.013887420963990461
1.5560219978921395 	 0.014021847651565281
1.5570219978921394 	 0.014157111271316917
1.5580219978921392 	 0.01429321069063673
1.5590219978921391 	 0.014430144904343873
1.560021997892139 	 0.014567913038273646
1.561021997892139 	 0.014706513127830051
1.5620219978921388 	 0.014845938804422122
1.5630219978921387 	 0.014986182142720626
1.5640219978921386 	 0.015127219081170314
1.5650219978921385 	 0.015269009719024616
1.5660219978921384 	 0.015411511440903235
1.5670219978921383 	 0.015554675786649902
1.5680219978921381 	 0.015698410966783025
1.569021997892138 	 0.0158426297904787
1.570021997892138 	 0.01598730958038199
1.5710219978921378 	 0.016132416913412204
1.5720219978921377 	 0.016277958686620318
1.5730219978921376 	 0.016423952457140883
1.5740219978921375 	 0.01657041728013805
1.5750219978921374 	 0.016717374296247187
1.5760219978921373 	 0.016864844062183436
1.5770219978921372 	 0.017012838350822432
1.578021997892137 	 0.017161369988766537
1.579021997892137 	 0.017310456348041698
1.5800219978921368 	 0.017460120106996525
1.5810219978921367 	 0.01761039019215477
1.5820219978921366 	 0.017761302951978895
1.5830219978921365 	 0.017912902594208892
1.5840219978921364 	 0.01806524157074306
1.5850219978921363 	 0.018218380648232307
1.5860219978921362 	 0.018372384884366724
1.587021997892136 	 0.018527312692169343
1.588021997892136 	 0.018683159830832588
1.5890219978921358 	 0.01883908543817922
1.5900219978921357 	 0.018994781624788938
1.5910219978921356 	 0.019150293216043182
1.5920219978921355 	 0.019305636263556775
1.5930219978921354 	 0.01946080004316522
1.5940219978921353 	 0.01961574727072888
1.5950219978921352 	 0.01977041614895229
1.596021997892135 	 0.01992472439895955
1.597021997892135 	 0.020078572968537874
1.5980219978921348 	 0.020231861967920917
1.5990219978921347 	 0.020384501957430155
1.6000219978921346 	 0.020536421195087987
1.6010219978921345 	 0.02068754748885828
1.6020219978921344 	 0.020837747148029464
1.6030219978921343 	 0.020986885692707055
1.6040219978921342 	 0.021134844368650662
1.605021997892134 	 0.02128151658687881
1.606021997892134 	 0.021426803290701166
1.6070219978921338 	 0.02157060694230384
1.6080219978921337 	 0.021712831895082933
1.6090219978921336 	 0.021853383350776093
1.6100219978921335 	 0.02199216598617585
1.6110219978921334 	 0.02212909962750687
1.6120219978921333 	 0.022264164686048332
1.6130219978921332 	 0.022397353808943407
1.614021997892133 	 0.02252863103179551
1.615021997892133 	 0.022657932813886988
1.6160219978921329 	 0.022785193342440474
1.6170219978921327 	 0.022910346278982155
1.6180219978921326 	 0.02303332433169658
1.6190219978921325 	 0.023154059224464486
1.6200219978921324 	 0.023272481867561194
1.6210219978921323 	 0.023388523443448363
1.6220219978921322 	 0.023502117944468614
1.623021997892132 	 0.023613199286433635
1.624021997892132 	 0.02372170099120079
1.6250219978921319 	 0.023827556421306705
1.6260219978921318 	 0.023930700509026643
1.6270219978921316 	 0.024031074311675893
1.6280219978921315 	 0.02412862041276425
1.6290219978921314 	 0.024223281577499402
1.6300219978921313 	 0.02431500083391075
1.6310219978921312 	 0.024403700546821665
1.632021997892131 	 0.024489224293648942
1.633021997892131 	 0.02457139615844591
1.6340219978921309 	 0.02465007514900904
1.6350219978921308 	 0.02472525335422431
1.6360219978921307 	 0.024796957946105487
1.6370219978921305 	 0.024865227774441865
1.6380219978921304 	 0.024930103819409636
1.6390219978921303 	 0.024991596616424153
1.6400219978921302 	 0.0250496877981194
1.64102199789213 	 0.025104361769162406
1.64202199789213 	 0.025155615212352777
1.6430219978921299 	 0.02520344785192322
1.6440219978921298 	 0.02524786009505552
1.6450219978921297 	 0.02528885312295737
1.6460219978921296 	 0.025326432132732456
1.6470219978921294 	 0.025360615234637052
1.6480219978921293 	 0.0253914240098844
1.6490219978921292 	 0.025418880575440263
1.650021997892129 	 0.02544300749988202
1.651021997892129 	 0.025463823128461283
1.652021997892129 	 0.025481328797744004
1.6530219978921288 	 0.025495521695156013
1.6540219978921287 	 0.025506399030715908
1.6550219978921286 	 0.025513958028580714
1.6560219978921285 	 0.025518199020953296
1.6570219978921283 	 0.025519134113922627
1.6580219978921282 	 0.02551677788314683
1.6590219978921281 	 0.025511144437286543
1.660021997892128 	 0.025502247306137895
1.661021997892128 	 0.02549013565023125
1.6620219978921278 	 0.025474993396889013
1.6630219978921277 	 0.02545702978430694
1.6640219978921276 	 0.025436361090661195
1.6650219978921275 	 0.02541301622856072
1.6660219978921273 	 0.02538702146649741
1.6670219978921272 	 0.025358409967418134
1.6680219978921271 	 0.02532721516120125
1.669021997892127 	 0.025293468686346382
1.670021997892127 	 0.025257200348950817
1.6710219978921268 	 0.025218444085958244
1.6720219978921267 	 0.0251772543347363
1.6730219978921266 	 0.025133688781101268
1.6740219978921265 	 0.025087803042526353
1.6750219978921264 	 0.02503965067645162
1.6760219978921262 	 0.024989284118225055
1.6770219978921261 	 0.024936757197326336
1.678021997892126 	 0.024882122650358246
1.679021997892126 	 0.024825431429224568
1.6800219978921258 	 0.024766732798778515
1.6810219978921257 	 0.024706074787926326
1.6820219978921256 	 0.024643505267092056
1.6830219978921255 	 0.024579071292381433
1.6840219978921254 	 0.02451281879645468
1.6850219978921253 	 0.024444792683657728
1.6860219978921251 	 0.0243750368646004
1.687021997892125 	 0.024303594095411152
1.688021997892125 	 0.02423050747102807
1.6890219978921248 	 0.02415584080886415
1.6900219978921247 	 0.024079677262847526
1.6910219978921246 	 0.024002091519622962
1.6920219978921245 	 0.023923126035614452
1.6930219978921244 	 0.02384281614013319
1.6940219978921243 	 0.023761197466799187
1.6950219978921242 	 0.02367830600983513
1.696021997892124 	 0.02359417747587232
1.697021997892124 	 0.023508845298387353
1.6980219978921238 	 0.023422342905083767
1.6990219978921237 	 0.02333470446959613
1.7000219978921236 	 0.023245964989857655
1.7010219978921235 	 0.023131656229984577
1.7020219978921234 	 0.02301456839523724
1.7030219978921233 	 0.022896567522216124
1.7040219978921232 	 0.022777711621621313
1.705021997892123 	 0.022658058570075634
1.706021997892123 	 0.02253766501708266
1.7070219978921228 	 0.022416583389145206
1.7080219978921227 	 0.022294865034666995
1.7090219978921226 	 0.02217256118366306
1.7100219978921225 	 0.022049722948091304
1.7110219978921224 	 0.0219264001674674
1.7120219978921223 	 0.021802638244955937
1.7130219978921222 	 0.021678481468475033
1.714021997892122 	 0.02155397402413426
1.715021997892122 	 0.021429159996517608
1.7160219978921218 	 0.021304082240097926
1.7170219978921217 	 0.02117877928609596
1.7180219978921216 	 0.021053288589177512
1.7190219978921215 	 0.020927647518162045
1.7200219978921214 	 0.020801893356259444
1.7210219978921213 	 0.02067606224446545
1.7220219978921212 	 0.02055018628573594
1.723021997892121 	 0.020424296584479324
1.724021997892121 	 0.02029842417402272
1.7250219978921209 	 0.020172600016806472
1.7260219978921207 	 0.020046854030697222
1.7270219978921206 	 0.019921212420442706
1.7280219978921205 	 0.019795700478525777
1.7290219978921204 	 0.019670343439800432
1.7300219978921203 	 0.01954516648164815
1.7310219978921202 	 0.01942019385782892
1.73202199789212 	 0.01929544652467875
1.73302199789212 	 0.019170944632543742
1.7340219978921199 	 0.01904670828599349
1.7350219978921197 	 0.018922757543944364
1.7360219978921196 	 0.01879911167835741
1.7370219978921195 	 0.01867578714260509
1.7380219978921194 	 0.018552799703733375
1.7390219978921193 	 0.0184301650930762
1.7400219978921192 	 0.018307899006350596
1.741021997892119 	 0.018186016451743562
1.742021997892119 	 0.018064529963275535
1.7430219978921189 	 0.017943451475881535
1.7440219978921188 	 0.017822792897545715
1.7450219978921186 	 0.017702566109372663
1.7460219978921185 	 0.01758278244812247
1.7470219978921184 	 0.017463451288044385
1.7480219978921183 	 0.017344581529221106
1.7490219978921182 	 0.017226182051699183
1.750021997892118 	 0.017108261715541338
1.751021997892118 	 0.01699082892183119
1.7520219978921179 	 0.016873890409570262
1.7530219978921178 	 0.016757452518285088
1.7540219978921177 	 0.016641521573275687
1.7550219978921175 	 0.016526103885652222
1.7560219978921174 	 0.016411205409752234
1.7570219978921173 	 0.016296830804266728
1.7580219978921172 	 0.016182984417529817
1.759021997892117 	 0.016069670588150103
1.760021997892117 	 0.015956893645035337
1.7610219978921169 	 0.01584465763516216
1.7620219978921168 	 0.01573296557751343
1.7630219978921167 	 0.015621820246006226
1.7640219978921166 	 0.01551122440837652
1.7650219978921164 	 0.015401180826194513
1.7660219978921163 	 0.0152916920477326
1.7670219978921162 	 0.015182759840311822
1.7680219978921161 	 0.015074385785990999
1.769021997892116 	 0.01496657146332009
1.770021997892116 	 0.0148593184473484
1.7710219978921158 	 0.01475262815406274
1.7720219978921157 	 0.014646501414067608
1.7730219978921156 	 0.014540938919948631
1.7740219978921155 	 0.014435941362767976
1.7750219978921153 	 0.01433150943206745
1.7760219978921152 	 0.01422764370442353
1.7770219978921151 	 0.014124344338034105
1.778021997892115 	 0.014021611393197955
1.779021997892115 	 0.013919444930094931
1.7800219978921148 	 0.013817845008785513
1.7810219978921147 	 0.013716811611738062
1.7820219978921146 	 0.013616344431519723
1.7830219978921145 	 0.01351644309357097
1.7840219978921144 	 0.01341710722417395
1.7850219978921142 	 0.013318336450449615
1.7860219978921141 	 0.013220130352877016
1.787021997892114 	 0.013122488335179091
1.788021997892114 	 0.013025409760843917
1.7890219978921138 	 0.01292889399477555
1.7900219978921137 	 0.012832940403289882
1.7910219978921136 	 0.01273754832861179
1.7920219978921135 	 0.012642717018992814
1.7930219978921134 	 0.012548445702028345
1.7940219978921133 	 0.012454733607024036
1.7950219978921131 	 0.012361579964991012
1.796021997892113 	 0.012268984004563672
1.797021997892113 	 0.012176944940820979
1.7980219978921128 	 0.01208546198700608
1.7990219978921127 	 0.011994534358098803
1.8000219978921126 	 0.011904161270810907
1.8010219978921125 	 0.011814341953056704
1.8020219978921124 	 0.011725075669915515
1.8030219978921123 	 0.011636361696380944
1.8040219978921122 	 0.011548199309043251
1.805021997892112 	 0.011460587786085214
1.806021997892112 	 0.011373526432819022
1.8070219978921118 	 0.011287014651677729
1.8080219978921117 	 0.011201051868768986
1.8090219978921116 	 0.011115637511463253
1.8100219978921115 	 0.011030771008390654
1.8110219978921114 	 0.010946451826249572
1.8120219978921113 	 0.0108626795706868
1.8130219978921112 	 0.01077945388044488
1.814021997892111 	 0.010696774395063504
1.815021997892111 	 0.010614640754877737
1.8160219978921108 	 0.01053305264818523
1.8170219978921107 	 0.010452009940512434
1.8180219978921106 	 0.010371512538982773
1.8190219978921105 	 0.010291560350932958
1.8200219978921104 	 0.01021215328391291
1.8210219978921103 	 0.010133291303916244
1.8220219978921102 	 0.01005497459496337
1.82302199789211 	 0.009977203391665955
1.82402199789211 	 0.009899977928140603
1.8250219978921098 	 0.009823298438010759
1.8260219978921097 	 0.009747165217390203
1.8270219978921096 	 0.009671578797489363
1.8280219978921095 	 0.009596539763521763
1.8290219978921094 	 0.00952204869945156
1.8300219978921093 	 0.009448106187997678
1.8310219978921092 	 0.009374712887034713
1.832021997892109 	 0.009301869738967534
1.833021997892109 	 0.009229577751067421
1.8340219978921088 	 0.009157837928452622
1.8350219978921087 	 0.009086651274094899
1.8360219978921086 	 0.00901601886563941
1.8370219978921085 	 0.008945942065924249
1.8380219978921084 	 0.008876422302122666
1.8390219978921083 	 0.008807460998360722
1.8400219978921082 	 0.008739059575726344
1.841021997892108 	 0.008671219536980733
1.842021997892108 	 0.00860394269870196
1.8430219978921079 	 0.008537230947747445
1.8440219978921077 	 0.008471086166953128
1.8450219978921076 	 0.008405510235145136
1.8460219978921075 	 0.008340505114279024
1.8470219978921074 	 0.008276073088233487
1.8480219978921073 	 0.008212216512303758
1.8490219978921072 	 0.00814893773677592
1.850021997892107 	 0.00808623910694119
1.851021997892107 	 0.008024123050715665
1.8520219978921069 	 0.007962592318747248
1.8530219978921068 	 0.007901649732539245
1.8540219978921066 	 0.007841298107608238
1.8550219978921065 	 0.007781540253500898
1.8560219978921064 	 0.007722379060144449
1.8570219978921063 	 0.0076638177344715295
1.8580219978921062 	 0.007605859552204755
1.859021997892106 	 0.007548507782133109
1.860021997892106 	 0.00749176568613118
1.8610219978921059 	 0.007435636600203579
1.8620219978921058 	 0.007380124156564519
1.8630219978921057 	 0.007325232050689576
1.8640219978921055 	 0.0072709639702517445
1.8650219978921054 	 0.007217323595142859
1.8660219978921053 	 0.007164314669910855
1.8670219978921052 	 0.007111941202247348
1.868021997892105 	 0.00706020725479671
1.869021997892105 	 0.0070091168816473395
1.8700219978921049 	 0.006958674128354894
1.8710219978921048 	 0.006908883091600868
1.8720219978921047 	 0.006859748082655933
1.8730219978921046 	 0.0068112734559385695
1.8740219978921044 	 0.006763463556720516
1.8750219978921043 	 0.006716322721151248
1.8760219978921042 	 0.0066698553177434085
1.877021997892104 	 0.006624065861027715
1.878021997892104 	 0.006578958892369261
1.879021997892104 	 0.006534538943618591
1.8800219978921038 	 0.006490810537136919
1.8810219978921037 	 0.0064477782043031485
1.8820219978921036 	 0.006405446536191816
1.8830219978921034 	 0.006363820130459435
1.8840219978921033 	 0.006322903575155508
1.8850219978921032 	 0.006282701448747631
1.8860219978921031 	 0.006243218310585734
1.887021997892103 	 0.006204458674723968
1.888021997892103 	 0.006166427037434229
1.8890219978921028 	 0.006129127885618402
1.8900219978921027 	 0.0060925656968324506
1.8910219978921026 	 0.006056744894233329
1.8920219978921025 	 0.006021669723060421
1.8930219978921023 	 0.005987344380261888
1.8940219978921022 	 0.005953773054063581
1.8950219978921021 	 0.00592095992399099
1.896021997892102 	 0.005888909079109262
1.897021997892102 	 0.0058576242939049495
1.8980219978921018 	 0.005827109263440016
1.8990219978921017 	 0.0057973676751188535
1.9000219978921016 	 0.005768403208706907
1.9010219978921015 	 0.005740219409575846
1.9020219978921014 	 0.005712819341271808
1.9030219978921012 	 0.005686205950020126
1.9040219978921011 	 0.005660382175958908
1.905021997892101 	 0.005635350953153105
1.906021997892101 	 0.0056111150379791475
1.9070219978921008 	 0.005587676538749294
1.9080219978921007 	 0.005565037409174182
1.9090219978921006 	 0.005543199598942497
1.9100219978921005 	 0.005522165053729177
1.9110219978921004 	 0.0055019354963365425
1.9120219978921003 	 0.005482511826844875
1.9130219978921001 	 0.005463894751877553
1.9140219978921 	 0.005446084976614756
1.9150219978921 	 0.00542908320479454
1.9160219978920998 	 0.005412889874855298
1.9170219978920997 	 0.005397504436766408
1.9180219978920996 	 0.0053829261106353304
1.9190219978920995 	 0.005369154118183475
1.9200219978920994 	 0.005356187682738946
1.9210219978920993 	 0.005344025724417615
1.9220219978920992 	 0.005332666024700079
1.923021997892099 	 0.005322106102767519
1.924021997892099 	 0.005312343482895565
1.9250219978920988 	 0.005303375694437811
1.9260219978920987 	 0.00529519993351992
1.9270219978920986 	 0.005287812135849661
1.9280219978920985 	 0.005281207949287102
1.9290219978920984 	 0.005275383030597444
1.9300219978920983 	 0.0052703330454245524
1.9310219978920982 	 0.0052660533068518
1.932021997892098 	 0.005262537784822774
1.933021997892098 	 0.005259780145175322
1.9340219978920978 	 0.005257774066669032
1.9350219978920977 	 0.005256513240948444
1.9360219978920976 	 0.005255991001030569
1.9370219978920975 	 0.005256199303130987
1.9380219978920974 	 0.005257129794612597
1.9390219978920973 	 0.005258774139830034
1.9400219978920972 	 0.005261124020082628
1.941021997892097 	 0.005264170767198302
1.942021997892097 	 0.005267904359341846
1.9430219978920968 	 0.005272314474266049
1.9440219978920967 	 0.005277390810665382
1.9450219978920966 	 0.0052831230881192634
1.9460219978920965 	 0.005289500701574269
1.9470219978920964 	 0.005296511774444037
1.9480219978920963 	 0.0053041441517351386
1.9490219978920962 	 0.005312385703048709
1.950021997892096 	 0.005321224322514935
1.951021997892096 	 0.005330647621474928
1.9520219978920959 	 0.005340642086290786
1.9530219978920957 	 0.005351193961610648
1.9540219978920956 	 0.005362289519842543
1.9550219978920955 	 0.005373915061081541
1.9560219978920954 	 0.005386056655175058
1.9570219978920953 	 0.005398699434894421
1.9580219978920952 	 0.005411828337193291
1.959021997892095 	 0.005425428329345432
1.960021997892095 	 0.005439484408866238
1.9610219978920949 	 0.005453981413410538
1.9620219978920947 	 0.005468903499869269
1.9630219978920946 	 0.005484234690590797
1.9640219978920945 	 0.005499959040001701
1.9650219978920944 	 0.005516060634524789
1.9660219978920943 	 0.0055325234708935925
1.9670219978920942 	 0.005549331122773366
1.968021997892094 	 0.005566467090275734
1.969021997892094 	 0.005583914906554152
1.9700219978920939 	 0.005601658137720436
1.9710219978920938 	 0.005619680339849112
1.9720219978920936 	 0.005637964941277369
1.9730219978920935 	 0.005656495365889871
1.9740219978920934 	 0.0056752550706810345
1.9750219978920933 	 0.005694227545672396
1.9760219978920932 	 0.005713396346045388
1.977021997892093 	 0.005732745180356858
1.978021997892093 	 0.005752257817843392
1.9790219978920929 	 0.005771918060079091
1.9800219978920928 	 0.005791709740895755
1.9810219978920927 	 0.005811616829827691
1.9820219978920925 	 0.005831623715780105
1.9830219978920924 	 0.005851714909335075
1.9840219978920923 	 0.00587187495185693
1.9850219978920922 	 0.005892088415417161
1.986021997892092 	 0.005912340069097528
1.987021997892092 	 0.005932615334939046
1.9880219978920919 	 0.005952899809561686
1.9890219978920918 	 0.005973179118136983
1.9900219978920917 	 0.005993438914319186
1.9910219978920916 	 0.006013665097549387
1.9920219978920914 	 0.006033844408783774
1.9930219978920913 	 0.006053963805522552
1.9940219978920912 	 0.006074010271054533
1.9950219978920911 	 0.006093970814395747
1.996021997892091 	 0.006113832727316868
1.997021997892091 	 0.0061335842889386335
1.9980219978920908 	 0.0061532140265969345
1.9990219978920907 	 0.006172710490255038
