1.01006e-2  10
1.01006e-2  1.32270e-4
1.16203e-2  1.35728e-4
1.32355e-2  1.39287e-4
1.58489e-2  1.50782e-4
1.76940e-2  1.63314e-4
2.05610e-2  1.81654e-4
2.36545e-2  2.07578e-4
2.66739e-2  2.37239e-4
2.86103e-2  2.64045e-4
3.29148e-2  3.18405e-4
3.67466e-2  3.84046e-4
4.02113e-2  4.50995e-4
4.31303e-2  6.05954e-4
4.58004e-2  7.71572e-4
4.86359e-2  1.06503e-3
5.16468e-2  1.39309e-3
5.65163e-2  2.08405e-3
5.82395e-2  2.80099e-3
6.00151e-2  3.86720e-3
6.18450e-2  7.37342e-3
6.24672e-2  1.56581e-2
6.43718e-2  4.12285e-2
6.56737e-2  1.02879e-1
6.76760e-2  2.12640e-1
6.83569e-2  4.39573e-1
6.97394e-2  7.13254e-1
6.97394e-2  9.33397e-1
6.97394e-2  10
