0.0100  10
0.0100  0.0000082912
0.010304 0.0000083500
0.012037 0.0000084666
0.014929 0.0000085849
0.019893 0.0000087048
0.023803 0.0000088264
0.028142 0.0000089497
0.032485 0.0000090747
0.037500 0.0000092014
0.043288 0.0000093300
0.049969 0.0000094603
0.057682 0.0000095924
0.068197 0.0000097264
0.077787 0.0000098622
0.096475 0.000010000
0.11004 0.000010140
0.13486 0.000010425
0.16136 0.000010718
0.20497 0.000011330
0.23945 0.000011811
0.26037 0.000012143
0.2698664074903723	0.000012322012348527328
0.3414866608564933	0.000012322747911517162
0.4321143214057789	0.000012323703929707268
0.5467937936306256	0.000012324953269586587
0.6919082241484181	0.000012326596520323314
0.8755347924955005	0.000012328773876691893
1.1078942930814293	0.000012331683002867116
1.401920032376908	0.000012335605974302827
1.77397770658542	0.000012340949870774596
2.244776328737125	0.000012348308717512963
2.8405209080996374	0.000012358558557956217
3.594371040918104	0.000012373004581316133
4.548286598754202	0.000012393610550745969
5.755363246840272	0.00001242336048075311
7.282787789175967	0.000012466837246158496
9.215577837122504	0.000012531163770127072
11.661313954291769	0.000012627578885306684
14.756127672512896	0.000012774171866475417
18.672278676397674	0.000013000885113860576
23.62774290835894	0.000013359338952795761
29.89834527529712	0.000013944085721517902
37.83311227263426	0.000014945040705111585
47.87369906442176	0.000016803212859355716
60.578972345571486	0.000020827870497925362
76.65611728701391	0.00003345474492096488
97.	0.0007249453603575176
100.43767099078165 10
