0.00001007059504519766 0.004692782049602578
0.000015494263893757318 0.003104454279688654
0.000028278658246875483 0.0017449120524648325
0.000049454252461813964 0.0010156001440972382
0.00010874428444344063 0.00047383817828601787
0.0001752875183699305 0.0002974636989447763
0.0003006541440946568 0.00017721294005486508
0.0005298872779326568 0.00010254586981002921
0.0009860523760818185 0.00005664021813067995
0.003821369918597777 0.000015470928753100434
0.007166498725838604 0.000008645473952950297
0.01111205289302645 0.000005786412190683835
0.013650164580171511 0.00000483136356262859
0.017981444657912606 0.0000037838195832063615
0.023595302289524972 0.0000030156514488020265
0.03320241058878193 0.000002294163476652815
0.0428970738465573 0.0000018824357779276705
0.06154607745709299 0.0000014488900559055306
0.08527103551341102 0.0000011820578708647806
0.11364371287932973 9.928288569813373e-7
0.14912359989450633 8.635467279003093e-7
0.19874227477017034 7.467497250028117e-7
0.26282258194565483 6.726281825535233e-7
0.32790585959578405 6.34729851522445e-7
0.4220087949592932 6.275747963320997e-7
0.47412553326171214 6.614631017003837e-7
0.5123985659149443 7.135877436550606e-7
0.5224401505561647 8.112108144418236e-7
0.5224401505561647 9.889584558297394e-7
0.5143913224849408 0.0000012268911049249333
0.5045044407092136 0.0000014028196858393367
0.4759694431284831 0.0000016417208567441605
0.4336322745310959 0.0000022225193532934864
0.3904873242452045 0.000003264490661936863
0.3330366963188523 0.000004994253619493931
0.2964286987960295 0.000006920332335735684
0.2577709885728596 0.000009815070682027222
0.22502644263742994 0.000014083917268238952
0.1979723454255794 0.000019859376056709682
0.1721544755879176 0.000026727334150340295
0.14970355279289252 0.000038128773802345406
0.12473918089403864 0.00005901422295713681
0.10556418056643553 0.00008467783433639873
0.09144177386164543 0.00011396137034236499
0.08076093606280951 0.000155173526173619
0.07244375581480389 0.00019025374508062866
0.06398197765018576 0.00028603247172210027
0.05628966103678412 0.0003963376480657866
0.04971475862735557 0.0005523929853521887
0.04356829662395873 0.0007521489874222417
0.03803383326937372 0.0010667741383401344
0.034249595005827825 0.0013466159771370722
0.02943825383036861 0.0018987734865068338
0.025107137139502633 0.0028379547102845423
0.022260741402802767 0.0036668328482250168
0.019968214746631237 0.004906450552009661
0.017096614366203255 0.0066805221456804915
0.013650164580171511 0.010896006284437872
0.011962532572118849 0.014750011199021034
0.010006441069823796 0.02204519964733177
0.007896783468991126 0.03745239631717833
0.006478554225418465 0.05663072369179397
0.005033913789471283 0.09847637514843109
0.004129843952190569 0.14977360060200084
0.003508593569016575 0.21118268008665722
0.0029807975737230494 0.3030215179192509
0.002503079946530906 0.44764717518830816
0.000010031581470195763 0.44975733442155447
