0.0011331444759206943 0.0000017750572254620208
0.018130311614730887 0.0000017745162552123688
0.04230406043437204 0.0000017865162782207609
0.0676109537299339 0.0000017985609022570625
0.08876298394711991 0.0000017978788062512575
0.09896128423040605 0.0000018104905056281641
0.09971671388101984 0.00013588758373656653
0.08687440982058546 0.0001823919434895977
0.07516525023607175 0.00025193224673800423
0.06421152030217185 0.00034798136314973725
0.05363550519357886 0.0005201075778862079
0.0449480642115203 0.0007607988980442186
0.038904627006610015 0.00103579385089
0.03323890462700663 0.001400098452244681
0.028328611898016998 0.0020187164516117543
