0.23075354107648727 10000
0.22966572237960342 0.000034724918306324355
0.24163172804532573 0.000034360704386959665
0.25142209631728046 0.00003435467221619252
0.2595807365439093 0.00003617030533788489
0.26828328611898017 0.00003769018969972334
0.27698583569405094 0.00004009372749685406
0.284056657223796 0.00004309463778351396
0.29384702549575065 0.000047284719552049756
0.3030934844192634 0.00005134955154658596
0.3194107648725212 0.0000497681651572404
0.33464022662889514 0.00006644166339756862
0.3476940509915014 0.00009340630975599464
0.3482379603399433 10000