0.03289371605896044 0.002016332323244649
0.03910007757951901 0.0017404565107295952
0.04623739332816139 0.0014673712744122701
0.05647788983708303 0.0012371908270651132
0.06671838634600467 0.0010431178320477429
0.07851047323506595 0.0009273803116254237
0.09309542280837861 0.0007912202927442871
0.1051978277734678 0.0007159728228107225
0.11978277734678046 0.0006517320452949104
0.13343677269200932 0.0006073874864218941
0.1470907680372382 0.0005761495661062908
0.16446858029480216 0.00055 
0.17812257564003103 0.00055 
0.20232738557020946 0.00055 
0.3143522110162917 0.00055
0.4003103180760279 0.00055
10 0.00055
10 1