 1.0000e-02  0.0000e+00
 2.0000e-02  0.0000e+00
 3.0000e-02  0.0000e+00
 4.0000e-02  0.0000e+00
 5.0000e-02  0.0000e+00
 6.0000e-02  0.0000e+00
 7.0000e-02  0.0000e+00
 8.0000e-02  0.0000e+00
 9.0000e-02  0.0000e+00
 1.0000e-01  0.0000e+00
 1.1000e-01  0.0000e+00
 1.2000e-01  0.0000e+00
 1.3000e-01  0.0000e+00
 1.4000e-01  0.0000e+00
 1.5000e-01  0.0000e+00
 1.6000e-01  0.0000e+00
 1.7000e-01  0.0000e+00
 1.8000e-01  0.0000e+00
 1.9000e-01  0.0000e+00
 2.0000e-01  0.0000e+00
 2.1000e-01  0.0000e+00
 2.2000e-01  0.0000e+00
 2.3000e-01  0.0000e+00
 2.4000e-01  0.0000e+00
 2.5000e-01  0.0000e+00
 2.6000e-01  0.0000e+00
 2.7000e-01  0.0000e+00
 2.8000e-01  0.0000e+00
 2.9000e-01  0.0000e+00
 3.0000e-01  0.0000e+00
 3.1000e-01  0.0000e+00
 3.2000e-01  0.0000e+00
 3.3000e-01  0.0000e+00
 3.4000e-01  0.0000e+00
 3.5000e-01  0.0000e+00
 3.6000e-01  0.0000e+00
 3.7000e-01  0.0000e+00
 3.8000e-01  0.0000e+00
 3.9000e-01  0.0000e+00
 4.0000e-01  0.0000e+00
 4.1000e-01  0.0000e+00
 4.2000e-01  0.0000e+00
 4.3000e-01  0.0000e+00
 4.4000e-01  0.0000e+00
 4.5000e-01  0.0000e+00
 4.6000e-01  0.0000e+00
 4.7000e-01  0.0000e+00
 4.8000e-01  0.0000e+00
 4.9000e-01  0.0000e+00
 5.0000e-01  0.0000e+00
 5.1000e-01  0.0000e+00
 5.2000e-01  0.0000e+00
 5.3000e-01  0.0000e+00
 5.4000e-01  0.0000e+00
 5.5000e-01  0.0000e+00
 5.6000e-01  0.0000e+00
 5.7000e-01  0.0000e+00
 5.8000e-01  0.0000e+00
 5.9000e-01  0.0000e+00
 6.0000e-01  0.0000e+00
 6.1000e-01  0.0000e+00
 6.2000e-01  0.0000e+00
 6.3000e-01  0.0000e+00
 6.4000e-01  0.0000e+00
 6.5000e-01  0.0000e+00
 6.6000e-01  0.0000e+00
 6.7000e-01  0.0000e+00
 6.8000e-01  0.0000e+00
 6.9000e-01  0.0000e+00
 7.0000e-01  0.0000e+00
 7.1000e-01  0.0000e+00
 7.2000e-01  0.0000e+00
 7.3000e-01  0.0000e+00
 7.4000e-01  0.0000e+00
 7.5000e-01  0.0000e+00
 7.6000e-01  0.0000e+00
 7.7000e-01  0.0000e+00
 7.8000e-01  0.0000e+00
 7.9000e-01  0.0000e+00
 8.0000e-01  0.0000e+00
 8.1000e-01  0.0000e+00
 8.2000e-01  0.0000e+00
 8.3000e-01  0.0000e+00
 8.4000e-01  0.0000e+00
 8.5000e-01  0.0000e+00
 8.6000e-01  0.0000e+00
 8.7000e-01  0.0000e+00
 8.8000e-01  0.0000e+00
 8.9000e-01  0.0000e+00
 9.0000e-01  0.0000e+00
 9.1000e-01  0.0000e+00
 9.2000e-01  0.0000e+00
 9.3000e-01  0.0000e+00
 9.4000e-01  0.0000e+00
 9.5000e-01  0.0000e+00
 9.6000e-01  0.0000e+00
 9.7000e-01  0.0000e+00
 9.8000e-01  0.0000e+00
 9.9000e-01  0.0000e+00
 1.0000e+00  0.0000e+00
 1.0100e+00  0.0000e+00
 1.0200e+00  0.0000e+00
 1.0300e+00  0.0000e+00
 1.0400e+00  0.0000e+00
 1.0500e+00  0.0000e+00
 1.0600e+00  0.0000e+00
 1.0700e+00  0.0000e+00
 1.0800e+00  0.0000e+00
 1.0900e+00  0.0000e+00
 1.1000e+00  0.0000e+00
 1.1100e+00  0.0000e+00
 1.1200e+00  0.0000e+00
 1.1300e+00  0.0000e+00
 1.1400e+00  0.0000e+00
 1.1500e+00  0.0000e+00
 1.1600e+00  0.0000e+00
 1.1700e+00  0.0000e+00
 1.1800e+00  0.0000e+00
 1.1900e+00  0.0000e+00
 1.2000e+00  0.0000e+00
 1.2100e+00  0.0000e+00
 1.2200e+00  0.0000e+00
 1.2300e+00  0.0000e+00
 1.2400e+00  0.0000e+00
 1.2500e+00  0.0000e+00
 1.2600e+00  0.0000e+00
 1.2700e+00  0.0000e+00
 1.2800e+00  0.0000e+00
 1.2900e+00  0.0000e+00
 1.3000e+00  0.0000e+00
 1.3100e+00  0.0000e+00
 1.3200e+00  0.0000e+00
 1.3300e+00  0.0000e+00
 1.3400e+00  0.0000e+00
 1.3500e+00  0.0000e+00
 1.3600e+00  0.0000e+00
 1.3700e+00  0.0000e+00
 1.3800e+00  0.0000e+00
 1.3900e+00  0.0000e+00
 1.4000e+00  3.9240e-04
 1.4100e+00  2.8270e-03
 1.4200e+00  5.4156e-03
 1.4300e+00  7.8672e-03
 1.4400e+00  9.8855e-03
 1.4500e+00  1.1167e-02
 1.4600e+00  1.1525e-02
 1.4700e+00  1.1279e-02
 1.4800e+00  1.0851e-02
 1.4900e+00  1.0368e-02
 1.5000e+00  1.0867e-02
 1.5100e+00  1.2631e-02
 1.5200e+00  1.5557e-02
 1.5300e+00  1.9431e-02
 1.5400e+00  2.4008e-02
 1.5500e+00  2.8963e-02
 1.5600e+00  3.3913e-02
 1.5700e+00  3.8596e-02
 1.5800e+00  4.2807e-02
 1.5900e+00  4.6353e-02
 1.6000e+00  4.9074e-02
 1.6100e+00  5.0910e-02
 1.6200e+00  5.2127e-02
 1.6300e+00  5.3072e-02
 1.6400e+00  5.4094e-02
 1.6500e+00  5.5542e-02
 1.6600e+00  5.7619e-02
 1.6700e+00  5.9898e-02
 1.6800e+00  6.1757e-02
 1.6900e+00  6.2527e-02
 1.7000e+00  6.1501e-02
 1.7100e+00  5.8200e-02
 1.7200e+00  5.3173e-02
 1.7300e+00  4.7237e-02
 1.7400e+00  4.1219e-02
 1.7500e+00  3.5944e-02
 1.7600e+00  3.2037e-02
 1.7700e+00  2.9296e-02
 1.7800e+00  2.7318e-02
 1.7900e+00  2.5686e-02
 1.8000e+00  2.3958e-02
 1.8100e+00  2.1782e-02
 1.8200e+00  1.9289e-02
 1.8300e+00  1.6755e-02
 1.8400e+00  1.4493e-02
 1.8500e+00  1.2853e-02
 1.8600e+00  1.2111e-02
 1.8700e+00  1.2126e-02
 1.8800e+00  1.2618e-02
 1.8900e+00  1.3278e-02
 1.9000e+00  1.3772e-02
 1.9100e+00  1.3822e-02
 1.9200e+00  1.3424e-02
 1.9300e+00  1.2655e-02
 1.9400e+00  1.1601e-02
 1.9500e+00  1.0353e-02
 1.9600e+00  9.0193e-03
 1.9700e+00  7.7561e-03
 1.9800e+00  6.6951e-03
 1.9900e+00  5.9447e-03
 2.0000e+00  5.6190e-03
 2.0100e+00  5.6190e-03
 2.0200e+00  5.6190e-03
 2.0300e+00  5.6190e-03
 2.0400e+00  5.6190e-03
 2.0500e+00  5.6190e-03
 2.0600e+00  5.6190e-03
 2.0700e+00  5.6190e-03
 2.0800e+00  5.6190e-03
 2.0900e+00  5.6190e-03
 2.1000e+00  5.6190e-03
 2.1100e+00  5.6190e-03
 2.1200e+00  5.6190e-03
 2.1300e+00  5.6190e-03
 2.1400e+00  5.6190e-03
 2.1500e+00  5.6190e-03
 2.1600e+00  5.6190e-03
 2.1700e+00  5.6190e-03
 2.1800e+00  5.6190e-03
 2.1900e+00  5.6190e-03
 2.2000e+00  5.6190e-03
 2.2100e+00  5.6190e-03
 2.2200e+00  5.6190e-03
 2.2300e+00  5.6190e-03
 2.2400e+00  5.6190e-03
 2.2500e+00  5.6190e-03
 2.2600e+00  5.6190e-03
 2.2700e+00  5.6190e-03
 2.2800e+00  5.6190e-03
 2.2900e+00  5.6190e-03
 2.3000e+00  5.6190e-03
 2.3100e+00  5.6190e-03
 2.3200e+00  5.6190e-03
 2.3300e+00  5.6190e-03
 2.3400e+00  5.6190e-03
 2.3500e+00  5.6190e-03
 2.3600e+00  5.6190e-03
 2.3700e+00  5.6190e-03
 2.3800e+00  5.6190e-03
 2.3900e+00  5.6190e-03
 2.4000e+00  5.6190e-03
 2.4100e+00  5.6190e-03
 2.4200e+00  5.6190e-03
 2.4300e+00  5.6190e-03
 2.4400e+00  5.6190e-03
 2.4500e+00  5.6190e-03
 2.4600e+00  5.6190e-03
 2.4700e+00  5.6190e-03
 2.4800e+00  5.6190e-03
 2.4900e+00  5.6190e-03
 2.5000e+00  5.6190e-03
 2.5100e+00  5.6190e-03
 2.5200e+00  5.6190e-03
 2.5300e+00  5.6190e-03
 2.5400e+00  5.6190e-03
 2.5500e+00  5.6190e-03
 2.5600e+00  5.6190e-03
 2.5700e+00  5.6190e-03
 2.5800e+00  5.6190e-03
 2.5900e+00  5.6190e-03
 2.6000e+00  5.6190e-03
 2.6100e+00  5.6190e-03
 2.6200e+00  5.6190e-03
 2.6300e+00  5.6190e-03
 2.6400e+00  5.6190e-03
 2.6500e+00  5.6190e-03
 2.6600e+00  5.6190e-03
 2.6700e+00  5.6190e-03
 2.6800e+00  5.6190e-03
 2.6900e+00  5.6190e-03
 2.7000e+00  5.6190e-03
 2.7100e+00  5.6190e-03
 2.7200e+00  5.6190e-03
 2.7300e+00  5.6190e-03
 2.7400e+00  5.6190e-03
 2.7500e+00  5.6190e-03
 2.7600e+00  5.6190e-03
 2.7700e+00  5.6190e-03
 2.7800e+00  5.6190e-03
 2.7900e+00  5.6190e-03
 2.8000e+00  5.6190e-03
 2.8100e+00  5.6190e-03
 2.8200e+00  5.6190e-03
 2.8300e+00  5.6190e-03
 2.8400e+00  5.6190e-03
 2.8500e+00  5.6190e-03
 2.8600e+00  5.6190e-03
 2.8700e+00  5.6190e-03
 2.8800e+00  5.6190e-03
 2.8900e+00  5.6190e-03
 2.9000e+00  5.6190e-03
 2.9100e+00  5.6190e-03
 2.9200e+00  5.6190e-03
 2.9300e+00  5.6190e-03
 2.9400e+00  5.6190e-03
 2.9500e+00  5.6190e-03
 2.9600e+00  5.6190e-03
 2.9700e+00  5.6190e-03
 2.9800e+00  5.6190e-03
 2.9900e+00  5.6190e-03
 3.0000e+00  5.6190e-03
 3.0100e+00  5.4087e-03
 3.0200e+00  5.3274e-03
 3.0300e+00  5.2675e-03
 3.0400e+00  5.2188e-03
 3.0500e+00  5.1771e-03
 3.0600e+00  5.1406e-03
 3.0700e+00  5.1079e-03
 3.0800e+00  5.0782e-03
 3.0900e+00  5.0510e-03
 3.1000e+00  5.0260e-03
 3.1100e+00  5.0026e-03
 3.1200e+00  4.9809e-03
 3.1300e+00  4.9604e-03
 3.1400e+00  4.9412e-03
 3.1500e+00  4.9230e-03
 3.1600e+00  4.9058e-03
 3.1700e+00  4.8895e-03
 3.1800e+00  4.8739e-03
 3.1900e+00  4.8591e-03
 3.2000e+00  4.8449e-03
 3.2100e+00  4.8313e-03
 3.2200e+00  4.8183e-03
 3.2300e+00  4.8058e-03
 3.2400e+00  4.7939e-03
 3.2500e+00  4.7823e-03
 3.2600e+00  4.7712e-03
 3.2700e+00  4.7605e-03
 3.2800e+00  4.7502e-03
 3.2900e+00  4.7402e-03
 3.3000e+00  4.7306e-03
 3.3100e+00  4.7213e-03
 3.3200e+00  4.7123e-03
 3.3300e+00  4.7036e-03
 3.3400e+00  4.6951e-03
 3.3500e+00  4.6869e-03
 3.3600e+00  4.6790e-03
 3.3700e+00  4.6713e-03
 3.3800e+00  4.6638e-03
 3.3900e+00  4.6565e-03
 3.4000e+00  4.6494e-03
 3.4100e+00  4.6425e-03
 3.4200e+00  4.6358e-03
 3.4300e+00  4.6293e-03
 3.4400e+00  4.6230e-03
 3.4500e+00  4.6168e-03
 3.4600e+00  4.6108e-03
 3.4700e+00  4.6050e-03
 3.4800e+00  4.5992e-03
 3.4900e+00  4.5937e-03
 3.5000e+00  4.5882e-03
 3.5100e+00  4.5829e-03
 3.5200e+00  4.5778e-03
 3.5300e+00  4.5727e-03
 3.5400e+00  4.5678e-03
 3.5500e+00  4.5630e-03
 3.5600e+00  4.4804e-03
 3.5700e+00  4.4308e-03
 3.5800e+00  4.3952e-03
 3.5900e+00  4.3661e-03
 3.6000e+00  4.3408e-03
 3.6100e+00  4.3183e-03
 3.6200e+00  4.2979e-03
 3.6300e+00  4.2791e-03
 3.6400e+00  4.2617e-03
 3.6500e+00  4.2454e-03
 3.6600e+00  4.2301e-03
 3.6700e+00  4.2156e-03
 3.6800e+00  4.2019e-03
 3.6900e+00  4.1889e-03
 3.7000e+00  4.1764e-03
 3.7100e+00  4.1645e-03
 3.7200e+00  4.1531e-03
 3.7300e+00  4.1422e-03
 3.7400e+00  4.1317e-03
 3.7500e+00  4.1215e-03
 3.7600e+00  4.1118e-03
 3.7700e+00  4.1023e-03
 3.7800e+00  4.0932e-03
 3.7900e+00  4.0844e-03
 3.8000e+00  4.0759e-03
 3.8100e+00  4.0677e-03
 3.8200e+00  4.0597e-03
 3.8300e+00  4.0519e-03
 3.8400e+00  4.0444e-03
 3.8500e+00  4.0370e-03
 3.8600e+00  4.0299e-03
 3.8700e+00  4.0230e-03
 3.8800e+00  4.0163e-03
 3.8900e+00  4.0097e-03
 3.9000e+00  4.0033e-03
 3.9100e+00  3.9971e-03
 3.9200e+00  3.9910e-03
 3.9300e+00  3.9851e-03
 3.9400e+00  3.9793e-03
 3.9500e+00  3.9737e-03
 3.9600e+00  3.9682e-03
 3.9700e+00  3.9628e-03
 3.9800e+00  3.9575e-03
 3.9900e+00  3.9524e-03
 4.0000e+00  3.9474e-03
 4.0100e+00  3.9425e-03
 4.0200e+00  3.9377e-03
 4.0300e+00  3.9330e-03
 4.0400e+00  3.9284e-03
 4.0500e+00  3.9239e-03
 4.0600e+00  3.9195e-03
 4.0700e+00  3.9152e-03
 4.0800e+00  3.9109e-03
 4.0900e+00  3.9068e-03
 4.1000e+00  3.9027e-03
 4.1100e+00  3.8988e-03
 4.1200e+00  3.8949e-03
 4.1300e+00  3.8910e-03
 4.1400e+00  3.8873e-03
 4.1500e+00  3.8836e-03
 4.1600e+00  3.8800e-03
 4.1700e+00  3.8765e-03
 4.1800e+00  3.8730e-03
 4.1900e+00  3.8696e-03
 4.2000e+00  3.8663e-03
 4.2100e+00  3.8630e-03
 4.2200e+00  3.8598e-03
 4.2300e+00  3.8566e-03
 4.2400e+00  3.8535e-03
 4.2500e+00  3.8504e-03
 4.2600e+00  3.8474e-03
 4.2700e+00  3.8445e-03
 4.2800e+00  3.8416e-03
 4.2900e+00  3.8387e-03
 4.3000e+00  3.8359e-03
 4.3100e+00  3.8332e-03
 4.3200e+00  3.8305e-03
 4.3300e+00  3.8278e-03
 4.3400e+00  3.8252e-03
 4.3500e+00  3.8226e-03
 4.3600e+00  3.8201e-03
 4.3700e+00  3.8176e-03
 4.3800e+00  3.8152e-03
 4.3900e+00  3.8128e-03
 4.4000e+00  3.8104e-03
 4.4100e+00  3.8081e-03
 4.4200e+00  3.8058e-03
 4.4300e+00  3.8035e-03
 4.4400e+00  3.8013e-03
 4.4500e+00  3.7991e-03
 4.4600e+00  3.7969e-03
 4.4700e+00  3.7948e-03
 4.4800e+00  3.7927e-03
 4.4900e+00  3.7907e-03
 4.5000e+00  3.7887e-03
 4.5100e+00  3.7867e-03
 4.5200e+00  3.7847e-03
 4.5300e+00  3.7828e-03
 4.5400e+00  3.7808e-03
 4.5500e+00  3.7790e-03
 4.5600e+00  3.7771e-03
 4.5700e+00  3.7753e-03
 4.5800e+00  3.7735e-03
 4.5900e+00  3.7717e-03
 4.6000e+00  3.7700e-03
 4.6100e+00  3.7682e-03
 4.6200e+00  3.7665e-03
 4.6300e+00  3.7649e-03
 4.6400e+00  3.7632e-03
 4.6500e+00  3.7616e-03
 4.6600e+00  3.7600e-03
 4.6700e+00  3.7584e-03
 4.6800e+00  3.7569e-03
 4.6900e+00  3.7553e-03
 4.7000e+00  3.7538e-03
 4.7100e+00  3.7523e-03
 4.7200e+00  3.7508e-03
 4.7300e+00  3.7494e-03
 4.7400e+00  3.7479e-03
 4.7500e+00  3.7465e-03
 4.7600e+00  3.7451e-03
 4.7700e+00  3.7437e-03
 4.7800e+00  3.7424e-03
 4.7900e+00  3.7410e-03
 4.8000e+00  3.7397e-03
 4.8100e+00  3.7384e-03
 4.8200e+00  3.7371e-03
 4.8300e+00  3.7358e-03
 4.8400e+00  3.7346e-03
 4.8500e+00  3.7333e-03
 4.8600e+00  3.7321e-03
 4.8700e+00  3.7309e-03
 4.8800e+00  3.7297e-03
 4.8900e+00  3.7285e-03
 4.9000e+00  3.7274e-03
 4.9100e+00  3.7262e-03
 4.9200e+00  3.7251e-03
 4.9300e+00  3.7240e-03
 4.9400e+00  3.7229e-03
 4.9500e+00  3.7218e-03
 4.9600e+00  3.7207e-03
 4.9700e+00  3.7196e-03
 4.9800e+00  3.7186e-03
 4.9900e+00  3.7175e-03
 5.0000e+00  3.7165e-03
 5.0100e+00  3.7155e-03
 5.0200e+00  3.7145e-03
 5.0300e+00  3.7135e-03
 5.0400e+00  3.7125e-03
 5.0500e+00  3.7115e-03
 5.0600e+00  3.7106e-03
 5.0700e+00  3.7096e-03
 5.0800e+00  3.7087e-03
 5.0900e+00  3.7078e-03
 5.1000e+00  3.7069e-03
 5.1100e+00  3.7060e-03
 5.1200e+00  3.7051e-03
 5.1300e+00  3.7042e-03
 5.1400e+00  3.7033e-03
 5.1500e+00  3.7025e-03
 5.1600e+00  3.7016e-03
 5.1700e+00  3.7008e-03
 5.1800e+00  3.7000e-03
 5.1900e+00  3.6992e-03
 5.2000e+00  3.6983e-03
 5.2100e+00  3.6975e-03
 5.2200e+00  3.6967e-03
 5.2300e+00  3.6960e-03
 5.2400e+00  3.6952e-03
 5.2500e+00  3.6944e-03
 5.2600e+00  3.6937e-03
 5.2700e+00  3.6929e-03
 5.2800e+00  3.6922e-03
 5.2900e+00  3.6914e-03
 5.3000e+00  3.6907e-03
 5.3100e+00  3.6900e-03
 5.3200e+00  3.6893e-03
 5.3300e+00  3.6886e-03
 5.3400e+00  3.6879e-03
 5.3500e+00  3.6872e-03
 5.3600e+00  3.6865e-03
 5.3700e+00  3.6859e-03
 5.3800e+00  3.6852e-03
 5.3900e+00  3.6846e-03
 5.4000e+00  3.6839e-03
 5.4100e+00  3.6833e-03
 5.4200e+00  3.6826e-03
 5.4300e+00  3.6820e-03
 5.4400e+00  3.6814e-03
 5.4500e+00  3.6808e-03
 5.4600e+00  3.6802e-03
 5.4700e+00  3.6796e-03
 5.4800e+00  3.6790e-03
 5.4900e+00  3.6784e-03
 5.5000e+00  3.6778e-03
 5.5100e+00  3.6772e-03
 5.5200e+00  3.6766e-03
 5.5300e+00  3.6761e-03
 5.5400e+00  3.6755e-03
 5.5500e+00  3.6750e-03
 5.5600e+00  3.6744e-03
 5.5700e+00  3.6739e-03
 5.5800e+00  3.6733e-03
 5.5900e+00  3.6728e-03
 5.6000e+00  3.6723e-03
 5.6100e+00  3.6718e-03
 5.6200e+00  3.6713e-03
 5.6300e+00  3.6707e-03
 5.6400e+00  3.6702e-03
 5.6500e+00  3.6697e-03
 5.6600e+00  3.6692e-03
 5.6700e+00  3.6688e-03
 5.6800e+00  3.6683e-03
 5.6900e+00  3.6678e-03
 5.7000e+00  3.6673e-03
 5.7100e+00  3.6668e-03
 5.7200e+00  3.6664e-03
 5.7300e+00  3.6659e-03
 5.7400e+00  3.6655e-03
 5.7500e+00  3.6650e-03
 5.7600e+00  3.6646e-03
 5.7700e+00  3.6641e-03
 5.7800e+00  3.6637e-03
 5.7900e+00  3.6632e-03
 5.8000e+00  3.6628e-03
 5.8100e+00  3.6624e-03
 5.8200e+00  3.6620e-03
 5.8300e+00  3.6616e-03
 5.8400e+00  3.6611e-03
 5.8500e+00  3.6607e-03
 5.8600e+00  3.6603e-03
 5.8700e+00  3.6599e-03
 5.8800e+00  3.6595e-03
 5.8900e+00  3.6591e-03
 5.9000e+00  3.6587e-03
 5.9100e+00  3.6583e-03
 5.9200e+00  3.6580e-03
 5.9300e+00  3.6576e-03
 5.9400e+00  3.6572e-03
 5.9500e+00  3.6568e-03
 5.9600e+00  3.6565e-03
 5.9700e+00  3.6561e-03
 5.9800e+00  3.6557e-03
 5.9900e+00  3.6554e-03
 6.0000e+00  3.6550e-03
 6.0100e+00  3.6547e-03
 6.0200e+00  3.6543e-03
 6.0300e+00  3.6540e-03
 6.0400e+00  3.6536e-03
 6.0500e+00  3.6533e-03
 6.0600e+00  3.6530e-03
 6.0700e+00  3.6526e-03
 6.0800e+00  3.6523e-03
 6.0900e+00  3.6520e-03
 6.1000e+00  3.6516e-03
 6.1100e+00  3.6513e-03
 6.1200e+00  3.6510e-03
 6.1300e+00  3.6507e-03
 6.1400e+00  3.6504e-03
 6.1500e+00  3.6501e-03
 6.1600e+00  3.6498e-03
 6.1700e+00  3.6495e-03
 6.1800e+00  3.6492e-03
 6.1900e+00  3.6489e-03
 6.2000e+00  3.6486e-03
 6.2100e+00  3.6483e-03
 6.2200e+00  3.6480e-03
 6.2300e+00  3.6477e-03
 6.2400e+00  3.6474e-03
 6.2500e+00  3.6471e-03
 6.2600e+00  3.6468e-03
 6.2700e+00  3.6466e-03
 6.2800e+00  3.6463e-03
 6.2900e+00  3.6460e-03
 6.3000e+00  3.6457e-03
 6.3100e+00  3.6455e-03
 6.3200e+00  3.6452e-03
 6.3300e+00  3.6449e-03
 6.3400e+00  3.6447e-03
 6.3500e+00  3.6444e-03
 6.3600e+00  3.6442e-03
 6.3700e+00  3.6439e-03
 6.3800e+00  3.6436e-03
 6.3900e+00  3.6434e-03
 6.4000e+00  3.6431e-03
 6.4100e+00  3.6429e-03
 6.4200e+00  3.6427e-03
 6.4300e+00  3.6424e-03
 6.4400e+00  3.6422e-03
 6.4500e+00  3.6419e-03
 6.4600e+00  3.6417e-03
 6.4700e+00  3.6415e-03
 6.4800e+00  3.6412e-03
 6.4900e+00  3.6410e-03
 6.5000e+00  3.6408e-03
 6.5100e+00  3.6405e-03
 6.5200e+00  3.6403e-03
 6.5300e+00  3.6401e-03
 6.5400e+00  3.6399e-03
 6.5500e+00  3.6397e-03
 6.5600e+00  3.6394e-03
 6.5700e+00  3.6392e-03
 6.5800e+00  3.6390e-03
 6.5900e+00  3.6388e-03
 6.6000e+00  3.6386e-03
 6.6100e+00  3.6384e-03
 6.6200e+00  3.6382e-03
 6.6300e+00  3.6380e-03
 6.6400e+00  3.6378e-03
 6.6500e+00  3.6376e-03
 6.6600e+00  3.6374e-03
 6.6700e+00  3.6372e-03
 6.6800e+00  3.6370e-03
 6.6900e+00  3.6368e-03
 6.7000e+00  3.6366e-03
 6.7100e+00  3.6364e-03
 6.7200e+00  3.6362e-03
 6.7300e+00  3.6360e-03
 6.7400e+00  3.6358e-03
 6.7500e+00  3.6356e-03
 6.7600e+00  3.6354e-03
 6.7700e+00  3.6353e-03
 6.7800e+00  3.6351e-03
 6.7900e+00  3.6349e-03
 6.8000e+00  3.6347e-03
 6.8100e+00  3.6345e-03
 6.8200e+00  3.6344e-03
 6.8300e+00  3.6342e-03
 6.8400e+00  3.6340e-03
 6.8500e+00  3.6338e-03
 6.8600e+00  3.6337e-03
 6.8700e+00  3.6335e-03
 6.8800e+00  3.6333e-03
 6.8900e+00  3.6332e-03
 6.9000e+00  3.6330e-03
 6.9100e+00  3.6328e-03
 6.9200e+00  3.6327e-03
 6.9300e+00  3.6325e-03
 6.9400e+00  3.6323e-03
 6.9500e+00  3.6322e-03
 6.9600e+00  3.6320e-03
 6.9700e+00  3.6319e-03
 6.9800e+00  3.6317e-03
 6.9900e+00  3.6316e-03
 7.0000e+00  3.6314e-03
 7.0100e+00  3.6313e-03
 7.0200e+00  3.6311e-03
 7.0300e+00  3.6310e-03
 7.0400e+00  3.6308e-03
 7.0500e+00  3.6307e-03
 7.0600e+00  3.6305e-03
 7.0700e+00  3.6304e-03
 7.0800e+00  3.6302e-03
 7.0900e+00  3.6301e-03
 7.1000e+00  3.6299e-03
 7.1100e+00  3.6298e-03
 7.1200e+00  3.6297e-03
 7.1300e+00  3.6295e-03
 7.1400e+00  3.6294e-03
 7.1500e+00  3.6292e-03
 7.1600e+00  3.6291e-03
 7.1700e+00  3.6290e-03
 7.1800e+00  3.6288e-03
 7.1900e+00  3.6287e-03
 7.2000e+00  3.6286e-03
 7.2100e+00  3.6284e-03
 7.2200e+00  3.6283e-03
 7.2300e+00  3.6282e-03
 7.2400e+00  3.6281e-03
 7.2500e+00  3.6279e-03
 7.2600e+00  3.6278e-03
 7.2700e+00  3.6277e-03
 7.2800e+00  3.6276e-03
 7.2900e+00  3.6274e-03
 7.3000e+00  3.6273e-03
 7.3100e+00  3.6272e-03
 7.3200e+00  3.6271e-03
 7.3300e+00  3.6269e-03
 7.3400e+00  3.6268e-03
 7.3500e+00  3.6267e-03
 7.3600e+00  3.6266e-03
 7.3700e+00  3.6265e-03
 7.3800e+00  3.6264e-03
 7.3900e+00  3.6262e-03
 7.4000e+00  3.6261e-03
 7.4100e+00  3.6260e-03
 7.4200e+00  3.6259e-03
 7.4300e+00  3.6258e-03
 7.4400e+00  3.6257e-03
 7.4500e+00  3.6256e-03
 7.4600e+00  3.6255e-03
 7.4700e+00  3.6254e-03
 7.4800e+00  3.6253e-03
 7.4900e+00  3.6251e-03
 7.5000e+00  3.6250e-03
 7.5100e+00  3.6249e-03
 7.5200e+00  3.6248e-03
 7.5300e+00  3.6247e-03
 7.5400e+00  3.6246e-03
 7.5500e+00  3.6245e-03
 7.5600e+00  3.6244e-03
 7.5700e+00  3.6243e-03
 7.5800e+00  3.6242e-03
 7.5900e+00  3.6241e-03
 7.6000e+00  3.6240e-03
 7.6100e+00  3.6239e-03
 7.6200e+00  3.6238e-03
 7.6300e+00  3.6237e-03
 7.6400e+00  3.6236e-03
 7.6500e+00  3.6235e-03
 7.6600e+00  3.6234e-03
 7.6700e+00  3.6233e-03
 7.6800e+00  3.6233e-03
 7.6900e+00  3.6232e-03
 7.7000e+00  3.6231e-03
 7.7100e+00  3.6230e-03
 7.7200e+00  3.6229e-03
 7.7300e+00  3.6228e-03
 7.7400e+00  3.6227e-03
 7.7500e+00  3.6226e-03
 7.7600e+00  3.6225e-03
 7.7700e+00  3.6224e-03
 7.7800e+00  3.6223e-03
 7.7900e+00  3.6223e-03
 7.8000e+00  3.6222e-03
 7.8100e+00  3.6221e-03
 7.8200e+00  3.6220e-03
 7.8300e+00  3.6219e-03
 7.8400e+00  3.6218e-03
 7.8500e+00  3.6218e-03
 7.8600e+00  3.6217e-03
 7.8700e+00  3.6216e-03
 7.8800e+00  3.6215e-03
 7.8900e+00  3.6214e-03
 7.9000e+00  3.6213e-03
 7.9100e+00  3.6213e-03
 7.9200e+00  3.6212e-03
 7.9300e+00  3.6211e-03
 7.9400e+00  3.6210e-03
 7.9500e+00  3.6209e-03
 7.9600e+00  3.6209e-03
 7.9700e+00  3.6208e-03
 7.9800e+00  3.6207e-03
 7.9900e+00  3.6206e-03
 8.0000e+00  3.6206e-03
 8.0100e+00  3.6205e-03
 8.0200e+00  3.6204e-03
 8.0300e+00  3.6203e-03
 8.0400e+00  3.6203e-03
 8.0500e+00  3.6202e-03
 8.0600e+00  3.6201e-03
 8.0700e+00  3.6201e-03
 8.0800e+00  3.6200e-03
 8.0900e+00  3.6199e-03
 8.1000e+00  3.6198e-03
 8.1100e+00  3.6198e-03
 8.1200e+00  3.6197e-03
 8.1300e+00  3.6196e-03
 8.1400e+00  3.6196e-03
 8.1500e+00  3.6195e-03
 8.1600e+00  3.6194e-03
 8.1700e+00  3.6194e-03
 8.1800e+00  3.6193e-03
 8.1900e+00  3.6192e-03
 8.2000e+00  3.6192e-03
 8.2100e+00  3.6191e-03
 8.2200e+00  3.6190e-03
 8.2300e+00  3.6190e-03
 8.2400e+00  3.6189e-03
 8.2500e+00  3.6188e-03
 8.2600e+00  3.6188e-03
 8.2700e+00  3.6187e-03
 8.2800e+00  3.6186e-03
 8.2900e+00  3.6186e-03
 8.3000e+00  3.6185e-03
 8.3100e+00  3.6185e-03
 8.3200e+00  3.6184e-03
 8.3300e+00  3.6183e-03
 8.3400e+00  3.6183e-03
 8.3500e+00  3.6182e-03
 8.3600e+00  3.6181e-03
 8.3700e+00  3.6181e-03
 8.3800e+00  3.6180e-03
 8.3900e+00  3.6180e-03
 8.4000e+00  3.6179e-03
 8.4100e+00  3.6179e-03
 8.4200e+00  3.6178e-03
 8.4300e+00  3.6177e-03
 8.4400e+00  3.6177e-03
 8.4500e+00  3.6176e-03
 8.4600e+00  3.6176e-03
 8.4700e+00  3.6175e-03
 8.4800e+00  3.6175e-03
 8.4900e+00  3.6174e-03
 8.5000e+00  3.6173e-03
 8.5100e+00  3.6173e-03
 8.5200e+00  3.6172e-03
 8.5300e+00  3.6172e-03
 8.5400e+00  3.6171e-03
 8.5500e+00  3.6171e-03
 8.5600e+00  3.6170e-03
 8.5700e+00  3.6170e-03
 8.5800e+00  3.6169e-03
 8.5900e+00  3.6169e-03
 8.6000e+00  3.6168e-03
 8.6100e+00  3.6168e-03
 8.6200e+00  3.6167e-03
 8.6300e+00  3.6167e-03
 8.6400e+00  3.6166e-03
 8.6500e+00  3.6166e-03
 8.6600e+00  3.6165e-03
 8.6700e+00  3.6165e-03
 8.6800e+00  3.6164e-03
 8.6900e+00  3.6164e-03
 8.7000e+00  3.6163e-03
 8.7100e+00  3.6163e-03
 8.7200e+00  3.6162e-03
 8.7300e+00  3.6162e-03
 8.7400e+00  3.6161e-03
 8.7500e+00  3.6161e-03
 8.7600e+00  3.6160e-03
 8.7700e+00  3.6160e-03
 8.7800e+00  3.6159e-03
 8.7900e+00  3.6159e-03
 8.8000e+00  3.6158e-03
 8.8100e+00  3.6158e-03
 8.8200e+00  3.6158e-03
 8.8300e+00  3.6157e-03
 8.8400e+00  3.6157e-03
 8.8500e+00  3.6156e-03
 8.8600e+00  3.6156e-03
 8.8700e+00  3.6155e-03
 8.8800e+00  3.6155e-03
 8.8900e+00  3.6154e-03
 8.9000e+00  3.6154e-03
 8.9100e+00  3.6154e-03
 8.9200e+00  3.6153e-03
 8.9300e+00  3.6153e-03
 8.9400e+00  3.6152e-03
 8.9500e+00  3.6152e-03
 8.9600e+00  3.6151e-03
 8.9700e+00  3.6151e-03
 8.9800e+00  3.6151e-03
 8.9900e+00  3.6150e-03
 9.0000e+00  3.6150e-03
 9.0100e+00  3.6149e-03
 9.0200e+00  3.6149e-03
 9.0300e+00  3.6149e-03
 9.0400e+00  3.6148e-03
 9.0500e+00  3.6148e-03
 9.0600e+00  3.6147e-03
 9.0700e+00  3.6147e-03
 9.0800e+00  3.6147e-03
 9.0900e+00  3.6146e-03
 9.1000e+00  3.6146e-03
 9.1100e+00  3.6145e-03
 9.1200e+00  3.6145e-03
 9.1300e+00  3.6145e-03
 9.1400e+00  3.6144e-03
 9.1500e+00  3.6144e-03
 9.1600e+00  3.6144e-03
 9.1700e+00  3.6143e-03
 9.1800e+00  3.6143e-03
 9.1900e+00  3.6142e-03
 9.2000e+00  3.6142e-03
 9.2100e+00  3.6142e-03
 9.2200e+00  3.6141e-03
 9.2300e+00  3.6141e-03
 9.2400e+00  3.6141e-03
 9.2500e+00  3.6140e-03
 9.2600e+00  3.6140e-03
 9.2700e+00  3.6140e-03
 9.2800e+00  3.6139e-03
 9.2900e+00  3.6139e-03
 9.3000e+00  3.6139e-03
 9.3100e+00  3.6138e-03
 9.3200e+00  3.6138e-03
 9.3300e+00  3.6138e-03
 9.3400e+00  3.6137e-03
 9.3500e+00  3.6137e-03
 9.3600e+00  3.6137e-03
 9.3700e+00  3.6136e-03
 9.3800e+00  3.6136e-03
 9.3900e+00  3.6136e-03
 9.4000e+00  3.6135e-03
 9.4100e+00  3.6135e-03
 9.4200e+00  3.6135e-03
 9.4300e+00  3.6134e-03
 9.4400e+00  3.6134e-03
 9.4500e+00  3.6134e-03
 9.4600e+00  3.6133e-03
 9.4700e+00  3.6133e-03
 9.4800e+00  3.6133e-03
 9.4900e+00  3.6132e-03
 9.5000e+00  3.6132e-03
 9.5100e+00  3.6132e-03
 9.5200e+00  3.6131e-03
 9.5300e+00  3.6131e-03
 9.5400e+00  3.6131e-03
 9.5500e+00  3.6131e-03
 9.5600e+00  3.6130e-03
 9.5700e+00  3.6130e-03
 9.5800e+00  3.6130e-03
 9.5900e+00  3.6129e-03
 9.6000e+00  3.6129e-03
 9.6100e+00  3.6003e-03
 9.6200e+00  3.5951e-03
 9.6300e+00  3.5911e-03
 9.6400e+00  3.5878e-03
 9.6500e+00  3.5848e-03
 9.6600e+00  3.5822e-03
 9.6700e+00  3.5798e-03
 9.6800e+00  3.5776e-03
 9.6900e+00  3.5755e-03
 9.7000e+00  3.5735e-03
 9.7100e+00  3.5717e-03
 9.7200e+00  3.5699e-03
 9.7300e+00  3.5682e-03
 9.7400e+00  3.5666e-03
 9.7500e+00  3.5651e-03
 9.7600e+00  3.5636e-03
 9.7700e+00  3.5621e-03
 9.7800e+00  3.5608e-03
 9.7900e+00  3.5594e-03
 9.8000e+00  3.5581e-03
 9.8100e+00  3.5568e-03
 9.8200e+00  3.5556e-03
 9.8300e+00  3.5544e-03
 9.8400e+00  3.5532e-03
 9.8500e+00  3.5521e-03
 9.8600e+00  3.5510e-03
 9.8700e+00  3.5499e-03
 9.8800e+00  3.5488e-03
 9.8900e+00  3.5478e-03
 9.9000e+00  3.5468e-03
 9.9100e+00  3.5458e-03
 9.9200e+00  3.5448e-03
 9.9300e+00  3.5439e-03
 9.9400e+00  3.5429e-03
 9.9500e+00  3.5420e-03
 9.9600e+00  3.5411e-03
 9.9700e+00  3.5402e-03
 9.9800e+00  3.5394e-03
 9.9900e+00  3.5385e-03
