0.001 0.0008093562138696899
0.0010974987654930556 0.0006122482947208824
0.0012045035402587824 0.00046314338231420493
0.0013219411484660286 0.00035035098412030964
0.0014508287784959402 0.00026502767125968784
0.0015922827933410922 0.00020048371409515798
0.001747528400007683 0.00015165857748493427
0.0019179102616724887 0.00011472415217645469
0.00210490414451202 8.678461390628461e-05
0.0023101297000831605 6.564937781609167e-05
0.0025353644939701114 4.966134679465181e-05
0.0027825594022071257 3.7566987647126645e-05
0.0030538555088334154 2.8418048481749094e-05
0.003351602650938841 2.149721151711271e-05
0.0036783797718286343 1.6261852157380744e-05
0.004037017258596553 1.230149479517368e-05
0.004430621457583882 9.305629686653007e-06
0.004862601580065354 7.0393675977566825e-06
0.005336699231206312 5.325023436879245e-06
0.005857020818056668 4.0281849483680645e-06
0.006428073117284319 3.047174190047982e-06
0.007054802310718645 2.305075527442273e-06
0.007742636826811269 1.7437051037537254e-06
0.008497534359086447 1.3190489650595295e-06
0.0093260334688322 9.978121693164225e-07
0.010235310218990263 7.548083138756038e-07
0.011233240329780276 5.709848087802378e-07
0.012328467394420665 4.31929068433042e-07
0.013530477745798075 3.2673850037442984e-07
0.01484968262254465 2.4716569323345086e-07
0.016297508346206444 1.8697178276072277e-07
0.01788649529057435 1.414372969459975e-07
0.019630406500402715 1.0699212828810139e-07
0.021544346900318846 8.09356213869689e-08
0.023644894126454083 6.122482947208808e-08
0.025950242113997372 4.631433823142044e-08
0.02848035868435802 3.503509841203092e-08
0.03125715849688237 2.6502767125968795e-08
0.03430469286314919 2.0048371409515784e-08
0.037649358067924694 1.5165857748493385e-08
0.04132012400115339 1.1472415217645453e-08
0.04534878508128584 8.678461390628444e-09
0.049770235643321115 6.56493778160917e-09
0.05462277217684343 4.966134679465175e-09
0.05994842503189412 3.7566987647126654e-09
0.06579332246575682 2.841804848174906e-09
0.07220809018385467 2.149721151711266e-09
0.07924828983539177 1.6261852157380732e-09
0.08697490026177834 1.2301494795173663e-09
0.09545484566618342 9.305629686653014e-10
0.10476157527896651 7.039367597756677e-10
0.11497569953977368 5.325023436879239e-10
0.1261856883066021 4.028184948368061e-10
0.1384886371393873 3.0471741900479785e-10
0.15199110829529347 2.3050755274422703e-10
0.1668100537200059 1.7437051037537238e-10
0.18307382802953698 1.3190489650595282e-10
0.2009233002565048 9.978121693164218e-11
0.22051307399030456 7.548083138756041e-11
0.24201282647943834 5.709848087802371e-11
0.26560877829466867 4.319290684330422e-11
0.29150530628251786 3.267385003744295e-11
0.31992671377973847 2.4716569323345053e-11
0.35111917342151344 1.8697178276072237e-11
0.3853528593710531 1.414372969459974e-11
0.4229242874389499 1.0699212828810147e-11
0.4641588833612782 8.093562138696883e-12
0.5094138014816381 6.122482947208809e-12
0.5590810182512228 4.631433823142041e-12
0.6135907273413176 3.5035098412030883e-12
0.6734150657750828 2.6502767125968726e-12
0.7390722033525783 2.0048371409515756e-12
0.8111308307896873 1.5165857748493391e-12
0.8902150854450392 1.1472415217645444e-12
0.9770099572992257 8.678461390628444e-13
1.0722672220103242 6.564937781609155e-13
1.1768119524349991 4.966134679465169e-13
1.291549665014884 3.7566987647126677e-13
1.4174741629268062 2.8418048481749037e-13
1.5556761439304723 2.149721151711267e-13
1.7073526474706922 1.6261852157380712e-13
1.873817422860385 1.2301494795173647e-13
2.0565123083486534 9.305629686652994e-14
2.2570197196339215 7.039367597756669e-14
2.4770763559917115 5.3250234368792494e-14
2.718588242732943 4.0281849483680555e-14
2.9836472402833403 3.047174190047975e-14
3.2745491628777317 2.305075527442268e-14
3.5938136638046294 1.7437051037537214e-14
3.94420605943766 1.3190489650595273e-14
4.328761281083062 9.978121693164204e-15
4.750810162102798 7.548083138756032e-15
5.21400828799969 5.709848087802366e-15
5.72236765935022 4.319290684330418e-15
6.280291441834259 3.2673850037442925e-15
6.892612104349702 2.471656932334504e-15
7.56463327554629 1.8697178276072274e-15
8.302175681319753 1.414372969459972e-15
9.111627561154895 1.069921282881014e-15
10.0 8.093562138696899e-16
