0.03478828601491897 0.010218849532196988
0.03480316392196772 0.0071951397911948845
0.034616891349996994 0.004853042757611021
0.03483658648417454 0.0032734097252158163
0.035255240776227506 0.002659731851145577
0.03673730153417018 0.002161243810976319
0.03919362348435186 0.0015439115377757005
0.04591802611864184 0.0010343011730846196
0.050726953713688114 0.0008711982460769909
0.05702610944013182 0.0007883125919248269
0.06447887946133489 0.0007553725063894976
0.07683918670868035 0.0007665678454534747
0.08485903966851432 0.0008415307904037171
0.09208975951077547 0.0008977069607123416
0.1023182138611291 0.0008358771858262323
0.11501983812123244 0.0007783263259881284
0.12853439313148465 0.0007729658059308455
0.14875972383522026 0.0007900066163381316
0.16525513779198622 0.0008427874280281472
0.1923414629342897 0.0010155735868917224
0.21238870781799796 0.0012412877614202318
0.23314606879699437 0.0015837423520760527
0.26045833941597046 0.0020352749425813755
0.2944078368718988 0.0025056265627748588
0.3176065059275292 0.002850757266773423
0.34461818548724593 0.003434672826521383
0.3872768741228637 0.004138515780673748
0.4105330179926708 0.004674788997865511
0.4152709391527736 0.005591257434364892
0.41740350411538235 0.010129757437943943