0.1498774884721361 0.0013731464683072584
0.23806308839237406 0.001170973213343834
0.2399733127439586 0.0005300654259667882
0.29957045792664727 0.0012544019397114857
0.3179215938091028 0.0010390071387332968
0.346027855991883 0.0017561169103282124
0.36424539294000435 0.0016599848829077118
0.3839010073631658 0.0015387347193103326
0.40702753240358724 0.001397161655709717
0.4255347626707594 0.0012686643474818257
0.4475107570427508 0.0011362085231231415
0.4590868986376082 0.001038895400148306
0.47297912715641344 0.0009304931535353756
0.4903701709542132 0.0007465081206812734
0.4996473977246514 0.0006595036090574651
0.5089460896195007 0.0005439016338482053
0.5170835182837143 0.0004579221796685979
0.5229091530488623 0.00038820357142888343
0.5264380195020322 0.00031579720936320975
0.5334485291346679 0.00024313115190268647
0.5346570156390077 0.00020470935113221463
0.537024618861542 0.00017000221191840466
0.5405620713644764 0.0001345400399123384
0.547677760106726 0.0000739391666377231
0.5566866728220267 0.00015436553989043358
0.5577706616047826 0.00019370831290228807
0.5588525038750974 0.0002447564280108169
0.5622568726066834 0.00029674519557666083
0.5645021246200751 0.00036476526005350344
0.56792366545119 0.0004185617104546589
0.5701732104894638 0.0005074735132809166
0.5724270485526198 0.0006068639955535116
0.5758421498464115 0.0007108880852825369
0.5859937226845249 0.000832695189940658
0.5936406732559468 0.0009832548885604032
0.6012840463066338 0.0011744271472341533
0.6108539142732089 0.0013947261359474434
0.6194596404016559 0.00166588619389662
0.6251800960571899 0.00197843823616002
0.6309023404730915 0.0023361983356326626
0.6346963012127373 0.0027905125978501056
0.6471729047766367 0.0031113338498297226
0.7280069857877627 0.00314503882453604
0.7297510271461572 0.00025675112007635174
0.7643993154662615 0.0002537485955977241
0.8077213028087811 0.00024089793042588904
0.826006011286226 0.00024086022962881522
0.8291792721783202 0.002103553496026162
0.8407936932450437 0.0017013055428189991
0.8437916556211149 0.001192324339757188
0.84581653235722 0.000864867955832954
0.8497482276451698 0.000664350999075447
0.8526853721687431 0.0005658067650761182
0.8546708961767615 0.000465588805908538
0.859566733302839 0.0003555959321389739
0.8644464715856086 0.00028597010061888256
0.86835491298878 0.00023666706330732168
0.8751504136252319 0.00019585933831356173
0.8838688316568368 0.00016301724282227154
0.8935299264021586 0.00014451360174556874
0.9031856548663777 0.0001303328134157044
0.9176585150005008 0.00011553433377320162
0.9292264282976672 0.00010846225646947897
0.9295466164034647 0.0008495103975925321
0.9344102558429261 0.0007193531218018088
0.9363761034869009 0.0006304723221167641
0.9412486867282 0.0005187877198570516
0.9463233998910363 0.00022333073660936215
0.9528130225046314 0.000492648502814248
0.9537145577298938 0.0005986762648689306
0.9546053603929505 0.0007529855467676452
0.9593384203255779 0.0009690066278728693
0.9610180663107397 0.00009724145376650206
1.0168667425074507 0.00008766470323914329
1.1266018247776335 0.00008036512288963791
1.283456432650717 0.00008259128999485045
1.4961310965546297 0.00008387132047553021
1.4982704539542606 0.0009213055778411155
1.519433277863148 0.0009479267242619512
1.5386588742939422 0.0010152726100519493
1.5559561870484806 0.001099961885138974
1.5847766940909958 0.001291186673857687
1.6212763493915496 0.001614214752875852
1.6404786919375651 0.001862681591476768
1.6625716712375964 0.0021248353919079426
1.688505119046831 0.002494292739286189
1.7134619036953644 0.003065439621935384
1.7952583377842506 0.0030986219008727924
1.8847571740159543 0.0030962489811891675
2.0002395433471847 0.003093189834252569
2.0772242120472697 0.003126801282428941
2.089779521067343 0.0027089744742691537
2.103302549446278 0.0023069389596018157
2.1206642575740497 0.002033259034010091
2.1466907209223987 0.0017714839062984071
2.1698140261941585 0.0016251821146289445
2.1938943182625756 0.0015168168447601577
2.2179728215706254 0.0014238171057180547
2.245890004627511 0.0013832500225948632
2.2815095898272135 0.0013284298836440708
2.3094178290822605 0.0013281125744837201
2.3546537900180953 0.0013049590446551893
2.40180730206798 0.0013119326417613125
2.453770790746299 0.0013264725296913825
2.515352443921117 0.0013643288767719844
2.5778964501736956 0.0014032540509357453
2.6394745258277785 0.0014599467791483872
2.710670765978362 0.001545154219146802
2.7732022509083665 0.0016543170525300352
2.850169032004777 0.0017709732361181208
2.9107811770603638 0.001863786681770387
2.9617680025779816 0.0019729048468650656
3 0.0020530347362443684