0.17662337662337663 1
0.17402597402597403 0.00047154676482107777
0.2 0.00032492687907015853
0.1974025974025974 0.00010759340186633985
0.2246753246753247 0.00007872876979210127
0.24285714285714283 0.00007872876979210127
0.28571428571428575 0.00004868978009480606
0.34155844155844156 0.00007968028091899935
0.36233766233766235 0.00005424932449973843
0.3935064935064936 0.00006044367427717865
0.44025974025974024 0.000043178137006541656
0.44545454545454544 0.000044762679333859907
0.4467532467532468 1
0.6272727272727274 1
0.625974025974026 0.00015243685743705993
0.6311688311688313 0.00015243685743705993
0.703896103896104 0.0005512528611128497
0.7727272727272728 0.00011154184223956747
0.8051948051948052 0.00009656708401133082
0.8662337662337662 0.00006044367427717865
0.8948051948051949 0.0001063085630345001
0.9077922077922078 0.00012730020922067958
0.9064935064935065 1
1.003896103896104 1
1.0025974025974027 0.0003798496461063782
1.0402597402597402 0.0005381657736128364
1.1233766233766234 0.0020916128020756356
1.1376623376623378 1