0.0014531482755665293 1
0.0005614858274161916 0.0033116780849871304
0.022077367188126834 0.0032264369926452204
0.05982711954975134 0.0032264369926452204
0.09040515770537488 0.0032687796929641707
0.13155534275037623 0.003443780818227785
0.16817481876927504 0.0035811531252862463
0.20404151596906428 0.0038725556583792393
0.24708288234568515 0.004354715970269722
0.284840760877094 0.005026282861016024
0.31844986036226247 0.006192219335205245
0.34413963802127406 0.00880507030930762
0.3513283433095513 0.011730243056092644
0.3547479833033274 0.01734526329316515
0.3551454268800506 0.024664220461549532
0.35554139297135845 0.03416874007141004
0.35671821010466703 1