0.0001 0.00122712
0.00010116 0.00121408
0.00010233 0.0012016
0.00010278 0.00119696
0.00010351 0.00118832
0.00010471 0.0011748
0.00010593 0.00116176
0.00010715 0.00114936
0.00010839 0.00113744
0.0001092 0.00113
0.00010965 0.00112536
0.00011092 0.0011124
0.0001122 0.0011
0.0001135 0.00108808
0.00011482 0.00107672
0.00011602 0.0010668
0.00011614 0.00106568
0.00011749 0.00105328
0.00011885 0.00104144
0.00012023 0.00103016
0.00012162 0.00101928
0.00012303 0.00100888
0.00012327 0.00100712
0.00012445 0.00099744
0.00012589 0.00098608
0.00012735 0.00097472
0.00012882 0.00096384
0.00013032 0.00095344
0.00013071 0.0009508
0.00013183 0.00094216
0.00013335 0.00093096
0.0001349 0.00092024
0.00013646 0.00090992
0.00013804 0.00090016
0.00013847 0.0008976
0.00013964 0.00088976
0.00014125 0.00087936
0.00014289 0.00086944
0.00014454 0.00086
0.00014622 0.00085112
0.00014695 0.00084744
0.00014791 0.00084176
0.00014962 0.00083216
0.00015136 0.00082296
0.00015311 0.00081416
0.00015488 0.00080568
0.00015613 0.0008
0.00015668 0.000797168
0.00015849 0.000787976
0.00016032 0.000779176
0.00016218 0.000770752
0.00016406 0.000762688
0.00016589 0.000755248
0.00016596 0.00075492
0.00016788 0.000746144
0.00016982 0.000737736
0.00017179 0.000729696
0.00017378 0.000722
0.00017579 0.00071444
0.00017618 0.000713
0.00017783 0.00070612
0.00017989 0.000697904
0.00018197 0.000690056
0.00018408 0.00068236
0.00018621 0.000675008
0.00018677 0.00067312
0.00018836 0.000667024
0.00019055 0.000659064
0.00019275 0.000651456
0.00019498 0.000644192
0.00019724 0.000637248
0.00019784 0.000635464
0.00019953 0.000629712
0.00020184 0.00062256
0.00020417 0.000615712
0.00020654 0.00060916
0.00020893 0.000602888
0.0002101 0.000599912
0.00021135 0.000596312
0.0002138 0.00058948
0.00021627 0.000582944
0.00021878 0.000576688
0.00022131 0.000570696
0.00022323 0.00056636
0.00022387 0.000564704
0.00022646 0.000558176
0.00022909 0.000551936
0.00023174 0.00054596
0.00023442 0.00054024
0.00023714 0.00053476
0.00023718 0.000534672
0.00023988 0.000528552
0.00024266 0.000522584
0.00024547 0.00051688
0.00024831 0.000511416
0.00025119 0.000506184
0.00025195 0.000504768
0.0002541 0.0005002
0.00025704 0.000494224
0.00026002 0.00048852
0.00026303 0.000483072
0.00026607 0.000477872
0.00026688 0.000476528
0.00026915 0.000472216
0.00027227 0.000466576
0.00027542 0.000461192
0.00027861 0.000456176
0.00028184 0.000451376
0.00028288 0.000449872
0.0002851 0.000446208
0.0002884 0.000441
0.00029174 0.000436144
0.00029512 0.000431496
0.00029854 0.00042704
0.00030039 0.000424704
0.000302 0.000422416
0.00030549 0.000417568
0.00030903 0.000412936
0.00031261 0.000408488
0.00031623 0.00040424
0.00031917 0.000400952
0.00031989 0.000400024
0.00032359 0.0003954
0.00032734 0.000390968
0.00033113 0.000386728
0.00033497 0.000382664
0.00033884 0.000378784
0.00033911 0.00037852
0.00034277 0.000374408
0.00034674 0.000370176
0.00035075 0.000366128
0.00035481 0.000362256
0.00035892 0.000358544
0.00036028 0.000357344
0.00036308 0.000354544
0.00036728 0.000350504
0.00037154 0.00034664
0.00037584 0.000342936
0.00038019 0.000339392
0.00038279 0.00033736
0.00038459 0.000335744
0.00038905 0.000331888
0.00039355 0.000328192
0.00039811 0.000324656
0.00040272 0.000321272
0.00040671 0.000318488
0.00040738 0.000317952
0.0004121 0.000314264
0.00041687 0.000310736
0.0004217 0.00030736
0.00042658 0.000304128
0.00043152 0.000301032
0.00043211 0.000300672
0.00043652 0.000297584
0.00044157 0.000294128
0.00044668 0.000290824
0.00045186 0.000287672
0.00045709 0.000284648
0.00045847 0.000283848
0.00046238 0.00028128
0.00046774 0.00027792
0.00047315 0.000274712
0.00047863 0.000271648
0.00048417 0.000268728
0.00048563 0.000267976
0.00048978 0.000265544
0.00049545 0.000262376
0.00050119 0.000259344
0.00050699 0.0002566
0.00051286 0.00025396
0.00051511 0.000252984
0.0005188 0.000251152
0.00052481 0.000248288
0.00053088 0.000245544
0.00053703 0.000242912
0.00054325 0.0002404
0.00054729 0.000238832
0.00054954 0.00023784
0.0005559 0.000235096
0.00056234 0.00023248
0.00056885 0.000229968
0.00057544 0.000227568
0.0005815 0.000225472
0.0005821 0.000225232
0.00058884 0.000222616
0.00059566 0.000220112
0.00060256 0.00021772
0.00060954 0.000215424
0.0006166 0.000213232
0.00061781 0.000212856
0.00062373 0.0002108
0.00063096 0.000208416
0.00063826 0.000206128
0.00064565 0.000203936
0.00065313 0.00020184
0.00065639 0.000200952
0.00066069 0.000199624
0.00066834 0.000197336
0.00067608 0.000195152
0.00068391 0.000193064
0.00069183 0.000191056
0.0006974 0.000189712
0.00069984 0.00018904
0.00070795 0.000186856
0.00071614 0.000184768
0.00072444 0.000182776
0.00073282 0.000180864
0.00074099 0.000179096
0.00074131 0.000179016
0.00074989 0.000176936
0.00075858 0.000174944
0.00076736 0.00017304
0.00077625 0.000171208
0.00078524 0.000169464
0.00078726 0.00016908
0.00079433 0.000167552
0.00080353 0.000165648
0.00081283 0.000163824
0.00082224 0.00016208
0.00083176 0.000160408
0.00083642 0.000159624
0.0008414 0.000158664
0.00085114 0.000156848
0.00086099 0.000155104
0.00087096 0.00015344
0.00088105 0.000151808
0.00088822 0.000150688
0.00089125 0.00015016
0.00090157 0.000148384
0.00091201 0.00014668
0.00092257 0.000145016
0.00093325 0.000143432
0.00094147 0.000142264
0.00094406 0.000141848
0.00095499 0.00014012
0.00096605 0.00013848
0.00097724 0.000136904
0.00098855 0.000135408
0.00099725 0.000134304
0.001 0.000133912
0.0010116 0.00013236
0.0010233 0.00013088
0.0010351 0.000129464
0.0010471 0.000128112
0.0010593 0.000126808
0.0010594 0.000126792
0.0010715 0.000125336
0.0010839 0.00012392
0.0010965 0.000122568
0.0011092 0.000121272
0.001122 0.000120032
0.0011256 0.000119696
0.001135 0.000118688
0.0011482 0.000117336
0.0011614 0.00011604
0.0011749 0.000114808
0.0011885 0.000113624
0.0011959 0.000113
0.0012023 0.000112392
0.0012162 0.000111104
0.0012303 0.000109872
0.0012445 0.000108688
0.0012589 0.000107552
0.0012706 0.00010668
0.0012735 0.000106432
0.0012882 0.0001052
0.0013032 0.000104024
0.0013183 0.000102896
0.0013335 0.000101816
0.001349 0.000100784
0.00135 0.000100712
0.0013646 9.9616e-05
0.0013804 9.8496e-05
0.0013964 9.7416e-05
0.0014125 9.6384e-05
0.0014289 9.54e-05
0.0014343 9.508e-05
0.0014454 9.4336e-05
0.0014622 9.3256e-05
0.0014791 9.2232e-05
0.0014962 9.124e-05
0.0015136 9.0304e-05
0.0015239 8.976e-05
0.0015311 8.9328e-05
0.0015488 8.8304e-05
0.0015668 8.732e-05
0.0015849 8.6384e-05
0.0016032 8.548e-05
0.0016191 8.4744e-05
0.0016218 8.4592e-05
0.0016406 8.3616e-05
0.0016596 8.268e-05
0.0016788 8.1776e-05
0.0016982 8.092e-05
0.0017179 8.0096e-05
0.0017202 8e-05
0.0017378 7.91768e-05
0.0017579 7.828e-05
0.0017783 7.74224e-05
0.0017989 7.66016e-05
0.0018197 7.58152e-05
0.0018276 7.55248e-05
0.0018408 7.4976e-05
0.0018621 7.412e-05
0.0018836 7.33008e-05
0.0019055 7.25168e-05
0.0019275 7.17664e-05
0.0019418 7.13e-05
0.0019498 7.1e-05
0.0019724 7.01824e-05
0.0019953 6.94e-05
0.0020184 6.86512e-05
0.0020417 6.79344e-05
0.0020631 6.7312e-05
0.0020654 6.72368e-05
0.0020893 6.6456e-05
0.0021135 6.57088e-05
0.002138 6.49936e-05
0.0021627 6.43096e-05
0.0021878 6.36536e-05
0.002192 6.35464e-05
0.0022131 6.29288e-05
0.0022387 6.22152e-05
0.0022646 6.15328e-05
0.0022909 6.08784e-05
0.0023174 6.02528e-05
0.0023288 5.99912e-05
0.0023442 5.95904e-05
0.0023714 5.89088e-05
0.0023988 5.82568e-05
0.0024266 5.76328e-05
0.0024547 5.70352e-05
0.0024743 5.6636e-05
0.0024831 5.64304e-05
0.0025119 5.578e-05
0.002541 5.51568e-05
0.0025704 5.45608e-05
0.0026002 5.39904e-05
0.0026289 5.34672e-05
0.0026303 5.34392e-05
0.0026607 5.28176e-05
0.0026915 5.22232e-05
0.0027227 5.16536e-05
0.0027542 5.11088e-05
0.0027861 5.06008e-05
0.0027941 5.04768e-05
0.0028184 5.00456e-05
0.002851 4.94904e-05
0.002884 4.89592e-05
0.0029174 4.84632e-05
0.0029512 4.79872e-05
0.002976 4.76528e-05
0.0029854 4.7508e-05
0.00302 4.6988e-05
0.0030549 4.6488e-05
0.0030903 4.60096e-05
0.0031261 4.55496e-05
0.0031623 4.51088e-05
0.0031719 4.49872e-05
0.0031989 4.46016e-05
0.0032359 4.40944e-05
0.0032734 4.36088e-05
0.0033113 4.3144e-05
0.0033497 4.26984e-05
0.00337 4.24704e-05
0.0033884 4.22352e-05
0.0034277 4.17512e-05
0.0034674 4.12872e-05
0.0035075 4.08432e-05
0.0035481 4.04184e-05
0.0035805 4.00952e-05
0.0035892 3.9996e-05
0.0036308 3.95328e-05
0.0036728 3.90904e-05
0.0037154 3.86664e-05
0.0037584 3.82608e-05
0.0038019 3.7872e-05
0.0038042 3.7852e-05
0.0038459 3.74336e-05
0.0038905 3.70112e-05
0.0039355 3.66064e-05
0.0039811 3.62184e-05
0.0040272 3.5848e-05
0.0040416 3.57344e-05
0.0040738 3.54472e-05
0.004121 3.50432e-05
0.0041687 3.46568e-05
0.004217 3.42864e-05
0.0042658 3.3932e-05
0.0042939 3.3736e-05
0.0043152 3.35664e-05
0.0043652 3.31808e-05
0.0044157 3.28112e-05
0.0044668 3.24584e-05
0.0045186 3.212e-05
0.0045621 3.18488e-05
0.0045709 3.17864e-05
0.0046238 3.14176e-05
0.0046774 3.10656e-05
0.0047315 3.0728e-05
0.0047863 3.04048e-05
0.0048417 3.0096e-05
0.0048469 3.00672e-05
0.0048978 2.97496e-05
0.0049545 2.94128e-05
0.0050119 2.90904e-05
0.0050699 2.87976e-05
0.0051286 2.85168e-05
0.0051571 2.83848e-05
0.005188 2.82224e-05
0.0052481 2.79152e-05
0.0053088 2.762e-05
0.0053703 2.73376e-05
0.0054325 2.70664e-05
0.0054954 2.68064e-05
0.0054976 2.67976e-05
0.005559 2.6504e-05
0.0056234 2.6212e-05
0.0056885 2.5932e-05
0.0057544 2.5664e-05
0.005821 2.54e-05
0.0058475 2.52984e-05
0.0058884 2.51192e-05
0.0059566 2.4832e-05
0.0060256 2.45576e-05
0.0060954 2.42944e-05
0.006166 2.40424e-05
0.0062125 2.38832e-05
0.0062373 2.37864e-05
0.0063096 2.3512e-05
0.0063826 2.32496e-05
0.0064565 2.29984e-05
0.0065313 2.27576e-05
0.0066003 2.25472e-05
0.0066069 2.2524e-05
0.0066834 2.22624e-05
0.0067608 2.2012e-05
0.0068391 2.1772e-05
0.0069183 2.15424e-05
0.0069984 2.1328e-05
0.0070146 2.12856e-05
0.0070795 2.1092e-05
0.0071614 2.08584e-05
0.0072444 2.06344e-05
0.0073282 2.04256e-05
0.0074131 2.02256e-05
0.0074704 2.00952e-05
0.0074989 2.00216e-05
0.0075858 1.98024e-05
0.0076736 1.9592e-05
0.0077625 1.93896e-05
0.0078524 1.9196e-05
0.0079433 1.90104e-05
0.007962 1.89712e-05
0.0080353 1.87952e-05
0.0081283 1.85808e-05
0.0082224 1.83768e-05
0.0083176 1.81808e-05
0.008414 1.79936e-05
0.0084584 1.79096e-05
0.0085114 1.7796e-05
0.0086099 1.7592e-05
0.0087096 1.73968e-05
0.0088105 1.72144e-05
0.0089125 1.704e-05
0.0089934 1.6908e-05
0.0090157 1.68664e-05
0.0091201 1.6676e-05
0.0092257 1.64984e-05
0.0093325 1.6328e-05
0.0094406 1.6164e-05
0.0095499 1.60072e-05
0.0095822 1.59624e-05
0.0096605 1.58368e-05
0.0097724 1.56656e-05
0.0098855 1.55008e-05
0.01 1.53424e-05
0.010116 1.51912e-05
0.010213 1.50688e-05
0.010233 1.50416e-05
0.010351 1.4876e-05
0.010471 1.47168e-05
0.010593 1.4564e-05
0.010715 1.44176e-05
0.010839 1.42776e-05
0.010886 1.42264e-05
0.010965 1.41272e-05
0.011092 1.39736e-05
0.01122 1.38256e-05
0.01135 1.36768e-05
0.011482 1.35344e-05
0.011582 1.34304e-05
0.011614 1.33912e-05
0.011749 1.32368e-05
0.011885 1.3088e-05
0.012023 1.29456e-05
0.012162 1.28096e-05
0.012303 1.26792e-05
0.012303 1.26792e-05
0.012445 1.25312e-05
0.012589 1.23904e-05
0.012735 1.22616e-05
0.012882 1.21376e-05
0.013032 1.20192e-05
0.013095 1.19696e-05
0.013183 1.18928e-05
0.013335 1.17624e-05
0.01349 1.16384e-05
0.013646 1.15192e-05
0.013804 1.14048e-05
0.013955 1.13e-05
0.013964 1.12936e-05
0.014125 1.11688e-05
0.014289 1.10488e-05
0.014454 1.09336e-05
0.014622 1.08224e-05
0.014791 1.07168e-05
0.014871 1.0668e-05
0.014962 1.06048e-05
0.015136 1.04888e-05
0.015311 1.03776e-05
0.015488 1.02712e-05
0.015668 1.01688e-05
0.015849 1.0072e-05
0.015851 1.00712e-05
0.016032 9.9664e-06
0.016218 9.864e-06
0.016406 9.7656e-06
0.016596 9.6712e-06
0.016788 9.58e-06
0.016948 9.508e-06
0.016982 9.4904e-06
0.017179 9.3912e-06
0.017378 9.2952e-06
0.017579 9.2032e-06
0.017783 9.1152e-06
0.017989 9.0304e-06
0.018124 8.976e-06
0.018197 8.9432e-06
0.018408 8.8496e-06
0.018621 8.76e-06
0.018836 8.6736e-06
0.019055 8.5904e-06
0.019275 8.5112e-06
0.01938 8.4744e-06
0.019498 8.4264e-06
0.019724 8.3392e-06
0.019953 8.2552e-06
0.020184 8.1736e-06
0.020417 8.096e-06
0.020654 8.0208e-06
0.020722 8e-06
0.020893 7.93944e-06
0.021135 7.8572e-06
0.02138 7.77808e-06
0.021627 7.70208e-06
0.021878 7.62896e-06
0.022131 7.55872e-06
0.022154 7.55248e-06
0.022387 7.48192e-06
0.022646 7.40856e-06
0.022909 7.33776e-06
0.023174 7.2696e-06
0.023442 7.204e-06
0.023714 7.14104e-06
0.023762 7.13e-06
0.023988 7.0712e-06
0.024266 7.00192e-06
0.024547 6.9352e-06
0.024831 6.87088e-06
0.025119 6.80888e-06
0.02541 6.74912e-06
0.025499 6.7312e-06
0.025704 6.68416e-06
0.026002 6.61824e-06
0.026303 6.55472e-06
0.026607 6.49352e-06
0.026915 6.43456e-06
0.027227 6.37776e-06
0.027357 6.35464e-06
0.027542 6.31704e-06
0.027861 6.2544e-06
0.028184 6.194e-06
0.02851 6.13584e-06
0.02884 6.07976e-06
0.029174 6.02576e-06
0.029344 5.99912e-06
0.029512 5.96888e-06
0.029854 5.90928e-06
0.0302 5.85184e-06
0.030549 5.79656e-06
0.030903 5.74328e-06
0.031261 5.69192e-06
0.031465 5.6636e-06
0.031623 5.63848e-06
0.031989 5.58184e-06
0.032359 5.52728e-06
0.032734 5.47464e-06
0.033113 5.424e-06
0.033497 5.3752e-06
0.033728 5.34672e-06
0.033884 5.32472e-06
0.034277 5.27088e-06
0.034674 5.21904e-06
0.035075 5.16912e-06
0.035481 5.12312e-06
0.035892 5.07896e-06
0.036194 5.04768e-06
0.036308 5.03408e-06
0.036728 4.98512e-06
0.037154 4.93784e-06
0.037584 4.8928e-06
0.038019 4.84928e-06
0.038459 4.80728e-06
0.038905 4.76672e-06
0.03892 4.76528e-06
0.039355 4.7204e-06
0.039811 4.67544e-06
0.040272 4.63208e-06
0.040738 4.59016e-06
0.04121 4.54968e-06
0.041687 4.51064e-06
0.041836 4.49872e-06
0.04217 4.46808e-06
0.042658 4.4248e-06
0.043152 4.38304e-06
0.043652 4.34272e-06
0.044157 4.304e-06
0.044668 4.26816e-06
0.044979 4.24704e-06
0.045186 4.23104e-06
0.045709 4.1912e-06
0.046238 4.15264e-06
0.046774 4.11552e-06
0.047315 4.08e-06
0.047863 4.04568e-06
0.048417 4.0124e-06
0.048466 4.00952e-06
0.048978 3.97472e-06
0.049545 3.93768e-06
0.050119 3.90192e-06
0.050699 3.86728e-06
0.051286 3.83376e-06
0.05188 3.80128e-06
0.052183 3.7852e-06
0.052481 3.76704e-06
0.053088 3.73096e-06
0.053703 3.69608e-06
0.054325 3.66232e-06
0.054954 3.6296e-06
0.05559 3.59776e-06
0.05609 3.57344e-06
0.056234 3.56536e-06
0.056885 3.52984e-06
0.057544 3.49576e-06
0.05821 3.46272e-06
0.058884 3.43008e-06
0.059566 3.39728e-06
0.060075 3.3736e-06
0.060256 3.36392e-06
0.060954 3.32776e-06
0.06166 3.29304e-06
0.062373 3.26064e-06
0.063096 3.23104e-06
0.063826 3.2024e-06
0.064284 3.18488e-06
0.064565 3.17264e-06
0.065313 3.14064e-06
0.066069 3.10984e-06
0.066834 3.08032e-06
0.067608 3.05144e-06
0.068391 3.02328e-06
0.068861 3.00672e-06
0.069183 2.99376e-06
0.069984 2.96248e-06
0.070795 2.93248e-06
0.071614 2.90336e-06
0.072444 2.87504e-06
0.073282 2.8476e-06
0.073567 2.83848e-06
0.074131 2.81792e-06
0.074989 2.78768e-06
0.075858 2.7584e-06
0.076736 2.72992e-06
0.077625 2.70232e-06
0.07838 2.67976e-06
0.078524 2.6748e-06
0.079433 2.644e-06
0.080353 2.614e-06
0.081283 2.58504e-06
0.082224 2.55688e-06
0.083166 2.52984e-06
0.083176 2.52944e-06
0.08414 2.498e-06
0.085114 2.46744e-06
0.086099 2.43776e-06
0.087096 2.40904e-06
0.08785 2.38832e-06
0.088105 2.3804e-06
0.089125 2.34912e-06
0.090157 2.3188e-06
0.091201 2.2892e-06
0.092257 2.2604e-06
0.092468 2.25472e-06
0.093325 2.22856e-06
0.094406 2.19672e-06
0.095499 2.16568e-06
0.096605 2.13544e-06
0.096854 2.12856e-06
0.097724 2.10176e-06
0.098855 2.06776e-06
0.1 2.03472e-06
0.10089 2.00952e-06
0.10116 2.0012e-06
0.10233 1.964e-06
0.10351 1.92784e-06
0.10455 1.89712e-06
0.10471 1.89192e-06
0.10593 1.85136e-06
0.10715 1.81224e-06
0.10781 1.79096e-06
0.10839 1.7708e-06
0.10965 1.72752e-06
0.11074 1.6908e-06
0.11092 1.68448e-06
0.1122 1.63672e-06
0.11332 1.59624e-06
0.1135 1.58944e-06
0.11482 1.53656e-06
0.11555 1.50688e-06
0.11614 1.48208e-06
0.11749 1.42536e-06
0.11755 1.42264e-06
0.11885 1.3624e-06
0.11924 1.34304e-06
0.12023 1.29552e-06
0.12074 1.26792e-06
0.12162 1.22336e-06
0.12206 1.19696e-06
0.12303 1.14504e-06
0.12325 1.13e-06
0.12431 1.0668e-06
0.12445 1.05896e-06
0.12515 1.00712e-06
0.12589 9.6272e-07
0.12603 9.508e-07
0.12669 8.976e-07
0.12735 8.5568e-07
0.12743 8.4744e-07
0.1279 8e-07
0.12849 7.55248e-07
0.12882 7.33976e-07
0.12897 7.13e-07
0.12931 6.7312e-07
0.12972 6.35464e-07
0.13025 5.99912e-07
0.13032 5.95512e-07
0.13045 5.6636e-07
0.13064 5.34672e-07
0.13088 5.04768e-07
0.13118 4.76528e-07
0.13155 4.49872e-07
0.13183 4.33888e-07
0.13184 4.24704e-07
0.13189 4.00952e-07
0.13195 3.7852e-07
0.13203 3.57344e-07
0.13212 3.3736e-07
0.13224 3.18488e-07
0.13239 3.00672e-07
0.13258 2.83848e-07
0.13282 2.67976e-07
0.13312 2.52984e-07
0.13335 2.4336e-07
0.13335 2.38832e-07
0.13335 2.25472e-07
0.13335 2.12856e-07
0.13335 2.00952e-07
0.13335 1.89712e-07
0.13335 1.79096e-07
0.13335 1.6908e-07
0.13335 1.59624e-07
0.13335 1.50688e-07
0.13335 1.42264e-07
0.13335 1.34304e-07
0.13335 1.26792e-07
0.13335 1.19696e-07
0.13335 1.13e-07
0.13335 1.0668e-07
0.13335 1.00712e-07
0.13335 9.508e-08
0.13335 8.976e-08
0.13335 8.4744e-08
0.13335 8e-08
0.13335 7.55248e-08
0.13336 7.13e-08
0.13336 6.7312e-08
0.13336 6.35464e-08
0.13336 5.99912e-08
0.13336 5.6636e-08
0.13336 5.34672e-08
0.13336 5.04768e-08
0.13337 4.76528e-08
0.13337 4.49872e-08
0.13337 4.24704e-08
0.13338 4.00952e-08
0.13338 3.7852e-08
0.13339 3.57344e-08
0.1334 3.3736e-08
0.13341 3.18488e-08
0.13342 3.00672e-08
0.13344 2.83848e-08
0.13347 2.67976e-08
0.13349 2.52984e-08
0.13353 2.38832e-08
0.13357 2.25472e-08
0.13363 2.12856e-08
0.1337 2.00952e-08
0.13378 1.89712e-08
0.13389 1.79096e-08
0.13403 1.6908e-08
0.13421 1.59624e-08
0.13443 1.50688e-08
0.1347 1.42264e-08
0.1349 1.37376e-08
0.13509 1.42264e-08
0.13537 1.50688e-08
0.13559 1.59624e-08
0.13577 1.6908e-08
0.13591 1.79096e-08
0.13602 1.89712e-08
0.13611 2.00952e-08
0.13618 2.12856e-08
0.13623 2.25472e-08
0.13628 2.38832e-08
0.13632 2.52984e-08
0.13634 2.67976e-08
0.13637 2.83848e-08
0.13638 3.00672e-08
0.1364 3.18488e-08
0.13641 3.3736e-08
0.13642 3.57344e-08
0.13643 3.7852e-08
0.13643 4.00952e-08
0.13644 4.24704e-08
0.13644 4.49872e-08
0.13645 4.76528e-08
0.13645 5.04768e-08
0.13645 5.34672e-08
0.13645 5.6636e-08
0.13645 5.99912e-08
0.13645 6.35464e-08
0.13645 6.7312e-08
0.13646 7.13e-08
0.13646 7.55248e-08
0.13646 8e-08
0.13646 8.4744e-08
0.13646 8.976e-08
0.13646 9.508e-08
0.13646 1.00712e-07
0.13646 1.0668e-07
0.13646 1.13e-07
0.13646 1.19696e-07
0.13646 1.26792e-07
0.13646 1.34304e-07
0.13646 1.42264e-07
0.13646 1.50688e-07
0.13646 1.59624e-07
0.13646 1.6908e-07
0.13646 1.79096e-07
0.13646 1.89712e-07
0.13646 2.00952e-07
0.13646 2.12856e-07
0.13646 2.25472e-07
0.13646 2.38832e-07
0.13646 2.52984e-07
0.13646 2.67976e-07
0.13646 2.69864e-07
0.13675 2.83848e-07
0.13702 3.00672e-07
0.13724 3.18488e-07
0.13741 3.3736e-07
0.13755 3.57344e-07
0.13766 3.7852e-07
0.13775 4.00952e-07
0.13782 4.24704e-07
0.13787 4.49872e-07
0.13792 4.76528e-07
0.13796 5.04768e-07
0.13798 5.34672e-07
0.13801 5.6636e-07
0.13803 5.99912e-07
0.13804 6.30632e-07
0.13809 6.35464e-07
0.13844 6.7312e-07
0.13873 7.13e-07
0.13895 7.55248e-07
0.13913 8e-07
0.13927 8.4744e-07
0.13938 8.976e-07
0.13947 9.508e-07
0.13955 1.00712e-06
0.1396 1.0668e-06
0.13964 1.1072e-06
0.13978 1.13e-06
0.14014 1.19696e-06
0.14043 1.26792e-06
0.14065 1.34304e-06
0.14084 1.42264e-06
0.14098 1.50688e-06
0.1411 1.59624e-06
0.14119 1.6908e-06
0.14125 1.77176e-06
0.14133 1.79096e-06
0.14172 1.89712e-06
0.14203 2.00952e-06
0.14227 2.12856e-06
0.14246 2.25472e-06
0.14262 2.38832e-06
0.14274 2.52984e-06
0.14284 2.67976e-06
0.14289 2.76352e-06
0.14308 2.83848e-06
0.14344 3.00672e-06
0.14372 3.18488e-06
0.14395 3.3736e-06
0.14413 3.57344e-06
0.14428 3.7852e-06
0.14439 4.00952e-06
0.14449 4.24704e-06
0.14454 4.42112e-06
0.14466 4.49872e-06
0.14502 4.76528e-06
0.1453 5.04768e-06
0.14553 5.34672e-06
0.14571 5.6636e-06
0.14585 5.99912e-06
0.14597 6.35464e-06
0.14606 6.7312e-06
0.14613 7.13e-06
0.14619 7.55248e-06
0.14622 7.7648e-06
0.14641 8e-06
0.14672 8.4744e-06
0.14697 8.976e-06
0.14717 9.508e-06
0.14733 1.00712e-05
0.14746 1.0668e-05
0.14757 1.13e-05
0.14765 1.19696e-05
0.14771 1.26792e-05
0.14777 1.34304e-05
0.14781 1.42264e-05
0.14784 1.50688e-05
0.14787 1.59624e-05
0.14789 1.6908e-05
0.14791 1.79096e-05
0.14791 1.81624e-05
0.14818 1.89712e-05
0.14847 2.00952e-05
0.1487 2.12856e-05
0.14889 2.25472e-05
0.14903 2.38832e-05
0.14915 2.52984e-05
0.14925 2.67976e-05
0.14932 2.83848e-05
0.14938 3.00672e-05
0.14943 3.18488e-05
0.14947 3.3736e-05
0.1495 3.57344e-05
0.14953 3.7852e-05
0.14954 4.00952e-05
0.14956 4.24704e-05
0.14957 4.49872e-05
0.14958 4.76528e-05
0.14959 5.04768e-05
0.1496 5.34672e-05
0.1496 5.6636e-05
0.14961 5.99912e-05
0.14961 6.35464e-05
0.14961 6.7312e-05
0.14961 7.13e-05
0.14962 7.55248e-05
0.14962 8e-05
0.14962 8.4744e-05
0.14962 8.976e-05
0.14962 9.508e-05
0.14962 0.000100712
0.14962 0.00010668
0.14962 0.000113
0.14962 0.000119696
0.14962 0.000126792
0.14962 0.000134304
0.14962 0.000142264
0.14962 0.000150688
0.14962 0.000159624
0.14962 0.00016908
0.14962 0.000179096
0.14962 0.000189712
0.14962 0.000200952
0.14962 0.000212856
0.14962 0.000225472
0.14962 0.000238832
0.14962 0.000252984
0.14962 0.000267976
0.14962 0.000283848
0.14962 0.000300672
0.14962 0.000318488
0.14962 0.00033736
0.14962 0.000349576
0.14962 0.00033736
0.14962 0.000318488
0.14962 0.000300672
0.14962 0.000283848
0.14962 0.000267976
0.14962 0.000252984
0.14962 0.000238832
0.14962 0.000225472
0.14962 0.000212856
0.14962 0.000200952
0.14962 0.000189712
0.14962 0.000179096
0.14962 0.00016908
0.14962 0.000159624
0.14963 0.000150688
0.14963 0.000142264
0.14963 0.000134304
0.14963 0.000126792
0.14963 0.000119696
0.14963 0.000113
0.14963 0.00010668
0.14963 0.000100712
0.14963 9.508e-05
0.14963 8.976e-05
0.14963 8.4744e-05
0.14963 8e-05
0.14964 7.55248e-05
0.14964 7.13e-05
0.14964 6.7312e-05
0.14964 6.35464e-05
0.14965 5.99912e-05
0.14966 5.6636e-05
0.14966 5.34672e-05
0.14967 5.04768e-05
0.14968 4.76528e-05
0.1497 4.49872e-05
0.14972 4.24704e-05
0.14974 4.00952e-05
0.14977 3.7852e-05
0.14981 3.57344e-05
0.14985 3.3736e-05
0.14991 3.18488e-05
0.14998 3.00672e-05
0.15007 2.83848e-05
0.15019 2.67976e-05
0.15033 2.52984e-05
0.15051 2.38832e-05
0.15073 2.25472e-05
0.15101 2.12856e-05
0.15136 2.01136e-05
0.15136 2.00952e-05
0.15141 1.89712e-05
0.15147 1.79096e-05
0.15156 1.6908e-05
0.15166 1.59624e-05
0.15178 1.50688e-05
0.15194 1.42264e-05
0.15214 1.34304e-05
0.15239 1.26792e-05
0.15271 1.19696e-05
0.1531 1.13e-05
0.15311 1.12888e-05
0.15329 1.0668e-05
0.15352 1.00712e-05
0.1538 9.508e-06
0.15416 8.976e-06
0.15462 8.4744e-06
0.15488 8.2232e-06
0.15505 8e-06
0.15545 7.55248e-06
0.15595 7.13e-06
0.15658 6.7312e-06
0.15668 6.67496e-06
0.15715 6.35464e-06
0.15783 5.99912e-06
0.15849 5.72888e-06
0.15864 5.6636e-06
0.15947 5.34672e-06
0.16032 5.09248e-06
0.16048 5.04768e-06
0.16156 4.76528e-06
0.16218 4.6292e-06
0.16283 4.49872e-06
0.16406 4.28232e-06
0.16429 4.24704e-06
0.16596 4.00992e-06
0.16596 4.00952e-06
0.16788 3.78704e-06
0.1679 3.7852e-06
0.16982 3.6004e-06
0.17016 3.57344e-06
0.17179 3.44256e-06
0.17282 3.3736e-06
0.17378 3.3088e-06
0.17579 3.19344e-06
0.17596 3.18488e-06
0.17783 3.08608e-06
0.17965 3.00672e-06
0.17989 2.99576e-06
0.18197 2.9092e-06
0.18402 2.83848e-06
0.18408 2.8364e-06
0.18621 2.766e-06
0.18836 2.70504e-06
0.18937 2.67976e-06
0.19055 2.64776e-06
0.19275 2.59344e-06
0.19498 2.54552e-06
0.19577 2.52984e-06
0.19724 2.49776e-06
0.19953 2.45232e-06
0.20184 2.41136e-06
0.20325 2.38832e-06
0.20417 2.37168e-06
0.20654 2.332e-06
0.20893 2.29696e-06
0.21135 2.26504e-06
0.21218 2.25472e-06
0.2138 2.23232e-06
0.21627 2.20056e-06
0.21878 2.17096e-06
0.22131 2.1432e-06
0.22271 2.12856e-06
0.22387 2.11504e-06
0.22646 2.08616e-06
0.22909 2.05912e-06
0.23174 2.03352e-06
0.23441 2.00952e-06
0.23442 2.00936e-06
0.23714 1.98256e-06
0.23988 1.95752e-06
0.24266 1.93392e-06
0.24547 1.912e-06
0.24752 1.89712e-06
0.24831 1.89064e-06
0.25119 1.86784e-06
0.2541 1.84624e-06
0.25704 1.82552e-06
0.26002 1.806e-06
0.26245 1.79096e-06
0.26303 1.78696e-06
0.26607 1.76616e-06
0.26915 1.74608e-06
0.27227 1.7268e-06
0.27542 1.70792e-06
0.27839 1.6908e-06
0.27861 1.68936e-06
0.28184 1.66848e-06
0.2851 1.6484e-06
0.2884 1.6292e-06
0.29174 1.6104e-06
0.29425 1.59624e-06
0.29512 1.5908e-06
0.29854 1.5708e-06
0.302 1.55096e-06
0.30549 1.53224e-06
0.30903 1.51568e-06
0.31089 1.50688e-06
0.31261 1.49792e-06
0.31623 1.47904e-06
0.31989 1.46056e-06
0.32359 1.44304e-06
0.32734 1.42664e-06
0.3283 1.42264e-06
0.33113 1.40936e-06
0.33497 1.39312e-06
0.33884 1.37592e-06
0.34277 1.35864e-06
0.34655 1.34304e-06
0.34674 1.34224e-06
0.35075 1.32368e-06
0.35481 1.30544e-06
0.35892 1.2896e-06
0.36308 1.27208e-06
0.36397 1.26792e-06
0.36728 1.25112e-06
0.37154 1.22816e-06
0.37584 1.20736e-06
0.37805 1.19696e-06
0.38019 1.18632e-06
0.38459 1.16672e-06
0.38905 1.14448e-06
0.39224 1.13e-06
0.39355 1.12384e-06
0.39811 1.10288e-06
0.40272 1.0824e-06
0.40671 1.0668e-06
0.40738 1.064e-06
0.4121 1.04288e-06
0.41687 1.02112e-06
0.41967 1.00712e-06
0.4217 9.9664e-07
0.42658 9.86e-07
0.43152 9.7184e-07
0.43652 9.5344e-07
0.43691 9.508e-07
0.44157 9.2048e-07
0.44668 9.2272e-07
0.45186 9.1984e-07
0.45625 8.976e-07
0.45709 8.9336e-07
0.45821 8.976e-07
0.46238 9.1968e-07
0.46608 9.508e-07
0.46774 9.7336e-07
0.46943 1.00712e-06
0.47055 1.0668e-06
0.47058 1.13e-06
0.47023 1.19696e-06
0.46905 1.26792e-06
0.46775 1.34304e-06
0.46774 1.344e-06
0.46673 1.42264e-06
0.46502 1.50688e-06
0.46356 1.59624e-06
0.46238 1.65144e-06
0.46185 1.6908e-06
0.46073 1.79096e-06
0.4593 1.89712e-06
0.4578 2.00952e-06
0.45709 2.05712e-06
0.45507 2.12856e-06
0.45186 2.2428e-06
0.45171 2.25472e-06
0.45003 2.38832e-06
0.44812 2.52984e-06
0.44668 2.62368e-06
0.44621 2.67976e-06
0.44487 2.83848e-06
0.44307 3.00672e-06
0.44157 3.15272e-06
0.44008 3.18488e-06
0.43652 3.25792e-06
0.43471 3.3736e-06
0.43152 3.5612e-06
0.43138 3.57344e-06
0.42889 3.7852e-06
0.42658 3.94936e-06
0.42608 4.00952e-06
0.42417 4.24704e-06
0.4217 4.48504e-06
0.42142 4.49872e-06
0.41687 4.75248e-06
0.41667 4.76528e-06
0.4126 5.04768e-06
0.4121 5.0816e-06
0.40877 5.34672e-06
0.40738 5.45072e-06
0.4049 5.6636e-06
0.40272 5.838e-06
0.40032 5.99912e-06
0.39811 6.15824e-06
0.39525 6.35464e-06
0.39355 6.48392e-06
0.38937 6.7312e-06
0.38905 6.75368e-06
0.38459 7.01824e-06
0.3834 7.13e-06
0.38019 7.44264e-06
0.37883 7.55248e-06
0.37584 7.82248e-06
0.37327 8e-06
0.37154 8.1432e-06
0.36728 8.3848e-06
0.36612 8.4744e-06
0.36308 8.752e-06
0.36084 8.976e-06
0.35892 9.1816e-06
0.35674 9.508e-06
0.35481 9.7808e-06
0.35234 1.00712e-05
0.35075 1.02648e-05
0.34705 1.0668e-05
0.34674 1.07088e-05
0.34277 1.12064e-05
0.3419 1.13e-05
0.33884 1.17104e-05
0.33662 1.19696e-05
0.33497 1.22088e-05
0.33241 1.26792e-05
0.33113 1.29336e-05
0.32811 1.34304e-05
0.32734 1.35712e-05
0.32359 1.41936e-05
0.32336 1.42264e-05
0.31989 1.4804e-05
0.31789 1.50688e-05
0.31623 1.53192e-05
0.31261 1.58352e-05
0.31179 1.59624e-05
0.30903 1.64536e-05
0.30677 1.6908e-05
0.30549 1.72128e-05
0.302 1.78416e-05
0.30157 1.79096e-05
0.29854 1.85288e-05
0.29575 1.89712e-05
0.29512 1.91056e-05
0.29174 1.98016e-05
0.29009 2.00952e-05
0.2884 2.05056e-05
0.2851 2.12224e-05
0.2848 2.12856e-05
0.28184 2.21152e-05
0.27996 2.25472e-05
0.27861 2.29592e-05
0.27542 2.38064e-05
0.27514 2.38832e-05
0.27227 2.48824e-05
0.27096 2.52984e-05
0.26915 2.59216e-05
0.2667 2.67976e-05
0.26607 2.70464e-05
0.26303 2.81184e-05
0.26231 2.83848e-05
0.26002 2.93824e-05
0.2579 3.00672e-05
0.25704 3.04504e-05
0.2541 3.15744e-05
0.25327 3.18488e-05
0.25119 3.28128e-05
0.24861 3.3736e-05
0.24831 3.38864e-05
0.24547 3.52672e-05
0.24418 3.57344e-05
0.24266 3.65192e-05
0.23988 3.76528e-05
0.23935 3.7852e-05
0.23714 3.906e-05
0.23464 4.00952e-05
0.23442 4.02144e-05
0.23174 4.17864e-05
0.23032 4.24704e-05
0.22909 4.31848e-05
0.22646 4.47928e-05
0.22611 4.49872e-05
0.22387 4.64184e-05
0.22189 4.76528e-05
0.22131 4.81056e-05
0.21878 4.98104e-05
0.21784 5.04768e-05
0.21627 5.18904e-05
0.21403 5.34672e-05
0.2138 5.37024e-05
0.21135 5.60888e-05
0.21068 5.6636e-05
0.20893 5.85976e-05
0.20743 5.99912e-05
0.20654 6.10968e-05
0.20417 6.34968e-05
0.20413 6.35464e-05
0.20184 6.654e-05
0.20114 6.7312e-05
0.19953 6.95896e-05
0.1981 7.13e-05
0.19724 7.25192e-05
0.19503 7.55248e-05
0.19498 7.56e-05
0.19275 7.88432e-05
0.19183 8e-05
0.19055 8.2e-05
0.1886 8.4744e-05
0.18836 8.5168e-05
0.18621 8.8704e-05
0.18558 8.976e-05
0.18408 9.2784e-05
0.1828 9.508e-05
0.18197 9.6984e-05
0.18004 0.000100712
0.17989 0.000101112
0.17783 0.00010624
0.17766 0.00010668
0.17579 0.000112128
0.17549 0.000113
0.17378 0.000118568
0.17351 0.000119696
0.17179 0.000126272
0.17169 0.000126792
0.17011 0.000134304
0.16982 0.000135616
0.16881 0.000142264
0.16788 0.00014692
0.16742 0.000150688
0.16596 0.000158896
0.16589 0.000159624
0.16495 0.00016908
0.16406 0.00017496
0.16379 0.000179096
0.16269 0.000189712
0.16218 0.000193888
0.16188 0.000200952
0.16095 0.000212856
0.16032 0.000218872
0.16016 0.000225472
0.1596 0.000238832
0.15849 0.000252272
0.15848 0.000252984
0.15826 0.000267976
0.15782 0.000283848
0.15672 0.000300672
0.15668 0.000301296
0.15659 0.000318488
0.15643 0.00033736
0.15606 0.000357344
0.15506 0.00037852
0.15488 0.000381656
0.15486 0.000400952
0.15482 0.000424704
0.15475 0.000449872
0.15456 0.000476528
0.15414 0.000504768
0.15311 0.000531336
0.15311 0.000534672
0.15311 0.00056636
0.1531 0.000599912
0.1531 0.000635464
0.15309 0.00067312
0.15308 0.000713
0.15305 0.000755248
0.153 0.0008
0.15286 0.00084744
0.15254 0.0008976
0.15163 0.0009508
0.15136 0.00096328
0.15134 0.00100712
0.15133 0.0010668
0.15134 0.00113
0.15134 0.00119696
0.15134 0.00126792
0.15135 0.00134304
0.15135 0.00142264
0.15135 0.00150688
0.15135 0.00159624
0.15135 0.0016908
0.15135 0.00179096
0.15135 0.00189712
0.15135 0.00200952
0.15135 0.00212856
0.15135 0.00225472
0.15135 0.00238832
0.15135 0.00252984
0.15135 0.00267976
0.15135 0.00283848
0.15136 0.00300672
0.15136 0.00318488
0.15136 0.0033736
0.15136 0.00357344
0.15136 0.0037852
0.15136 0.00400952
0.15136 0.00424704
0.15136 0.00449872
0.15136 0.00476528
0.15136 0.00504768
0.15136 0.00534672
0.15136 0.0056636
0.15136 0.00599912
0.15136 0.00635464
0.15136 0.0067312
0.15136 0.00713
0.15135 0.00755248
0.15135 0.008
0.15135 0.0084744
0.15135 0.008976
0.15135 0.009508
0.15135 0.0100712
0.15135 0.010668
0.15135 0.0113
0.15134 0.0119696
0.15133 0.0126792
0.1513 0.0134304
0.15124 0.0142264
0.15109 0.0150688
0.15075 0.0159624
0.14967 0.016908
0.14962 0.0169488
0.14958 0.016908
0.14851 0.0159624
0.14817 0.0150688
0.14803 0.0142264
0.14797 0.0134304
0.14794 0.0126792
0.14793 0.0119696
0.14792 0.0113
0.14792 0.010668
0.14792 0.0100712
0.14791 0.009508
0.14791 0.008976
0.14791 0.0084744
0.14791 0.008
0.14791 0.00755248
0.14791 0.00713
0.14791 0.0067312
0.14791 0.00635464
0.14791 0.00599912
0.14791 0.0056636
0.14791 0.00534672
0.14791 0.00504768
0.14791 0.00476528
0.14791 0.00449872
0.14791 0.00424704
0.14791 0.00400952
0.14791 0.0037852
0.14791 0.00357344
0.14791 0.0033736
0.14791 0.00318488
0.14791 0.00300672
0.14791 0.00283848
0.14791 0.00267976
0.14791 0.00252984
0.14791 0.00238832
0.14791 0.00225472
0.14791 0.00212856
0.14791 0.00200952
0.14791 0.00189712
0.14792 0.00179096
0.14792 0.0016908
0.14792 0.00159624
0.14792 0.00150688
0.14792 0.00142264
0.14792 0.00134304
0.14792 0.00126792
0.14793 0.00119696
0.14793 0.00113
0.14793 0.0010668
0.14794 0.00100712
0.14794 0.0009508
0.14792 0.0008976
0.14791 0.00089464
0.14686 0.00084744
0.1465 0.0008
0.14634 0.000755248
0.14628 0.000713
0.14625 0.00067312
0.14623 0.000635464
0.14623 0.000599912
0.14622 0.00056636
0.14622 0.000534672
0.14622 0.000504768
0.14622 0.000476528
0.14622 0.000449872
0.14622 0.000424704
0.14622 0.000400952
0.14622 0.000391016
0.14557 0.00037852
0.14496 0.000357344
0.14473 0.00033736
0.14463 0.000318488
0.14459 0.000300672
0.14457 0.000283848
0.14456 0.000267976
0.14455 0.000252984
0.14455 0.000238832
0.14454 0.000225472
0.14454 0.000224968
0.14347 0.000212856
0.14315 0.000200952
0.14301 0.000189712
0.14294 0.000179096
0.14292 0.00016908
0.1429 0.000159624
0.14289 0.000150688
0.14289 0.000143328
0.14275 0.000142264
0.14174 0.000134304
0.14147 0.000126792
0.14135 0.000119696
0.1413 0.000113
0.14128 0.00010668
0.14126 0.000100712
0.14126 9.508e-05
0.14125 9.388e-05
0.14038 8.976e-05
0.13993 8.4744e-05
0.13977 8e-05
0.1397 7.55248e-05
0.13967 7.13e-05
0.13965 6.7312e-05
0.13964 6.35464e-05
0.13964 5.99912e-05
0.13964 5.9588e-05
0.13866 5.6636e-05
0.13828 5.34672e-05
0.13815 5.04768e-05
0.13809 4.76528e-05
0.13806 4.49872e-05
0.13805 4.24704e-05
0.13805 4.00952e-05
0.13804 3.7852e-05
0.13804 3.57344e-05
0.13804 3.46344e-05
0.13754 3.3736e-05
0.1368 3.18488e-05
0.13661 3.00672e-05
0.13653 2.83848e-05
0.13649 2.67976e-05
0.13648 2.52984e-05
0.13647 2.38832e-05
0.13646 2.25472e-05
0.13646 2.12856e-05
0.13646 2.00952e-05
0.13646 1.89712e-05
0.13646 1.79096e-05
0.13646 1.6908e-05
0.13646 1.59624e-05
0.13646 1.508e-05
0.13645 1.50688e-05
0.13538 1.42264e-05
0.13508 1.34304e-05
0.13498 1.26792e-05
0.13494 1.19696e-05
0.13492 1.13e-05
0.13491 1.0668e-05
0.1349 1.00712e-05
0.1349 9.508e-06
0.1349 8.976e-06
0.1349 8.4744e-06
0.1349 8e-06
0.1349 7.55248e-06
0.1349 7.13e-06
0.1349 6.7312e-06
0.1349 6.35464e-06
0.1349 5.99912e-06
0.1349 5.6636e-06
0.1349 5.34672e-06
0.1349 5.04768e-06
0.1349 4.76528e-06
0.1349 4.49872e-06
0.1349 4.24704e-06
0.1349 4.00952e-06
0.1349 3.7852e-06
0.1349 3.57344e-06
0.1349 3.3736e-06
0.1349 3.18488e-06
0.1349 3.00672e-06
0.1349 2.83848e-06
0.1349 2.67976e-06
0.1349 2.52984e-06
0.1349 2.38832e-06
0.1349 2.25472e-06
0.1349 2.12856e-06
0.1349 2.00952e-06
0.1349 1.89712e-06
0.1349 1.79096e-06
0.1349 1.6908e-06
0.1349 1.59624e-06
0.1349 1.50688e-06
0.1349 1.42264e-06
0.1349 1.34304e-06
0.1349 1.26792e-06
0.1349 1.19696e-06
0.1349 1.13e-06
0.1349 1.0668e-06
0.13491 1.00712e-06
0.13491 9.508e-07
0.13491 8.976e-07
0.13491 8.4744e-07
0.1349 8e-07
0.1349 7.92792e-07
0.13489 8e-07
0.13489 8.4744e-07
0.13489 8.976e-07
0.13489 9.508e-07
0.13489 1.00712e-06
0.13489 1.0668e-06
0.13489 1.13e-06
0.13489 1.19696e-06
0.13489 1.26792e-06
0.13489 1.34304e-06
0.13489 1.42264e-06
0.13489 1.50688e-06
0.13489 1.59624e-06
0.13489 1.6908e-06
0.1349 1.79096e-06
0.1349 1.89712e-06
0.1349 2.00952e-06
0.1349 2.12856e-06
0.1349 2.25472e-06
0.1349 2.38832e-06
0.1349 2.52984e-06
0.1349 2.67976e-06
0.1349 2.83848e-06
0.1349 3.00672e-06
0.1349 3.18488e-06
0.1349 3.3736e-06
0.1349 3.57344e-06
0.1349 3.7852e-06
0.1349 4.00952e-06
0.1349 4.24704e-06
0.1349 4.49872e-06
0.1349 4.76528e-06
0.1349 5.04768e-06
0.1349 5.34672e-06
0.1349 5.6636e-06
0.1349 5.99912e-06
0.1349 6.35464e-06
0.1349 6.7312e-06
0.1349 7.13e-06
0.1349 7.55248e-06
0.13489 8e-06
0.13489 8.4744e-06
0.13489 8.976e-06
0.13489 9.508e-06
0.13489 1.00712e-05
0.13488 1.0668e-05
0.13486 1.13e-05
0.13482 1.19696e-05
0.13474 1.26792e-05
0.13445 1.34304e-05
0.13358 1.42264e-05
0.13335 1.44144e-05
0.13335 1.50688e-05
0.13335 1.59624e-05
0.13335 1.6908e-05
0.13334 1.79096e-05
0.13334 1.89712e-05
0.13333 2.00952e-05
0.1333 2.12856e-05
0.13325 2.25472e-05
0.13309 2.38832e-05
0.13261 2.52984e-05
0.13183 2.64816e-05
0.13182 2.67976e-05
0.13181 2.83848e-05
0.13178 3.00672e-05
0.13173 3.18488e-05
0.13155 3.3736e-05
0.13107 3.57344e-05
0.13032 3.7396e-05
0.1303 3.7852e-05
0.13023 4.00952e-05
0.13006 4.24704e-05
0.12961 4.49872e-05
0.12882 4.71328e-05
0.1288 4.76528e-05
0.12861 5.04768e-05
0.12819 5.34672e-05
0.12735 5.61152e-05
0.12731 5.6636e-05
0.127 5.99912e-05
0.1263 6.35464e-05
0.12589 6.48896e-05
0.12562 6.7312e-05
0.12489 7.13e-05
0.12445 7.2936e-05
0.12413 7.55248e-05
0.12303 7.99568e-05
0.12302 8e-05
0.12225 8.4744e-05
0.12162 8.7312e-05
0.12114 8.976e-05
0.12023 9.3592e-05
0.11989 9.508e-05
0.11885 9.9536e-05
0.11856 0.000100712
0.11749 0.000105384
0.11715 0.00010668
0.11614 0.000111248
0.11574 0.000113
0.11482 0.000117552
0.11431 0.000119696
0.1135 0.000123784
0.11277 0.000126792
0.1122 0.000129792
0.11109 0.000134304
0.11092 0.000135232
0.10965 0.00014164
0.10951 0.000142264
0.10839 0.00014912
0.10806 0.000150688
0.10715 0.000156608
0.10655 0.000159624
0.10593 0.000163968
0.10497 0.00016908
0.10471 0.00017088
0.10351 0.000178512
0.10339 0.000179096
0.10233 0.00018652
0.10174 0.000189712
0.10116 0.000194152
0.1 0.000200448
0.099912 0.000200952
0.098855 0.00020956
0.098163 0.000212856
0.097724 0.0002166
0.096605 0.00022316
0.095974 0.000225472
0.095499 0.000229256
0.094406 0.000236152
0.093661 0.000238832
0.093325 0.000241688
0.092257 0.00024964
0.091486 0.000252984
0.091201 0.00025584
0.090157 0.00026468
0.089461 0.000267976
0.089125 0.000271568
0.088105 0.000280552
0.087502 0.000283848
0.087096 0.000288648
0.086099 0.000298272
0.08575 0.000300672
0.085114 0.000309208
0.08414 0.000317768
0.084049 0.000318488
0.083176 0.000331312
0.082513 0.00033736
0.082224 0.000341528
0.081283 0.000354072
0.080941 0.000357344
0.080353 0.000366024
0.079433 0.00037628
0.079227 0.00037852
0.078524 0.000390872
0.077625 0.000398792
0.077326 0.000400952
0.076736 0.000410624
0.075858 0.000419904
0.075116 0.000424704
0.074989 0.000426952
0.074131 0.000441072
0.073282 0.00044804
0.073035 0.000449872
0.072444 0.00046132
0.071614 0.000471824
0.070994 0.000476528
0.070795 0.000480704
0.069984 0.0004956
0.069183 0.000504352
0.06915 0.000504768
0.068391 0.00052492
0.067615 0.000534672
0.067608 0.000534872
0.066834 0.000556872
0.066105 0.00056636
0.066069 0.000567448
0.065313 0.000591008
0.064788 0.000599912
0.064565 0.00060784
0.063826 0.00063004
0.06356 0.000635464
0.063096 0.000652832
0.062373 0.000671496
0.062277 0.00067312
0.06166 0.000694112
0.060954 0.000705848
0.060446 0.000713
0.060256 0.00071972
0.059566 0.000738904
0.058884 0.000749936
0.058564 0.000755248
0.05821 0.000769112
0.057544 0.00078772
0.056885 0.000798016
0.056773 0.0008
0.056234 0.0008236
0.05559 0.00083928
0.05517 0.00084744
0.054954 0.0008592
0.054325 0.00088824
0.053933 0.0008976
0.053703 0.00091216
0.053088 0.00094232
0.052797 0.0009508
0.052481 0.0009728
0.05188 0.00100064
0.051676 0.00100712
0.051286 0.0010356
0.050699 0.00106264
0.050589 0.0010668
0.050119 0.00110424
0.049546 0.00113
0.049545 0.00113016
0.048978 0.00116336
0.048417 0.0011836
0.047863 0.00119608
0.047821 0.00119696
0.047315 0.00122656
0.046774 0.00124976
0.046238 0.0012676
0.046228 0.00126792
0.045709 0.0013112
0.045186 0.00133608
0.045016 0.00134304
0.044668 0.00137632
0.044157 0.00140624
0.043822 0.00142264
0.043652 0.00144296
0.043152 0.00149032
0.042783 0.00150688
0.042658 0.00152336
0.04217 0.00157768
0.041808 0.00159624
0.041687 0.00161352
0.04121 0.00167032
0.040844 0.0016908
0.040738 0.00170688
0.040272 0.00176888
0.039933 0.00179096
0.039811 0.00181136
0.039355 0.00187584
0.038905 0.00189656
0.038892 0.00189712
0.038459 0.00195848
0.038019 0.00199336
0.037686 0.00200952
0.037584 0.00202464
0.037154 0.00208488
0.036728 0.00211928
0.036578 0.00212856
0.036308 0.00217488
0.035892 0.00222904
0.035539 0.00225472
0.035481 0.00226504
0.035075 0.00233512
0.034674 0.00238176
0.034609 0.00238832
0.034277 0.00246272
0.033884 0.0025128
0.033718 0.00252984
0.033497 0.00258856
0.033113 0.00265528
0.032919 0.00267976
0.032734 0.0027384
0.032359 0.00282024
0.032219 0.00283848
0.031989 0.0029176
0.031623 0.00299344
0.031522 0.00300672
0.031261 0.00310096
0.030903 0.0031568
0.030565 0.00318488
0.030549 0.0031896
0.0302 0.0032952
0.029854 0.00334944
0.029593 0.0033736
0.029512 0.0034008
0.029174 0.00350072
0.02884 0.00355288
0.028635 0.00357344
0.02851 0.0036188
0.028184 0.00371672
0.027861 0.00377144
0.027789 0.0037852
0.027542 0.00391136
0.027227 0.00399768
0.027174 0.00400952
0.026915 0.00414024
0.026607 0.00423312
0.026558 0.00424704
0.026303 0.00439392
0.026002 0.00447392
0.025916 0.00449872
0.025704 0.00465728
0.02541 0.0047492
0.025347 0.00476528
0.025119 0.00495568
0.024831 0.0050444
0.024804 0.00504768
0.024547 0.005196
0.024266 0.00528744
0.023988 0.00533552
0.023908 0.00534672
0.023714 0.00546768
0.023442 0.0055864
0.023174 0.00565216
0.023117 0.0056636
0.022909 0.00582256
0.022646 0.005942
0.022387 0.00599744
0.02238 0.00599912
0.022131 0.00622768
0.021878 0.0063412
0.021841 0.00635464
0.021627 0.00659152
0.02138 0.006718
0.021349 0.0067312
0.021135 0.00698776
0.020893 0.00712224
0.020877 0.00713
0.020654 0.007396
0.020417 0.00754144
0.0204 0.00755248
0.020184 0.00785848
0.019953 0.0079912
0.019935 0.008
0.019724 0.0083208
0.019498 0.008428
0.019333 0.0084744
0.019275 0.0085496
0.019055 0.0088064
0.018836 0.0089264
0.018669 0.008976
0.018621 0.0090496
0.018408 0.0093544
0.018197 0.0094768
0.01811 0.009508
0.017989 0.009724
0.017783 0.009964
0.017579 0.0100664
0.01757 0.0100712
0.017378 0.0104792
0.017179 0.0106456
0.017144 0.010668
0.016982 0.0110448
0.016788 0.0112632
0.016747 0.0113
0.016596 0.0116992
0.016406 0.011948
0.016386 0.0119696
0.016218 0.0124488
0.016035 0.0126792
0.016032 0.0126856
0.015849 0.0132312
0.015668 0.0134112
0.015642 0.0134304
0.015488 0.0138456
0.015311 0.0140784
0.015136 0.0142136
0.015122 0.0142264
0.014962 0.0147208
0.014791 0.0149288
0.014622 0.0150544
0.014605 0.0150688
0.014454 0.0155752
0.014289 0.0158104
0.014125 0.01594
0.014108 0.0159624
0.013964 0.0165496
0.013804 0.0168232
0.013687 0.016908
0.013646 0.0170944
0.01349 0.0177144
0.013335 0.0178776
0.013292 0.0179096
0.013183 0.018568
0.013032 0.018936
0.013009 0.0189712
0.012882 0.0198256
0.012786 0.0200952
0.012735 0.0204816
0.012589 0.0212776
0.012584 0.0212856
0.012445 0.0221088
0.012303 0.0224216
0.012201 0.0225472
0.012162 0.022748
0.012023 0.0233872
0.011885 0.0237416
0.011784 0.0238832
0.011749 0.0240736
0.011614 0.0247352
0.011482 0.0251232
0.01137 0.0252984
0.01135 0.0254264
0.01122 0.0261528
0.011092 0.026668
0.011055 0.0267976
0.010965 0.027668
0.010839 0.0281672
0.010744 0.0283848
0.010715 0.0287088
0.010593 0.029836
0.010471 0.0300048
0.010439 0.0300672
0.010351 0.0311616
0.010233 0.0317352
0.010143 0.0318488
0.010116 0.0322216
0.01 0.0334576
0.0098855 0.0337304
0.0098833 0.033736
0.0097724 0.0353352
0.0096732 0.0357344
0.0096605 0.0359416
0.0095499 0.0375608
0.0094406 0.0378448
0.0094377 0.037852
0.0093325 0.0391976
0.0092257 0.039828
0.0091212 0.0400952
0.0091201 0.0401096
0.0090157 0.0417784
0.0089125 0.0423704
0.0088883 0.0424704
0.0088105 0.043812
0.0087096 0.0447408
0.0086694 0.0449872
0.0086099 0.0461312
0.0085114 0.0473096
0.0084722 0.0476528
0.008414 0.0490192
0.0083176 0.0500544
0.0082463 0.0504768
0.0082224 0.051132
0.0081283 0.0531216
0.0080672 0.0534672
0.0080353 0.0544296
0.0079433 0.0563944
0.0078762 0.056636
0.0078524 0.0571816
0.0077625 0.0589712
0.0076736 0.059712
0.007598 0.0599912
0.0075858 0.060304
0.0074989 0.0624728
0.0074131 0.063288
0.0073606 0.0635464
0.0073282 0.0645024
0.0072444 0.0663896
0.0071614 0.0670424
0.00709 0.067312
0.0070795 0.0676016
0.0069984 0.0698328
0.0069183 0.070824
0.0068391 0.0712472
0.0068245 0.0713
0.0067608 0.0736728
0.0066834 0.0750736
0.0066069 0.0754624
0.0065999 0.0755248
0.0065313 0.0793536
0.0064997 0.08
0.0064565 0.082672
0.0064127 0.084744
0.0063826 0.086816
0.0063428 0.08976
0.0063096 0.092128
0.0062373 0.094184
0.006166 0.094896
0.0061419 0.09508
0.0060954 0.097568
0.0060256 0.099744
0.0059566 0.10044
0.0059008 0.100712
0.0058884 0.10136
0.005821 0.104824
0.0057544 0.106168
0.0056885 0.1066
0.0056792 0.10668
0.0056234 0.110856
0.005559 0.112584
0.0054954 0.112952
0.0054896 0.113
0.0054325 0.11812
0.0053703 0.119496
0.0053337 0.119696
0.0053088 0.122112
0.0052481 0.126088
0.0052037 0.126792
0.005188 0.128664
0.0051286 0.134
0.0051229 0.134304
0.0050699 0.141376
0.0050635 0.142264
0.0050119 0.14988
0.0049614 0.150688
0.0049545 0.151344
0.0048978 0.155888
0.0048417 0.157952
0.0047863 0.159184
0.0047665 0.159624
0.0047315 0.163504
0.0046774 0.166848
0.0046238 0.168496
0.0045978 0.16908
0.0045709 0.17248
0.0045186 0.177248
0.0044668 0.178896
0.004461 0.179096
0.0044157 0.186336
0.0043652 0.188952
0.0043353 0.189712
0.0043152 0.193328
0.0042658 0.199608
0.004217 0.200832
0.0042107 0.200952
0.0041687 0.209432
0.004121 0.212592
0.004114 0.212856
0.0040738 0.222616
0.0040359 0.225472
0.0040272 0.227832
0.0039811 0.238272
0.0039614 0.238832
0.0039355 0.243712
0.0038905 0.249568
0.0038459 0.252096
0.0038157 0.252984
0.0038019 0.255888
0.0037584 0.264288
0.0037154 0.267312
0.0037007 0.267976
0.0036728 0.275168
0.0036308 0.281408
0.0035892 0.28308
0.0035561 0.283848
0.0035481 0.28548
0.0035075 0.293624
0.0034674 0.297808
0.0034277 0.299808
0.0033884 0.300616
0.0033852 0.300672
0.0033497 0.311136
0.0033113 0.316376
0.003295 0.318488
0.0032734 0.329248
0.0032473 0.33736
0.0032359 0.34372
0.0032184 0.357344
0.0031989 0.368416
0.0031751 0.37852
0.0031623 0.385984
0.0031261 0.39632
0.0030903 0.400008
0.0030737 0.400952
0.0030549 0.409464
0.00302 0.419984
0.0029854 0.422736
0.0029512 0.424208
0.0029304 0.424704
0.0029174 0.429936
0.002884 0.442088
0.002851 0.44816
0.0028184 0.44972
0.0028138 0.449872
0.0027861 0.467224
0.0027542 0.474592
0.0027227 0.476432
0.0027203 0.476528
0.0026915 0.498336
0.0026607 0.503912
0.0026402 0.504768
0.0026303 0.51292
0.0026002 0.5338
0.0025975 0.534672
0.0025704 0.563016
0.0025666 0.56636
0.002541 0.596712
0.0025389 0.599912
0.0025119 0.632272
0.0024831 0.635032
0.0024775 0.635464
0.0024547 0.653992
0.0024266 0.666224
0.0023988 0.671224
0.0023796 0.67312
0.0023714 0.681048
0.0023442 0.702472
0.0023174 0.710232
0.002291 0.713
0.0022909 0.713152
0.0022646 0.744368
0.0022387 0.753288
0.002224 0.755248
0.0022131 0.769432
0.0021878 0.792856
0.0021627 0.799184
0.0021564 0.8
0.0001 0.8
0.0001 0.00122712
