0.03998911083012669 0.000011055420662591439
0.04224470541246545 0.000008042090980974941
0.04591550865512821 0.000005850667415541325
0.04960194153103806 0.000004536181484345063
0.05380258935043225 0.0000036891374495506156
0.058835321216108266 0.0000029063143689123875
0.06539340938879325 0.0000021829382519403894
0.07402413566571531 0.0000015632357339306536
0.08328463217385253 0.000001128380467092792
0.09256796657122172 8.275281401387454e-7
0.10122683895502968 6.020441685576204e-7
0.10891049361257671 4.4856065487509724e-7
0.11575722374965225 3.2371798174541565e-7
0.12154323830562612 2.2809854336711283e-7
0.12632823874850777 1.4149707807645301e-7
0.1291841342841637 9.061015812471753e-8
0.13130161848387475 5.4442669909035835e-8
0.13183639061360905 3.897107685464492e-8
0.1321045928929011 2.9730354100595786e-8
0.13814507062147482 2.9499183494651806e-8
0.13786460480266952 3.8977101216695984e-8
0.1384261070078716 4.8709953386688254e-8
0.1389898961287538 6.135968310433642e-8
0.1392726511918042 7.853439176306763e-8
0.1406950783180165 1.1326797093962367e-7
0.14184347279882345 1.6336209921779652e-7
0.14475563574054864 2.7192159782292653e-7
0.1465315542694144 4.454607686536586e-7
0.14863101512251184 6.9572077241657e-7
0.14984418504632122 0.0000013258113974860974
0.15106725721874817 8.557502249467447e-7
0.15354343226939912 5.479832507632624e-7
0.15861821016047653 4.45582849064928e-7
0.16858984873974833 3.923778981738363e-7
0.18175571890555567 3.682643697854135e-7
0.19396871369993973 3.5965466315379264e-7
0.20616268503995933 3.4023322243023383e-7
0.2213611999948057 3.244443497481904e-7
0.24059611719465152 3.0940121891581703e-7
0.2641732206041157 2.858184202664752e-7
0.29065083828850663 2.661452239623866e-7
0.33713379926802894 2.3443689297227379e-7
0.3870971261147793 1.984412231505345e-7
0.41647985372633917 1.6927678663165582e-7
0.4499179026536143 1.302042618412626e-7
0.4752956208037802 9.247988024202657e-8
0.5010853881731626 5.829187327670879e-8
0.5176468067363578 3.6159616666329914e-8
0.5250634973726677 2.672212146559737e-8
0.5706882631259329 2.672982038470514e-8
0.5776896890497437 3.73437098684586e-8
0.594362213652836 6.02134062850616e-8
0.6165072910906454 9.256308821507358e-8
0.6368835294244707 1.3565414578796685e-7
0.649959271127549 1.8068553860885435e-7
0.6619568120919694 2.6903680954249834e-7
0.6700779561281859 4.549946923193308e-7
0.6728070848306674 9.927038207363274e-7
0.6728070848306674 0.000002663879612128623
0.6687175459319806 0.0000036626390167425726
0.6579332246575679 0.000004328837290637646
0.6291646918930343 0.000004362760261410414
0.6152556414920213 0.000003840717041495296
0.5931555235829754 0.0000029296248550641373
0.5776896890497432 0.0000020311423634177193
0.5695296365438897 0.000001500875819924955
0.5580719610394279 0.000001024160056778227
0.5580719610394285 6.352355833075581e-7
0.5558082360560529 4.6941230625456497e-7
0.534755598244961 5.288770830113735e-7
0.534755598244961 8.325610982392651e-7
0.5315051808970761 0.0000013210691254293778
0.5208124732644862 0.0000020629997609931867
0.504149773426643 0.0000033790748023814734
0.5010853881731626 0.000004429289100163608
0.4850538300886876 0.000005193134183723791
0.467630589870689 0.000007254003001392015
0.4499179026536141 0.000010460482901390274
0.4364093899845245 0.00001360172913978119
0.4139483545778692 0.000018257100786221672
0.395848209524857 0.000022812178277443912
0.38474422468061165 0.000028055090761182585
0.37017106745360423 0.000030134823643827955
0.3518334751569938 0.000034222193352132006
0.33576627275277127 0.000040765843375879333
0.323048278900065 0.00004895019710790728
0.3082956119427578 0.000051336654681553006
0.2882976681922989 0.00006312690680221421
0.27290443365257927 0.00007519533438109909
0.26203441884938816 0.00008957537602213317
0.24404330733725169 0.00010091136844869141
0.22636550045126294 0.00012507544360069656
0.2108233935059151 0.00016391195470284942
0.19122884328458237 0.00023258500314790527
0.18101845742230266 0.00031973339467225543
0.16858984873974825 0.0004395111304580441
0.16154612973734778 0.0006647847981755349
0.15669580498403504 0.0009740510574096096
0.15416879202679992 0.0015455244987030439
0.15323170428475308 0.0026555683957831385
0.1516825318803161 0.004081614172719612
0.1519911082952934 0.0074152580871408484
0.14802811842508484 0.007414580816576124
0.1471283556817256 0.005701502118554194
0.14593717368158715 0.004213110412362995
0.14593717368158712 0.0030157805036937495
0.1450501203761282 0.001962008390688336
0.14505012037612824 0.0012969570058276058
0.14329215638213028 0.0010544345571803983
0.14271091586662438 0.0007081947141209127
0.14184347279882337 0.0005029018095717656
0.14069507831801648 0.0004056263274412897
0.13983988816231224 0.0003297838173615918
0.13955598147958628 0.00024760903042419
0.13702661917974088 0.00020781660440340684
0.13591722295526446 0.00010396571988865949
0.13619372710424787 0.00004471242460053479
0.13237334079136773 0.00008252607796514967
0.12918413428416367 0.00013304164486812676
0.12479717834973544 0.0001980599108253514
0.11482002900783854 0.00031418833372828217
0.10868938061426171 0.0003988633898321047
0.10000000000000002 0.0004904409326414204
0.09107513496048254 0.0006225336826401237
0.08744753517409226 0.0007534857323489517
0.08094840512731095 0.0007964519853010212
0.07600590036633632 0.0009116700638437887
0.06687175459319813 0.0012331607717710371
0.059195128336758364 0.001540418381143807
0.053584348202003994 0.0019243818350862141
0.04950123834211317 0.00220264715669427
0.046384455461740935 0.0025212736010674073
0.04337567526738716 0.00281786587769212
0.03998911083012669 0.003050495805618901