0.96228 1.67784e-09
0.9643 1.79152e-09
0.96698 2.01016e-09
0.96869 2.25544e-09
0.96977 2.53072e-09
0.97045 2.83952e-09
0.97088 3.186e-09
0.97116 3.5748e-09
0.97133 4.01104e-09
0.97144 4.50056e-09
0.97149 4.81376e-09
0.97333 5.04976e-09
0.97694 5.666e-09
0.97924 6.35744e-09
0.9807 7.1332e-09
0.9808 7.19584e-09
0.9859 8.004e-09
0.9896 8.98e-09
0.9902 9.176e-09
0.99592 1.0076e-08
0.99968 1.08984e-08
1.0026 1.13056e-08
1.0093 1.24616e-08
1.011 1.26856e-08
1.0189 1.37464e-08
1.0231 1.42336e-08
1.0287 1.4848e-08
1.0385 1.58216e-08
1.0402 1.59704e-08
1.0485 1.66648e-08
1.0585 1.74824e-08
1.0646 1.79192e-08
1.0687 1.8196e-08
1.0789 1.89176e-08
1.0892 1.94304e-08
1.0997 1.99296e-08
1.1033 2.01064e-08
1.1102 2.04296e-08
1.1208 2.08448e-08
1.1316 2.18792e-08
1.1399 2.256e-08
1.1424 2.28456e-08
1.1517 2.53128e-08
1.1534 2.61256e-08
1.159 2.84016e-08
1.1613 3.1868e-08
1.1607 3.57568e-08
1.1584 4.012e-08
1.1534 4.47648e-08
1.1533 4.5016e-08
1.1503 5.05088e-08
1.1464 5.66728e-08
1.1424 6.21544e-08
1.1413 6.35888e-08
1.1347 7.13488e-08
1.1316 7.47976e-08
1.1291 8.0056e-08
1.1238 8.9824e-08
1.1208 9.4784e-08
1.1172 1.00784e-07
1.1102 1.11608e-07
1.1095 1.13088e-07
1.1035 1.26888e-07
1.0997 1.34256e-07
1.0958 1.42368e-07
1.0892 1.55288e-07
1.0869 1.59744e-07
1.0789 1.75536e-07
1.0776 1.79232e-07
1.0687 2.00528e-07
1.0684 2.01112e-07
1.0585 2.20928e-07
1.0559 2.25648e-07
1.0485 2.42312e-07
1.0442 2.53184e-07
1.0385 2.684e-07
1.0287 2.8356e-07
1.0281 2.8408e-07
1.0189 2.98688e-07
1.0093 3.09792e-07
1.0006 3.18752e-07
0.99968 3.20624e-07
0.9902 3.25864e-07
0.98752 3.18752e-07
0.9808 3.09528e-07
0.97149 2.96888e-07
0.96879 2.8408e-07
0.96389 2.53184e-07
0.96228 2.36592e-07
0.95916 2.25648e-07
0.95423 2.01112e-07
0.95338 1.79232e-07
0.95322 1.59744e-07
0.95317 1.42368e-07
0.95315 1.26888e-07
0.95315 1.13088e-07
0.95314 1.00784e-07
0.95314 8.9824e-08
0.95314 8.0056e-08
0.95314 7.13488e-08
0.95314 6.35888e-08
0.95314 5.66728e-08
0.95314 5.05088e-08
0.95314 4.5016e-08
0.95314 4.012e-08
0.95314 3.57568e-08
0.95314 3.1868e-08
0.95314 2.84016e-08
0.95314 2.53128e-08
0.95314 2.256e-08
0.95314 2.01064e-08
0.95314 1.79192e-08
0.95314 1.59704e-08
0.95314 1.42336e-08
0.95314 1.26856e-08
0.95315 1.13056e-08
0.95315 1.0076e-08
0.95315 8.98e-09
0.95315 8.004e-09
0.95315 7.1332e-09
0.95314 6.35744e-09
0.95314 6.1312e-09
0.95118 5.666e-09
0.94964 5.04976e-09
0.94903 4.50056e-09
0.94912 4.01104e-09
0.94949 3.5748e-09
0.95009 3.186e-09
0.95108 2.83952e-09
0.95245 2.53072e-09
0.95314 2.42928e-09
0.95364 2.25544e-09
0.95535 2.01016e-09
0.95898 1.79152e-09
0.96228 1.67784e-09
