0.17219247787276412 0.0000010035473125289256
0.1787364711678815 9.898887562285612e-7
0.18532177309681955 9.187719938671049e-7
0.1921517034167801 8.785747014831457e-7
0.1992342657529689 8.512976284869516e-7
0.2065776741349353 8.224517395870977e-7
0.21419152754002282 7.922562857131977e-7
0.2220857020326201 7.601908832782971e-7
0.2302716082757231 7.365892678673154e-7
0.23875932221333587 7.144185021404327e-7
0.24755988969127965 6.92915059268171e-7
0.25668447410122036 6.693050235910822e-7
0.2661454096188544 6.467523270354201e-7
0.27595527528336433 6.263663836549903e-7
0.2861266352655225 6.060895054974251e-7
0.2966716116094095 5.79232555701898e-7
0.30760585587202866 5.568767421694757e-7
0.3189449489971969 5.44355982080403e-7
0.33070139582395475 5.292115211895203e-7
0.34289032355236343 5.107798000174377e-7
0.3555285691304133 4.932310690702891e-7
0.3686322445911288 4.748439941649238e-7
0.3822180255314944 4.5422443811419926e-7
0.3963010525261918 4.2380232862657414e-7
0.4109051026114266 4.013178872728208e-7
0.42604244976116984 3.6778192192340383e-7
0.4417326136416095 3.266673923882205e-7
0.45799435233195873 2.790217945043898e-7
0.47485766278644587 2.4255646184979173e-7
0.4923308800878671 1.9779725368950274e-7
0.5104499842433896 1.6396854899669335e-7
0.530782104440687 1.3181434213088304e-7
0.5359755907657436 1.6696117813275578e-7
0.5337152141501245 2.4036366954563537e-7
0.5294177895625596 3.6338021362095365e-7
0.5242769947022018 5.078441196535766e-7
0.5226543848289609 8.793210324165633e-7
0.5175823622957224 0.000001250131800708205
0.5123462605987016 0.0000017531259919062864
0.5057873115179682 0.0000026522890455854386
0.49425382458398587 0.0000039421005501838955
0.48107199865137573 0.000005908878205000953
0.46696105902228713 0.000007691310452815568
0.4508857880095824 0.000011044283305251491
0.43869808788294423 0.000014934625040042931
0.42848529627613996 0.000016484663725752426
0.41401554632488496 0.00002187093158259263
0.3981640012290583 0.00002318133770684755
0.3840199339064402 0.00002581979220709521
0.3703777400713262 0.00002863231061914508
0.3572198150453047 0.000031658207475716404
0.344529157863253 0.00003495259140222659
0.3322888405378019 0.00003842039665673042
0.3204830647156477 0.00004210857827746668
0.309097682492553 0.00004655866323006833
0.298117079335699 0.000051630241518719905
0.2870543486563158 0.00005760148019402556
0.27731212133720545 0.00006339786018371384
0.2674606907783155 0.0000703037116181904
0.2579594937046096 0.00007819079661831746
0.24879581443799043 0.00008696270132948747
0.23995790899227695 0.00009700276992724552
0.2314343057842408 0.00010867905281235111
0.22321370029846974 0.00012211845006025883
0.2152855340461039 0.00013802704245563177
0.20763885621609451 0.0001557794679219828
0.2002640868281928 0.0001765903002102617
0.19315283274082612 0.0002049336679775291
0.1862942858032547 0.00023852478422701126
0.17967973517665667 0.0002796649465399469
0.17330030666480004 0.00032934657629563247