0.0017906903300000004 0.01563219341018407
0.0017209862000000006 0.016836417001567912
0.00165128831 0.01815292556460388
0.00158159663 0.019593443967367494
0.00151193504 0.02125852176043314
0.00146572497 0.023360718943904162
0.0014195107399999998 0.02565239275579467
0.0013733058499999994 0.02821436987206173
0.0013271227499999998 0.031149281201481135
0.0012808914099999998 0.03410396762876006
0.0012424744700000006 0.03747984286812013
0.0012197812700000005 0.04218784639852789
0.0012241319399999993 0.04563450024887718
0.0011974864 0.0508718710525303
0.0012018370799999998 0.0550279904737299
0.00117519154 0.06134343141665636
0.0011795422100000002 0.0663550541799146
0.00115293402 0.07444947112092633
0.0011572847 0.08053182832457645
0.0011461746100000002 0.08900531336130767
0.0011310624000000005 0.09658763395279543
0.0011354192999999994 0.10459108520707247
0.00113583009 0.11228709012947898
0.0011362408800000001 0.12054938120516624
0.0011366516800000001 0.12941962672132737
0.0011254855700000004 0.14165885344713108
0.0011258963699999995 0.15208237296016747
0.0011146929199999996 0.16539381441003068
0.0011151037099999996 0.17756379615917542
0.0011155145099999997 0.19062926735342758
0.0011159252999999997 0.20465612018512663
0.00111633609 0.2197150947663637
0.0011051326399999998 0.23894628210792326
0.00109392919 0.2598607338982153
0.006669488029999999 0.25744951693615875
0.00682102623 0.2395179977878354
0.00696089817 0.22370979389085924
0.0071124403700000005 0.208272251264122
0.0072756479399999985 0.19311246575015598
0.007438852840000001 0.17897360173360363
0.007613738670000001 0.16564110906224702
0.0078003134400000005 0.15330222147577524
0.0079868882 0.14188247859454511
0.008173462959999999 0.13131341170054525
0.00836004005 0.12158068970410776
0.00854663349 0.11288767257821065
0.008733245589999999 0.10515502571049674
0.00891986704 0.09811024213054771
0.009106493149999999 0.09161130317682403
0.00929311692 0.08550835960175603
0.0094797407 0.0798119805566176
0.00967805082 0.07446189801303132
0.009888034559999998 0.06928715854103058
0.0100980225 0.0645182927642098
0.0103080103 0.06007765639369417
0.0105179982 0.05594265811207643
0.010727984099999999 0.05207358533681634
0.0109379699 0.04847210308704853
0.011147970200000001 0.045233102561486944
0.011357983 0.042301453513935675
0.011579662300000002 0.03940700713097244
0.0118013533 0.03678440369632092
0.0120113702 0.034425011889039916
0.0122213477 0.0319982000546965
0.0124196469 0.02979709761326779
0.012617941499999999 0.027725027111817367
0.0128279003 0.025687499579261478
0.013014518400000001 0.023952469640013574
0.0131777393 0.022260265382979497
0.0133409442 0.020630464514158314
0.013492483699999998 0.019197964849260226
0.0136323245 0.0178347095305265
0.013772152900000001 0.0165326506983895
0.0139119813 0.015325651284000385
0.0140284458 0.014241123504024431
0.0141097035 0.012916774577551096
0.0141792769 0.011725007798654943
0.014248869 0.010677603710540683
0.0143184611 0.009723765027943266
0.014388034499999999 0.008826601396633866
0.0144576079 0.008012214638161343
0.014515581599999999 0.0073859606901155025
0.0144918251 0.0069180446944280705
0.0144329603 0.006433415061361791
0.014362279 0.005852225141723012
0.0142916101 0.005335005585920989
0.0142209475 0.004868732681060904
0.0141502662 0.004428895000641334
0.014079603500000001 0.0040418150469646325
0.0139855543 0.0036829945464170915
0.0138682654 0.003437124047817235
0.0137509728 0.00320559770122789
0.013633698799999998 0.002999331207338669
0.013492988300000001 0.002778001527548144
0.0133289432 0.0025922799253608577
0.013164906 0.002422322697304994
0.0129891626 0.0022567292070989325
0.012790068 0.002112160174309402
0.012567563700000001 0.00196602573659636
0.0123217723 0.001858888476111828
0.0120643374 0.0017714590089756592
0.0118069586 0.0017045654200011156
0.0115496137 0.0016498505293780674
0.0112923553 0.0016209657764453237
0.0110351225 0.0015996109202912553
0.0107779337 0.0015906247801900078
0.0105207535 0.0015840110877987197
0.0102636089 0.0015871737379049553
0.0100064914 0.0015978257228069395
0.00974941131 0.0016189653135374547
0.0094923363 0.0016418290419678051
0.00923525621 0.0016635508084304634
0.00897818629 0.0016885297361824616
0.008721152020000001 0.0017244759232058844
0.008464117759999999 0.0017611873498893534
0.00820707161 0.001794990082099747
0.00795003734 0.00183320264416152
0.00769303363 0.0018821421528337093
0.00743605538 0.001940911072967664
0.00717911108 0.0020132940677036457
0.00692216338 0.0020871514038489723
0.00666522417 0.0021668945870999936
0.006408284970000001 0.0022496844936226077
0.00615135255 0.0023383801584460507
0.005894471060000001 0.002452060379036877
0.0056376370900000005 0.002592476968506236
0.00538081841 0.002748181521655432
0.0051240200900000005 0.002923512399732792
0.004867250629999999 0.0031255796583945007
0.004610503239999999 0.0033543829147686857
0.0043771391800000005 0.003603359608631863
0.00416713884 0.0038613848753882357
0.00398051102 0.004134095019113385
0.0038173061200000003 0.0044606873549220835
0.00366576481 0.004792058530350745
0.0035142155 0.005140930797554127
0.0033509999300000005 0.0055368425723177185
0.00318777902 0.005957748099294207
0.00303622748 0.006389029945162646
0.0028963960000000003 0.0068885033596428735
0.00276824722 0.007419058460202334
0.00265173509 0.007918618208932412
0.00253524163 0.008479136253608856
0.0024188116599999994 0.009179504857317316
0.0023023891600000004 0.00995056033227604
0.00218596666 0.010786382558576217
0.0020811957399999997 0.011617216217642263
0.00199978402 0.01247179778321068
0.0019300799 0.013432560773522449
0.00186038822 0.01449849645480996
