0.09803246290203793 0.007514067878821583
0.09916763673940683 0.007423049965042265
0.10031595540250908 0.007333134551368386
0.10147757110278374 0.007244308283214773
0.10265263781421323 0.007156557967760362
0.10384131129373238 0.0070698705719887305
0.10504374910187483 0.006984233220752401
0.10626011062365724 0.006899633194860587
0.1074905570897064 0.006816057929190079
0.10873525159763064 0.006733495010818997
0.10999435913363848 0.006651932177183221
0.11126804659440782 0.006571357314255088
0.11255648280920888 0.006491758454744151
0.11385983856228185 0.006413123776319768
0.11517828661547536 0.006335441599855219
0.11651200173114605 0.00625870038769305
0.1178611606953236 0.006182888741931477
0.11922594234114403 0.006107995402731493
0.12060652757255418 0.0060340092466445614
0.12200309938829132 0.005960919284960467
0.1234158429061392 0.00588871466207528
0.1248449453874661 0.005817384653878989
0.12629059626204658 0.005746067186807684
0.1277529871531707 0.005611085877999667
0.12923231190304382 0.005479275425559193
0.13072876659848118 0.005350561342653997
0.13224254959689882 0.005224870892227806
0.1337738615526066 0.005102133045896146
0.13532290544340514 0.004982278443807808
0.13688988659749096 0.0048652393554492225
0.1384750127206727 0.00475094964136957
0.14007849392390356 0.004639344715804938
0.14170054275113098 0.004556503725528013
0.14334137420747015 0.004482208687090574
0.1450012057877033 0.004409125049558063
0.14668025750510882 0.004337233060707677
0.1483787519206242 0.004266513290382007
0.15009691417234758 0.004196946625237662
0.15183497200537918 0.004128514263579537
0.15359315580200986 0.004061197710279315
0.1553716986122584 0.003994978771776792
0.15717083618476296 0.0039298395511627405
0.15899080699802934 0.003865762443341931
0.1608318522920428 0.003802730130275002
0.16269421610024334 0.0037407255762979814
0.1645781452818738 0.0036797320235180423
0.1664838895547009 0.003610407360126678
0.16841170152811605 0.0035385191530399457
0.1703618367366187 0.003468062339644479
0.1723345536736887 0.003399008418910916
0.17433011382604882 0.0033313294573048663
0.17634878170832616 0.0032649980774872582
0.17839082489811348 0.0031999874472397193
0.1804565140714373 0.0031362712686104945
0.18254612303863613 0.0030738237672764328
0.1846599287806552 0.0030126196821168194
0.18679821148575965 0.0029526342549948317
0.18896125458667454 0.002893843220742397
0.19114934479815446 0.002841855928737079
0.19336277215498746 0.0027947243068094413
0.19560183005043996 0.002748374353566369
0.19786681527514693 0.0027027931051863815
0.20015802805645105 0.002657967812850439
0.20247577209819875 0.0026138859391761577
0.2048203546209967 0.0025705351547111715
0.2071920864029344 0.002527903334484666
0.2095912818207779 0.00248597855461608
0.212018258891642 0.002444749088980062
0.2144733393151423 0.0024042034059267516
0.21695684851603836 0.0023643301650564303
0.2194691156873685 0.0023251182140476855
0.2220104738340853 0.002286556585538158
0.22458125981719546 0.002248634494057039
0.2271818143984121 0.0022113413330084285
0.2298124822853221 0.0021746666717047405
0.2324736121770786 0.002137703879013273
0.23516555681062096 0.002093652078038987
0.2378886730074311 0.002050508055353422
0.2406433217208304 0.002008253104311141
0.2434298680838245 0.0019668689037557617
0.2462486814575033 0.0019263375100761304
0.2491001354799989 0.0018866413494262539
0.2519846081160127 0.001847763210105505
0.25490248170691504 0.0018096862350958757
0.2578541430214254 0.0017723939147530105
0.2608399833068785 0.0017358700796478571
0.2638603983410863 0.0017000988935558141
0.2669157884847969 0.001665064846590388
0.2700065587347643 0.0016342216607799654
0.2731331187774312 0.0016047221466980945
0.2762958830432333 0.0015757551315739558
0.2794952707615326 0.0015473110032105744
0.282731706016188 0.001519380322921796
0.2860056178017665 0.0014919538224002222
0.2893174400804085 0.0014650224006416885
0.29266761183934964 0.001438577120925252
0.2960565771491091 0.0014126092078476983
0.299484785222352 0.0013871100444115747
0.30295269047343404 0.0013620711691657945
0.3064607525786333 0.0013374842733978483
0.3100094365370819 0.0013133411983767096
0.3135992127324026 0.0012896339326454963
0.3172305569950584 0.0012666297622299766
0.3209039506654245 0.001246360152183847
0.3246198806575921 0.0012264149124499198
0.3283788395239073 0.0012067888521982218
0.3321813255202617 0.001187476863666536
0.3360278426721358 0.0011684739208310962
0.33991890084140897 0.001149775078098534
0.3438550157939421 0.0011313754690187795
0.34783670926794397 0.0011132703050185304
0.3518645090431273 0.0010954548741550284
0.35593894901066725 0.0010779245398897378
0.3600605692439698 0.0010606747398816808
0.3642299160702591 0.0010437009848000593
0.3684475421429937 0.0010269988571558982
0.37271400651512293 0.0010105640101523647
0.3770298747131885 0.0009943921665535053
0.38139571881228657 0.0009784234716691722
0.3858121175118978 0.0009625490644038235
0.3902796562125941 0.0009469322110640723
0.39479892709363457 0.0009315687329726655
0.3993705291914609 0.0009164545192491888
0.40399506847909855 0.0009015855257101109
0.4086731579464808 0.0008869577737866511
0.4134054176817012 0.0008725673494602221
0.4181924749532073 0.0008584104022151329
0.42303496429294585 0.0008444831440082882
0.4279335275804718 0.0008307818482556005
0.43288881412802893 0.0008173028488348583
0.43790148076661867 0.0008040425391047569
0.442972191933063 0.0007909973709398515
0.4481016197580774 0.0007777655938951293
0.453290444155362 0.0007646884832603573
0.4585393529117269 0.0007518312471274863
0.4638490417782572 0.0007391901885945078
0.469220214562537 0.0007267616729179816
0.4746535832219404 0.0007145421264679204
0.4801498679580019 0.0007025280357002506
0.4857097973118804 0.0006907159461465439
0.4913341082609301 0.0006791024614207359
0.49702354631638507 0.0006676842422425513
0.5027788656221798 0.0006564580054773423
0.5086008290549121 0.000645420523192073
0.5144902083249632 0.0006347721837684254
0.520447784078789 0.0006244074811302911
0.5264743460023962 0.0006142120156823246
0.5325706929260176 0.000604183024081711
0.5387376329299957 0.0005943177881061222
0.5449759834518972 0.0005846136339169699
0.5512865713948649 0.0005750679313347039
0.5576702332372248 0.0005656780931259374
0.5641278151433623 0.000556441574302208
0.5706601730758851 0.0005473558714301967
0.5772681729090784 0.0005384185219532062
0.5839526905436808 0.0005296271035237169
0.5907146120229854 0.0005209792333468436
0.5975548336502859 0.0005123996277945028
0.6044742621076834 0.0005038239974050995
0.6114738145762697 0.0004953918906105356
0.6185544188576987 0.00048710090536905595
0.6257170134971692 0.00047894867983999196
0.632962547907831 0.0004709328917109501
0.6402919824966303 0.000463051257536255
0.647706288791613 0.0004553015320864702
0.6552064495707043 0.00044768150770880085
0.6627934589919745 0.0004401890136982053
0.6704683227254179 0.0004328219156790281
0.6782320580862555 0.0004255781149969839
0.6860856941697822 0.0004187378568767881
0.6940302719877737 0.000412073576549782
0.7020668446064774 0.0004055153593158245
0.7101964772861935 0.0003990615171637341
0.7184202476224801 0.0003927103889472992
0.7267392456889893 0.0003864603399577174
0.735154574181958 0.00038030976150283866
0.7436673485663713 0.0003742570704931086
0.7522786972238225 0.00036830070903409674
0.7609897616020771 0.00036243914402551254
0.7698016963663762 0.0003566708667666048
0.778715669552489 0.000350600169217129
0.7877328627215376 0.00034413092102614673
0.7968544711166133 0.00033778104292061037
0.8060817038212124 0.00033154833229259885
0.8154157839194961 0.0003254306271765506
0.8248579486584164 0.0003194258054993303
0.8344094496117135 0.0003135317843441389
0.8440715528458146 0.0003077465192280015
0.8538455390876514 0.0003020680033925923
0.8637327038944265 0.00029649426710813857
0.8737343578253361 0.0002910233769901763
0.8838518266152903 0.0002857480338175136
0.8940864513506401 0.00028075505459175965
0.9044395886469409 0.0002758493195062916
0.9149126108287732 0.0002710293041125451
0.9255069061116492 0.0002662935105991986
0.9362238787860184 0.00026164046732673275
0.9470649494034118 0.0002570687283701203
0.9580315549647374 0.000252576873069507
0.9691251491107564 0.0002481563684908065
0.980347202314766 0.00024369250370384109
0.9916992020775146 0.00023930893542087987
1.0031826531243686 0.00023500421925933964
1.014799077604769 0.00023077693681835306
1.026550015293994 0.00022662569521140848
1.0384370237972584 0.00022254912660739422
1.050461678756177 0.00021854588777989832
1.0626255740576158 0.00021461465966461857
1.0749303220449715 0.00021088619330277285
1.0873775537318815 0.0002074656286785713
1.0999689190184214 0.00020410054545960094
1.1127060869098016 0.00020079004373995036
1.1255907457375969 0.00019753323821014156
1.1386246033835343 0.00019432925792037706
1.151809387505884 0.00019117724604762504
1.1651468457684522 0.00018807635966648596
1.1786387460722425 0.00018502655047852252
1.1922868767897947 0.00018202980649064464
1.2060930470022335 0.000179081598642611
1.2200590867390666 0.00017618114082894155
1.2341868472207598 0.0001733276596761497
1.2484782011041151 0.00017052039433653165
1.2629350427304966 0.0001677585962852955
1.277559288376929 0.00016504152912097443
1.292352876510101 0.00016236846836907532
1.3073177680433132 0.0001605822968423947
1.322455946596405 0.00015882127069700947
1.3377694187586764 0.00015707955684909252
1.3532602143548726 0.0001553569435102868
1.3689303867142375 0.0001536532212148132
1.3847820129426869 0.00015196818279399963
1.4008171941981284 0.00015030162335108953
1.4170380559689826 0.0001488411102306868
1.4334467483559077 0.000147828027061594
1.4500454463568069 0.00014682183941690228
1.4668363501551245 0.00014582250036240314
1.4838216854114858 0.00014482996328334468
1.501003703558708 0.00014384418188225664
1.5183846821002394 0.00014286511017679178
1.5359669249120351 0.00014212301998080411
1.5537527625479477 0.00014213396401416829
1.5717445525486409 0.00014214490889026605
1.5899446797540886 0.00014215585460916266
1.6083555566196859 0.00014216680117092265
1.6269796235360314 0.0001421777485756111
1.6458193491523931 0.00014261884850840447
1.66487723070394 0.0001443033584844328
1.684155794342752 0.00014600776466554925
1.7036575954726665 0.00014773230205123862
1.723385219087998 0.00014959477506258789
1.7433412801161907 0.00015290682808350906
1.763528423764421 0.0001562922105051983
1.7839493258702306 0.00016066364436041088
1.8046066932562117 0.00016755053993298502
1.8255032640887985 0.0001757743215296853
1.8466418082412173 0.00018779166184962822
1.8680251276606419 0.00020561126152225827
1.889656056739586 0.0002299626175084312
1.9115374626916144 0.0002648047890308891
1.9336722459313924 0.0003689742310122656
1.956063340459144 0.0005294214486900188
1.9787137142495532 0.00103821542339485
1.9755269416158443 0.002616098015469349
1.9529130468728173 0.0033011889280250587
1.9305580138160945 0.004083293882782045
1.9084588792509949 0.004694855290477312
1.886612713902584 0.005159107344201706
1.8650166220273916 0.005505286912835462
1.8436677410295803 0.005834384585824763
1.8225632410815031 0.006177459425944165
1.801700324748598 0.0065347787844193496
1.781076226618597 0.006805176801890322
1.7606882129349568 0.007085515254981674
1.7405335812344973 0.007473163808743482
1.7206096599891865 0.00795650725879138
1.7009138082520263 0.008346547822309083
1.6814434153069855 0.008681722637458932
1.6621959003229532 0.00903035716782306
1.6431687120116398 0.009411604141317599
1.6243593282894029 0.009825106853434287
1.605765255942939 0.010256776977860342
1.5873840302988067 0.010702839056863419
1.5692132148967244 0.01114132022744116
1.5512504011666217 0.011597765392051677
1.5334932081093757 0.012072910511788092
1.5159392819812054 0.012567521699096796
1.4985862959816796 0.013082396453038598
1.4814319499452984 0.013574706838784402
1.4644739700365954 0.014085474570899245
1.4477101084487471 0.014615460668409972
1.4311381431056165 0.015165388249762133
1.414755877367214 0.0157290917712708
1.3985611397385311 0.016302382944362016
1.3825517835817043 0.016896569333395964
1.3667256868314714 0.01751241252353187
1.3510807517138967 0.018150701858050892
1.3356149044683008 0.01882803247148607
1.320326095072382 0.01957104046641952
1.3052122969704845 0.020343369681261145
1.2902715068049742 0.021146177215184477
1.2755017441506864 0.021980665829805048
1.2609010512524257 0.022848085751150462
1.2464674927654558 0.023664538953006138
1.2321991554989695 0.024458163775616083
1.218094148162491 0.025278403963955885
1.2041506011151837 0.026126152103127097
1.1903666661180223 0.027002330712374466
1.1767405160888127 0.027914449839698815
1.163270344860004 0.028921933535595978
1.1499543669392809 0.02996577916602264
1.1367908172728909 0.03104729909989172
1.1237779510116888 0.03216785307191719
1.1109140432798466 0.03340498889061986
1.098197388946226 0.034884735817169506
1.0856263023983574 0.03643003136502845
1.0731991173190083 0.038043779153510586
1.0609141864653129 0.03956818039831249
1.0487698814504256 0.04085369624763925
1.0367645925276736 0.04218097674174474
1.0248967283771886 0.043551378756589855
1.01316471589497 0.044966303251172436
1.0015669999843686 0.04649635071939375
0.9901020433499568 0.05071329527482584
0.9787683262937572 0.05383389644165377
0.9675643465138044 0.05551541859954548
0.9564886189050108 0.05724946373932006
0.9455396753623164 0.05919496789792678
0.9347160645860891 0.06155756653222852
0.9240163518897496 0.06401446156544763
0.913439119009604 0.0665694165699149
0.9029829639168516 0.06922634533023678
0.8926465006317384 0.07223808184582017
0.882428359039851 0.07588831373236231
0.8723271847105002 0.07972299393875278
0.8623416387171913 0.08375144274484023
0.8524703974601465 0.08787012426213177
0.8427121524908615 0.09145967911249842
0.8330656103386637 0.09519586974074772
0.8235294923392672 0.09908468631899019
0.8141025344652796 0.10313236372197644
0.8047834871586542 0.10734539152336736
0.7955711151650596 0.11054648393627142
0.7864641973701447 0.1138037781224843
0.7774615266376756 0.11715704972053136
0.7685619096495324 0.1206091267413489
0.7597641667475298 0.12416292052429113
0.7510671317770522 0.12782142819243347
0.7424696519324784 0.13158773518022243
