11.301089661996059 1
11.301089661996059 0.867763461481692
14.134821389079143 0.6974975079717998
17.679107207957543 0.5589096665534332
22.112117519358232 0.44739706934763307
27.65669869176597 0.35924190358734076
34.591575495087575 0.2881598015421216
43.26536252819616 0.2309044788738116
54.11408899146769 0.1848348549496942
67.68311777043537 0.148567964009004
84.65456069765717 0.11904855612495195
105.88156815145535 0.09539444664245986
132.43121672145816 0.07644024208634469
165.6381508936384 0.06137844871853298
207.17167530952867 0.04918298332935297
259.11967031144354 0.039410671003892846
324.0935491881067 0.031612601485846825
405.3595332963231 0.025357512248503748
507.0028442276771 0.02031915319188328
634.1330669212261 0.01629866419481744
793.1410072767565 0.013060234432780378
992.0199564394176 0.01047604559674812
1240.7675116345001 0.008394529133591944
1551.888152989679 0.006740470227192641
1941.021840761382 0.005395624384647598
2427.7302323975923 0.004328008610214568
3036.4800423808456 0.0034716387195871984
3797.872978115633 0.0027847161327018526
4750.184080443164 0.0022291148485920394
5941.285800793483 0.0017880466782147215
7431.0545378732095 0.0014357297720378475
9294.38060991294 0.0011504603801150114
11624.93297305949 0.0009152473934384095
14838.640005229216 0.0007243827521776658
18559.40731415394 0.00058165029824087
23213.151591472277 0.00046560053330776165
29033.815449361307 0.000373088987191999
36314.002268319615 0.0002995754937817536
45419.68529914776 0.00024029940263927302
56808.605050766695 0.00019195936816484297
71053.2797961625 0.00015255579129408396
88869.78592908822 0.00012274885404669458
111153.75495317412 0.00009886752001664426
139025.3966634827 0.00007946848639283977
173885.8118250805 0.00006407351980101863
217487.42517351362 0.00005155458906933181
272022.0793872858 0.000041610067189980755
340231.21849526727 0.00003351464404901403
425543.6996125865 0.000026966423994150118
532248.1607680168 0.000021854668985577354
665708.6097123321 0.000017620891369063095
832634.0713054758 0.00001417805384172045
1041415.8485922451 0.000011290960856000141
1188619.4199636506 0.000009744196301659364
1767253.0445302185 0.0000067732536745654744
2210389.164307265 0.000005523354216987907
2764641.018901595 0.000004457937580956255
3457870.71652998 0.000003601741314209631
4324926.748350877 0.0000029159894282479197
5409395.81378323 0.0000023656705648496156
6765793.913465276 0.0000019008437448553251
8462306.85557266 0.0000015268255574275312
10584217.94009308 0.0000012510741768814431
13238195.129926857 0.0000010385905273154803
15978643.90623201 9.199357763463046e-7
20709460.58669716 7.377208442860213e-7
25902327.581872866 6.12215333774196e-7
32397298.391713064 5.133231115716095e-7
40520873.645974025 4.321825425499786e-7
50681423.530456446 3.646183450555441e-7
63389716.458611466 3.0920538186703206e-7
79284595.27756582 2.64929329430247e-7
99165091.74531072 2.3100406903068044e-7
124030593.66613676 2.020466060234981e-7
155131083.87661776 1.7965637660982234e-7
194029976.58395386 1.6240255605475637e-7
242682709.82437092 1.501712900286233e-7
303535044.8656931 1.4160625911186446e-7
379646014.04152757 1.3829012716210057e-7
460572913.98857415 1.517655639868235e-7
499612091.8679318 1.9864090679618894e-7
489552535.3490066 2.66709474529551e-7
465280886.35384744 3.467869742002928e-7
433308774.4070183 4.3296246933639785e-7
399450469.94221437 5.666901980818667e-7
368237818.75964594 7.375308532432089e-7
339464092.21768314 9.330607073031246e-7
309772226.2074777 0.0000012109157129915672
279817126.90092343 0.0000015858257275471113
252758697.78798804 0.000002053407246479509
228316829.6917715 0.000002676996907541941
206238500.1058474 0.0000034820601257850977
184410115.2899499 0.00000456013616232132
164892057.51496202 0.000005971993896636685
147439800.62464246 0.000007651475643663111
133604243.31391269 0.00000954862391181674
142918102.30316478 0.000010183464277206246
137308368.3022673 0.000012362497332466279
127873124.66481881 0.000015507596190806544
117881249.48598759 0.0000198987861063001
107570544.03850427 0.0000264763923067512
97168429.01165485 0.0000345952098570185
87772202.70647159 0.00004530618708845966
79284595.27756582 0.00005866473929748732
71617742.9128591 0.00007561849169534119
64692278.26636427 0.000096811227769332
57845215.55067089 0.00012478908302937896
51199488.60585951 0.00016073088331196804
44584759.38690874 0.00022372979848473893
48168676.41205111 0.00022634657959835533
53020570.87485721 0.00024906637012970026
53870339.811270945 0.00028866770724006793
52251559.85905714 0.0003746297103653389
49660966.55440916 0.0004917316291891132
46721228.9303074 0.0006333603644911135
43510745.96084986 0.0008165518729381294
39704996.63804577 0.0010846202686479029
35865507.437156565 0.0014562886697450997
32728463.29721469 0.0019104131651509905
29865806.629782207 0.0024583283003145676
27253537.617925636 0.00320852074290993
24869755.63388975 0.004187644651190812
22464840.225999337 0.005584527428492282
20087150.429821312 0.0074783835679202585
17961116.497204974 0.009909123895591778
16224269.282342052 0.012686241538850583
14655375.894193996 0.0161316037274086
13238195.129926857 0.020512666262991607
11958056.317576112 0.02626151832998169
10692409.724838857 0.033697829737453694
9463979.080456845 0.043898186901893746
8376680.499556392 0.056755762026984916
7414299.587426966 0.07449650296070336
6562484.790369004 0.0972301278853123
5749759.386435779 0.125674464795822
4986711.157363897 0.16495784400349314
4324926.748350877 0.21652043907638274
3750967.4790325714 0.28420049268367503
3253178.1108489023 0.3730360070679062
2821450.1672075237 0.48963976541748006
2447016.663332359 0.6426915775839359
2122274.0774304173 0.8422197190020454
2122274.0774304173 1