 1.0000e-02  0.0000e+00
 2.0000e-02  0.0000e+00
 3.0000e-02  0.0000e+00
 4.0000e-02  0.0000e+00
 5.0000e-02  0.0000e+00
 6.0000e-02  0.0000e+00
 7.0000e-02  0.0000e+00
 8.0000e-02  0.0000e+00
 9.0000e-02  0.0000e+00
 1.0000e-01  0.0000e+00
 1.1000e-01  0.0000e+00
 1.2000e-01  0.0000e+00
 1.3000e-01  0.0000e+00
 1.4000e-01  0.0000e+00
 1.5000e-01  0.0000e+00
 1.6000e-01  0.0000e+00
 1.7000e-01  0.0000e+00
 1.8000e-01  0.0000e+00
 1.9000e-01  0.0000e+00
 2.0000e-01  0.0000e+00
 2.1000e-01  0.0000e+00
 2.2000e-01  2.8898e-01
 2.3000e-01  3.5954e-01
 2.4000e-01  3.9679e-01
 2.5000e-01  4.2036e-01
 2.6000e-01  4.3662e-01
 2.7000e-01  4.4845e-01
 2.8000e-01  4.5737e-01
 2.9000e-01  4.6277e-01
 3.0000e-01  4.6554e-01
 3.1000e-01  4.6660e-01
 3.2000e-01  4.6644e-01
 3.3000e-01  4.6540e-01
 3.4000e-01  4.6370e-01
 3.5000e-01  4.6152e-01
 3.6000e-01  4.5896e-01
 3.7000e-01  4.5610e-01
 3.8000e-01  4.5300e-01
 3.9000e-01  4.4969e-01
 4.0000e-01  4.4618e-01
 4.1000e-01  4.4247e-01
 4.2000e-01  4.3855e-01
 4.3000e-01  4.3439e-01
 4.4000e-01  4.2998e-01
 4.5000e-01  4.2526e-01
 4.6000e-01  4.2022e-01
 4.7000e-01  4.1481e-01
 4.8000e-01  4.0901e-01
 4.9000e-01  4.0280e-01
 5.0000e-01  3.9615e-01
 5.1000e-01  3.8901e-01
 5.2000e-01  3.8138e-01
 5.3000e-01  3.7320e-01
 5.4000e-01  3.6447e-01
 5.5000e-01  3.5513e-01
 5.6000e-01  3.4516e-01
 5.7000e-01  3.3452e-01
 5.8000e-01  3.2319e-01
 5.9000e-01  3.1112e-01
 6.0000e-01  2.9830e-01
 6.1000e-01  2.8474e-01
 6.2000e-01  2.7045e-01
 6.3000e-01  2.5548e-01
 6.4000e-01  2.3990e-01
 6.5000e-01  2.2383e-01
 6.6000e-01  2.0744e-01
 6.7000e-01  1.9096e-01
 6.8000e-01  1.7468e-01
 6.9000e-01  1.5891e-01
 7.0000e-01  1.4399e-01
 7.1000e-01  1.3029e-01
 7.2000e-01  1.1817e-01
 7.3000e-01  1.0798e-01
 7.4000e-01  9.9956e-02
 7.5000e-01  9.4100e-02
 7.6000e-01  8.9628e-02
 7.7000e-01  8.2139e-02
 7.8000e-01  4.9960e-02
 7.9000e-01  8.7161e-02
 8.0000e-01  1.1493e-01
 8.1000e-01  1.2990e-01
 8.2000e-01  1.4405e-01
 8.3000e-01  1.5864e-01
 8.4000e-01  1.7362e-01
 8.5000e-01  1.8880e-01
 8.6000e-01  2.0397e-01
 8.7000e-01  2.1896e-01
 8.8000e-01  2.3359e-01
 8.9000e-01  2.4771e-01
 9.0000e-01  2.6106e-01
 9.1000e-01  2.7362e-01
 9.2000e-01  2.8534e-01
 9.3000e-01  2.9612e-01
 9.4000e-01  3.0583e-01
 9.5000e-01  3.1436e-01
 9.6000e-01  3.2153e-01
 9.7000e-01  3.2710e-01
 9.8000e-01  3.3058e-01
 9.9000e-01  3.3055e-01
 1.0000e+00  3.1382e-01
 1.0100e+00  2.0646e-01
 1.0200e+00  2.1512e-02
 1.0300e+00  1.7711e-01
 1.0400e+00  2.6249e-01
 1.0500e+00  2.9708e-01
 1.0600e+00  3.1301e-01
 1.0700e+00  3.2077e-01
 1.0800e+00  3.2462e-01
 1.0900e+00  3.2696e-01
 1.1000e+00  3.2918e-01
 1.1100e+00  3.3149e-01
 1.1200e+00  3.3376e-01
 1.1300e+00  3.3565e-01
 1.1400e+00  3.3677e-01
 1.1500e+00  3.3688e-01
 1.1600e+00  3.3615e-01
 1.1700e+00  3.3482e-01
 1.1800e+00  3.3313e-01
 1.1900e+00  3.3134e-01
 1.2000e+00  3.2962e-01
 1.2100e+00  3.2790e-01
 1.2200e+00  3.2607e-01
 1.2300e+00  3.2404e-01
 1.2400e+00  3.2168e-01
 1.2500e+00  3.1898e-01
 1.2600e+00  3.1601e-01
 1.2700e+00  3.1291e-01
 1.2800e+00  3.0979e-01
 1.2900e+00  3.0678e-01
 1.3000e+00  3.0395e-01
 1.3100e+00  3.0123e-01
 1.3200e+00  2.9854e-01
 1.3300e+00  2.9582e-01
 1.3400e+00  2.9298e-01
 1.3500e+00  2.9000e-01
 1.3600e+00  2.8694e-01
 1.3700e+00  2.8387e-01
 1.3800e+00  2.8084e-01
 1.3900e+00  2.7791e-01
 1.4000e+00  2.7501e-01
 1.4100e+00  2.7167e-01
 1.4200e+00  2.6841e-01
 1.4300e+00  2.6530e-01
 1.4400e+00  2.6244e-01
 1.4500e+00  2.5989e-01
 1.4600e+00  2.5773e-01
 1.4700e+00  2.5590e-01
 1.4800e+00  2.5347e-01
 1.4900e+00  2.4223e-01
 1.5000e+00  2.3583e-01
 1.5100e+00  2.3280e-01
 1.5200e+00  2.3231e-01
 1.5300e+00  2.3338e-01
 1.5400e+00  2.3506e-01
 1.5500e+00  2.3640e-01
 1.5600e+00  2.3659e-01
 1.5700e+00  2.3563e-01
 1.5800e+00  2.3372e-01
 1.5900e+00  2.3110e-01
 1.6000e+00  2.2800e-01
 1.6100e+00  2.2465e-01
 1.6200e+00  2.2138e-01
 1.6300e+00  2.1848e-01
 1.6400e+00  2.1623e-01
 1.6500e+00  2.1490e-01
 1.6600e+00  2.1463e-01
 1.6700e+00  2.1517e-01
 1.6800e+00  2.1616e-01
 1.6900e+00  2.1725e-01
 1.7000e+00  2.1808e-01
 1.7100e+00  2.1835e-01
 1.7200e+00  2.1822e-01
 1.7300e+00  2.1791e-01
 1.7400e+00  2.1768e-01
 1.7500e+00  2.1776e-01
 1.7600e+00  2.1835e-01
 1.7700e+00  2.1948e-01
 1.7800e+00  2.2114e-01
 1.7900e+00  2.2334e-01
 1.8000e+00  2.2609e-01
 1.8100e+00  2.2937e-01
 1.8200e+00  2.3309e-01
 1.8300e+00  2.3710e-01
 1.8400e+00  2.4125e-01
 1.8500e+00  2.4535e-01
 1.8600e+00  2.4922e-01
 1.8700e+00  2.5265e-01
 1.8800e+00  2.5545e-01
 1.8900e+00  2.5741e-01
 1.9000e+00  2.5833e-01
 1.9100e+00  2.5806e-01
 1.9200e+00  2.5657e-01
 1.9300e+00  2.5388e-01
 1.9400e+00  2.5007e-01
 1.9500e+00  2.4522e-01
 1.9600e+00  2.3972e-01
 1.9700e+00  2.3493e-01
 1.9800e+00  2.3230e-01
 1.9900e+00  2.3317e-01
 2.0000e+00  2.3922e-01
 2.0100e+00  2.3922e-01
 2.0200e+00  2.3922e-01
 2.0300e+00  2.3922e-01
 2.0400e+00  2.3922e-01
 2.0500e+00  2.3922e-01
 2.0600e+00  2.3922e-01
 2.0700e+00  2.3922e-01
 2.0800e+00  2.3922e-01
 2.0900e+00  2.3922e-01
 2.1000e+00  2.3922e-01
 2.1100e+00  2.3922e-01
 2.1200e+00  2.3922e-01
 2.1300e+00  2.3922e-01
 2.1400e+00  2.3922e-01
 2.1500e+00  2.3922e-01
 2.1600e+00  2.3922e-01
 2.1700e+00  2.3922e-01
 2.1800e+00  2.3922e-01
 2.1900e+00  2.3922e-01
 2.2000e+00  2.3922e-01
 2.2100e+00  2.3922e-01
 2.2200e+00  2.3922e-01
 2.2300e+00  2.3922e-01
 2.2400e+00  2.3922e-01
 2.2500e+00  2.3922e-01
 2.2600e+00  2.3922e-01
 2.2700e+00  2.3922e-01
 2.2800e+00  2.3922e-01
 2.2900e+00  2.3922e-01
 2.3000e+00  2.3922e-01
 2.3100e+00  2.3922e-01
 2.3200e+00  2.3922e-01
 2.3300e+00  2.3922e-01
 2.3400e+00  2.3922e-01
 2.3500e+00  2.3922e-01
 2.3600e+00  2.3922e-01
 2.3700e+00  2.3922e-01
 2.3800e+00  2.3922e-01
 2.3900e+00  2.3922e-01
 2.4000e+00  2.3922e-01
 2.4100e+00  2.3922e-01
 2.4200e+00  2.3922e-01
 2.4300e+00  2.3922e-01
 2.4400e+00  2.3922e-01
 2.4500e+00  2.3922e-01
 2.4600e+00  2.3922e-01
 2.4700e+00  2.3922e-01
 2.4800e+00  2.3922e-01
 2.4900e+00  2.3922e-01
 2.5000e+00  2.3922e-01
 2.5100e+00  2.3922e-01
 2.5200e+00  2.3922e-01
 2.5300e+00  2.3922e-01
 2.5400e+00  2.3922e-01
 2.5500e+00  2.3922e-01
 2.5600e+00  2.3922e-01
 2.5700e+00  2.3922e-01
 2.5800e+00  2.3922e-01
 2.5900e+00  2.3922e-01
 2.6000e+00  2.3922e-01
 2.6100e+00  2.3922e-01
 2.6200e+00  2.3922e-01
 2.6300e+00  2.3922e-01
 2.6400e+00  2.3922e-01
 2.6500e+00  2.3922e-01
 2.6600e+00  2.3922e-01
 2.6700e+00  2.3922e-01
 2.6800e+00  2.3922e-01
 2.6900e+00  2.3922e-01
 2.7000e+00  2.3922e-01
 2.7100e+00  2.3922e-01
 2.7200e+00  2.3922e-01
 2.7300e+00  2.3922e-01
 2.7400e+00  2.3922e-01
 2.7500e+00  2.3922e-01
 2.7600e+00  2.3922e-01
 2.7700e+00  2.3923e-01
 2.7800e+00  2.3923e-01
 2.7900e+00  2.3923e-01
 2.8000e+00  2.3923e-01
 2.8100e+00  2.3923e-01
 2.8200e+00  2.3923e-01
 2.8300e+00  2.3923e-01
 2.8400e+00  2.3923e-01
 2.8500e+00  2.3923e-01
 2.8600e+00  2.3923e-01
 2.8700e+00  2.3923e-01
 2.8800e+00  2.3923e-01
 2.8900e+00  2.3923e-01
 2.9000e+00  2.3923e-01
 2.9100e+00  2.3923e-01
 2.9200e+00  2.3923e-01
 2.9300e+00  2.3923e-01
 2.9400e+00  2.3923e-01
 2.9500e+00  2.3923e-01
 2.9600e+00  2.3923e-01
 2.9700e+00  2.3923e-01
 2.9800e+00  2.3923e-01
 2.9900e+00  2.3923e-01
 3.0000e+00  2.3923e-01
 3.0100e+00  2.3027e-01
 3.0200e+00  2.2681e-01
 3.0300e+00  2.2426e-01
 3.0400e+00  2.2219e-01
 3.0500e+00  2.2041e-01
 3.0600e+00  2.1886e-01
 3.0700e+00  2.1747e-01
 3.0800e+00  2.1620e-01
 3.0900e+00  2.1505e-01
 3.1000e+00  2.1398e-01
 3.1100e+00  2.1299e-01
 3.1200e+00  2.1206e-01
 3.1300e+00  2.1119e-01
 3.1400e+00  2.1037e-01
 3.1500e+00  2.0960e-01
 3.1600e+00  2.0886e-01
 3.1700e+00  2.0817e-01
 3.1800e+00  2.0750e-01
 3.1900e+00  2.0687e-01
 3.2000e+00  2.0627e-01
 3.2100e+00  2.0569e-01
 3.2200e+00  2.0514e-01
 3.2300e+00  2.0461e-01
 3.2400e+00  2.0410e-01
 3.2500e+00  2.0361e-01
 3.2600e+00  2.0313e-01
 3.2700e+00  2.0268e-01
 3.2800e+00  2.0224e-01
 3.2900e+00  2.0181e-01
 3.3000e+00  2.0140e-01
 3.3100e+00  2.0101e-01
 3.3200e+00  2.0062e-01
 3.3300e+00  2.0025e-01
 3.3400e+00  1.9989e-01
 3.3500e+00  1.9954e-01
 3.3600e+00  1.9921e-01
 3.3700e+00  1.9888e-01
 3.3800e+00  1.9856e-01
 3.3900e+00  1.9825e-01
 3.4000e+00  1.9795e-01
 3.4100e+00  1.9765e-01
 3.4200e+00  1.9737e-01
 3.4300e+00  1.9709e-01
 3.4400e+00  1.9682e-01
 3.4500e+00  1.9656e-01
 3.4600e+00  1.9630e-01
 3.4700e+00  1.9605e-01
 3.4800e+00  1.9581e-01
 3.4900e+00  1.9557e-01
 3.5000e+00  1.9534e-01
 3.5100e+00  1.9512e-01
 3.5200e+00  1.9490e-01
 3.5300e+00  1.9468e-01
 3.5400e+00  1.9447e-01
 3.5500e+00  1.9427e-01
 3.5600e+00  1.9075e-01
 3.5700e+00  1.8864e-01
 3.5800e+00  1.8713e-01
 3.5900e+00  1.8588e-01
 3.6000e+00  1.8481e-01
 3.6100e+00  1.8385e-01
 3.6200e+00  1.8298e-01
 3.6300e+00  1.8218e-01
 3.6400e+00  1.8144e-01
 3.6500e+00  1.8075e-01
 3.6600e+00  1.8009e-01
 3.6700e+00  1.7948e-01
 3.6800e+00  1.7889e-01
 3.6900e+00  1.7834e-01
 3.7000e+00  1.7781e-01
 3.7100e+00  1.7730e-01
 3.7200e+00  1.7682e-01
 3.7300e+00  1.7635e-01
 3.7400e+00  1.7590e-01
 3.7500e+00  1.7547e-01
 3.7600e+00  1.7506e-01
 3.7700e+00  1.7466e-01
 3.7800e+00  1.7427e-01
 3.7900e+00  1.7389e-01
 3.8000e+00  1.7353e-01
 3.8100e+00  1.7318e-01
 3.8200e+00  1.7284e-01
 3.8300e+00  1.7251e-01
 3.8400e+00  1.7219e-01
 3.8500e+00  1.7188e-01
 3.8600e+00  1.7157e-01
 3.8700e+00  1.7128e-01
 3.8800e+00  1.7099e-01
 3.8900e+00  1.7071e-01
 3.9000e+00  1.7044e-01
 3.9100e+00  1.7017e-01
 3.9200e+00  1.6992e-01
 3.9300e+00  1.6966e-01
 3.9400e+00  1.6942e-01
 3.9500e+00  1.6918e-01
 3.9600e+00  1.6894e-01
 3.9700e+00  1.6871e-01
 3.9800e+00  1.6849e-01
 3.9900e+00  1.6827e-01
 4.0000e+00  1.6806e-01
 4.0100e+00  1.6785e-01
 4.0200e+00  1.6765e-01
 4.0300e+00  1.6745e-01
 4.0400e+00  1.6725e-01
 4.0500e+00  1.6706e-01
 4.0600e+00  1.6687e-01
 4.0700e+00  1.6669e-01
 4.0800e+00  1.6651e-01
 4.0900e+00  1.6633e-01
 4.1000e+00  1.6616e-01
 4.1100e+00  1.6599e-01
 4.1200e+00  1.6582e-01
 4.1300e+00  1.6566e-01
 4.1400e+00  1.6550e-01
 4.1500e+00  1.6534e-01
 4.1600e+00  1.6519e-01
 4.1700e+00  1.6504e-01
 4.1800e+00  1.6489e-01
 4.1900e+00  1.6475e-01
 4.2000e+00  1.6461e-01
 4.2100e+00  1.6447e-01
 4.2200e+00  1.6433e-01
 4.2300e+00  1.6419e-01
 4.2400e+00  1.6406e-01
 4.2500e+00  1.6393e-01
 4.2600e+00  1.6380e-01
 4.2700e+00  1.6368e-01
 4.2800e+00  1.6355e-01
 4.2900e+00  1.6343e-01
 4.3000e+00  1.6331e-01
 4.3100e+00  1.6320e-01
 4.3200e+00  1.6308e-01
 4.3300e+00  1.6297e-01
 4.3400e+00  1.6286e-01
 4.3500e+00  1.6275e-01
 4.3600e+00  1.6264e-01
 4.3700e+00  1.6253e-01
 4.3800e+00  1.6243e-01
 4.3900e+00  1.6233e-01
 4.4000e+00  1.6223e-01
 4.4100e+00  1.6213e-01
 4.4200e+00  1.6203e-01
 4.4300e+00  1.6193e-01
 4.4400e+00  1.6184e-01
 4.4500e+00  1.6175e-01
 4.4600e+00  1.6165e-01
 4.4700e+00  1.6156e-01
 4.4800e+00  1.6148e-01
 4.4900e+00  1.6139e-01
 4.5000e+00  1.6130e-01
 4.5100e+00  1.6122e-01
 4.5200e+00  1.6113e-01
 4.5300e+00  1.6105e-01
 4.5400e+00  1.6097e-01
 4.5500e+00  1.6089e-01
 4.5600e+00  1.6081e-01
 4.5700e+00  1.6073e-01
 4.5800e+00  1.6066e-01
 4.5900e+00  1.6058e-01
 4.6000e+00  1.6051e-01
 4.6100e+00  1.6043e-01
 4.6200e+00  1.6036e-01
 4.6300e+00  1.6029e-01
 4.6400e+00  1.6022e-01
 4.6500e+00  1.6015e-01
 4.6600e+00  1.6008e-01
 4.6700e+00  1.6001e-01
 4.6800e+00  1.5995e-01
 4.6900e+00  1.5988e-01
 4.7000e+00  1.5982e-01
 4.7100e+00  1.5975e-01
 4.7200e+00  1.5969e-01
 4.7300e+00  1.5963e-01
 4.7400e+00  1.5957e-01
 4.7500e+00  1.5951e-01
 4.7600e+00  1.5945e-01
 4.7700e+00  1.5939e-01
 4.7800e+00  1.5933e-01
 4.7900e+00  1.5927e-01
 4.8000e+00  1.5922e-01
 4.8100e+00  1.5916e-01
 4.8200e+00  1.5911e-01
 4.8300e+00  1.5905e-01
 4.8400e+00  1.5900e-01
 4.8500e+00  1.5895e-01
 4.8600e+00  1.5889e-01
 4.8700e+00  1.5884e-01
 4.8800e+00  1.5879e-01
 4.8900e+00  1.5874e-01
 4.9000e+00  1.5869e-01
 4.9100e+00  1.5864e-01
 4.9200e+00  1.5859e-01
 4.9300e+00  1.5855e-01
 4.9400e+00  1.5850e-01
 4.9500e+00  1.5845e-01
 4.9600e+00  1.5841e-01
 4.9700e+00  1.5836e-01
 4.9800e+00  1.5832e-01
 4.9900e+00  1.5827e-01
 5.0000e+00  1.5823e-01
 5.0100e+00  1.5819e-01
 5.0200e+00  1.5814e-01
 5.0300e+00  1.5810e-01
 5.0400e+00  1.5806e-01
 5.0500e+00  1.5802e-01
 5.0600e+00  1.5798e-01
 5.0700e+00  1.5794e-01
 5.0800e+00  1.5790e-01
 5.0900e+00  1.5786e-01
 5.1000e+00  1.5782e-01
 5.1100e+00  1.5778e-01
 5.1200e+00  1.5774e-01
 5.1300e+00  1.5771e-01
 5.1400e+00  1.5767e-01
 5.1500e+00  1.5763e-01
 5.1600e+00  1.5760e-01
 5.1700e+00  1.5756e-01
 5.1800e+00  1.5753e-01
 5.1900e+00  1.5749e-01
 5.2000e+00  1.5746e-01
 5.2100e+00  1.5742e-01
 5.2200e+00  1.5739e-01
 5.2300e+00  1.5736e-01
 5.2400e+00  1.5732e-01
 5.2500e+00  1.5729e-01
 5.2600e+00  1.5726e-01
 5.2700e+00  1.5723e-01
 5.2800e+00  1.5719e-01
 5.2900e+00  1.5716e-01
 5.3000e+00  1.5713e-01
 5.3100e+00  1.5710e-01
 5.3200e+00  1.5707e-01
 5.3300e+00  1.5704e-01
 5.3400e+00  1.5701e-01
 5.3500e+00  1.5698e-01
 5.3600e+00  1.5695e-01
 5.3700e+00  1.5693e-01
 5.3800e+00  1.5690e-01
 5.3900e+00  1.5687e-01
 5.4000e+00  1.5684e-01
 5.4100e+00  1.5681e-01
 5.4200e+00  1.5679e-01
 5.4300e+00  1.5676e-01
 5.4400e+00  1.5673e-01
 5.4500e+00  1.5671e-01
 5.4600e+00  1.5668e-01
 5.4700e+00  1.5666e-01
 5.4800e+00  1.5663e-01
 5.4900e+00  1.5661e-01
 5.5000e+00  1.5658e-01
 5.5100e+00  1.5656e-01
 5.5200e+00  1.5653e-01
 5.5300e+00  1.5651e-01
 5.5400e+00  1.5648e-01
 5.5500e+00  1.5646e-01
 5.5600e+00  1.5644e-01
 5.5700e+00  1.5642e-01
 5.5800e+00  1.5639e-01
 5.5900e+00  1.5637e-01
 5.6000e+00  1.5635e-01
 5.6100e+00  1.5633e-01
 5.6200e+00  1.5630e-01
 5.6300e+00  1.5628e-01
 5.6400e+00  1.5626e-01
 5.6500e+00  1.5624e-01
 5.6600e+00  1.5622e-01
 5.6700e+00  1.5620e-01
 5.6800e+00  1.5618e-01
 5.6900e+00  1.5616e-01
 5.7000e+00  1.5614e-01
 5.7100e+00  1.5612e-01
 5.7200e+00  1.5610e-01
 5.7300e+00  1.5608e-01
 5.7400e+00  1.5606e-01
 5.7500e+00  1.5604e-01
 5.7600e+00  1.5602e-01
 5.7700e+00  1.5600e-01
 5.7800e+00  1.5598e-01
 5.7900e+00  1.5596e-01
 5.8000e+00  1.5594e-01
 5.8100e+00  1.5593e-01
 5.8200e+00  1.5591e-01
 5.8300e+00  1.5589e-01
 5.8400e+00  1.5587e-01
 5.8500e+00  1.5586e-01
 5.8600e+00  1.5584e-01
 5.8700e+00  1.5582e-01
 5.8800e+00  1.5580e-01
 5.8900e+00  1.5579e-01
 5.9000e+00  1.5577e-01
 5.9100e+00  1.5575e-01
 5.9200e+00  1.5574e-01
 5.9300e+00  1.5572e-01
 5.9400e+00  1.5571e-01
 5.9500e+00  1.5569e-01
 5.9600e+00  1.5567e-01
 5.9700e+00  1.5566e-01
 5.9800e+00  1.5564e-01
 5.9900e+00  1.5563e-01
 6.0000e+00  1.5561e-01
 6.0100e+00  1.5560e-01
 6.0200e+00  1.5558e-01
 6.0300e+00  1.5557e-01
 6.0400e+00  1.5555e-01
 6.0500e+00  1.5554e-01
 6.0600e+00  1.5552e-01
 6.0700e+00  1.5551e-01
 6.0800e+00  1.5550e-01
 6.0900e+00  1.5548e-01
 6.1000e+00  1.5547e-01
 6.1100e+00  1.5545e-01
 6.1200e+00  1.5544e-01
 6.1300e+00  1.5543e-01
 6.1400e+00  1.5541e-01
 6.1500e+00  1.5540e-01
 6.1600e+00  1.5539e-01
 6.1700e+00  1.5538e-01
 6.1800e+00  1.5536e-01
 6.1900e+00  1.5535e-01
 6.2000e+00  1.5534e-01
 6.2100e+00  1.5532e-01
 6.2200e+00  1.5531e-01
 6.2300e+00  1.5530e-01
 6.2400e+00  1.5529e-01
 6.2500e+00  1.5528e-01
 6.2600e+00  1.5526e-01
 6.2700e+00  1.5525e-01
 6.2800e+00  1.5524e-01
 6.2900e+00  1.5523e-01
 6.3000e+00  1.5522e-01
 6.3100e+00  1.5521e-01
 6.3200e+00  1.5519e-01
 6.3300e+00  1.5518e-01
 6.3400e+00  1.5517e-01
 6.3500e+00  1.5516e-01
 6.3600e+00  1.5515e-01
 6.3700e+00  1.5514e-01
 6.3800e+00  1.5513e-01
 6.3900e+00  1.5512e-01
 6.4000e+00  1.5511e-01
 6.4100e+00  1.5510e-01
 6.4200e+00  1.5509e-01
 6.4300e+00  1.5508e-01
 6.4400e+00  1.5507e-01
 6.4500e+00  1.5505e-01
 6.4600e+00  1.5504e-01
 6.4700e+00  1.5503e-01
 6.4800e+00  1.5502e-01
 6.4900e+00  1.5502e-01
 6.5000e+00  1.5501e-01
 6.5100e+00  1.5500e-01
 6.5200e+00  1.5499e-01
 6.5300e+00  1.5498e-01
 6.5400e+00  1.5497e-01
 6.5500e+00  1.5496e-01
 6.5600e+00  1.5495e-01
 6.5700e+00  1.5494e-01
 6.5800e+00  1.5493e-01
 6.5900e+00  1.5492e-01
 6.6000e+00  1.5491e-01
 6.6100e+00  1.5490e-01
 6.6200e+00  1.5489e-01
 6.6300e+00  1.5489e-01
 6.6400e+00  1.5488e-01
 6.6500e+00  1.5487e-01
 6.6600e+00  1.5486e-01
 6.6700e+00  1.5485e-01
 6.6800e+00  1.5484e-01
 6.6900e+00  1.5483e-01
 6.7000e+00  1.5483e-01
 6.7100e+00  1.5482e-01
 6.7200e+00  1.5481e-01
 6.7300e+00  1.5480e-01
 6.7400e+00  1.5479e-01
 6.7500e+00  1.5479e-01
 6.7600e+00  1.5478e-01
 6.7700e+00  1.5477e-01
 6.7800e+00  1.5476e-01
 6.7900e+00  1.5476e-01
 6.8000e+00  1.5475e-01
 6.8100e+00  1.5474e-01
 6.8200e+00  1.5473e-01
 6.8300e+00  1.5473e-01
 6.8400e+00  1.5472e-01
 6.8500e+00  1.5471e-01
 6.8600e+00  1.5470e-01
 6.8700e+00  1.5470e-01
 6.8800e+00  1.5469e-01
 6.8900e+00  1.5468e-01
 6.9000e+00  1.5467e-01
 6.9100e+00  1.5467e-01
 6.9200e+00  1.5466e-01
 6.9300e+00  1.5465e-01
 6.9400e+00  1.5465e-01
 6.9500e+00  1.5464e-01
 6.9600e+00  1.5463e-01
 6.9700e+00  1.5463e-01
 6.9800e+00  1.5462e-01
 6.9900e+00  1.5461e-01
 7.0000e+00  1.5461e-01
 7.0100e+00  1.5460e-01
 7.0200e+00  1.5459e-01
 7.0300e+00  1.5459e-01
 7.0400e+00  1.5458e-01
 7.0500e+00  1.5458e-01
 7.0600e+00  1.5457e-01
 7.0700e+00  1.5456e-01
 7.0800e+00  1.5456e-01
 7.0900e+00  1.5455e-01
 7.1000e+00  1.5454e-01
 7.1100e+00  1.5454e-01
 7.1200e+00  1.5453e-01
 7.1300e+00  1.5453e-01
 7.1400e+00  1.5452e-01
 7.1500e+00  1.5451e-01
 7.1600e+00  1.5451e-01
 7.1700e+00  1.5450e-01
 7.1800e+00  1.5450e-01
 7.1900e+00  1.5449e-01
 7.2000e+00  1.5449e-01
 7.2100e+00  1.5448e-01
 7.2200e+00  1.5448e-01
 7.2300e+00  1.5447e-01
 7.2400e+00  1.5446e-01
 7.2500e+00  1.5446e-01
 7.2600e+00  1.5445e-01
 7.2700e+00  1.5445e-01
 7.2800e+00  1.5444e-01
 7.2900e+00  1.5444e-01
 7.3000e+00  1.5443e-01
 7.3100e+00  1.5443e-01
 7.3200e+00  1.5442e-01
 7.3300e+00  1.5442e-01
 7.3400e+00  1.5441e-01
 7.3500e+00  1.5441e-01
 7.3600e+00  1.5440e-01
 7.3700e+00  1.5440e-01
 7.3800e+00  1.5439e-01
 7.3900e+00  1.5439e-01
 7.4000e+00  1.5438e-01
 7.4100e+00  1.5438e-01
 7.4200e+00  1.5437e-01
 7.4300e+00  1.5437e-01
 7.4400e+00  1.5436e-01
 7.4500e+00  1.5436e-01
 7.4600e+00  1.5435e-01
 7.4700e+00  1.5435e-01
 7.4800e+00  1.5434e-01
 7.4900e+00  1.5434e-01
 7.5000e+00  1.5434e-01
 7.5100e+00  1.5433e-01
 7.5200e+00  1.5433e-01
 7.5300e+00  1.5432e-01
 7.5400e+00  1.5432e-01
 7.5500e+00  1.5431e-01
 7.5600e+00  1.5431e-01
 7.5700e+00  1.5430e-01
 7.5800e+00  1.5430e-01
 7.5900e+00  1.5430e-01
 7.6000e+00  1.5429e-01
 7.6100e+00  1.5429e-01
 7.6200e+00  1.5428e-01
 7.6300e+00  1.5428e-01
 7.6400e+00  1.5428e-01
 7.6500e+00  1.5427e-01
 7.6600e+00  1.5427e-01
 7.6700e+00  1.5426e-01
 7.6800e+00  1.5426e-01
 7.6900e+00  1.5426e-01
 7.7000e+00  1.5425e-01
 7.7100e+00  1.5425e-01
 7.7200e+00  1.5424e-01
 7.7300e+00  1.5424e-01
 7.7400e+00  1.5424e-01
 7.7500e+00  1.5423e-01
 7.7600e+00  1.5423e-01
 7.7700e+00  1.5422e-01
 7.7800e+00  1.5422e-01
 7.7900e+00  1.5422e-01
 7.8000e+00  1.5421e-01
 7.8100e+00  1.5421e-01
 7.8200e+00  1.5421e-01
 7.8300e+00  1.5420e-01
 7.8400e+00  1.5420e-01
 7.8500e+00  1.5420e-01
 7.8600e+00  1.5419e-01
 7.8700e+00  1.5419e-01
 7.8800e+00  1.5419e-01
 7.8900e+00  1.5418e-01
 7.9000e+00  1.5418e-01
 7.9100e+00  1.5418e-01
 7.9200e+00  1.5417e-01
 7.9300e+00  1.5417e-01
 7.9400e+00  1.5416e-01
 7.9500e+00  1.5416e-01
 7.9600e+00  1.5416e-01
 7.9700e+00  1.5416e-01
 7.9800e+00  1.5415e-01
 7.9900e+00  1.5415e-01
 8.0000e+00  1.5415e-01
 8.0100e+00  1.5414e-01
 8.0200e+00  1.5414e-01
 8.0300e+00  1.5414e-01
 8.0400e+00  1.5413e-01
 8.0500e+00  1.5413e-01
 8.0600e+00  1.5413e-01
 8.0700e+00  1.5412e-01
 8.0800e+00  1.5412e-01
 8.0900e+00  1.5412e-01
 8.1000e+00  1.5411e-01
 8.1100e+00  1.5411e-01
 8.1200e+00  1.5411e-01
 8.1300e+00  1.5411e-01
 8.1400e+00  1.5410e-01
 8.1500e+00  1.5410e-01
 8.1600e+00  1.5410e-01
 8.1700e+00  1.5409e-01
 8.1800e+00  1.5409e-01
 8.1900e+00  1.5409e-01
 8.2000e+00  1.5409e-01
 8.2100e+00  1.5408e-01
 8.2200e+00  1.5408e-01
 8.2300e+00  1.5408e-01
 8.2400e+00  1.5407e-01
 8.2500e+00  1.5407e-01
 8.2600e+00  1.5407e-01
 8.2700e+00  1.5407e-01
 8.2800e+00  1.5406e-01
 8.2900e+00  1.5406e-01
 8.3000e+00  1.5406e-01
 8.3100e+00  1.5406e-01
 8.3200e+00  1.5405e-01
 8.3300e+00  1.5405e-01
 8.3400e+00  1.5405e-01
 8.3500e+00  1.5405e-01
 8.3600e+00  1.5404e-01
 8.3700e+00  1.5404e-01
 8.3800e+00  1.5404e-01
 8.3900e+00  1.5403e-01
 8.4000e+00  1.5403e-01
 8.4100e+00  1.5403e-01
 8.4200e+00  1.5403e-01
 8.4300e+00  1.5403e-01
 8.4400e+00  1.5402e-01
 8.4500e+00  1.5402e-01
 8.4600e+00  1.5402e-01
 8.4700e+00  1.5402e-01
 8.4800e+00  1.5401e-01
 8.4900e+00  1.5401e-01
 8.5000e+00  1.5401e-01
 8.5100e+00  1.5401e-01
 8.5200e+00  1.5400e-01
 8.5300e+00  1.5400e-01
 8.5400e+00  1.5400e-01
 8.5500e+00  1.5400e-01
 8.5600e+00  1.5399e-01
 8.5700e+00  1.5399e-01
 8.5800e+00  1.5399e-01
 8.5900e+00  1.5399e-01
 8.6000e+00  1.5399e-01
 8.6100e+00  1.5398e-01
 8.6200e+00  1.5398e-01
 8.6300e+00  1.5398e-01
 8.6400e+00  1.5398e-01
 8.6500e+00  1.5397e-01
 8.6600e+00  1.5397e-01
 8.6700e+00  1.5397e-01
 8.6800e+00  1.5397e-01
 8.6900e+00  1.5397e-01
 8.7000e+00  1.5396e-01
 8.7100e+00  1.5396e-01
 8.7200e+00  1.5396e-01
 8.7300e+00  1.5396e-01
 8.7400e+00  1.5396e-01
 8.7500e+00  1.5395e-01
 8.7600e+00  1.5395e-01
 8.7700e+00  1.5395e-01
 8.7800e+00  1.5395e-01
 8.7900e+00  1.5395e-01
 8.8000e+00  1.5394e-01
 8.8100e+00  1.5394e-01
 8.8200e+00  1.5394e-01
 8.8300e+00  1.5394e-01
 8.8400e+00  1.5394e-01
 8.8500e+00  1.5393e-01
 8.8600e+00  1.5393e-01
 8.8700e+00  1.5393e-01
 8.8800e+00  1.5393e-01
 8.8900e+00  1.5393e-01
 8.9000e+00  1.5393e-01
 8.9100e+00  1.5392e-01
 8.9200e+00  1.5392e-01
 8.9300e+00  1.5392e-01
 8.9400e+00  1.5392e-01
 8.9500e+00  1.5392e-01
 8.9600e+00  1.5391e-01
 8.9700e+00  1.5391e-01
 8.9800e+00  1.5391e-01
 8.9900e+00  1.5391e-01
 9.0000e+00  1.5391e-01
 9.0100e+00  1.5391e-01
 9.0200e+00  1.5390e-01
 9.0300e+00  1.5390e-01
 9.0400e+00  1.5390e-01
 9.0500e+00  1.5390e-01
 9.0600e+00  1.5390e-01
 9.0700e+00  1.5390e-01
 9.0800e+00  1.5389e-01
 9.0900e+00  1.5389e-01
 9.1000e+00  1.5389e-01
 9.1100e+00  1.5389e-01
 9.1200e+00  1.5389e-01
 9.1300e+00  1.5389e-01
 9.1400e+00  1.5388e-01
 9.1500e+00  1.5388e-01
 9.1600e+00  1.5388e-01
 9.1700e+00  1.5388e-01
 9.1800e+00  1.5388e-01
 9.1900e+00  1.5388e-01
 9.2000e+00  1.5387e-01
 9.2100e+00  1.5387e-01
 9.2200e+00  1.5387e-01
 9.2300e+00  1.5387e-01
 9.2400e+00  1.5387e-01
 9.2500e+00  1.5387e-01
 9.2600e+00  1.5387e-01
 9.2700e+00  1.5386e-01
 9.2800e+00  1.5386e-01
 9.2900e+00  1.5386e-01
 9.3000e+00  1.5386e-01
 9.3100e+00  1.5386e-01
 9.3200e+00  1.5386e-01
 9.3300e+00  1.5386e-01
 9.3400e+00  1.5385e-01
 9.3500e+00  1.5385e-01
 9.3600e+00  1.5385e-01
 9.3700e+00  1.5385e-01
 9.3800e+00  1.5385e-01
 9.3900e+00  1.5385e-01
 9.4000e+00  1.5385e-01
 9.4100e+00  1.5384e-01
 9.4200e+00  1.5384e-01
 9.4300e+00  1.5384e-01
 9.4400e+00  1.5384e-01
 9.4500e+00  1.5384e-01
 9.4600e+00  1.5384e-01
 9.4700e+00  1.5384e-01
 9.4800e+00  1.5383e-01
 9.4900e+00  1.5383e-01
 9.5000e+00  1.5383e-01
 9.5100e+00  1.5383e-01
 9.5200e+00  1.5383e-01
 9.5300e+00  1.5383e-01
 9.5400e+00  1.5383e-01
 9.5500e+00  1.5383e-01
 9.5600e+00  1.5382e-01
 9.5700e+00  1.5382e-01
 9.5800e+00  1.5382e-01
 9.5900e+00  1.5382e-01
 9.6000e+00  1.5382e-01
 9.6100e+00  1.5328e-01
 9.6200e+00  1.5306e-01
 9.6300e+00  1.5289e-01
 9.6400e+00  1.5275e-01
 9.6500e+00  1.5262e-01
 9.6600e+00  1.5251e-01
 9.6700e+00  1.5241e-01
 9.6800e+00  1.5231e-01
 9.6900e+00  1.5223e-01
 9.7000e+00  1.5214e-01
 9.7100e+00  1.5206e-01
 9.7200e+00  1.5199e-01
 9.7300e+00  1.5192e-01
 9.7400e+00  1.5185e-01
 9.7500e+00  1.5178e-01
 9.7600e+00  1.5172e-01
 9.7700e+00  1.5166e-01
 9.7800e+00  1.5160e-01
 9.7900e+00  1.5154e-01
 9.8000e+00  1.5149e-01
 9.8100e+00  1.5143e-01
 9.8200e+00  1.5138e-01
 9.8300e+00  1.5133e-01
 9.8400e+00  1.5128e-01
 9.8500e+00  1.5123e-01
 9.8600e+00  1.5118e-01
 9.8700e+00  1.5114e-01
 9.8800e+00  1.5109e-01
 9.8900e+00  1.5105e-01
 9.9000e+00  1.5100e-01
 9.9100e+00  1.5096e-01
 9.9200e+00  1.5092e-01
 9.9300e+00  1.5088e-01
 9.9400e+00  1.5084e-01
 9.9500e+00  1.5080e-01
 9.9600e+00  1.5076e-01
 9.9700e+00  1.5073e-01
 9.9800e+00  1.5069e-01
 9.9900e+00  1.5065e-01
