1.00000e-3 10
1.24654e-3 2.10764e-3
1.49447e-3 2.03829e-3
1.79166e-3 2.00794e-3
2.14790e-3 2.00563e-3
2.57498e-3 2.00100e-3
3.08699e-3 1.99409e-3
3.70078e-3 1.99409e-3
4.43662e-3 1.99179e-3
5.31877e-3 1.99179e-3
6.37631e-3 1.99179e-3
7.64412e-3 1.99179e-3
9.16402e-3 1.99179e-3
1.09861e-2 1.99179e-3
1.31705e-2 1.99179e-3
1.57892e-2 1.99179e-3
1.89286e-2 1.99179e-3
2.26923e-2 1.99179e-3
2.72042e-2 1.99179e-3
3.26133e-2 1.99179e-3
3.90978e-2 1.99179e-3
4.64871e-2 1.98789e-3
5.71251e-2 1.99870e-3
6.84845e-2 1.97805e-3
8.21008e-2 1.98720e-3
9.84283e-2 1.94381e-3
1.17995e-1 1.99409e-3
1.42235e-1 1.99435e-3
1.69580e-1 2.00794e-3
1.93212e-1 2.03224e-3
2.14224e-1 2.12095e-3
2.21412e-1 1.36434e-3
2.49357e-1 1.10145e-3
2.94805e-1 1.24610e-3
3.36224e-1 1.66146e-3
3.71027e-1 2.21059e-3
4.09421e-1 2.99775e-3
4.51781e-1 4.10842e-3
4.78141e-1 5.16688e-3
5.07832e-1 6.34923e-3
5.13183e-1 3.24798e-2
5.49672e-1 2.85616e-2
5.72661e-1 2.36674e-2
6.53214e-1 1.86789e-2
7.83098e-1 1.86143e-2
8.95561e-1 2.06000e-2
9.81941e-1 2.29374e-2
9.86550e-1 10