1.00000e-3 10
1.14207e-3 6.73066e-2
1.36930e-3 6.25156e-2
1.64161e-3 6.13013e-2
1.96806e-3 6.03887e-2
2.35938e-3 6.02495e-2
2.87551e-3 6.03190e-2
3.44727e-3 6.01800e-2
4.13269e-3 6.01800e-2
4.95441e-3 6.01800e-2
5.93950e-3 6.01800e-2
7.12046e-3 6.01800e-2
8.53624e-3 6.01800e-2
1.02335e-2 6.01800e-2
1.22683e-2 6.01800e-2
1.47076e-2 6.01800e-2
1.76319e-2 6.01800e-2
2.11377e-2 6.01800e-2
2.53409e-2 5.96730e-2
3.03791e-2 6.01800e-2
3.64195e-2 6.01800e-2
4.36608e-2 6.01800e-2
5.23420e-2 6.01800e-2
6.27492e-2 6.01800e-2
7.52258e-2 6.01800e-2
9.01831e-2 6.01800e-2
1.08114e-1 6.01800e-2
1.27960e-1 6.01800e-2
1.55377e-1 6.14429e-2
1.84705e-1 7.03476e-2
2.07201e-1 9.71691e-2
2.27303e-1 1.39350e-1
2.63016e-1 1.38377e-1
2.66912e-1 5.99378e-2
3.00848e-1 6.59786e-2
3.40842e-1 7.41469e-2
4.10751e-1 8.93974e-2
4.92287e-1 1.07522e-1
5.90014e-1 1.28578e-1
7.07137e-1 1.54468e-1
8.47511e-1 1.85358e-1
1.02508e+0 2.25266e-1
1.21517e+0 2.65300e-1
1.45905e+0 3.20277e-1
1.74869e+0 3.84324e-1
2.09583e+0 4.60116e-1
2.51187e+0 5.52764e-1
3.01050e+0 6.63302e-1
3.60813e+0 7.94111e-1
4.21892e+0 10