0.2143 0.00027457
0.2146 0.00026142
0.215 0.00024656
0.2154 0.00023962
0.2159 0.00021965
0.2163 0.00021181
0.2168 0.00020575
0.2173 0.00020292
0.2178 0.00019793
0.2183 0.00019255
0.2189 0.00018713
0.2195 0.00018455
0.2201 0.00017949
0.2207 0.00017546
0.2214 0.00020928
0.222 0.00020519
0.2227 0.00020345
0.2235 0.00022755
0.2242 0.00022432
0.225 0.00022183
0.2258 0.00021906
0.2266 0.00021826
0.2274 0.00019098
0.2283 0.00019081
0.2292 0.00018887
0.2301 0.00015532
0.231 0.00015492
0.2319 0.00015553
0.2329 0.00015564
0.2339 0.00015416
0.2349 0.00015477
0.236 0.00015438
0.237 0.00015328
0.2381 0.0001531
0.2392 0.00015342
0.2403 0.00018478
0.2415 0.00019857
0.2427 0.00020911
0.2438 0.00021218
0.2451 0.00021095
0.2463 0.0002272
0.2476 0.0002247
0.2488 0.00022111
0.2501 0.00020698
0.2514 0.00019301
0.2528 0.00018936
0.2541 0.00018238
0.2555 0.00019623
0.2569 0.00017265
0.2583 0.00019628
0.2598 0.0001966
0.2612 0.00018373
0.2627 0.0001826
0.2642 0.00017371
0.2657 0.00017289
0.2672 0.00016873
0.2688 0.00018676
0.2703 0.00019426
0.2719 0.00019491
0.2735 0.00019665
0.2751 0.00019932
0.2768 0.00019895
0.2784 0.00022021
0.2801 0.00022145
0.2818 0.00020616
0.2835 0.00018916
0.2852 0.00018624
0.287 0.00019757
0.2887 0.00018907
0.2905 0.00018253
0.2923 0.00016006
0.2941 0.0001627
0.2959 0.00015796
0.2977 0.00016949
0.2996 0.00016884
0.3014 0.00020333
0.3033 0.00022299
0.3052 0.00025454
0.3071 0.00025658
0.3091 0.00023872
0.311 0.00024669
0.313 0.0002474
0.3149 0.00024456
0.3169 0.00021444
0.3189 0.00023877
0.3209 0.00023474
0.3229 0.00028308
0.325 0.00031984
0.327 0.00034754
0.3291 0.00036995
0.3312 0.00038613
0.3333 0.00039508
0.3354 0.00039238
0.3375 0.00037825
0.3396 0.00035047
0.3417 0.00031051
0.3439 0.00028617
0.3461 0.00027443
0.3482 0.00027269
0.3482 0.003828
0.3461 0.0037582
0.3439 0.0038034
0.3417 0.003888
0.3396 0.0039527
0.3375 0.0040192
0.3354 0.0041482
0.3333 0.0042605
0.3312 0.0043766
0.3291 0.0044737
0.327 0.0044389
0.325 0.0044019
0.3229 0.0044562
0.3209 0.0045997
0.3189 0.0047956
0.3169 0.0050252
0.3149 0.0054779
0.313 0.0055968
0.311 0.0058115
0.3091 0.00588
0.3071 0.0060398
0.3052 0.0062982
0.3033 0.0064097
0.3014 0.0065178
0.2996 0.0065939
0.2977 0.0066454
0.2959 0.0068911
0.2941 0.0070426
0.2923 0.0070963
0.2905 0.0071129
0.2887 0.0072009
0.287 0.0073581
0.2852 0.0074511
0.2835 0.0075746
0.2818 0.007708
0.2801 0.0078794
0.2784 0.0081391
0.2768 0.0082793
0.2751 0.0084289
0.2735 0.0085751
0.2719 0.0087247
0.2703 0.0088329
0.2688 0.0089363
0.2672 0.00914
0.2657 0.0092486
0.2642 0.0094528
0.2627 0.0095667
0.2612 0.0097308
0.2598 0.0099385
0.2583 0.01011
0.2569 0.010276
0.2555 0.010454
0.2541 0.010577
0.2528 0.010693
0.2514 0.010923
0.2501 0.011097
0.2488 0.01122
0.2476 0.011336
0.2463 0.011527
0.2451 0.011702
0.2438 0.011899
0.2427 0.01207
0.2415 0.012197
0.2403 0.012393
0.2392 0.012571
0.2381 0.012694
0.237 0.012945
0.236 0.013129
0.2349 0.013316
0.2339 0.013505
0.2329 0.013695
0.2319 0.013949
0.231 0.014132
0.2301 0.014389
0.2292 0.014575
0.2283 0.013358
0.2274 0.013525
0.2266 0.013757
0.2258 0.013925
0.225 0.014159
0.2242 0.014317
0.2235 0.01454
0.2227 0.014709
0.222 0.014933
0.2214 0.015078
0.2207 0.012663
0.2201 0.012716
0.2195 0.013095
0.2189 0.013214
0.2183 0.013388
0.2178 0.013425
0.2173 0.0096941
0.2168 0.0097665
0.2163 0.0098355
0.2159 0.0098993
0.2154 0.0099621
0.215 0.010071
0.2146 0.010125
