 0.01       0         
 0.02       0         
 0.03       0         
 0.04       0         
 0.05       0         
 0.06       0         
 0.07       0         
 0.08       0         
 0.09       0         
 0.10       0         
 0.11       0         
 0.12       0         
 0.13       0         
 0.14       0         
 0.15       0         
 0.16       0         
 0.17       0         
 0.18       0         
 0.19       0         
 0.20       0         
 0.21       0         
 0.22       0         
 0.23       0         
 0.24       0         
 0.25       0         
 0.26       0         
 0.27       0         
 0.28       0         
 0.29       0         
 0.30       0         
 0.31       0         
 0.32       0         
 0.33       0         
 0.34       0         
 0.35       0         
 0.36       0         
 0.37       0         
 0.38       0         
 0.39       0         
 0.40       0         
 0.41       0         
 0.42       0         
 0.43       0         
 0.44       0         
 0.45       0         
 0.46       0         
 0.47       0         
 0.48       0         
 0.49       0         
 0.50       0         
 0.51       0         
 0.52       0         
 0.53       0         
 0.54       0         
 0.55       0         
 0.56       0         
 0.57       0         
 0.58       0         
 0.59       0         
 0.60       0         
 0.61       0         
 0.62       0         
 0.63       0         
 0.64       0         
 0.65       0         
 0.66       0         
 0.67       0         
 0.68       0         
 0.69       0         
 0.70       0         
 0.71       0         
 0.72       0         
 0.73       0         
 0.74       0         
 0.75       0         
 0.76       0         
 0.77       0         
 0.78       0         
 0.79       0         
 0.80       0         
 0.81       0         
 0.82       0         
 0.83       0         
 0.84       0         
 0.85       0         
 0.86       0         
 0.87       0         
 0.88       0         
 0.89       0         
 0.90       0         
 0.91       0         
 0.92       0         
 0.93       0         
 0.94       0         
 0.95       0         
 0.96       0         
 0.97       0         
 0.98       0         
 0.99       0         
 1.00       0         
 1.01       0         
 1.02       0         
 1.03       0         
 1.04       0         
 1.05       0         
 1.06       0         
 1.07       0         
 1.08       0         
 1.09       0         
 1.10       0         
 1.11       0         
 1.12       0         
 1.13       0         
 1.14       0         
 1.15       0         
 1.16       0         
 1.17       0         
 1.18       0         
 1.19       0         
 1.20       0         
 1.21       0         
 1.22       0         
 1.23       0         
 1.24       0         
 1.25       0         
 1.26       0         
 1.27       0         
 1.28       0         
 1.29       0         
 1.30       0         
 1.31       0         
 1.32       0         
 1.33       0         
 1.34       0         
 1.35       0         
 1.36       0         
 1.37       0         
 1.38       0         
 1.39       0         
 1.40       0         
 1.41       0         
 1.42       0         
 1.43       0         
 1.44       0         
 1.45       0         
 1.46       0         
 1.47       0         
 1.48       0         
 1.49       0         
 1.50       0         
 1.51       0         
 1.52       0         
 1.53       0         
 1.54       0         
 1.55       0         
 1.56       0         
 1.57       0         
 1.58       0         
 1.59       0         
 1.60       0         
 1.61       0         
 1.62       0         
 1.63       0         
 1.64       0         
 1.65       0         
 1.66       0         
 1.67       0         
 1.68       0         
 1.69       0         
 1.70       0         
 1.71       0         
 1.72       0         
 1.73       0         
 1.74       0         
 1.75       0         
 1.76       0         
 1.77       0         
 1.78       0         
 1.79       0         
 1.80       0         
 1.81       0         
 1.82       0         
 1.83       0         
 1.84       0         
 1.85       0         
 1.86       0         
 1.87       0         
 1.88       0         
 1.89       0         
 1.90       0         
 1.91       0         
 1.92       0         
 1.93       0         
 1.94       0         
 1.95       0         
 1.96       0         
 1.97       0         
 1.98       0         
 1.99       0         
 2.00       0         
 2.01       -2.1763979716960036e-07
 2.02       -3.999951567673191e-06
 2.03       -1.2256226409321715e-05
 2.04       -2.470143972667773e-05
 2.05       -4.1066166206921764e-05
 2.06       -6.109572276695986e-05
 2.07       -8.454936066645172e-05
 2.08       -0.00011119950380556946
 2.09       -0.00014083103041796996
 2.10       -0.00017324059554810217
 2.11       -0.00020823599186845646
 2.12       -0.00024563554654760347
 2.13       -0.0002852675520246825
 2.14       -0.00032696972868107526
 2.15       -0.0003705887175260757
 2.16       -0.00041597960113108303
 2.17       -0.0004630054511567152
 2.18       -0.0005115369009199473
 2.19       -0.000561451741544238
 2.20       -0.0006126345403253345
 2.21       -0.0006649762800291707
 2.22       -0.0007183740179167199
 2.23       -0.000772730563363931
 2.24       -0.0008279541730134835
 2.25       -0.0008839582624592948
 2.26       -0.0009406611335248057
 2.27       -0.000997985716252337
 2.28       -0.0010558593247735454
 2.29       -0.0011142134262803582
 2.30       -0.0011729834223620703
 2.31       -0.001232108442017621
 2.32       -0.0012915311456928229
 2.33       -0.0013511975397303606
 2.34       -0.0014110568006562266
 2.35       -0.0014710611087598038
 2.36       -0.0015311654904563337
 2.37       -0.0015913276689500375
 2.38       -0.00165150792274402
 2.39       -0.0017116689515690583
 2.40       -0.0017717757493279866
 2.41       -0.0018317954836753263
 2.42       -0.0018916973818734971
 2.43       -0.001951452622587291
 2.44       -0.002011034233297342
 2.45       -0.002070416993031444
 2.46       -0.0021295773401293276
 2.47       -0.0021884932847725737
 2.48       -0.0022471443260262047
 2.49       -0.0023055113731526625
 2.50       -0.002363576670972162
 2.51       -0.002421323729055823
 2.52       -0.0024787372545498837
 2.53       -0.002535803088440283
 2.54       -0.0025925081450773983
 2.55       -0.002648840354790567
 2.56       -0.0027047886094313167
 2.57       -0.0027603427106929145
 2.58       -0.002815493321062213
 2.59       -0.002870231917267434
 2.60       -0.0029245507460929614
 2.61       -0.002978442782439098
 2.62       -0.003031901689511279
 2.63       -0.003084921781029427
 2.64       -0.0031374979853539477
 2.65       -0.00318962581143035
 2.66       -0.00324130131645969
 2.67       -0.0032925210752069323
 2.68       -0.0033432821508639506
 2.69       -0.0033935820673882972
 2.70       -0.0034434187832429585
 2.71       -0.0034927906664662706
 2.72       -0.003541696471004861
 2.73       -0.0035901353142459127
 2.74       -0.003638106655688483
 2.75       -0.0036856102766966055
 2.76       -0.0037326462612798992
 2.77       -0.0037792149778502885
 2.78       -0.0038253170619059443
 2.79       -0.003870953399596192
 2.80       -0.003916125112123393
 2.81       -0.003960833540940172
 2.82       -0.004005080233702354
 2.83       -0.004048866930940102
 2.84       -0.004092195553411585
 2.85       -0.004135068190105351
 2.86       -0.004177487086859245
 2.87       -0.004219454635565386
 2.88       -0.004260973363932226
 2.89       -0.004302045925776147
 2.90       -0.004342675091816498
 2.91       -0.004382863740949198
 2.92       -0.00442261485197535
 2.93       -0.00446193149576244
 2.94       -0.004500816827816808
 2.95       -0.004539274081247176
 2.96       -0.00457730656009998
 2.97       -0.00461491763304824
 2.98       -0.004652110727416564
 2.99       -0.004688889323525781
 3.00       -0.004725256949341495
 3.01       -0.0047612171754116295
 3.02       -0.004796773610078731
 3.03       -0.004831929894953583
 3.04       -0.004866689700637209
 3.05       -0.004901056722679142
 3.06       -0.004935034677760259
 3.07       -0.0049686273000891755
 3.08       -0.005001838338001673
 3.09       -0.005034671550753154
 3.10       -0.00506713070549462
 3.11       -0.005099219574423094
 3.12       -0.005130941932097911
 3.13       -0.005162301552914628
 3.14       -0.005193302208728799
 3.15       -0.005223947666622166
 3.16       -0.005254241686804192
 3.17       -0.005284188020642225
 3.18       -0.005313790408813907
 3.19       -0.005343052579575688
 3.20       -0.005371978247141685
 3.21       -0.005400571110167361
 3.22       -0.0054288348503327396
 3.23       -0.00545677313102019
 3.24       -0.00548438959608199
 3.25       -0.005511687868693147
 3.26       -0.005538671550285147
 3.27       -0.0055653442195565395
 3.28       -0.005591709431556429
 3.29       -0.005617770716837144
 3.30       -0.005643531580672559
 3.31       -0.005668995502338656
 3.32       -0.005694165934453154
 3.33       -0.005719046302371086
 3.34       -0.005743640003633475
 3.35       -0.005767950407466272
 3.36       -0.0057919808543269585
 3.37       -0.005815734655496256
 3.38       -0.005839215092712599
 3.39       -0.005862425417847023
 3.40       -0.00588536885261636
 3.41       -0.005908048588332643
 3.42       -0.0059304677856867214
 3.43       -0.005952629574564306
 3.44       -0.005974537053892539
 3.45       -0.005996193291515487
 3.46       -0.006017601324096898
 3.47       -0.006038764157048686
 3.48       -0.006059684764483697
 3.49       -0.006080366089191334
 3.50       -0.00610081104263475
 3.51       -0.006121022504968317
 3.52       -0.006141003325074193
 3.53       -0.0061607563206168186
 3.54       -0.006180284278114304
 3.55       -0.006199589953025613
 3.56       -0.006218676069852603
 3.57       -0.006237545322255969
 3.58       -0.006256200373184227
 3.59       -0.0062746438550148505
 3.60       -0.0062928783697067826
 3.61       -0.0063109064889635665
 3.62       -0.00632873075440636
 3.63       -0.006346353677756122
 3.64       -0.006363777741024371
 3.65       -0.006381005396711833
 3.66       -0.006398039068014414
 3.67       -0.006414881149035966
 3.68       -0.006431534005007248
 3.69       -0.006447999972510634
 3.70       -0.006464281359710058
 3.71       -0.006480380446585763
 3.72       -0.006496299485173386
 3.73       -0.006512040699807003
 3.74       -0.006527606287365758
 3.75       -0.006542998417523646
 3.76       -0.006558219233002158
 3.77       -0.006573270849825462
 3.78       -0.006588155357577752
 3.79       -0.00660287481966253
 3.80       -0.006617431273563502
 3.81       -0.006631826731106845
 3.82       -0.006646063178724584
 3.83       -0.006660142577718854
 3.84       -0.006674066864526796
 3.85       -0.006687837950985922
 3.86       -0.006701457724599715
 3.87       -0.006714928048803286
 3.88       -0.006728250763228913
 3.89       -0.006741427683971293
 3.90       -0.006754460603852378
 3.91       -0.006767351292685591
 3.92       -0.006780101497539331
 3.93       -0.0067927129429996465
 3.94       -0.006805187331431886
 3.95       -0.006817526343241316
 3.96       -0.0068297316371324955
 3.97       -0.006841804850367385
 3.98       -0.006853747599022062
 3.99       -0.006865561478241953
 4.00       -0.006877248062495531
 4.01       -0.006888808905826364
 4.02       -0.006900245542103472
 4.03       -0.006911559485269922
 4.04       -0.006922752229589616
 4.05       -0.006933825249892169
 4.06       -0.006944780001815882
 4.07       -0.006955617922048742
 4.08       -0.0069663404285674035
 4.09       -0.006976948920874104
 4.10       -0.0069874447802315024
 4.11       -0.006997829369895405
 4.12       -0.007008104035345316
 4.13       -0.007018270104512837
 4.14       -0.007028328888007863
 4.15       -0.0070382816793425566
 4.16       -0.007048129755153093
 4.17       -0.007057874375419166
 4.18       -0.007067516783681211
 4.19       -0.007077058207255384
 4.20       -0.007086499857446239
 4.21       -0.0070958429297571434
 4.22       -0.007105088604098382
 4.23       -0.007114238044992997
 4.24       -0.007123292401780297
 4.25       -0.007132252808817121
 4.26       -0.0071411203856767795
 4.27       -0.007149896237345721
 4.28       -0.007158581454417926
 4.29       -0.0071671771132870155
 4.30       -0.007175684276336094
 4.31       -0.007184103992125341
 4.32       -0.0071924372955773485
 4.33       -0.007200685208160215
 4.34       -0.00720884873806842
 4.35       -0.007216928880401475
 4.36       -0.007224926617340383
 4.37       -0.0072328429183218836
 4.38       -0.0072406787402105564
 4.39       -0.007248435027468733
 4.40       -0.007256112712324288
 4.41       -0.007263712714936274
 4.42       -0.007271235943558465
 4.43       -0.007278683294700796
 4.44       -0.0072860556532887205
 4.45       -0.0072933538928205074
 4.46       -0.007300578875522496
 4.47       -0.007307731452502321
 4.48       -0.0073148124639001305
 4.49       -0.007321822739037826
 4.50       -0.007328763096566311
 4.51       -0.007335634344610814
 4.52       -0.00734243728091426
 4.53       -0.007349172692978747
 4.54       -0.0073558413582051115
 4.55       -0.007362444044030644
 4.56       -0.007368981508064927
 4.57       -0.007375454498223873
 4.58       -0.00738186375286191
 4.59       -0.007388210000902414
 4.60       -0.0073944939619663376
 4.61       -0.007400716346499109
 4.62       -0.007406877855895782
 4.63       -0.007412979182624484
 4.64       -0.007419021010348168
 4.65       -0.007425004014044694
 4.66       -0.007430928860125254
 4.67       -0.007436796206551168
 4.68       -0.0074426067029490645
 4.69       -0.007448360990724476
 4.70       -0.0074540597031738445
 4.71       -0.007459703465594991
 4.72       -0.00746529289539604
 4.73       -0.007470828602202832
 4.74       -0.007476311187964829
 4.75       -0.007481741247059563
 4.76       -0.007487119366395625
 4.77       -0.0074924461255141735
 4.78       -0.007497722096689094
 4.79       -0.007502947845025682
 4.80       -0.007508123928557996
 4.81       -0.007513250898344822
 4.82       -0.0075183292985642886
 4.83       -0.007523359666607158
 4.84       -0.00752834253316881
 4.85       -0.007533278422339915
 4.86       -0.007538167851695851
 4.87       -0.007543011332384843
 4.88       -0.007547809369214874
 4.89       -0.007552562460739349
 4.90       -0.007557271099341576
 4.91       -0.007561935771318036
 4.92       -0.0075665569569604895
 4.93       -0.007571135130636903
 4.94       -0.007575670760871257
 4.95       -0.007580164310422206
 4.96       -0.007584616236360631
 4.97       -0.007589026990146102
 4.98       -0.007593397017702256
 4.99       -0.007597726759491096
 5.00       -0.0076020166505862555
 5.01       -0.007606267120745216
 5.02       -0.007610478594480509
 5.03       -0.007614651491129897
 5.04       -0.007618786224925579
 5.05       -0.007622883205062402
 5.06       -0.007626942835765116
 5.07       -0.007630965516354668
 5.08       -0.0076349516413135666
 5.09       -0.007638901600350318
 5.10       -0.007642815778462947
 5.11       -0.007646694556001621
 5.12       -0.0076505383087304
 5.13       -0.007654347407888085
 5.14       -0.007658122220248238
 5.15       -0.007661863108178333
 5.16       -0.00766557042969808
 5.17       -0.0076692445385369195
 5.18       -0.007672885784190704
 5.19       -0.007676494511977592
 5.20       -0.007680071063093139
 5.21       -0.0076836157746646115
 5.22       -0.007687128979804542
 5.23       -0.007690611007663531
 5.24       -0.007694062183482295
 5.25       -0.007697482828642985
 5.26       -0.007700873260719784
 5.27       -0.007704233793528798
 5.28       -0.007707564737177232
 5.29       -0.007710866398111879
 5.30       -0.0077141390791669396
 5.31       -0.007717383079611155
 5.32       -0.007720598695194279
 5.33       -0.007723786218192909
 5.34       -0.007726945937455663
 5.35       -0.0077300781384477294
 5.36       -0.007733183103294794
 5.37       -0.0077362611108263415
 5.38       -0.00773931243661837
 5.39       -0.007742337353035481
 5.40       -0.007745336129272415
 5.41       -0.007748309031394976
 5.42       -0.007751256322380403
 5.43       -0.007754178262157173
 5.44       -0.00775707510764425
 5.45       -0.007759947112789787
 5.46       -0.007762794528609284
 5.47       -0.007765617603223229
 5.48       -0.007768416581894204
 5.49       -0.0077711917070634766
 5.50       -0.007773943218387084
 5.51       -0.007776671352771429
 5.52       -0.007779376344408361
 5.53       -0.007782058424809789
 5.54       -0.007784717822841805
 5.55       -0.007787354764758343
 5.56       -0.0077899694742343695
 5.57       -0.007792562172398614
 5.58       -0.007795133077865853
 5.59       -0.00779768240676874
 5.60       -0.00780021037278921
 5.61       -0.007802717187189445
 5.62       -0.00780520305884241
 5.63       -0.007807668194261974
 5.64       -0.007810112797632614
 5.65       -0.007812537070838725
 5.66       -0.00781494121349351
 5.67       -0.00781732542296748
 5.68       -0.007819689894416575
 5.69       -0.007822034820809882
 5.70       -0.007824360392957001
 5.71       -0.007826666799534995
 5.72       -0.007828954227115032
 5.73       -0.007831222860188603
 5.74       -0.007833472881193427
 5.75       -0.007835704470538989
 5.76       -0.007837917806631714
 5.77       -0.00784011306589984
 5.78       -0.007842290422817916
 5.79       -0.007844450049930979
 5.80       -0.007846592117878417
 5.81       -0.007848716795417494
 5.82       -0.00785082424944656
 5.83       -0.007852914645027957
 5.84       -0.007854988145410611
 5.85       -0.007857044912052302
 5.86       -0.007859085104641677
 5.87       -0.007861108881119913
 5.88       -0.007863116397702145
 5.89       -0.007865107808898554
 5.90       -0.007867083267535217
 5.91       -0.007869042924774642
 5.92       -0.007870986930136053
 5.93       -0.007872915431515401
 5.94       -0.007874828575205082
 5.95       -0.007876726505913437
 5.96       -0.007878609366783947
 5.97       -0.007880477299414206
 5.98       -0.007882330443874623
 5.99       -0.007884168938726883
 6.00       -0.007885992921042164
 6.01       -0.007887802526419095
 6.02       -0.007889597889001522
 6.03       -0.007891379141495972
 6.04       -0.007893146415188951
 6.05       -0.007894899839963963
 6.06       -0.007896639544318351
 6.07       -0.007898365655379866
 6.08       -0.007900078298923063
 6.09       -0.00790177759938545
 6.10       -0.007903463679883448
 6.11       -0.007905136662228118
 6.12       -0.007906796666940708
 6.13       -0.007908443813267975
 6.14       -0.007910078219197312
 6.15       -0.007911700001471692
 6.16       -0.00791330927560439
 6.17       -0.007914906155893542
 6.18       -0.007916490755436495
 6.19       -0.007918063186143968
 6.20       -0.007919623558754056
 6.21       -0.007921171982846014
 6.22       -0.00792270856685389
 6.23       -0.007924233418079976
 6.24       -0.007925746642708073
 6.25       -0.007927248345816606
 6.26       -0.007928738631391543
 6.27       -0.00793021760233917
 6.28       -0.007931685360498687
 6.29       -0.007933142006654664
 6.30       -0.007934587640549296
 6.31       -0.007936022360894539
 6.32       -0.007937446265384084
 6.33       -0.007938859450705153
 6.34       -0.007940262012550173
 6.35       -0.007941654045628287
 6.36       -0.007943035643676715
 6.37       -0.007944406899471982
 6.38       -0.00794576790484099
 6.39       -0.007947118750671962
 6.40       -0.007948459526925227
 6.41       -0.007949790322643898
 6.42       -0.007951111225964386
 6.43       -0.007952422324126789
 6.44       -0.00795372370348517
 6.45       -0.007955015449517662
 6.46       -0.007956297646836493
 6.47       -0.007957570379197856
 6.48       -0.007958833729511651
 6.49       -0.007960087779851131
 6.50       -0.0079613326114624
 6.51       -0.007962568304773798
 6.52       -0.007963794939405184
 6.53       -0.007965012594177076
 6.54       -0.007966221347119716
 6.55       -0.00796742127548196
 6.56       -0.007968612455740131
 6.57       -0.007969794963606693
 6.58       -0.007970968874038874
 6.59       -0.007972134261247139
 6.60       -0.007973291198703578
 6.61       -0.007974439759150196
 6.62       -0.00797558001460707
 6.63       -0.007976712036380453
 6.64       -0.00797783589507072
 6.65       -0.007978951660580269
 6.66       -0.007980059402121289
 6.67       -0.007981159188223449
 6.68       -0.007982251086741486
 6.69       -0.007983335164862698
 6.70       -0.007984411489114353
 6.71       -0.007985480125370996
 6.72       -0.007986541138861682
 6.73       -0.007987594594177099
 6.74       -0.00798864055527662
 6.75       -0.007989679085495265
 6.76       -0.007990710247550579
 6.77       -0.007991734103549414
 6.78       -0.007992750714994654
 6.79       -0.007993760142791824
 6.80       -0.007994762447255659
 6.81       -0.00799575768811655
 6.82       -0.007996745924526946
 6.83       -0.00799772721506766
 6.84       -0.007998701617754109
 6.85       -0.007999669190042469
 6.86       -0.008000629988835758
 6.87       -0.00800158407048986
 6.88       -0.00800253149081945
 6.89       -0.008003472305103867
 6.90       -0.00800440656809292
 6.91       -0.008005334334012605
 6.92       -0.008006255656570762
 6.93       -0.008007170588962673
 6.94       -0.00800807918387659
 6.95       -0.008008981493499186
 6.96       -0.008009877569520943
 6.97       -0.008010767463141496
 6.98       -0.008011651225074882
 6.99       -0.008012528905554754
 7.00       -0.008013400554339519
 7.01       -0.008014266220717412
 7.02       -0.008015125953511516
 7.03       -0.008015979801084733
 7.04       -0.008016827811344676
 7.05       -0.008017670031748502
 7.06       -0.008018506509307723
 7.07       -0.00801933729059291
 7.08       -0.008020162421738386
 7.09       -0.008020981948446833
 7.10       -0.00802179591599386
 7.11       -0.008022604369232514
 7.12       -0.008023407352597735
 7.13       -0.00802420491011077
 7.14       -0.008024997085383517
 7.15       -0.008025783921622833
 7.16       -0.008026565461634787
 7.17       -0.008027341747828858
 7.18       -0.008028112822222102
 7.19       -0.00802887872644324
 7.20       -0.008029639501736734
 7.21       -0.008030395188966784
 7.22       -0.008031145828621302
 7.23       -0.008031891460815824
 7.24       -0.008032632125297387
 7.25       -0.008033367861448357
 7.26       -0.008034098708290215
 7.27       -0.008034824704487286
 7.28       -0.008035545888350456
 7.29       -0.00803626229784081
 7.30       -0.008036973970573258
 7.31       -0.008037680943820093
 7.32       -0.00803838325451453
 7.33       -0.008039080939254194
 7.34       -0.008039774034304571
 7.35       -0.008040462575602418
 7.36       -0.008041146598759135
 7.37       -0.008041826139064092
 7.38       -0.008042501231487937
 7.39       -0.00804317191068584
 7.40       -0.008043838211000721
 7.41       -0.008044500166466437
 7.42       -0.00804515781081092
 7.43       -0.0080458111774593
 7.44       -0.008046460299536973
 7.45       -0.008047105209872648
 7.46       -0.008047745941001353
 7.47       -0.008048382525167415
 7.48       -0.008049014994327388
 7.49       -0.008049643380152972
 7.50       -0.00805026771403388
 7.51       -0.008050888027080691
 7.52       -0.008051504350127643
 7.53       -0.008052116713735426
 7.54       -0.008052725148193931
 7.55       -0.008053329683524953
 7.56       -0.008053930349484891
 7.57       -0.0080545271755674
 7.58       -0.008055120191006017
 7.59       -0.008055709424776762
 7.60       -0.008056294905600706
 7.61       -0.008056876661946509
 7.62       -0.008057454722032936
 7.63       -0.008058029113831335
 7.64       -0.008058599865068107
 7.65       -0.008059167003227117
 7.66       -0.008059730555552118
 7.67       -0.008060290549049106
 7.68       -0.008060847010488691
 7.69       -0.008061399966408402
 7.70       -0.008061949443115002
 7.71       -0.00806249546668675
 7.72       -0.008063038062975656
 7.73       -0.008063577257609703
 7.74       -0.008064113075995045
 7.75       -0.008064645543318184
 7.76       -0.008065174684548128
 7.77       -0.008065700524438502
 7.78       -0.00806622308752967
 7.79       -0.008066742398150811
 7.80       -0.00806725848042198
 7.81       -0.008067771358256141
 7.82       -0.008068281055361183
 7.83       -0.008068787595241917
 7.84       -0.008069291001202046
 7.85       -0.008069791296346116
 7.86       -0.008070288503581435
 7.87       -0.008070782645619997
 7.88       -0.008071273744980362
 7.89       -0.008071761823989524
 7.90       -0.008072246904784754
 7.91       -0.008072729009315436
 7.92       -0.008073208159344866
 7.93       -0.008073684376452046
 7.94       -0.008074157682033458
 7.95       -0.0080746280973048
 7.96       -0.008075095643302728
 7.97       -0.008075560340886566
 7.98       -0.00807602221074001
 7.99       -0.00807648127337278
 8.00       -0.008076937549122311
 8.01       -0.008077391058155371
 8.02       -0.008077841820469694
 8.03       -0.008078289855895584
 8.04       -0.008078735184097508
 8.05       -0.008079177824575661
 8.06       -0.008079617796667535
 8.07       -0.008080055119549444
 8.08       -0.008080489812238056
 8.09       -0.008080921893591903
 8.10       -0.00808135138231286
 8.11       -0.008081778296947643
 8.12       -0.008082202655889237
 8.13       -0.008082624477378375
 8.14       -0.00808304377950494
 8.15       -0.0080834605802094
 8.16       -0.008083874897284198
 8.17       -0.008084286748375136
 8.18       -0.008084696150982753
 8.19       -0.008085103122463671
 8.20       -0.008085507680031953
 8.21       -0.008085909840760417
 8.22       -0.008086309621581956
 8.23       -0.008086707039290845
 8.24       -0.008087102110544012
 8.25       -0.008087494851862335
 8.26       -0.008087885279631883
 8.27       -0.008088273410105172
 8.28       -0.008088659259402404
 8.29       -0.008089042843512684
 8.30       -0.008089424178295229
 8.31       -0.00808980327948057
 8.32       -0.008090180162671727
 8.33       -0.0080905548433454
 8.34       -0.00809092733685311
 8.35       -0.008091297658422359
 8.36       -0.00809166582315776
 8.37       -0.00809203184604218
 8.38       -0.00809239574193782
 8.39       -0.008092757525587357
 8.40       -0.008093117211615007
 8.41       -0.008093474814527615
 8.42       -0.008093830348715726
 8.43       -0.008094183828454638
 8.44       -0.008094535267905456
 8.45       -0.008094884681116122
 8.46       -0.008095232082022445
 8.47       -0.00809557748444912
 8.48       -0.008095920902110726
 8.49       -0.008096262348612729
 8.50       -0.008096601837452462
 8.51       -0.008096939382020104
 8.52       -0.008097274995599644
 8.53       -0.00809760869136984
 8.54       -0.00809794048240516
 8.55       -0.008098270381676724
 8.56       -0.008098598402053228
 8.57       -0.008098924556301863
 8.58       -0.008099248857089226
 8.59       -0.008099571316982216
 8.60       -0.00809989194844893
 8.61       -0.008100210763859545
 8.62       -0.00810052777548718
 8.63       -0.008100842995508775
 8.64       -0.008101156436005941
 8.65       -0.008101468108965807
 8.66       -0.008101778026281856
 8.67       -0.008102086199754766
 8.68       -0.008102392641093215
 8.69       -0.00810269736191472
 8.70       -0.008103000373746411
 8.71       -0.008103301688025867
 8.72       -0.00810360131610187
 8.73       -0.008103899269235219
 8.74       -0.008104195558599472
 8.75       -0.00810449019528175
 8.76       -0.008104783190283467
 8.77       -0.0081050745545211
 8.78       -0.008105364298826918
 8.79       -0.00810565243394974
 8.80       -0.008105938970555646
 8.81       -0.008106223919228717
 8.82       -0.008106507290471732
 8.83       -0.008106789094706898
 8.84       -0.008107069342276535
 8.85       -0.008107348043443782
 8.86       -0.008107625208393282
 8.87       -0.008107900847231864
 8.88       -0.00810817496998922
 8.89       -0.00810844758661857
 8.90       -0.008108718706997324
 8.91       -0.00810898834092775
 8.92       -0.008109256498137606
 8.93       -0.008109523188280792
 8.94       -0.008109788420937989
 8.95       -0.008110052205617288
 8.96       -0.008110314551754812
 8.97       -0.00811057546871534
 8.98       -0.008110834965792912
 8.99       -0.008111093052211445
 9.00       -0.008111349737125332
 9.01       -0.008111605029620031
 9.02       -0.00811185893871266
 9.03       -0.008112111473352585
 9.04       -0.008112362642421985
 9.05       -0.008112612454736446
 9.06       -0.008112860919045508
 9.07       -0.008113108044033234
 9.08       -0.008113353838318777
 9.09       -0.008113598310456917
 9.10       -0.00811384146893861
 9.11       -0.008114083322191542
 9.12       -0.008114323878580642
 9.13       -0.008114563146408635
 9.14       -0.008114801133916558
 9.15       -0.008115037849284277
 9.16       -0.00811527330063101
 9.17       -0.008115507496015839
 9.18       -0.008115740443438208
 9.19       -0.008115972150838428
 9.20       -0.008116202626098178
 9.21       -0.008116431877040996
 9.22       -0.008116659911432761
 9.23       -0.008116886736982179
 9.24       -0.008117112361341265
 9.25       -0.008117336792105813
 9.26       -0.008117560036815864
 9.27       -0.008117782102956175
 9.28       -0.00811800299795668
 9.29       -0.008118222729192942
 9.30       -0.008118441303986607
 9.31       -0.008118658729605856
 9.32       -0.008118875013265844
 9.33       -0.00811909016212914
 9.34       -0.008119304183306168
 9.35       -0.00811951708385563
 9.36       -0.008119728870784939
 9.37       -0.008119939551050646
 9.38       -0.008120149131558852
 9.39       -0.008120357619165628
 9.40       -0.008120565020677428
 9.41       -0.008120771342851494
 9.42       -0.008120976592396262
 9.43       -0.008121180775971766
 9.44       -0.008121383900190026
 9.45       -0.008121585971615457
 9.46       -0.00812178699676524
 9.47       -0.008121986982109721
 9.48       -0.008122185934072797
 9.49       -0.008122383859032276
 9.50       -0.008122580763320272
 9.51       -0.008122776653223574
 9.52       -0.008122971534984006
 9.53       -0.0081231654147988
 9.54       -0.008123358298820958
 9.55       -0.008123550193159607
 9.56       -0.008123741103880354
 9.57       -0.008123931037005651
 9.58       -0.008124119998515127
 9.59       -0.008124307994345947
 9.60       -0.00812449503039314
 9.61       -0.008124681112509965
 9.62       -0.008124866246508218
 9.63       -0.008125050438158582
 9.64       -0.008125233693190959
 9.65       -0.008125416017294794
 9.66       -0.008125597416119398
 9.67       -0.008125777895274267
 9.68       -0.008125957460329415
 9.69       -0.008126136116815674
 9.70       -0.008126313870225018
 9.71       -0.008126490726010868
 9.72       -0.008126666689588403
 9.73       -0.008126841766334861
 9.74       -0.008127015961589847
 9.75       -0.008127189280655627
 9.76       -0.00812736172879743
 9.77       -0.008127533311243735
 9.78       -0.008127704033186575
 9.79       -0.008127873899781809
 9.80       -0.008128042916149427
 9.81       -0.008128211087373818
 9.82       -0.008128378418504062
 9.83       -0.008128544914554203
 9.84       -0.008128710580503535
 9.85       -0.008128875421296856
 9.86       -0.00812903944184476
 9.87       -0.008129202647023905
 9.88       -0.008129365041677258
 9.89       -0.00812952663061439
 9.90       -0.008129687418611715
 9.91       -0.008129847410412758
 9.92       -0.008130006610728421
 9.93       -0.00813016502423722
 9.94       -0.008130322655585553
 9.95       -0.008130479509387946
 9.96       -0.008130635590227303
 9.97       -0.008130790902655147
 9.98       -0.008130945451191874
 9.99       -0.008131099240326985
