0.010005708485696352 0.0014859482913961645
0.01225437893081806 0.0013017299137353668
0.015830845004828575 0.0013006897167168795
0.0175063189364358 0.0013839991510641173
0.019596631360028392 0.001482833379911425
0.02163765448422822 0.0014721331197843548
0.023891253704645055 0.0017023255273961179
0.024630802289491043 0.0017500282625738607
0.02578326932782241 0.002066549230277141
0.025901441097153713 0.0026894004973795236
0.02485709908972836 0.003476292062250362
0.023818531293197772 0.004310358839152524
0.02254673528398143 0.004986750907524252
0.0213103396941762 0.005809448897673681
0.02076522767850436 0.007054667311664119
0.019867318360985948 0.007458028361144159
0.01863528561049604 0.009980919008353016
0.01677487803025665 0.013734618806845837
0.009929741464509709 0.014341453586146287