0.00006314438358601656 0.00017228134137996313
0.00018123525275625307 0.00006220936944825653
0.0005201763795330921 0.00002293514907882868
0.00315801527227787 0.000004084697265319439
0.009319065944394658 0.0000014749504457485785
0.02674732376766082 6.033429790497516e-7
0.04251526230318202 4.212317252252613e-7
0.06351588888580825 3.118204276820254e-7
0.0824521086018498 2.603362572703118e-7
0.10561118178098021 2.239888509994209e-7
0.14463529676756826 1.870064112635051e-7
0.18526032721160723 1.6580968415257545e-7
0.2421070513388955 1.499930220604267e-7
0.30394758584705267 1.4123676233970155e-7
0.3740012746038459 1.3433164561993264e-7
0.43330813105989574 1.4123676233970155e-7
0.47905041203056437 1.4701555509793477e-7
0.5087821259098522 1.6580968415257545e-7
0.5156358402970923 2.0060127159214397e-7
0.5053895065295312 2.656087782946684e-7
0.4887627435090306 3.2784908897636116e-7
0.4540840169843223 4.0875155872770775e-7
0.38158382596190565 7.23820352762609e-7
0.3121915898831146 0.0000012817465570141014
0.19807911168370204 0.000004141966177828213
0.1159814826994029 0.000014214586771218956
0.06101668774768025 0.000059018167313579546
0.03363937960272455 0.00020872528414885423
0.013724425963689849 0.001430608247663828
0.004490087095567412 0.01420888775799492
0.0018196813793275833 0.09936044192693065
0.000025651457170277108 0.09936044192693065