0.10926178191506163 0.010148854313874177
0.10843819108775037 0.003105821642521019
0.1100916279357141 0.0028642753662766257
0.11064835716965714 0.002460857681297114
0.11177027595128204 0.0013751860643949278
0.1129035704260013 0.0010048695925729675
0.11347451954766748 0.0009504647299907584
0.11607973200676486 0.0008677188731673027
0.12116498890109526 0.0015371238487003238
0.12147096596281771 0.0017800800044139072
0.12301248059495862 0.0016837043067698923
0.1245735576578604 0.001798186528797557
0.12488814235337495 0.00999595267388203
0.14565883712382188 0.00999595267388203
0.14529193246768618 0.001046382762325936
0.14672185533527726 0.0010563159901876324
0.14821655981802673 0.001157541296010774
0.1492719038531745 0.0013928519057310107
0.14987832795405112 0.0015513612540231103
0.15033476223782483 0.0016658039304923691
0.15125180506607172 0.0017208958956440366
0.15217444186032045 0.0017139109728878798
0.15248323645381603 0.001662419837752862
0.1532579671406023 0.0014185788177516615
0.15466241508832007 0.0011182080324424863
0.15607973332314035 0.0008497568784148975
0.157510039787697 0.0007506220755820364
0.16138859699833963 0.000728071089363658
0.16155226005919252 0.009972712057837382