0.05  1
0.05 0.000281194793941548
0.07147608104300139 0.00021018635242423548
0.0841087353510468 0.00021624022785849876
0.09723459480176097 0.00020575743196190067
0.10510282304559504 0.00019999703356097801
0.11605178394904081 0.00021624022785849876
0.125 0.00020575743196190067
0.125 1
0.145  1
0.145 0.000194397903647035
0.14970824247193334 0.000194397903647035
0.16942259109743518 0.0001593557503301472
0.1799214673708114 0.00015489441641561047
0.20221303721848105 0.00017229817436990467
0.21627205209542966 0.00017229817436990467
0.22887653102359679 0.0001862917455422749
0.23544654102986742 0.0001862917455422749
0.2530234977760381 0.000197930739720711
0.27575362087471367 0.00021312174856936414
0.3080029355814751 0.0002332807239012036
0.33704777943762987 0.0002491294658958578
0.3562182622267517 0.0002693542051113681
0.3906113560675506 0.0002912208218738178
0.4196444330399113 0.0003135717618452417
0.4371973036895042 0.00033213520265561235
0.4499267203893502 0.00035616012185336974
0.46019586831894527 0.0003882506886239933
0.4678428523249025 0.000467087819479959
0.4717251181584714 0.0005349031648819664
0.48155644675304826 0.0007072886658864126
0.5 0.0007249391256526295
0.5 1
0.6  1
0.6  0.0009784615669867465
0.6375966290817642 0.001032137586788311
0.6795214107343779 0.0015311405192779477
0.6979379797298002 0.0019272004960799287
0.7227283914838643 0.00230902729113057
0.7437865283966347 0.0025693112013938867
0.7685726355339149 0.0026880803866759497
0.7844640648473632 0.002655154710397968
0.8039436224987432 0.0024760502192974197
0.8188416994456816 0.002207006052658327
0.8340404923260676 0.0020751114260870052
0.8425988124370881 0.001975293978215493
0.8530107687835611 0.001967195850273426
0.8582990238502464 0.002109492484207738
0.8816610307454996 0.0032605948616884106
0.9 0.004797400933065306
0.9 1