7.463509486023526e-07 1.0
7.943299999999999e-07 0.9396288997102726
9.397600849384413e-07 0.7943282347242822
9.999999999999997e-07 0.7465261513261494
1.1833312361534847e-06 0.6309573444801942
1.2589e-06 0.5931165459573092
1.4899994188876619e-06 0.5011872336272735
1.5849e-06 0.47120146742149316
1.876114512604089e-06 0.3981071705534969
1.9953e-06 0.37434442957518066
2.3622739523587017e-06 0.31622776601683794
2.5119e-06 0.29740545079697756
2.9743914687892503e-06 0.25118864315095824
3.1623e-06 0.23627303685958528
3.7450915747652647e-06 0.19952623149688828
3.9811e-06 0.18770578316009723
4.715457261812639e-06 0.15848931924611176
5.0119e-06 0.1491210267957479
5.937204463495644e-06 0.12589254117941662
6.3096e-06 0.118466782227926
7.475441642385056e-06 0.1
7.9433e-06 0.09411336590060172
9.41214559214621e-06 0.07943282347242822
9.999999999999999e-06 0.07476584757104629
1.185050934317797e-05 0.06309573444801943
1.2589e-05 0.05939635596154269
1.4920494466169372e-05 0.05011872336272724
1.5848999999999997e-05 0.04718386454043302
1.8785609702723124e-05 0.039810717055349776
1.9953e-05 0.03748250342641589
2.3651797046260685e-05 0.03162277660168379
2.5119e-05 0.029776456526186827
2.9778363164049023e-05 0.025118864315095822
3.1623e-05 0.023654174015938934
3.7491618615230565e-05 0.01995262314968883
3.9811e-05 0.01879058602867383
4.7202459788348453e-05 0.01584893192461114
5.0119e-05 0.014926935229301514
5.9428149252507164e-05 0.012589254117941687
6.3096e-05 0.011857631845222741
7.48198597996607e-05 0.01
7.9433e-05 0.009419388400979587
9.419736169556446e-05 0.00794328234724282
0.0001 0.007482465438544599
0.00011859252100349018 0.006309573444801942
0.00012589 0.00594390067622454
0.00014930508308465035 0.005011872336272724
0.00015849 0.004721464254582351
0.0001879698559303983 0.003981071705534977
0.00019953 0.003750450092342229
0.00023664562140862183 0.00316227766016838
0.00025119 0.002979196682516322
0.0002979250094656715 0.002511886431509582
0.00031623 0.0023664970540371996
0.00037507020793301187 0.001995262314968883
0.00039811 0.0018797965397748325
0.00047218871010000496 0.001584893192461114
0.00050119 0.0014931858526797694
0.0005944511760899343 0.0012589254117941688
0.00063096 0.001186080924821197
0.0007483665927443154 0.001
0.0007943299999999999 0.0009421340857523575
0.0009421290327091612 0.0007943282347242821
0.001 0.0007483573639938475
0.0011860518944971552 0.0006309573444801943
0.0012589000000000003 0.0005944436791562406
0.0014931291521996081 0.0005011872336272725
0.0015849 0.0004721638818721691
0.001879702610425438 0.00039810717055349773
0.0019953 0.00037504028786158146
0.0023663535693761862 0.00031622776601683794
0.0025119 0.0002979026352707144
0.002979011593218866 0.0002511886431509582
0.0031623 0.00023662798894563512
0.003750315436682203 0.00019952623149688826
0.0039811 0.00018795862487882377
0.004721391385851715 0.00015848931924611142
0.0050119 0.00014930228433232684
0.00594407586920725 0.00012589254117941688
0.0063096 0.00011859976709297339
0.0074837553352213836 0.0001
0.0079433 9.421593440693982e-05
0.009423022353743394 7.943282347242822e-05
0.01 7.48520327407385e-05
0.011866415199483043 6.309573444801943e-05
0.012589 5.947779191078783e-05
0.014946946851884253 5.011872336272726e-05
0.015849 4.727148842757207e-05
0.01883473238865003 3.9810717055349776e-05
0.019953 3.758710191260271e-05
0.023750601301327234 3.1622776601683795e-05
0.025119000000000002 2.9910781676982538e-05
0.029988344020995917 2.5118864315095822e-05
0.031623 2.3835273882908477e-05
0.03795338752167986 1.9952623149688786e-05
0.039811 1.9041124467449994e-05
0.04823158116947884 1.584893192461114e-05
0.050119 1.5274130804761387e-05
0.061709586796600456 1.2589254117941688e-05
0.063096 1.232956385012706e-05
0.079433 1.0057888137011516e-05
0.08005406715630567 1e-05
0.1 8.413333195986619e-06
0.10984849742323072 7.943282347242822e-06
0.12589 7.26105783758751e-06
0.15849 6.8622389254104635e-06
0.17728909229538112 7.943282347242822e-06
0.1836168305499566 1e-05
0.18186824859028694 1.2589254117941688e-05
0.17658271451326674 1.584893192461114e-05
0.16943129468295476 1.9952623149688786e-05
0.16139332470942963 2.5118864315095822e-05
0.15849 2.7115041490857344e-05
0.15205044517009259 3.1622776601683795e-05
0.1421988739489598 3.9810717055349776e-05
0.13282138282007686 5.011872336272725e-05
0.12589 6.022325832630258e-05
0.1239279763772281 6.309573444801943e-05
0.11421769968328747 7.943282347242822e-05
0.10555826778166952 0.0001
0.1 0.00011820156287937992
0.0976112090690022 0.00012589254117941688
0.08921804011525769 0.00015848931924611142
0.08210108026483101 0.00019952623149688828
0.079433 0.00021980303326620936
0.07512932295829321 0.0002511886431509582
0.06846306477391818 0.00031622776601683794
0.063096 0.0003976021865859123
0.0630612930961551 0.00039810717055349773
0.05696234690957838 0.0005011872336272725
0.05201709792898747 0.0006309573444801944
0.050119 0.0006992892357463149
0.04729701198141703 0.0007943282347242822
0.04284271297953812 0.001
0.039811 0.0012177676543167126
0.03919852557323968 0.0012589254117941688
0.03524232801727742 0.001584893192461114
0.03217074874657915 0.001995262314968883
0.031623 0.002090248856740599
0.02895644928245222 0.002511886431509582
0.02625147805238462 0.00316227766016838
0.025119 0.0035541194184859136
0.02376577922445333 0.003981071705534978
0.021406513575393638 0.005011872336272725
0.019953 0.0060152995416879835
0.019485536876744574 0.006309573444801942
0.017444111053392206 0.00794328234724282
0.015921340753873598 0.010000000000000002
0.015849 0.010121732171819364
0.014206246874714279 0.012589254117941689
0.01289487881987374 0.01584893192461114
0.012589 0.01687595652609959
0.011562515502486732 0.01995262314968883
0.010440026728191327 0.025118864315095822
0.01 0.02806650551370063
0.009405323540896389 0.03162277660168379
0.00844949197608456 0.039810717055349776
0.0079433 0.04657634157879049
0.0076464218442617825 0.05011872336272725
0.006836158967105071 0.06309573444801943
0.0063096 0.07713774629789497
0.006213199743389904 0.07943282347242822
0.005529054273532937 0.1
0.005032786804959457 0.12589254117941662
0.0050119 0.1272897570786463
0.0044704517848356655 0.15848931924611173
0.004051450626485404 0.19952623149688828
0.0039811 0.20891565456357056
0.003613417151389607 0.25118864315095824
0.003260892000701205 0.31622776601683794
0.0031623 0.3424816778629052
0.002919814283359852 0.3981071705534969
0.0026241449610958684 0.5011872336272735
0.0025119 0.5608222700237209
0.002358670421793378 0.6309573444801942
0.002111386870593358 0.7943282347242822
0.0019953 0.9173790117927811
0.0019048269101424177 1.0
