0.0100  10
0.0100  0.00013295250121076106
0.012105360143547494 0.000136296278736397
0.014027784787110892 0.00014442913174339818
0.01590440062128441 0.00015689643975245123
0.018430142221112777 0.00017328582362400924
0.022432475028984215 0.00020113514085705575
0.026137218269154022 0.00023933177380003052
0.030123120048963815 0.0002895372351178137
0.03233852792242254 0.00031453046083848547
0.04687422409830902 0.0003836742063061215
0.06757361382934739 0.0004719090698539821
0.09902220085559195 0.0006049690954527852
0.10010923862115938 0.0032755352127961605
0.14119978797153937 0.004412981540034395
0.20134252673582914 0.004637747326979255
0.23459442443857903 0.006145613789546151
0.29504682365454343 0.006621063054715773
0.35136320716753683 0.007558941517148994
0.36704779323877457 0.010791495284964285
0.41615089192070065 0.012734978089146476
0.4641588833612782 0.014300124081209
0.5805894397990807 0.015663684360019147
0.6405357671176617 0.0163257471986835
0.7222720448788913 0.019426093416707552
0.9083935953123369 0.019426093416707552
1.0412232560483055 0.01991466289818517
1.1676978709992791 0.02092897370765604
1.2535763275810625 0.023501172818421484
1.4526539259467812 0.02429253580383347
1.460605575118048 0.030127590610706433
1.6469877712671666 0.05423357692046119
2.0489060666610297 0.06506935222344952
2.6051749256911956 0.09289602335485234
3.1194140247361077 0.09762748384340882
3.460334362051776 0.1133175080551905
4.053881307236803 0.1501603237523897
4.053881307236803 0.187777077090181
4.85408257223069 0.23676951366623913
45.018418313290525 0.23676951366623913
44.529585099426555 0.3297303591530622
100.43767099078165 0.32701156102916357
100.43767099078165 10