# Bound for Charm
# data from 1809.01876
0.030416398751992427 0.003047641350529277
0.05744493452128697 0.0021406106943898323
0.10488350125377834 0.0015736510971829378
0.2090993750246075 0.0010440856487768508
0.21123179378177961 0.0006771195317918209
0.21338595918336636 0.0004702079239018597
0.2155620930040736 0.0003119734394529625
0.21629239147197085 0.000237320946959954
0.2222245567918532 0.00018469408483074278
0.23064784818158324 0.00015567343873923648
0.2434731191913267 0.00013577622965204464
0.2570115448121803 0.00012254078666545438
0.2749980710552561 0.0001157536003741443
0.2834975463784998 0.0001724874888120884
0.2825403336796901 0.0006396158032063136
0.2768645482475237 0.0015207602605936444
0.26316891348638966 0.0019100528276050329
0.24930614026520997 0.0024543046205630944
0.23697373489806337 0.003300718411882725
0.2314292553752294 0.0042412274322376
0.22297742688646288 0.00624835105745425
0.21849816541344824 0.011046558099763727
0.2155620930040736 0.016460767185524913
0.21338595918336636 0.025672613855618014
0.2141088851713761 0.04143218128489196
0.21266547411220013 0.06763239066362321
0.21338595918336636 0.09963882542800988
0.21266547411220013 0.14679202428390944
0.21266547411220013 1.0072157988329167
0.030109340339699697 1.0072157988329167