0.002781452087007648 1
0.002781452087007648 0.0068740959246929995
0.00875220458553793 0.003739453811099597
0.015641534391534394 0.0028013198550592795
0.025056951793062908 0.001919266848688901
0.03470201352145797 0.0014680778475914956
0.04825102880658438 0.0010936897814404405
0.060651822457378025 0.0008320995177985881
0.07282297178130512 0.0006636913480036365
0.08889807466196353 0.0005265041896480808
0.11002535273368608 0.0004242024158957925
0.12908583186360964 0.00037566058233678615
0.14033840388007054 0.00036574829889273684
0.14906488830099943 0.0003469180713473291
0.16192497060552616 0.00033597240318891544
0.18328189300411524 0.0003286773296274955
0.19751984126984126 0.0003267466278838126
0.20946134626690185 0.00034778942910978643
0.210  1