0 0.0002309233128594575
0.013191843528922186 0.0002296940498147977
0.03386815862887441 0.00022956165129473256
0.047715625529816154 0.00023015330687274036
0.0625665320612609 0.00023134119662963681
0.07691571877745415 0.00023134119662963681
0.08975974604789283 0.00023313453687140407
0.10471099654238791 0.00023615438344449705
0.11715364796062538 0.00023982987796075366
0.1350148733835792 0.00024481967667895697
0.14836062046926943 0.00024927083842307836
0.16511806229866993 0.0002570904975878796
0.180069312793165 0.0002706721725414347
0.19190990043310066 0.00027988268939127206
0.2027470484425333 0.0002909003383476899
0.220  0.0003023516996883601
0.220  0.0011860589334599665
0.18619029453923341 0.001083878238945262
0.15739157714379665 0.0010007514818771448
0.13300799412257316 0.0009678182611539339
0.11133369810370783 0.0009407996368439671
0.08594667545198137 0.0009168923496827763
0.06637960265717238 0.0009098393408488186
0.037781573187836225 0.000900519651712152
0.011993174683908508 0.0009028405858578864
0 0.0009028405858578864
