# Bound for B^0 > K^* S (mu mu)
# data from 1508.04094
0.21561170074484798 0.1
0.21561170074484798 0.008127539190327543
0.21561170074484798 0.00993737061205682
0.21735504138080988 0.004646451612494158
0.22147785063060862 0.0030693015834511463
0.2251753677034631 0.0025576814316352775
0.23135868217193906 0.001744680860791592
0.23771179042472637 0.0013051634329195785
0.24423935499829108 0.0010685019149101341
0.25094616646232737 0.0011416540882857632
0.2578371469355491 0.0010828999681815933
0.2649173536980254 0.0008953277348991586
0.2721919829027107 0.0008256535868592566
0.27840653837983387 0.0008126695985011379
0.28995246977252553 0.000780408391012386
0.2979145631391315 0.000758724240390616
0.31167354140967757 0.0007560564332819202
0.32023209529456576 0.0007376425978833172
0.3275434793424743 0.0007273224672625211
0.33806071019357803 0.0007046270091111563
0.34891564321783275 0.000675464190392402
0.365030071135362 0.0006509385516088066
0.39415095814236595 0.0006034627210589911
0.4049743414773268 0.0006013408406031285
0.41609493486441496 0.0005908428285698343
0.4275208996901722 0.0005784868491292881
0.4392606214527735 0.0005584650857502926
0.45132271591613204 0.0005467862046940633
0.4637160354329949 0.0005429477730511039
0.4764496754416709 0.0005260055651360417
0.48732774359236997 0.0005186463831215444
0.5098346387373054 0.000505124293450242
0.5309782361353219 0.0004971808556090655
0.5455588958381411 0.000486783578815492
0.5580148322256432 0.0004766037346995901
0.5864280902550141 0.0004766037346995901
0.597115089089085 0.0004766037346995901
0.6190769119713464 0.0004715939252037174
0.6418464881211526 0.00045687825137862205
0.6535434255363101 0.00045687825137862205
0.6775806760090639 0.0004552717875516469
0.696187037975991 0.00044418359441080884
0.7120820431257286 0.000437969158412822
0.7416131398583796 0.000437969158412822
0.7551282133903305 0.000437969158412822
0.7829017404354708 0.00043336545540134956
0.8044002183036397 0.0004139687777899316
0.8264890442663103 0.00042281079332597883
0.8415508866289523 0.0004243027158735749
0.8725030294507827 0.0005029937171483525
0.8964619582661972 0.0004757092283757437
0.9169295433631732 0.0004310817827088318
0.9463716183545806 0.0004980572548829155
0.9642448392196443 0.0006106772378988526
0.9723589782510371 0.0006909859134881021
0.9746540978511957 0.0009782507840197738
0.9990599509199927 0.0012348836095294274
1.0119794136850895 0.000890271581125657
1.017427033566535 0.0005453791105639863
1.019105531322409 0.0006548480853212745
1.045200844506525 0.0004885012345813759
1.0563903801010006 0.0005734909950476914
1.064931884438229 0.0008256202848764447
1.0763291028628545 0.0006787164068618877
1.1009033274599624 0.0004923262147424307
1.133690521789772 0.0005291026251102742
1.1648216578356485 0.00041299781714583365
1.1914163015734163 0.0004088965769657993
1.2296719869211141 0.0003885367944872632
1.2634387735184032 0.00038041153272145553
1.298132795906402 0.00035956526671555926
1.3337795159752766 0.00033628891532745296
1.3704050947985682 0.00034468372434605263
1.4080364118327657 0.0003617248139240979
1.4467010846441013 0.0003173012168715393
1.4864274891770348 0.00029415903429806574
1.5272447805793183 0.00029333129125781114
1.5691829145989185 0.0003156291589923503
1.6122726695684868 0.0003009127270110449
1.6565456689935385 0.00029728392765348047
1.70203440476089 0.00029312471969335056
1.7487722609844056 0.0002853595280928024
1.796793538505553 0.0002766716146315373
1.8461334800667306 0.00026766093388175694
1.8882835052353626 0.00025015769061181284
1.9489151916812615 0.00029180022875445493
2.002432393076155 0.0002869498340524841
2.0574191765531036 0.00030164378507222027
2.113915896828716 0.00026936336719016825
2.171964016759915 0.00026404014931792207
2.231606137773465 0.00029798284416560414
2.2928860311311 0.00024535801758901
2.3558486700531778 0.0003099204619218252
2.420540262724465 0.00025550084281440185
2.487008286206248 0.0002831789261451748
2.5553015212796772 0.0002591261977157741
2.6254700882459137 0.00026904728686792526
2.6975654837093326 0.0002741493775018036
2.771640618370807 0.0002770617054205797
2.8477498558587957 0.00027373583720811495
2.8996469254143373 0.00025192620913796517
2.929729221642969 0.009875133468137055
2.929729221642969 0.1
3.235653367274389 0.1
3.235653367274389 0.00981328611164038
3.201096745785528 0.00030025466804042134
3.290395369018594 0.0002809480063487627
3.380749609359183 0.0002814174957891628
3.4735849766866354 0.00028162354663924537
3.5368871943204336 0.00030379824023099415
3.6340100989483037 0.00044028931724891893
3.631543760210704 0.009875133468137055
3.631543760210704 0.1
3.8836154394260136 0.1
3.8836154394260136 0.00993737061205682
3.9150166323418487 0.0027583847499923052
3.9360916879745242 0.0019647854947586127
4.075872346435717 0.002494586890643355
4.16434741325494 0.002270235661107845
4.173668481309966 0.0025130302643875816
4.266179564154075 0.003436788422868311
4.370501849983769 0.0036827008265971593
4.370501849983769 0.009630058430891379
4.370501849983769 0.1
