0.00011 0.40232999999999997
0.11123 0.40232999999999997
0.11677 0.40237
0.12258 0.40080000000000005
0.12835 0.40245
0.13508 0.40249999999999997
0.1418 0.40254
0.14962 0.40259
0.15788 0.40102000000000004
0.16489 0.40105999999999997
0.17221 0.39949
0.18032 0.39953000000000005
0.1893 0.39957
0.20025 0.39962
0.20968 0.39966
0.21732 0.39969
0.22466 0.39971999999999996
0.2258 0.42033
0.22752 0.43872999999999995
0.22984 0.46236
0.23456 0.48501000000000005
0.24124 0.50137
0.24873 0.51721
0.25977 0.53005
0.26922 0.54006
0.28189 0.54623
0.29365 0.5523199999999999
0.30905 0.55594
0.32359 0.56072
0.34056 0.56311
0.35842 0.56548
0.37818 0.5666800000000001
0.39397 0.56671
0.41464 0.5679000000000001
0.43975 0.56794
0.46399 0.56913
0.49335 0.57033
0.5179 0.57151
0.54507 0.57039
0.57366 0.5704199999999999
0.60375 0.57045
0.63868 0.5704899999999999
0.68082 0.57283
0.70741 0.57856
0.72941 0.58754
0.74443 0.60171
0.75393 0.6194999999999999
0.75772 0.6365000000000001
0.76152 0.65367
0.76534 0.67179
0.76722 0.68645
0.7691 0.70366
0.76704 0.7206699999999999
0.76695 0.73457
0.76885 0.74437
0.76681 0.7571
0.76479 0.76607
0.76667 0.77651
0.76858 0.7841899999999999
0.76849 0.79548
0.76645 0.80566
0.76639 0.81183
0.77026 0.8187800000000001
0.77018 0.82687
0.77011 0.8346
0.77005 0.8407100000000001
0.76999 0.8461799999999999
0.78397 0.83899
0.78807 0.83056
0.79015 0.82406
0.79026 0.81781
0.79028 0.81031
0.78834 0.80144
0.78841 0.79328
0.78645 0.78593
0.78649 0.78127
0.78654 0.77471
0.78859 0.7692
0.7927 0.76035
0.80499 0.75449
0.80917 0.7471300000000001
0.81129 0.7388399999999999
0.81137 0.72736
0.81143 0.71767
0.81564 0.70842
0.81778 0.70048
0.81783 0.69066
0.81999 0.67967
0.82425 0.66828
0.82853 0.65741
0.83498 0.64428
0.85012 0.6306499999999999
0.86333 0.6165
0.88347 0.60712
0.90637 0.60182
0.92985 0.59754
0.95884 0.5943
0.99378 0.5932299999999999
1.004 0.59214
0.99371 0.60507
0.99875 0.61658
1.00125 0.62574
1.00119 0.6366499999999999
1.00369 0.64628
1.00363 0.6565799999999999
1.00872 0.66569
1.00608 0.67543
1.00602 0.6848799999999999
1.00338 0.69406
1.00075 0.7045600000000001
1.00069 0.7123999999999999
1.00062 0.7215199999999999
1.00569 0.7296400000000001
1.00306 0.73681
1.00046 0.7424
1.00041 0.74788
1.00291 0.7552300000000001
1.00541 0.76236
1.00537 0.76741
1.00275 0.7723599999999999
1.0027 0.77839
1.0026 0.7882899999999999
1.00765 0.79666
1.00758 0.80364
1.00494 0.80936
1.00489 0.81391
1.0074 0.81933
1.00219 0.82553
1.0047 0.83016
1.01256 0.81933
1.02572 0.80782
1.02583 0.7982899999999999
1.02333 0.7865800000000001
1.02344 0.7754
1.02359 0.75915
1.0263 0.74924
1.02901 0.73963
1.03436 0.73037
1.03709 0.72079
1.04516 0.64261
1.3887 0.63973
1.43931 0.63781
1.48407 0.6464799999999999
1.51077 0.65679
1.54188 0.66769
1.58578 0.67477
1.61853 0.67565
1.66901 0.6704
1.72102 0.6686300000000001
1.72973 0.6782900000000001
1.73415 0.6791499999999999
1.74312 0.6713
1.75659 0.66686
1.78377 0.6641699999999999
1.78836 0.6623600000000001
1.80218 0.6577999999999999
1.81609 0.6541
1.83015 0.64754
1.85368 0.64849
1.87266 0.65412
1.87266 0.65412
1.88704 0.6578200000000001
1.91126 0.66239
1.91613 0.6642
1.92098 0.66869
1.92584 0.67311
1.92577 0.6783399999999999
1.92575 0.68006
1.9407 0.67047
1.97073 0.66781
2.01655 0.67049
2.06344 0.6740200000000001
2.12226 0.67578
2.19396 0.67667
2.25075 0.67755
2.33871 0.67843
2.4301 0.6801699999999999
2.49312 0.67411
2.57746 0.66794
2.67829 0.6634599999999999
2.80443 0.6607799999999999
3.0435 0.6608
3.1705 0.66355
3.24421 0.66716
3.32831 0.66267
3.38828 0.6680699999999999
3.39686 0.6725
3.4054 0.67947
3.43147 0.68544
3.47547 0.69131
3.53812 0.6954400000000001
3.57438 0.6995100000000001
3.55601 0.70511
3.55587 0.7106
3.55575 0.71523
3.55569 0.7175199999999999
3.57393 0.7167600000000001
3.60155 0.7129300000000001
3.64788 0.71294
3.66651 0.71524
3.70411 0.71829
3.72303 0.72056
3.73239 0.7264999999999999
3.75141 0.7301500000000001
3.76089 0.73447
3.78958 0.7429
3.78938 0.7490399999999999
3.78923 0.75372
3.7891 0.75766
3.78928 0.75239
3.79902 0.7510600000000001
3.83828 0.74428
3.89765 0.74291
3.94785 0.74083
3.95798 0.74014
4.00905 0.7352099999999999
4.02972 0.73163
4.05058 0.72506
4.05056 0.7258
4.14463 0.7316400000000001
4.17649 0.73308
4.24097 0.73523
4.27359 0.73594
4.33962 0.73666
4.4292 0.73878
4.45183 0.74088
4.49753 0.74227
4.54373 0.74297
4.64955 0.7409
4.78217 0.74021
4.9437 0.74161
4.96904 0.74162
5.15003 0.74301
5.36497 0.74441
5.54619 0.74579
5.74826 0.7458
5.94246 0.7464999999999999
6.17463 0.74855
6.49841 0.75058
6.75249 0.74925
6.92737 0.74859
7.08863 0.7479199999999999
7.38443 0.74996
7.63416 0.74659
7.83174 0.74796
7.89176 0.7519899999999999
7.97255 0.75662
8.11639 0.75793
8.2208 0.75793
8.32659 0.75729
8.47697 0.75664
8.6743 0.7559899999999999
9.01337 0.75601
