0.07 0.0
0.071 0.0
0.072 0.0
0.073 0.0
0.074 0.0
0.075 0.0
0.076 0.0
0.077 0.0
0.078 0.0
0.079 0.0
0.08 0.0
0.081 0.0
0.082 0.0
0.083 0.0
0.084 0.0
0.085 0.0
0.086 0.0
0.087 0.0
0.088 0.0
0.089 0.0
0.09 0.0
0.091 0.0
0.092 0.0
0.093 0.0
0.094 0.0
0.095 0.0
0.096 0.0
0.097 0.0
0.098 0.0
0.099 0.0
0.1 0.0
0.101 0.0
0.102 0.0
0.103 0.0
0.104 0.0
0.105 0.0
0.106 0.0
0.107 0.0
0.108 0.0
0.109 0.0
0.11 0.0
0.111 0.0
0.112 0.0
0.113 0.0
0.114 0.0
0.115 0.0
0.116 0.0
0.117 0.0
0.118 0.0
0.119 0.0
0.12 0.0
0.121 0.0
0.122 0.0
0.123 0.0
0.124 0.0
0.125 0.0
0.126 0.0
0.127 0.0
0.128 0.0
0.129 0.0
0.13 0.0
0.131 0.0
0.132 0.0
0.133 0.0
0.134 0.0
0.135 0.0
0.136 0.0
0.137 0.0
0.138 0.0
0.139 0.0
0.14 0.0
0.141 0.0
0.142 0.0
0.143 0.0
0.144 0.0
0.145 0.0
0.146 0.0
0.147 0.0
0.148 0.0
0.149 0.0
0.15 0.0
0.151 0.0
0.152 0.0
0.153 0.0
0.154 0.0
0.155 0.0
0.156 0.0
0.157 0.0
0.158 0.0
0.159 0.0
0.16 0.0
0.161 0.0
0.162 0.0
0.163 0.0
0.164 0.0
0.165 0.0
0.166 0.0
0.167 0.0
0.168 0.0
0.169 0.0
0.17 0.0
0.171 0.0
0.172 0.0
0.173 0.0
0.174 0.0
0.175 0.0
0.176 0.0
0.177 0.0
0.178 0.0
0.179 0.0
0.18 0.0
0.181 0.0
0.182 0.0
0.183 0.0
0.184 0.0
0.185 0.0
0.186 0.0
0.187 0.0
0.188 0.0
0.189 0.0
0.19 0.0
0.191 0.0
0.192 0.0
0.193 0.0
0.194 0.0
0.195 0.0
0.196 0.0
0.197 0.0
0.198 0.0
0.199 0.0
0.2 0.0
0.201 0.0
0.202 0.0
0.203 0.0
0.204 0.0
0.205 0.0
0.206 0.0
0.207 0.0
0.208 0.0
0.209 0.0
0.21 0.0
0.211 0.0
0.212 0.0
0.213 0.0
0.214 0.0
0.215 0.0
0.216 0.0
0.217 0.0
0.218 0.0
0.219 0.0
0.22 0.0
0.221 0.0
0.222 0.0
0.223 0.0
0.224 0.0
0.225 0.0
0.226 0.0
0.227 0.0
0.228 0.0
0.229 0.0
0.23 0.0
0.231 0.0
0.232 0.0
0.233 0.0
0.234 0.0
0.235 0.0
0.236 0.0
0.237 0.0
0.238 0.0
0.239 0.0
0.24 0.0
0.241 0.0
0.242 0.0
0.243 0.0
0.244 0.0
0.245 0.0
0.246 0.0
0.247 0.0
0.248 0.0
0.249 0.0
0.25 0.0
0.251 0.0
0.252 0.0
0.253 0.0
0.254 0.0
0.255 0.0
0.256 0.0
0.257 0.0
0.258 0.0
0.259 0.0
0.26 0.0
0.261 0.0
0.262 0.0
0.263 0.0
0.264 0.0
0.265 0.0
0.266 0.0
0.267 0.0
0.268 0.0
0.269 0.0
0.27 0.0
0.271 0.0
0.272 0.0
0.273 0.0
0.274 0.0
0.275 0.0
0.276 0.0
0.277 0.0
0.278 0.0
0.279 0.0
0.28 0.0
0.281 0.0
0.282 0.0
0.283 0.0
0.284 0.0
0.285 0.0
0.286 0.0
0.287 0.0
0.288 0.0
0.289 0.0
0.29 0.0
0.291 0.0
0.292 0.0
0.293 0.0
0.294 0.0
0.295 0.0
0.296 0.0
0.297 0.0
0.298 0.0
0.299 0.0
0.3 0.0
0.301 0.0
0.302 0.0
0.303 0.0
0.304 0.0
0.305 0.0
0.306 0.0
0.307 0.0
0.308 0.0
0.309 0.0
0.31 0.0
0.311 0.0
0.312 0.0
0.313 0.0
0.314 0.0
0.315 0.0
0.316 0.0
0.317 0.0
0.318 0.0
0.319 0.0
0.32 0.0
0.321 0.0
0.322 0.0
0.323 0.0
0.324 0.0
0.325 0.0
0.326 0.0
0.327 0.0
0.328 0.0
0.329 0.0
0.33 0.0
0.331 0.0
0.332 0.0
0.333 0.0
0.334 0.0
0.335 0.0
0.336 0.0
0.337 0.0
0.338 0.0
0.339 0.0
0.34 0.0
0.341 0.0
0.342 0.0
0.343 0.0
0.344 0.0
0.345 0.0
0.346 0.0
0.347 0.0
0.348 0.0
0.349 0.0
0.35 0.0
0.351 0.0
0.352 0.0
0.353 0.0
0.354 0.0
0.355 0.0
0.356 0.0
0.357 0.0
0.358 0.0
0.359 0.0
0.36 0.0
0.361 0.0
0.362 0.0
0.363 0.0
0.364 0.0
0.365 0.0
0.366 0.0
0.367 0.0
0.368 0.0
0.369 0.0
0.37 0.0
0.371 0.0
0.372 0.0
0.373 0.0
0.374 0.0
0.375 0.0
0.376 0.0
0.377 0.0
0.378 0.0
0.379 0.0
0.38 0.0
0.381 0.0
0.382 0.0
0.383 0.0
0.384 0.0
0.385 0.0
0.386 0.0
0.387 0.0
0.388 0.0
0.389 0.0
0.39 0.0
0.391 0.0
0.392 0.0
0.393 0.0
0.394 0.0
0.395 0.0
0.396 0.0
0.397 0.0
0.398 0.0
0.399 0.0
0.4 0.0
0.401 0.0
0.402 0.0
0.403 0.0
0.404 0.0
0.405 0.00012454049143241256
0.406 0.00036244662529326556
0.407 0.0007246954099690635
0.408 0.0016181298520438867
0.409 0.00271808551455885
0.41 0.004069104770779195
0.411 0.0057325821810459724
0.412 0.007550962291160228
0.413 0.00959396388290018
0.414 0.011930206611436232
0.415 0.014439078587396518
0.416 0.017262154958824882
0.417 0.020257899112406632
0.418 0.023365038098757434
0.419 0.026692450177509142
0.42 0.030134332283799203
0.421 0.033684968726502486
0.422 0.03752930565394458
0.423 0.0414761523663102
0.424 0.04557686338246874
0.425 0.049801743058121996
0.426 0.05406744563302842
0.427 0.05833259486214122
0.428 0.06253828253629952
0.429 0.06669499504004656
0.43 0.07101318192763412
0.431 0.07537787290804908
0.432 0.07981833697965586
0.433 0.08429615636410424
0.434 0.0887934254199764
0.435 0.09333495674349512
0.436 0.09789483075286846
0.437 0.10247875446110868
0.438 0.10711410918395928
0.439 0.11178092329755442
0.44 0.11655452653054325
0.441 0.12084998421809953
0.442 0.12464681280706018
0.443 0.12844405621305086
0.444 0.13224455815049813
0.445 0.13606136160403806
0.446 0.13988632041670532
0.447 0.14371975924450672
0.448 0.14758459987476147
0.449 0.1514718951059488
0.45 0.1554643479173902
0.451 0.15946795006181874
0.452 0.16348607876827587
0.453 0.16751801627043478
0.454 0.17155156113477324
0.455 0.17548312327101917
0.456 0.17911971947686076
0.457 0.1821319413678475
0.458 0.18518743483112868
0.459 0.18827135548487095
0.46 0.1914636538853962
0.461 0.19469092239574287
0.462 0.19803290297166187
0.463 0.20140892397386204
0.464 0.20483340472993936
0.465 0.20832054530589628
0.466 0.21183865312672856
0.467 0.21539063387631757
0.468 0.21889391673825478
0.469 0.2221314649648957
0.47 0.22489895973875926
0.471 0.22696032894070764
0.472 0.22913911525728903
0.473 0.2313869042505842
0.474 0.23382203340144536
0.475 0.2363101993831952
0.476 0.23907440916272224
0.477 0.24187877672820882
0.478 0.24478622304646458
0.479 0.24777844919670927
0.48 0.2508611552768301
0.481 0.25358400678778503
0.482 0.2561377836357395
0.483 0.2570468386773393
0.484 0.2577351246082064
0.485 0.258862669426519
0.486 0.26009106306032287
0.487 0.26165844690405005
0.488 0.2633419328980927
0.489 0.26520062592269233
0.49 0.2672854123768328
0.491 0.26954718092358815
0.492 0.2713010325352711
0.493 0.27285377935105065
0.494 0.2745129370734281
0.495 0.2761922956639261
0.496 0.2784292387393597
0.497 0.28073591600864384
0.498 0.2834678662657272
0.499 0.2863269110521818
0.5 0.2895324702851765
0.501 0.29276523008323996
0.502 0.296040754211682
0.503 0.29740467263896425
0.504 0.2968730669884738
0.505 0.29720845813146907
0.506 0.29810203867917845
0.507 0.2996795254950597
0.508 0.30153985435636094
0.509 0.3030043752206393
0.51 0.3043695452831452
0.511 0.30569908015819863
0.512 0.3070239430660771
0.513 0.3094347686808475
0.514 0.31192266748575015
0.515 0.3154344583870333
0.516 0.3184588025636273
0.517 0.31683303077652225
0.518 0.31547183353636904
0.519 0.3156031194380115
0.52 0.31592318935976643
0.521 0.3170033777958286
0.522 0.3184577026430827
0.523 0.3210970111241868
0.524 0.3231598099527801
0.525 0.3236919930799261
0.526 0.32408155147685824
0.527 0.32413803829710464
0.528 0.32446698751148706
0.529 0.3253786407017527
0.53 0.32604465583722786
0.531 0.3262117825767135
0.532 0.32637830866944206
0.533 0.32654363570851963
0.534 0.3267083761181335
0.535 0.3268719257514202
0.536 0.3270349157581115
0.537 0.3271967099572794
0.538 0.32735798408243194
0.539 0.32751804450168764
0.54 0.32767763652513604
0.541 0.32783598450659207
0.542 0.3279939274834535
0.543 0.32815058406239433
0.544 0.3283069103394869
0.545 0.328461896249532
0.546 0.32861663748138914
0.547 0.32876997315955503
0.548 0.32892316032404767
0.549 0.32907486591571183
0.55 0.32922652932928836
0.551 0.3293766246930563
0.552 0.32952672005682415
0.553 0.3296752987380897
0.554 0.329823803450568
0.555 0.3299709363879484
0.556 0.33011786974842616
0.557 0.3302635850891492
0.558 0.3304089661241887
0.559 0.33055329141590395
0.56 0.33069713888384356
0.561 0.33084010108801454
0.562 0.33098243348338524
0.563 0.33112405898835817
0.564 0.3312648945462164
0.565 0.332379939815874
0.566 0.33528647101885756
0.567 0.33687177545188457
0.568 0.33388653784346733
0.569 0.3313673813169816
0.57 0.33366460845424933
0.571 0.3359618355915176
0.572 0.3341260054680017
0.573 0.3320457537631743
0.574 0.33129852003768323
0.575 0.33090133877375233
0.576 0.3294912461139734
0.577 0.32749073904582476
0.578 0.3261923828456512
0.579 0.3257072354863788
0.58 0.32525647783322903
0.581 0.3248912457835713
0.582 0.32432531720238217
0.583 0.32199262203238566
0.584 0.3196599268623897
0.585 0.3181940805694196
0.586 0.3168150161413386
0.587 0.31625778947799194
0.588 0.3160399650212344
0.589 0.315128207069069
0.59 0.31351737316064954
0.591 0.3119536293830249
0.592 0.31051082039949596
0.593 0.3090629687147851
0.594 0.3075267777879865
0.595 0.30599058686118746
0.596 0.3042174809918701
0.597 0.3023921418524164
0.598 0.3008949083629345
0.599 0.299638913600322
0.6 0.29821773051414924
0.601 0.2964530968732804
0.602 0.29467643410830047
0.603 0.29272604746994785
0.604 0.29077566083159573
0.605 0.28836927771473664
0.606 0.28584620000695943
0.607 0.28338974963329167
0.608 0.280995008434897
0.609 0.27851620902663504
0.61 0.27576148483838914
0.611 0.2730067606501426
0.612 0.2705209963402485
0.613 0.26805263213682406
0.614 0.2657316711277397
0.615 0.26349495589619953
0.616 0.26123297760221365
0.617 0.2589184644679577
0.618 0.25660276171473284
0.619 0.2540191301193685
0.62 0.2514354985240047
0.621 0.24864564952929183
0.622 0.24575667781994626
0.623 0.2428126752615951
0.624 0.23976066900531073
0.625 0.2367086627490257
0.626 0.23362165142448024
0.627 0.23053431869787255
0.628 0.22751454922740108
0.629 0.2245335451616386
0.63 0.22155680619415355
0.631 0.21859153707320766
0.632 0.21562626795226245
0.633 0.21253478949976734
0.634 0.20942894233056203
0.635 0.20616556875810046
0.636 0.2027541853123326
0.637 0.19933512334072312
0.638 0.19586200585494565
0.639 0.19238888836916895
0.64 0.18887445122165628
0.641 0.18534427627163
0.642 0.18183882794459313
0.643 0.1783871686289445
0.644 0.17493550931329505
0.645 0.17154057081901206
0.646 0.16815217389967504
0.647 0.1647993079891293
0.648 0.16148664557244538
0.649 0.15817121411326326
0.65 0.1547735071308635
0.651 0.1513758001484645
0.652 0.14797264622937747
0.653 0.14456565656447265
0.654 0.14116860660043473
0.655 0.13783703642964848
0.656 0.13450546625886148
0.657 0.13122479841475987
0.658 0.12796948099027722
0.659 0.1247333348751897
0.66 0.12157683065260201
0.661 0.11842032643001496
0.662 0.11528855471921377
0.663 0.11216682811043581
0.664 0.109048565540416
0.665 0.10594266001208193
0.666 0.10283675448374714
0.667 0.09980483790878623
0.668 0.0968020748111227
0.669 0.09382442072005327
0.67 0.09094335925261081
0.671 0.08806229778516898
0.672 0.08526093887159486
0.673 0.08249609213185778
0.674 0.07974324973905526
0.675 0.0770554389901564
0.676 0.07436762824125695
0.677 0.07174803402700869
0.678 0.06917091063293797
0.679 0.06660097748306334
0.68 0.06413085180841793
0.681 0.061660726133773075
0.682 0.05925127937285571
0.683 0.05690048436997496
0.684 0.054549689367093694
0.685 0.05230703903564528
0.686 0.05007127384835547
0.687 0.0478857648291225
0.688 0.045788784302487236
0.689 0.043691803775852446
0.69 0.04169425982871512
0.691 0.03972568865977557
0.692 0.03777954031791604
0.693 0.03593774140852313
0.694 0.03409594249912981
0.695 0.03230522187872719
0.696 0.03055309870194161
0.697 0.028800975525156418
0.698 0.02719386844376237
0.699 0.02559399689001926
0.7 0.024039347312303987
0.701 0.02257840608356182
0.702 0.021117464854819325
0.703 0.019747848349983315
0.704 0.018419525995272634
0.705 0.017097095865270553
0.706 0.015909695290666985
0.707 0.014722294716063681
0.708 0.013584779971931584
0.709 0.012526945053233887
0.71 0.011469110134535956
0.711 0.010504448249918528
0.712 0.009576340602156872
0.713 0.008653850786510103
0.714 0.007861535178280055
0.715 0.007069219570050184
0.716 0.0063164719361057916
0.717 0.005635794350350118
0.718 0.004955116764594294
0.719 0.004348985797804073
0.72 0.0037817104184401117
0.721 0.003214435039076276
0.722 0.002763917717506504
0.723 0.002319528205671541
0.724 0.001899569880176336
0.725 0.001560170116539958
0.726 0.0012207703529035047
0.727 0.0009363013623381307
0.728 0.0007056698083854667
0.729 0.0004750382544328538
0.73 0.0003287084876177995
0.731 0.00020797775917860093
0.732 8.902455827266783e-05
0.733 6.285142712409534e-05
0.734 3.667829597551704e-05
0.735 3.80168831731446e-05
0.736 0.00011758981239745679
0.737 0.00019716274162178663
0.738 0.00032263578896129554
0.739 0.0004956648640289063
0.74 0.0006686939390964787
0.741 0.0009066764571930263
0.742 0.001170973559022073
0.743 0.0014352706608511787
0.744 0.0017944584948463103
0.745 0.00216170297026121
0.746 0.0025389294261898036
0.747 0.002988473760535636
0.748 0.003438018094881369
0.749 0.003916364236468039
0.75 0.004458733313090751
0.751 0.005001102389713583
0.752 0.0055849161529404594
0.753 0.0062120944601049555
0.754 0.006839272767269311
0.755 0.0075324656632694675
0.756 0.00826020740359294
0.757 0.008987949143916579
0.758 0.00979016092200666
0.759 0.010609441004975935
0.76 0.01142872108794503
0.761 0.012322688034957029
0.762 0.013219773645038969
0.763 0.014126563336950304
0.764 0.01512521915956539
0.765 0.016123874982180698
0.766 0.017139694502662645
0.767 0.018216236488993346
0.768 0.019292778475323815
0.769 0.020408399349898684
0.77 0.021601817423076698
0.771 0.02279523549625498
0.772 0.02403416100883971
0.773 0.02533160135314081
0.774 0.026629041697441617
0.775 0.02797890651649996
0.776 0.029375321385235145
0.777 0.030771736253970634
0.778 0.03222946086139234
0.779 0.03372623273779912
0.78 0.03522300461420558
0.781 0.03675526033451894
0.782 0.038304125752012017
0.783 0.039852991169505435
0.784 0.041525756274161246
0.785 0.04324197346283358
0.786 0.04495819065150553
0.787 0.04678808590619537
0.788 0.048648478561957025
0.789 0.05050887121771909
0.79 0.05247334640004091
0.791 0.054459829255962315
0.792 0.05644631211188328
0.793 0.05841116223806183
0.794 0.060372233233024084
0.795 0.06233330422798677
0.796 0.06433539397577094
0.797 0.06634383621713484
0.798 0.06835227845849833
0.799 0.07050796530859406
0.8 0.0726857975702078
0.801 0.07486362983182204
0.802 0.07714079024352404
0.803 0.07943394143848793
0.804 0.08172709263345135
0.805 0.0841977723560923
0.806 0.08670174782136884
0.807 0.08920572328664594
0.808 0.09173448662643245
0.809 0.09426901068401967
0.81 0.09680353474160633
0.811 0.09927942525982815
0.812 0.1017377383714196
0.813 0.1041960514830116
0.814 0.10664658874580507
0.815 0.10909403912200881
0.816 0.11154148949821201
0.817 0.11406713284879412
0.818 0.11663473419864585
0.819 0.11920233554849817
0.82 0.12184646017620326
0.821 0.12454733100685401
0.822 0.12724820183750415
0.823 0.12965240940837236
0.824 0.13174288082065258
0.825 0.13383335223293324
0.826 0.13589958789922163
0.827 0.13792730360296562
0.828 0.1399550193067092
0.829 0.14186108399720626
0.83 0.1434459274307419
0.831 0.1450307708642779
0.832 0.14663139218397003
0.833 0.1483204112808715
0.834 0.1500094303777726
0.835 0.1516838404704122
0.836 0.1524848940170708
0.837 0.15328594756372957
0.838 0.15408700111038817
0.839 0.15445218683636452
0.84 0.15475203253838582
0.841 0.15505187824040706
0.842 0.15535893415432872
0.843 0.15566892139956123
0.844 0.15597890864479383
0.845 0.1557059262299738
0.846 0.15493709338160946
0.847 0.15416826053324523
0.848 0.15307397295807315
0.849 0.15139566023095394
0.85 0.14971734750383434
0.851 0.14796767204382874
0.852 0.1458524170691537
0.853 0.1437371620944791
0.854 0.14162190711980405
0.855 0.13926660787403566
0.856 0.13690045994587074
0.857 0.13453431201770635
0.858 0.13204306013065362
0.859 0.1295074203122368
0.86 0.12697178049381944
0.861 0.12452024832153154
0.862 0.12215039219787874
0.863 0.11978053607422647
0.864 0.11709537576950192
0.865 0.11353290060449689
0.866 0.10997042543949107
0.867 0.10641460687472785
0.868 0.10357537357897838
0.869 0.10073614028322954
0.87 0.09789690698748008
0.871 0.09427996450121129
0.872 0.09039226677525884
0.873 0.08650456904930723
0.874 0.0831610044226608
0.875 0.08045107759519131
0.876 0.0777411507677212
0.877 0.07505866706710412
0.878 0.0725102803269578
0.879 0.06996189358681205
0.88 0.06741350684666575
0.881 0.06455803651060311
0.882 0.061654787137080364
0.883 0.058751537763558265
0.884 0.05613153434178185
0.885 0.05374479898635728
0.886 0.05135806363093216
0.887 0.04905096416169735
0.888 0.04702802884660139
0.889 0.04500509353150586
0.89 0.04298215821640989
0.891 0.04089712178730419
0.892 0.038803365324188974
0.893 0.036709608861074224
0.894 0.03489167724717324
0.895 0.033326068343500395
0.896 0.0317604594398272
0.897 0.030187288084663994
0.898 0.028572884168396928
0.899 0.026958480252130223
0.9 0.025344076335863157
0.901 0.024290231566682377
0.902 0.023399103320748425
0.903 0.02250797507481467
0.904 0.02173556476721508
0.905 0.021154944577758548
0.906 0.020574324388301885
0.907 0.019993704198845354
0.908 0.019359578290395023
0.909 0.018724184623547857
0.91 0.018088790956700553
0.911 0.017411778583959793
0.912 0.01670187156730691
0.913 0.01599196455065419
0.914 0.015284760984086408
0.915 0.01459608358230665
0.916 0.013907406180526738
0.917 0.013218728778746979
0.918 0.0
0.919 0.0
0.92 0.0
0.921 0.0
0.922 0.0
0.923 0.0
0.924 0.0
0.925 0.0
0.926 0.0
0.927 0.0
0.928 0.0
0.929 0.0
0.93 0.0
0.931 0.0
0.932 0.0
0.933 0.0
0.934 0.0
0.935 0.0
0.936 0.0
0.937 0.0
0.938 0.0
0.939 0.0
0.94 0.0
0.941 0.0
0.942 0.0
0.943 0.0
0.944 0.0
0.945 0.0
0.946 0.0
0.947 0.0
0.948 0.0
0.949 0.0
0.95 0.0
0.951 0.0
0.952 0.0
0.953 0.0
0.954 0.0
0.955 0.0
0.956 0.0
0.957 0.0
0.958 0.0
0.959 0.0
0.96 0.0
0.961 0.0
0.962 0.0
0.963 0.0
0.964 0.0
0.965 0.0
0.966 0.0
0.967 0.0
0.968 0.0
0.969 0.0
0.97 0.0
0.971 0.0
0.972 0.0
0.973 0.0
0.974 0.0
0.975 0.0
0.976 0.0
0.977 0.0
0.978 0.0
0.979 0.0
0.98 0.0
0.981 0.0
0.982 0.0
0.983 0.0
0.984 0.0
0.985 0.0
0.986 0.0
0.987 0.0
0.988 0.0
0.989 0.0
0.99 0.0
0.991 0.0
0.992 0.0
0.993 0.0
0.994 0.0
0.995 0.0
0.996 0.0
0.997 0.0
0.998 0.0
0.999 0.0
1.0 0.0
1.001 0.0
1.002 0.0
1.003 0.0
1.004 0.0
1.005 0.0
1.006 0.0
1.007 0.0
1.008 0.0
1.009 0.0
1.01 0.0
1.011 0.0
1.012 0.0
1.013 0.0
1.014 0.0
1.015 0.0
1.016 0.0
1.017 0.0
1.018 0.0
1.019 0.0
1.02 0.0
1.021 0.0
1.022 0.0
1.023 0.0
1.024 0.0
1.025 0.0
1.026 0.0
1.027 0.0
1.028 0.0
1.029 0.0
1.03 0.0
1.031 0.0
1.032 0.0
1.033 0.0
1.034 0.0
1.035 0.0
1.036 0.0
1.037 0.0
1.038 0.0
1.039 0.0
1.04 0.0
1.041 0.0
1.042 0.0
1.043 0.0
1.044 0.0
1.045 0.0
1.046 0.0
1.047 0.0
1.048 0.0
1.049 0.0
1.05 0.0
1.051 0.0
1.052 0.0
1.053 0.0
1.054 0.0
1.055 0.0
1.056 0.0
1.057 0.0
1.058 0.0
1.059 0.0
1.06 0.0
1.061 0.0
1.062 0.0
1.063 0.0
1.064 0.0
1.065 0.0
1.066 0.0
1.067 0.0
1.068 0.0
1.069 0.0
1.07 0.0
1.071 0.0
1.072 0.0
1.073 0.0
1.074 0.0
1.075 0.0
1.076 0.0
1.077 0.0
1.078 0.0
1.079 0.0
1.08 0.0
1.081 0.0
1.082 0.0
1.083 0.0
1.084 0.0
1.085 0.0
1.086 0.0
1.087 0.0
1.088 0.0
1.089 0.0
1.09 0.0
1.091 0.0
1.092 0.0
1.093 0.0
1.094 0.0
1.095 0.0
1.096 0.0
1.097 0.0
1.098 0.0
1.099 0.0
1.1 0.0
1.101 0.0
1.102 0.0
1.103 0.0
1.104 0.0
1.105 0.0
1.106 0.0
1.107 0.0
1.108 0.0
1.109 0.0
1.11 0.0
1.111 0.0
1.112 0.0
1.113 0.0
1.114 0.0
1.115 0.0
1.116 0.0
1.117 0.0
1.118 0.0
1.119 0.0
1.12 0.0
1.121 0.0
1.122 0.0
1.123 0.0
1.124 0.0
1.125 0.0
1.126 0.0
1.127 0.0
1.128 0.0
1.129 0.0
1.13 0.0
1.131 0.0
1.132 0.0
1.133 0.0
1.134 0.0
1.135 0.0
1.136 0.0
1.137 0.0
1.138 0.0
1.139 0.0
1.14 0.0
1.141 0.0
1.142 0.0
1.143 0.0
1.144 0.0
1.145 0.0
1.146 0.0
1.147 0.0
1.148 0.0
1.149 0.0
1.15 0.0
1.151 0.0
1.152 0.0
1.153 0.0
1.154 0.0
1.155 0.0
1.156 0.0
1.157 0.0
1.158 0.0
1.159 0.0
1.16 0.0
1.161 0.0
1.162 0.0
1.163 0.0
1.164 0.0
1.165 0.0
1.166 0.0
1.167 0.0
1.168 0.0
1.169 0.0
1.17 0.0
1.171 0.0
1.172 0.0
1.173 0.0
1.174 0.0
1.175 0.0
1.176 0.0
1.177 0.0
1.178 0.0
1.179 0.0
1.18 0.0
1.181 0.0
1.182 0.0
1.183 0.0
1.184 0.0
1.185 0.0
1.186 0.0
1.187 0.0
1.188 0.0
1.189 0.0
1.19 0.0
1.191 0.0
1.192 0.0
1.193 0.0
1.194 0.0
1.195 0.0
1.196 0.0
1.197 0.0
1.198 0.0
1.199 0.0
1.2 0.0
