0.2183 1.836e-05
0.2189 1.67e-05
0.2195 1.566e-05
0.2201 1.504e-05
0.2207 1.581e-05
0.2214 1.764e-05
0.222 1.836e-05
0.2227 1.91e-05
0.2235 2.038e-05
0.2242 2.079e-05
0.225 2.089e-05
0.2258 2.028e-05
0.2266 1.92e-05
0.2274 1.729e-05
0.2283 1.597e-05
0.2292 1.475e-05
0.2301 1.289e-05
0.231 1.173e-05
0.2319 1.162e-05
0.2329 1.162e-05
0.2339 1.162e-05
0.2349 1.185e-05
0.236 1.197e-05
0.237 1.191e-05
0.2381 1.221e-05
0.2392 1.439e-05
0.2403 2.185e-05
0.2415 2.487e-05
0.2427 2.653e-05
0.2438 2.6e-05
0.2451 2.499e-05
0.2463 2.39e-05
0.2476 2.296e-05
0.2488 2.229e-05
0.2501 2.207e-05
0.2514 2.308e-05
0.2528 2.511e-05
0.2541 2.588e-05
0.2555 2.64e-05
0.2569 2.916e-05
0.2583 3.126e-05
0.2598 3.173e-05
0.2612 3.049e-05
0.2627 2.733e-05
0.2642 2.462e-05
0.2657 2.6e-05
0.2672 3.08e-05
0.2688 3.237e-05
0.2703 3.368e-05
0.2703 3.853e-05
0.2688 4.385e-05
0.2672 4.965e-05
0.2657 5.485e-05
0.2642 5.595e-05
0.2627 5.167e-05
0.2612 4.772e-05
0.2598 4.867e-05
0.2583 5.219e-05
0.2569 5.567e-05
0.2555 5.54e-05
0.2541 5.065e-05
0.2528 4.965e-05
0.2514 5.43e-05
0.2501 5.793e-05
0.2488 5.822e-05
0.2476 5.793e-05
0.2463 5.736e-05
0.2451 5.765e-05
0.2438 6.089e-05
0.2427 6.399e-05
0.2415 6.561e-05
0.2403 6.561e-05
0.2392 6.463e-05
0.2381 6.336e-05
0.237 6.119e-05
0.236 5.793e-05
0.2349 5.458e-05
0.2339 5.512e-05
0.2329 5.512e-05
0.2319 5.43e-05
0.231 5.297e-05
0.2301 5.167e-05
0.2292 5.141e-05
0.2283 5.219e-05
0.2274 5.193e-05
0.2266 5.04e-05
0.2258 4.819e-05
0.225 4.795e-05
0.2242 5.245e-05
0.2235 5.623e-05
0.2227 5.54e-05
0.222 5.297e-05
0.2214 5.04e-05
0.2207 4.941e-05
0.2201 4.608e-05
0.2195 3.969e-05
0.2189 3.221e-05
0.2183 1.836e-05