0.001 0.9376233839865844
0.0011081584218589626 0.7179905445986701
0.00121121477939016 0.5518308188870815
0.0013238551572365951 0.42101669231291183
0.00144697084874109 0.3229892557052133
0.001581536035616564 0.24733089592678423
0.0017286154963867652 0.18904717846567826
0.0018893730316954468 0.14503037190843335
0.0020650806731512344 0.11024410918307888
0.002257128748575353 0.08488698034630879
0.002467036883295761 0.06488329758725998
0.00269646602453811 0.049502402550902595
0.002947231584059253 0.037767622014217246
0.003221317803017485 0.029027315109243956
0.003520893452744972 0.022350773619047023
0.0038483289956582744 0.016989828370158222
0.004206215342096842 0.013106090115693277
0.0045973843515072265 0.009962528611524205
0.005024931240193468 0.00764290290605993
0.005492239072940306 0.00580971427821558
0.00600300553230471 0.004465211153218875
0.006561272177394276 0.003444499760955522
0.007171456423649194 0.0026135097525966477
0.007838386496675384 0.0020160824223473825
0.008567339636709281 0.0015296999386006328
0.009364083856015754 0.0011778553029813267
0.010234923579634705 0.0009019495299384441
0.011186749530619145 0.0006894044236340901
0.012227093254493464 0.0005288869200082944
0.013364186714369503 0.0004027705649706232
0.01460702742828056 0.0003095600803706787
0.01596544966414792 0.00023574356586714924
0.017450202255726535 0.00018152044214263556
0.019073033655266938 0.00013900033140773997
0.020846784895892284 0.00010624479549941189
0.022785491199277193 8.165727660898712e-05
0.024904493032622932 6.184354720878863e-05
0.027220557493693155 4.7444202683277525e-05
0.02975201098439777 3.626393952206626e-05
0.03251888422273557 2.7974294323128932e-05
0.03554307074053688 2.13036509373391e-05
0.03884850012115625 1.6373490194926677e-05
0.04246132734789928 1.2538095084672699e-05
0.04641013976144723 9.548308815861447e-06
0.050726183263878205 7.338607886248347e-06
0.055443609559177896 5.588671477063108e-06
0.06059974638658718 4.287432953883885e-06
0.06623539288507216 3.277096052862125e-06
0.07239514242605619 2.5140732762247494e-06
0.07912773546890467 1.911060180783175e-06
0.08648644523121274 1.4607173669160847e-06
0.09452949922560322 1.1226733650071203e-06
0.10332053999854318 8.533945228170717e-07
0.11292912871688206 6.571061676022798e-07
0.12343129558685945 4.985784574546073e-07
0.13491014146089933 3.789919116711626e-07
0.14745649539254715 2.891500720944517e-07
0.1611696333426064 2.2020045021524035e-07
0.17615806372340403 1.6986439657661469e-07
0.19254038599699058 1.2770502837211802e-07
0.21044622912113012 9.83317323154776e-08
0.23001727726875654 7.392636078134118e-08
0.2514083909371403 5.671371392565583e-08
0.27355748882870434 4.079152849069735e-08
0.28039882831328006 2.8674423559283188e-08
0.281209551820705 1.8099823683609643e-08
0.2884457582760255 8.022741186873523e-14
0.29707644418960294 1.0498687516878192e-16
0.31782957951875185 7.298299623270855e-17
0.34738704904186246 5.916493924979937e-17
0.3796932998644747 5.3360288874602364e-17
0.41500396275452633 5.001954103692132e-17
0.4535984415933453 5.055898303090428e-17
0.4957821242242275 5.2533210584842063e-17
0.5418887989051977 5.875004297996046e-17
0.5922832954866917 6.582348913861507e-17
0.647364372213103 7.807393149715612e-17
0.7075678709906852 9.345951608796655e-17
0.7733701660886011 1.1291024132608541e-16
0.8452919335617829 1.3728964229152822e-16
0.9137734113320521 1.7845614072118085e-16
0.9542659336719524 3.422212814935488e-16
1.0077844042847954 5.38066719693188e-16
1.103734594633219 3.379782358998673e-16
1.2063795457163498 3.076343402782377e-16
1.3185702571970326 3.6690646141514165e-16
1.441194464327766 4.70127950932034e-16
1.5752224598363793 5.7111198934301895e-16
1.7217147715942491 6.849158584243391e-16
1.8818305542911957 7.645625141645548e-16
2.0568367615181686 7.573358314276415e-16
2.248118170833943 6.957078628228779e-16
2.4571883411415363 6.390948510664998e-16
2.685701589077126 5.894681579362539e-16
2.935466079177502 5.304640300606604e-16
3.2084581314049627 4.927029266066697e-16
3.5068378592414096 4.501198355224547e-16
3.832966262091668 4.1349147338664097e-16
4.1894239072436035 3.7292397739039234e-16
4.579031349210595 3.4069308360197327e-16
5.0048714480289505 3.1239441300644316e-16
5.470313763109233 2.8644628838914685e-16
5.979041215663459 2.6120876333006147e-16
6.535079230680768 2.3819480581897883e-16
7.1428275890445185 2.184098536967559e-16
7.807095241827803 2.0026828052703675e-16
8.533138362243943 1.8363358386266628e-16
9.326701936346817 1.6683982374908307e-16
10 1.5626584804527859e-16