1e-06 100000.0
1e-06 6.268801026667432e-05
1.3056335250091234e-06 6.270223724713299e-05
1.632964174605387e-06 6.271646745639059e-05
2.0285602860126433e-06 6.273026953139627e-05
2.5371332840605153e-06 6.27445061025524e-05
3.1517701982713277e-06 6.275831434805042e-05
3.941939083044013e-06 6.277255728394931e-05
4.930208345441115e-06 6.278680345226806e-05
6.1245831395822205e-06 6.280062100618591e-05
7.660055183754618e-06 6.281487354353788e-05
9.58047985975555e-06 6.28291293154889e-05
1.190141294382073e-05 6.284295618410121e-05
1.488517305367771e-05 6.285721832937907e-05
1.849120230357351e-05 6.287105137956856e-05
2.3127064623210568e-05 6.288531990102245e-05
2.8925167185196566e-05 6.289959166070285e-05
3.593247563581442e-05 6.291343403603327e-05
4.49409763875018e-05 6.292771217618826e-05
5.620796571692218e-05 6.294199355675272e-05
6.982470821104341e-05 6.295584526351006e-05
8.733020777029432e-05 6.29701330288502e-05
0.00010922444768622111 6.29844240367842e-05
0.0001356847751368928 6.299828508125951e-05
0.00016970181340616634 6.301258247827319e-05
0.00021224714006627636 6.302688312006677e-05
0.000263665379714933 6.304075350855437e-05
0.0003297679715716575 6.305506054373475e-05
0.00041244290468494247 6.306937082588228e-05
0.0005123598604934221 6.308325056468131e-05
0.0006408117443872513 6.309756724452542e-05
0.0007960525256401268 6.311145318853832e-05
0.0009956279695448056 6.312577626893949e-05
0.0012452382497534368 6.314010259994926e-05
0.0015469052532546491 6.315399790475962e-05
0.0019347242634996402 6.316833064064106e-05
0.0024197849142379158 6.344883363970438e-05
0.0030059987874728965 6.35517877424811e-05
0.0037595950397873654 6.321091369911158e-05
0.004670381204808591 6.322482458739068e-05
0.005841280758642272 6.32834965040441e-05
0.007305720577270462 6.325352546368927e-05
0.009075633149571823 6.356736425318294e-05
0.011351055959128444 6.404004753933787e-05
0.014196850718751146 6.409947597359972e-05
0.017636394729416614 6.48761100534717e-05
0.022058170084113968 6.539860579744645e-05
0.027402539243366473 6.661551432335819e-05
0.034273492901540595 6.811751841439031e-05
0.04345175394491651 6.880019983658431e-05
0.05289661295280231 7.419442966923845e-05
0.06540862093734859 7.893326783666295e-05
0.08000024403292018 8.474452700703758e-05
0.0980537729454342 9.277984060367739e-05
0.1185647756954059 0.00010279273090375525
0.14239989011249582 0.00011527424257861665
0.16987268390787694 0.0001302158038318681
0.2026478368229713 0.00014830480212594323
0.23849263907278392 0.00016975852318259775
0.2806795514539328 0.00019529844843837657
0.3303288978253886 0.00022468081865563248
0.3887635135273392 0.0002599548268853134
0.45137258683261444 0.00030019416064980617
0.5276317692128042 0.00034790559943947383
0.6167767182413297 0.00040413338411825726
0.7161088592486516 0.00046786924350645343
0.8371013013938822 0.0005453925677109749
1.0 0.0006225744472916795
1.0 99999.99999999999
