#      mass       lower
 2.1400e-01  1.0089e+00
 2.1410e-01  2.5399e-04
 2.1420e-01  2.2789e-04
 2.1430e-01  1.3384e-04
 2.1450e-01  1.0866e-04
 2.1460e-01  9.5199e-05
 2.1470e-01  1.3121e-04
 2.1490e-01  1.9836e-04
 2.1500e-01  2.7676e-04
 2.1520e-01  3.0789e-04
 2.1530e-01  2.4766e-04
 2.1550e-01  2.3903e-04
 2.1560e-01  1.7125e-04
 2.1580e-01  1.5549e-04
 2.1590e-01  1.5899e-04
 2.1610e-01  1.7498e-04
 2.1620e-01  1.7936e-04
 2.1640e-01  2.5801e-04
 2.1660e-01  2.0427e-04
 2.1670e-01  1.9370e-04
 2.1690e-01  2.1003e-04
 2.1710e-01  2.2924e-04
 2.1730e-01  2.4995e-04
 2.1750e-01  3.0509e-04
 2.1770e-01  1.9108e-04
 2.1780e-01  1.2006e-04
 2.1800e-01  1.6840e-04
 2.1820e-01  1.1998e-04
 2.1840e-01  1.0508e-04
 2.1860e-01  1.0135e-04
 2.1880e-01  1.4784e-04
 2.1910e-01  2.1003e-04
 2.1930e-01  2.5432e-04
 2.1950e-01  2.7345e-04
 2.1970e-01  2.7390e-04
 2.1990e-01  2.7225e-04
 2.2010e-01  2.6974e-04
 2.2040e-01  2.8312e-04
 2.2060e-01  2.8723e-04
 2.2080e-01  2.5227e-04
 2.2110e-01  2.5099e-04
 2.2130e-01  2.4535e-04
 2.2160e-01  2.1686e-04
 2.2180e-01  1.4117e-04
 2.2200e-01  2.0560e-04
 2.2230e-01  1.4911e-04
 2.2260e-01  2.3051e-04
 2.2280e-01  2.3112e-04
 2.2310e-01  1.9727e-04
 2.2330e-01  1.8986e-04
 2.2360e-01  1.5787e-04
 2.2390e-01  1.4643e-04
 2.2410e-01  1.4295e-04
 2.2440e-01  1.6630e-04
 2.2470e-01  1.7360e-04
 2.2500e-01  2.1733e-04
 2.2530e-01  2.5708e-04
 2.2560e-01  2.8449e-04
 2.2590e-01  2.4440e-04
 2.2620e-01  1.9754e-04
 2.2650e-01  2.0556e-04
 2.2680e-01  1.3953e-04
 2.2710e-01  1.3848e-04
 2.2740e-01  1.5924e-04
 2.2770e-01  2.1398e-04
 2.2800e-01  1.7521e-04
 2.2830e-01  2.1066e-04
 2.2860e-01  2.7566e-04
 2.2900e-01  3.2832e-04
 2.2930e-01  2.8215e-04
 2.2960e-01  2.6763e-04
 2.3000e-01  2.3772e-04
 2.3030e-01  2.1892e-04
 2.3060e-01  2.0704e-04
 2.3100e-01  2.0745e-04
 2.3130e-01  2.2897e-04
 2.3170e-01  2.4068e-04
 2.3200e-01  2.2270e-04
 2.3240e-01  2.0772e-04
 2.3270e-01  1.3870e-04
 2.3310e-01  1.2387e-04
 2.3350e-01  1.2584e-04
 2.3380e-01  1.5595e-04
 2.3420e-01  1.9341e-04
 2.3460e-01  2.3088e-04
 2.3500e-01  2.8318e-04
 2.3530e-01  2.4475e-04
 2.3570e-01  2.4839e-04
 2.3610e-01  2.2076e-04
 2.3650e-01  2.9531e-04
 2.3690e-01  3.0367e-04
 2.3730e-01  2.8725e-04
 2.3770e-01  2.1090e-04
 2.3810e-01  2.0424e-04
 2.3850e-01  2.4874e-04
 2.3890e-01  2.6947e-04
 2.3930e-01  2.0429e-04
 2.3980e-01  1.8096e-04
 2.4020e-01  1.8031e-04
 2.4060e-01  1.9036e-04
 2.4100e-01  2.5232e-04
 2.4150e-01  2.3214e-04
 2.4190e-01  2.0751e-04
 2.4230e-01  1.3342e-04
 2.4280e-01  1.6279e-04
 2.4320e-01  1.4419e-04
 2.4370e-01  1.7377e-04
 2.4410e-01  2.3966e-04
 2.4460e-01  2.7027e-04
 2.4500e-01  3.3599e-04
 2.4550e-01  3.1316e-04
 2.4600e-01  3.1134e-04
 2.4640e-01  2.4923e-04
 2.4690e-01  3.0924e-04
 2.4740e-01  2.7231e-04
 2.4780e-01  1.9120e-04
 2.4830e-01  2.4727e-04
 2.4880e-01  2.5062e-04
 2.4930e-01  1.5173e-04
 2.4980e-01  1.3791e-04
 2.5030e-01  1.3154e-04
 2.5080e-01  1.4080e-04
 2.5130e-01  2.0893e-04
 2.5180e-01  2.1692e-04
 2.5230e-01  1.8585e-04
 2.5280e-01  1.6473e-04
 2.5330e-01  1.5263e-04
 2.5380e-01  1.8083e-04
 2.5430e-01  2.2056e-04
 2.5480e-01  3.1117e-04
 2.5540e-01  2.6820e-04
 2.5590e-01  2.4941e-04
 2.5640e-01  2.4040e-04
 2.5700e-01  2.6415e-04
 2.5750e-01  1.7828e-04
 2.5800e-01  2.4585e-04
 2.5860e-01  1.6472e-04
 2.5910e-01  2.0866e-04
 2.5970e-01  2.3158e-04
 2.6020e-01  2.4900e-04
 2.6080e-01  2.4787e-04
 2.6130e-01  2.3967e-04
 2.6190e-01  2.3678e-04
 2.6250e-01  2.9345e-04
 2.6300e-01  2.9019e-04
 2.6360e-01  2.8404e-04
 2.6420e-01  1.9869e-04
 2.6480e-01  1.3248e-04
 2.6530e-01  1.4738e-04
 2.6590e-01  1.5596e-04
 2.6650e-01  2.7417e-04
 2.6710e-01  4.0122e-04
 2.6770e-01  3.3330e-04
 2.6830e-01  2.9477e-04
 2.6890e-01  1.6828e-04
 2.6950e-01  1.5272e-04
 2.7010e-01  1.8123e-04
 2.7070e-01  1.4872e-04
 2.7130e-01  2.5072e-04
 2.7190e-01  2.6054e-04
 2.7260e-01  2.8911e-04
 2.7320e-01  2.8981e-04
 2.7380e-01  3.1251e-04
 2.7440e-01  2.5670e-04
 2.7510e-01  2.2176e-04
 2.7570e-01  2.0647e-04
 2.7630e-01  1.5789e-04
 2.7700e-01  1.4054e-04
 2.7760e-01  1.1854e-04
 2.7830e-01  1.1229e-04
 2.7890e-01  2.1476e-04
 2.7960e-01  2.7524e-04
 2.8020e-01  3.2602e-04
 2.8090e-01  4.3926e-04
 2.8160e-01  4.3152e-04
 2.8220e-01  3.2793e-04
 2.8290e-01  2.6544e-04
 2.8360e-01  1.3344e-04
 2.8420e-01  1.2247e-04
 2.8490e-01  1.4976e-04
 2.8560e-01  1.8479e-04
 2.8630e-01  2.6017e-04
 2.8700e-01  3.3255e-04
 2.8770e-01  4.0261e-04
 2.8830e-01  3.2223e-04
 2.8900e-01  3.3033e-04
 2.8970e-01  2.6951e-04
 2.9040e-01  3.1549e-04
 2.9120e-01  2.0428e-04
 2.9190e-01  1.1770e-04
 2.9260e-01  1.0903e-04
 2.9330e-01  1.2928e-04
 2.9400e-01  2.1562e-04
 2.9470e-01  3.4257e-04
 2.9540e-01  4.1537e-04
 2.9620e-01  2.9749e-04
 2.9690e-01  3.2912e-04
 2.9760e-01  2.2731e-04
 2.9840e-01  1.9590e-04
 2.9910e-01  1.7021e-04
 2.9990e-01  1.0882e-04
 3.0060e-01  1.5181e-04
 3.0140e-01  2.0405e-04
 3.0210e-01  3.0191e-04
 3.0290e-01  3.3914e-04
 3.0360e-01  3.4417e-04
 3.0440e-01  3.4724e-04
 3.0510e-01  3.4736e-04
 3.0590e-01  2.9828e-04
 3.0670e-01  2.7999e-04
 3.0740e-01  2.4621e-04
 3.0820e-01  2.2475e-04
 3.0900e-01  2.5979e-04
 3.0980e-01  2.1181e-04
 3.1060e-01  1.8414e-04
 3.1130e-01  2.1588e-04
 3.1210e-01  2.6478e-04
 3.1290e-01  3.0621e-04
 3.1370e-01  2.6644e-04
 3.1450e-01  1.5383e-04
 3.1530e-01  1.5638e-04
 3.1610e-01  1.3295e-04
 3.1690e-01  1.1473e-04
 3.1780e-01  2.7526e-04
 3.1860e-01  3.3147e-04
 3.1940e-01  3.7255e-04
 3.2020e-01  3.8854e-04
 3.2100e-01  3.6537e-04
 3.2190e-01  3.6018e-04
 3.2270e-01  3.4617e-04
 3.2350e-01  3.1551e-04
 3.2430e-01  2.0978e-04
 3.2520e-01  1.4568e-04
 3.2600e-01  1.3135e-04
 3.2690e-01  1.6259e-04
 3.2770e-01  2.0157e-04
 3.2860e-01  2.8524e-04
 3.2940e-01  3.6254e-04
 3.3030e-01  3.9872e-04
 3.3110e-01  3.1572e-04
 3.3200e-01  3.3423e-04
 3.3280e-01  2.2050e-04
 3.3370e-01  2.0650e-04
 3.3460e-01  2.0056e-04
 3.3550e-01  1.9817e-04
 3.3630e-01  2.0433e-04
 3.3720e-01  1.8389e-04
 3.3810e-01  2.0887e-04
 3.3900e-01  2.8014e-04
 3.3990e-01  2.1783e-04
 3.4080e-01  2.5319e-04
 3.4160e-01  2.6656e-04
 3.4250e-01  1.9222e-04
 3.4340e-01  1.7014e-04
 3.4430e-01  2.0599e-04
 3.4520e-01  1.8554e-04
 3.4620e-01  2.5947e-04
 3.4710e-01  2.9401e-04
 3.4800e-01  3.7141e-04
 3.4890e-01  4.1307e-04
 3.4980e-01  3.0621e-04
 3.5070e-01  2.4115e-04
 3.5170e-01  1.9973e-04
 3.5260e-01  1.8832e-04
 3.5350e-01  1.5717e-04
 3.5440e-01  1.8230e-04
 3.5540e-01  3.2079e-04
 3.5630e-01  4.3812e-04
 3.5730e-01  4.6616e-04
 3.5820e-01  5.1249e-04
 3.5920e-01  4.1339e-04
 3.6010e-01  3.4392e-04
 3.6110e-01  2.8417e-04
 3.6200e-01  2.4309e-04
 3.6300e-01  2.3088e-04
 3.6390e-01  2.1396e-04
 3.6490e-01  2.1167e-04
 3.6590e-01  2.1249e-04
 3.6680e-01  3.1349e-04
 3.6780e-01  2.7215e-04
 3.6880e-01  2.6896e-04
 3.6980e-01  2.3280e-04
 3.7070e-01  1.9526e-04
 3.7170e-01  1.9794e-04
 3.7270e-01  2.1017e-04
 3.7370e-01  2.3883e-04
 3.7470e-01  2.7418e-04
 3.7570e-01  2.6491e-04
 3.7670e-01  2.4114e-04
 3.7770e-01  3.0702e-04
 3.7870e-01  2.3642e-04
 3.7970e-01  3.2444e-04
 3.8070e-01  3.2884e-04
 3.8170e-01  4.5525e-04
 3.8270e-01  3.4988e-04
 3.8380e-01  3.7043e-04
 3.8480e-01  3.6925e-04
 3.8580e-01  2.2779e-04
 3.8680e-01  4.0294e-04
 3.8790e-01  4.3204e-04
 3.8890e-01  3.9962e-04
 3.8990e-01  4.0883e-04
 3.9100e-01  4.8608e-04
 3.9200e-01  3.4103e-04
 3.9310e-01  2.8049e-04
 3.9410e-01  2.5794e-04
 3.9520e-01  2.2912e-04
 3.9620e-01  2.2028e-04
 3.9730e-01  2.2593e-04
 3.9830e-01  2.7437e-04
 3.9940e-01  2.9782e-04
 4.0040e-01  3.5237e-04
 4.0150e-01  3.2920e-04
 4.0260e-01  3.2122e-04
 4.0360e-01  2.4951e-04
 4.0470e-01  3.9999e-04
 4.0580e-01  4.0991e-04
 4.0690e-01  2.4556e-04
 4.0800e-01  2.4332e-04
 4.0900e-01  2.9527e-04
 4.1010e-01  2.6412e-04
 4.1120e-01  2.3865e-04
 4.1230e-01  2.3383e-04
 4.1340e-01  2.5698e-04
 4.1450e-01  3.5193e-04
 4.1560e-01  2.7877e-04
 4.1670e-01  4.2297e-04
 4.1780e-01  2.5398e-04
 4.1890e-01  2.6223e-04
 4.2010e-01  3.0445e-04
 4.2120e-01  3.9200e-04
 4.2230e-01  4.7185e-04
 4.2340e-01  5.2833e-04
 4.2450e-01  5.4841e-04
 4.2570e-01  5.2819e-04
 4.2680e-01  4.9334e-04
 4.2790e-01  4.3063e-04
 4.2910e-01  3.5099e-04
 4.3020e-01  2.8305e-04
 4.3140e-01  1.9748e-04
 4.3250e-01  2.0187e-04
 4.3360e-01  3.5955e-04
 4.3480e-01  4.0397e-04
 4.3600e-01  3.9760e-04
 4.3710e-01  3.8283e-04
 4.3830e-01  4.5155e-04
 4.3940e-01  2.5819e-04
 4.4060e-01  2.2335e-04
 4.4180e-01  2.0820e-04
 4.4290e-01  2.4850e-04
 4.4410e-01  5.0337e-04
 4.4530e-01  5.4227e-04
 4.4650e-01  4.5512e-04
 4.4760e-01  4.8108e-04
 4.4880e-01  4.8529e-04
 4.5000e-01  4.7688e-04
 4.5120e-01  3.1236e-04
 4.5240e-01  2.7646e-04
 4.5360e-01  2.7955e-04
 4.5480e-01  3.4110e-04
 4.5600e-01  3.5545e-04
 4.5720e-01  3.8819e-04
 4.5840e-01  4.3436e-04
 4.5960e-01  4.5591e-04
 4.6080e-01  4.9165e-04
 4.6200e-01  4.7728e-04
 4.6320e-01  4.1227e-04
 4.6450e-01  3.5017e-04
 4.6570e-01  2.6667e-04
 4.6690e-01  4.0271e-04
 4.6810e-01  3.6681e-04
 4.6940e-01  3.6118e-04
 4.7060e-01  3.3103e-04
 4.7180e-01  3.9514e-04
 4.7310e-01  3.7626e-04
 4.7430e-01  5.1468e-04
 4.7560e-01  5.1901e-04
 4.7680e-01  5.8736e-04
 4.7810e-01  4.5740e-04
 4.7930e-01  4.9184e-04
 4.8060e-01  4.4465e-04
 4.8180e-01  3.2881e-04
 4.8310e-01  2.5728e-04
 4.8440e-01  2.2742e-04
 4.8560e-01  2.9952e-04
 4.8690e-01  5.0546e-04
 4.8820e-01  3.5204e-04
 4.8950e-01  4.0263e-04
 4.9070e-01  6.6998e-04
 4.9200e-01  6.3307e-04
 4.9330e-01  4.8944e-04
 4.9460e-01  3.7179e-04
 4.9590e-01  2.3641e-04
 4.9720e-01  2.7206e-04
 4.9850e-01  2.2019e-04
 4.9980e-01  2.3131e-04
 5.0110e-01  2.1416e-04
 5.0240e-01  2.3500e-04
 5.0370e-01  2.8100e-04
 5.0500e-01  5.4338e-04
 5.0630e-01  7.0564e-04
 5.0760e-01  6.8224e-04
 5.0900e-01  5.7412e-04
 5.1030e-01  2.3310e-04
 5.1160e-01  1.7096e-04
 5.1290e-01  2.0959e-04
 5.1430e-01  2.7838e-04
 5.1560e-01  3.4074e-04
 5.1690e-01  4.3122e-04
 5.1830e-01  6.2483e-04
 5.1960e-01  6.4606e-04
 5.2100e-01  3.0850e-04
 5.2230e-01  2.6905e-04
 5.2370e-01  9.0869e-01
 5.7260e-01  7.9440e-01
 5.7270e-01  4.8886e-04
 5.7420e-01  4.3229e-04
 5.7570e-01  5.2183e-04
 5.7710e-01  6.6987e-04
 5.7860e-01  6.3312e-04
 5.8010e-01  3.8066e-04
 5.8150e-01  3.5389e-04
 5.8300e-01  2.6777e-04
 5.8450e-01  2.6119e-04
 5.8590e-01  2.2276e-04
 5.8740e-01  2.6592e-04
 5.8890e-01  3.8600e-04
 5.9040e-01  3.2741e-04
 5.9190e-01  4.9950e-04
 5.9340e-01  4.2125e-04
 5.9490e-01  5.4570e-04
 5.9640e-01  6.0613e-04
 5.9790e-01  5.7039e-04
 5.9940e-01  4.8465e-04
 6.0090e-01  1.8685e-04
 6.0240e-01  1.5135e-04
 6.0390e-01  1.8032e-04
 6.0540e-01  1.9905e-04
 6.0700e-01  3.4819e-04
 6.0850e-01  3.9580e-04
 6.1000e-01  4.7892e-04
 6.1150e-01  5.6503e-04
 6.1310e-01  7.4152e-04
 6.1460e-01  5.6927e-04
 6.1610e-01  3.9627e-04
 6.1770e-01  2.7755e-04
 6.1920e-01  1.4123e-04
 6.2080e-01  1.1339e-04
 6.2230e-01  1.2252e-04
 6.2390e-01  2.2385e-04
 6.2540e-01  3.9440e-04
 6.2700e-01  5.5684e-04
 6.2850e-01  5.7743e-04
 6.3010e-01  6.3311e-04
 6.3170e-01  3.4253e-04
 6.3320e-01  2.3467e-04
 6.3480e-01  1.9771e-04
 6.3640e-01  1.7304e-04
 6.3800e-01  2.7096e-04
 6.3960e-01  3.2992e-04
 6.4110e-01  3.5762e-04
 6.4270e-01  3.8922e-04
 6.4430e-01  4.0019e-04
 6.4590e-01  2.0462e-04
 6.4750e-01  2.5959e-04
 6.4910e-01  2.1438e-04
 6.5070e-01  2.3449e-04
 6.5230e-01  4.7097e-04
 6.5390e-01  3.7520e-04
 6.5560e-01  2.8179e-04
 6.5720e-01  3.0951e-04
 6.5880e-01  2.6691e-04
 6.6040e-01  2.2579e-04
 6.6200e-01  1.8071e-04
 6.6370e-01  1.9697e-04
 6.6530e-01  2.6423e-04
 6.6690e-01  1.9365e-04
 6.6860e-01  2.1275e-04
 6.7020e-01  2.5508e-04
 6.7190e-01  3.1747e-04
 6.7350e-01  3.2867e-04
 6.7520e-01  3.1787e-04
 6.7680e-01  2.3726e-04
 6.7850e-01  3.1938e-04
 6.8010e-01  1.7824e-04
 6.8180e-01  2.9857e-04
 6.8350e-01  2.2179e-04
 6.8510e-01  3.2625e-04
 6.8680e-01  2.9921e-04
 6.8850e-01  2.5791e-04
 6.9010e-01  1.6706e-04
 6.9180e-01  1.2905e-04
 6.9350e-01  1.4666e-04
 6.9520e-01  1.3406e-04
 6.9690e-01  1.5740e-04
 6.9860e-01  1.5380e-04
 7.0030e-01  1.4321e-04
 7.0200e-01  1.2836e-04
 7.0370e-01  1.5231e-04
 7.0540e-01  1.7672e-04
 7.0710e-01  1.7075e-04
 7.0880e-01  2.0401e-04
 7.1050e-01  1.4041e-04
 7.1230e-01  1.6297e-04
 7.1400e-01  2.2301e-04
 7.1570e-01  2.1156e-04
 7.1740e-01  2.4788e-04
 7.1920e-01  1.5287e-04
 7.2090e-01  2.4312e-04
 7.2260e-01  1.7649e-04
 7.2440e-01  1.2579e-04
 7.2610e-01  1.0555e-04
 7.2790e-01  1.0752e-04
 7.2960e-01  1.2736e-04
 7.3140e-01  1.0728e-04
 7.3310e-01  1.6907e-04
 7.3490e-01  2.3184e-04
 7.3670e-01  2.2380e-04
 7.3840e-01  2.0334e-04
 7.4020e-01  1.8877e-04
 7.4030e-01  1.6818e-01
 8.2740e-01  2.1527e-01
 8.2750e-01  1.1654e-04
 8.2940e-01  2.8386e-04
 8.3140e-01  2.5562e-04
 8.3330e-01  2.3113e-04
 8.3530e-01  1.6901e-04
 8.3720e-01  1.1246e-04
 8.3920e-01  1.0855e-04
 8.4110e-01  1.1941e-04
 8.4310e-01  1.0628e-04
 8.4500e-01  1.2044e-04
 8.4700e-01  2.8162e-04
 8.4890e-01  3.2285e-04
 8.5090e-01  3.3757e-04
 8.5290e-01  2.8207e-04
 8.5490e-01  2.1008e-04
 8.5680e-01  2.2340e-04
 8.5880e-01  2.6861e-04
 8.6080e-01  2.4029e-04
 8.6280e-01  2.5630e-04
 8.6480e-01  1.9302e-04
 8.6680e-01  2.9905e-04
 8.6880e-01  3.1054e-04
 8.7080e-01  3.6001e-04
 8.7280e-01  3.0800e-04
 8.7480e-01  2.3694e-04
 8.7680e-01  2.9025e-04
 8.7890e-01  1.7028e-04
 8.8090e-01  3.0443e-04
 8.8290e-01  2.1644e-04
 8.8490e-01  2.1870e-04
 8.8700e-01  2.3175e-04
 8.8900e-01  3.0913e-04
 8.9100e-01  2.8609e-04
 8.9310e-01  3.2644e-04
 8.9510e-01  3.5045e-04
 8.9720e-01  2.2441e-04
 8.9920e-01  2.3898e-04
 9.0130e-01  3.1243e-04
 9.0330e-01  1.8578e-04
 9.0540e-01  3.8192e-04
 9.0750e-01  4.9760e-04
 9.0960e-01  5.9653e-04
 9.1160e-01  4.0952e-04
 9.1370e-01  3.5762e-04
 9.1580e-01  2.0081e-04
 9.1790e-01  1.5114e-04
 9.2000e-01  4.2575e-04
 9.2210e-01  5.9343e-04
 9.2420e-01  6.5665e-04
 9.2630e-01  4.3943e-04
 9.2840e-01  4.5660e-04
 9.3050e-01  1.9222e-04
 9.3260e-01  1.2758e-04
 9.3470e-01  4.2548e-04
 9.3680e-01  4.1070e-04
 9.3890e-01  1.5898e-04
 9.4110e-01  4.1970e-04
 9.4320e-01  7.0131e-04
 9.4530e-01  8.0870e-04
 9.4750e-01  7.4343e-04
 9.4960e-01  6.4009e-04
 9.5180e-01  3.7787e-04
 9.5390e-01  2.3256e-04
 9.5610e-01  5.7195e-04
 9.5820e-01  3.8164e-01
 1.1610e+00  5.8496e-01
 1.1620e+00  4.8215e-04
 1.1650e+00  4.9509e-04
 1.1670e+00  5.3383e-04
 1.1700e+00  5.0332e-04
 1.1720e+00  4.8850e-04
 1.1750e+00  5.4901e-04
 1.1780e+00  6.5053e-04
 1.1800e+00  6.0479e-04
 1.1830e+00  5.0427e-04
 1.1850e+00  3.4409e-04
 1.1880e+00  3.4797e-04
 1.1900e+00  5.6939e-04
 1.1930e+00  5.8845e-04
 1.1950e+00  6.4626e-04
 1.1980e+00  6.5448e-04
 1.2000e+00  6.2631e-04
 1.2030e+00  5.3532e-04
 1.2060e+00  4.3275e-04
 1.2080e+00  3.6607e-04
 1.2110e+00  3.6110e-04
 1.2130e+00  4.8752e-04
 1.2160e+00  3.6300e-04
 1.2190e+00  3.4435e-04
 1.2210e+00  3.6038e-04
 1.2240e+00  4.6600e-04
 1.2260e+00  5.4957e-04
 1.2290e+00  4.9029e-04
 1.2320e+00  5.8068e-04
 1.2340e+00  4.2494e-04
 1.2370e+00  6.6014e-04
 1.2400e+00  5.9522e-04
 1.2420e+00  6.1370e-04
 1.2450e+00  6.5309e-04
 1.2470e+00  6.7436e-04
 1.2500e+00  6.9932e-04
 1.2530e+00  7.1731e-04
 1.2550e+00  7.0418e-04
 1.2580e+00  6.8054e-04
 1.2610e+00  6.8258e-04
 1.2630e+00  4.7535e-04
 1.2660e+00  4.0542e-04
 1.2690e+00  3.5640e-04
 1.2710e+00  3.1215e-04
 1.2740e+00  2.7153e-04
 1.2770e+00  3.5721e-04
 1.2800e+00  4.9084e-04
 1.2820e+00  5.9107e-04
 1.2850e+00  6.7909e-04
 1.2880e+00  7.5566e-04
 1.2900e+00  6.9206e-04
 1.2930e+00  6.2655e-04
 1.2960e+00  4.5098e-04
 1.2990e+00  3.0963e-04
 1.3010e+00  3.5209e-04
 1.3040e+00  7.1147e-04
 1.3070e+00  6.7021e-04
 1.3100e+00  6.0908e-04
 1.3120e+00  5.7786e-04
 1.3150e+00  6.5489e-04
 1.3180e+00  3.5983e-04
 1.3210e+00  3.5126e-04
 1.3230e+00  3.2940e-04
 1.3260e+00  2.6374e-04
 1.3290e+00  3.0154e-04
 1.3320e+00  3.4840e-04
 1.3350e+00  3.6008e-04
 1.3370e+00  4.0580e-04
 1.3400e+00  4.3927e-04
 1.3430e+00  4.9991e-04
 1.3460e+00  4.2407e-04
 1.3490e+00  6.2989e-04
 1.3510e+00  7.8805e-04
 1.3540e+00  5.3507e-04
 1.3570e+00  4.8789e-04
 1.3600e+00  4.9251e-04
 1.3630e+00  6.4308e-04
 1.3660e+00  5.2244e-04
 1.3680e+00  5.0304e-04
 1.3710e+00  7.3113e-04
 1.3740e+00  6.4975e-04
 1.3770e+00  8.2096e-04
 1.3800e+00  8.3407e-04
 1.3830e+00  3.2568e-04
 1.3860e+00  3.4122e-04
 1.3890e+00  3.4844e-04
 1.3910e+00  4.4889e-04
 1.3940e+00  5.0760e-04
 1.3970e+00  6.8582e-04
 1.4000e+00  7.6426e-04
 1.4030e+00  8.3145e-04
 1.4060e+00  8.3338e-04
 1.4090e+00  8.3838e-04
 1.4120e+00  5.3354e-04
 1.4150e+00  4.2372e-04
 1.4180e+00  4.4502e-04
 1.4210e+00  3.5140e-04
 1.4230e+00  5.9500e-04
 1.4260e+00  3.9011e-04
 1.4290e+00  5.2879e-04
 1.4320e+00  5.1810e-04
 1.4350e+00  5.8508e-04
 1.4380e+00  5.6775e-04
 1.4410e+00  5.0106e-04
 1.4440e+00  5.1869e-04
 1.4470e+00  4.6602e-04
 1.4500e+00  5.0700e-04
 1.4530e+00  6.5698e-04
 1.4560e+00  6.9699e-04
 1.4590e+00  8.3332e-04
 1.4620e+00  9.2612e-04
 1.4650e+00  8.7879e-04
 1.4680e+00  9.2363e-04
 1.4710e+00  6.5352e-04
 1.4740e+00  5.8825e-04
 1.4770e+00  6.8364e-04
 1.4800e+00  6.0026e-04
 1.4830e+00  6.9181e-04
 1.4860e+00  6.5429e-04
 1.4890e+00  4.8034e-04
 1.4920e+00  5.3547e-04
 1.4960e+00  5.7380e-04
 1.4990e+00  7.4554e-04
 1.5020e+00  7.5860e-04
 1.5050e+00  7.3067e-04
 1.5080e+00  7.0716e-04
 1.5110e+00  7.7184e-04
 1.5140e+00  7.0477e-04
 1.5170e+00  5.5253e-04
 1.5200e+00  4.1258e-04
 1.5230e+00  3.9423e-04
 1.5260e+00  4.0576e-04
 1.5300e+00  4.1248e-04
 1.5330e+00  4.6326e-04
 1.5360e+00  4.5660e-04
 1.5390e+00  5.6482e-04
 1.5420e+00  8.0976e-04
 1.5450e+00  8.9872e-04
 1.5480e+00  7.4389e-04
 1.5510e+00  7.7214e-04
 1.5550e+00  5.7533e-04
 1.5580e+00  5.9242e-04
 1.5610e+00  7.3361e-04
 1.5640e+00  7.0854e-04
 1.5670e+00  6.8922e-04
 1.5700e+00  5.8429e-04
 1.5740e+00  5.1935e-04
 1.5770e+00  4.3744e-04
 1.5800e+00  4.0233e-04
 1.5830e+00  4.4238e-04
 1.5860e+00  7.5055e-04
 1.5900e+00  4.3974e-04
 1.5930e+00  5.3434e-04
 1.5960e+00  8.3295e-04
 1.5990e+00  8.7208e-04
 1.6030e+00  9.5214e-04
 1.6060e+00  7.0684e-04
 1.6090e+00  6.1783e-04
 1.6120e+00  6.3061e-04
 1.6160e+00  6.4894e-04
 1.6190e+00  6.8545e-04
 1.6220e+00  7.5649e-04
 1.6250e+00  5.0932e-04
 1.6290e+00  6.7763e-04
 1.6320e+00  6.5954e-04
 1.6350e+00  7.2865e-04
 1.6390e+00  6.1106e-04
 1.6420e+00  5.6579e-04
 1.6450e+00  5.2220e-04
 1.6480e+00  5.0477e-04
 1.6520e+00  4.5580e-04
 1.6550e+00  4.4132e-04
 1.6580e+00  5.3236e-04
 1.6620e+00  6.4680e-04
 1.6650e+00  5.0679e-04
 1.6680e+00  1.1153e-03
 1.6720e+00  8.1782e-04
 1.6750e+00  1.0057e-03
 1.6790e+00  9.2072e-04
 1.6820e+00  6.9921e-04
 1.6850e+00  7.7201e-04
 1.6890e+00  6.6842e-04
 1.6920e+00  4.9169e-04
 1.6950e+00  4.0012e-04
 1.6990e+00  7.0938e-04
 1.7020e+00  6.0633e-04
 1.7060e+00  5.1897e-04
 1.7090e+00  4.8930e-04
 1.7120e+00  4.3410e-04
 1.7160e+00  5.9079e-04
 1.7190e+00  6.7649e-04
 1.7230e+00  5.7178e-04
 1.7260e+00  6.3773e-04
 1.7300e+00  8.1759e-04
 1.7330e+00  8.4032e-04
 1.7370e+00  9.8359e-04
 1.7400e+00  9.6523e-04
 1.7430e+00  3.9490e-04
 1.7470e+00  2.9949e-04
 1.7500e+00  2.7799e-04
 1.7540e+00  3.1134e-04
 1.7570e+00  9.5197e-04
 1.7610e+00  9.9715e-04
 1.7640e+00  1.0093e-03
 1.7680e+00  1.0535e-03
 1.7710e+00  8.8243e-04
 1.7750e+00  7.3978e-04
 1.7780e+00  4.6199e-04
 1.7820e+00  3.8143e-04
 1.7860e+00  4.1046e-04
 1.7890e+00  4.2284e-04
 1.7930e+00  4.7271e-04
 1.7960e+00  6.6954e-04
 1.8000e+00  5.8743e-04
 1.8030e+00  6.1252e-04
 1.8070e+00  6.4017e-04
 1.8100e+00  4.9688e-04
 1.8140e+00  4.0325e-04
 1.8180e+00  3.6747e-04
 1.8210e+00  4.4163e-04
 1.8250e+00  6.3639e-04
 1.8280e+00  8.6144e-04
 1.8320e+00  8.7335e-04
 1.8360e+00  7.2852e-04
 1.8390e+00  6.3694e-04
 1.8430e+00  4.8162e-04
 1.8470e+00  4.9206e-04
 1.8500e+00  6.2296e-04
 1.8540e+00  7.3270e-04
 1.8570e+00  7.7105e-04
 1.8610e+00  6.0822e-04
 1.8650e+00  5.5812e-04
 1.8680e+00  6.4138e-04
 1.8720e+00  6.7073e-04
 1.8760e+00  6.4124e-04
 1.8800e+00  6.7350e-04
 1.8830e+00  5.9310e-04
 1.8870e+00  5.5147e-04
 1.8910e+00  4.5996e-04
 1.8940e+00  5.4317e-04
 1.8980e+00  4.2059e-04
 1.9020e+00  7.8574e-04
 1.9060e+00  8.7288e-04
 1.9090e+00  8.6474e-04
 1.9130e+00  9.1536e-04
 1.9170e+00  8.3337e-04
 1.9210e+00  8.7185e-04
 1.9240e+00  8.8350e-04
 1.9280e+00  8.4334e-04
 1.9320e+00  8.3494e-04
 1.9360e+00  7.7247e-04
 1.9390e+00  8.2736e-04
 1.9430e+00  6.0070e-04
 1.9470e+00  5.5111e-04
 1.9510e+00  6.3107e-04
 1.9550e+00  6.6337e-04
 1.9580e+00  6.7158e-04
 1.9620e+00  6.9396e-04
 1.9660e+00  7.8143e-04
 1.9700e+00  6.4594e-04
 1.9740e+00  6.3360e-04
 1.9780e+00  7.1645e-04
 1.9820e+00  6.4683e-04
 1.9850e+00  5.6963e-04
 1.9890e+00  4.2156e-04
 1.9930e+00  6.7543e-04
 1.9970e+00  4.9857e-04
 2.0010e+00  6.6541e-04
 2.0050e+00  6.5189e-04
 2.0090e+00  6.0992e-04
 2.0130e+00  4.7886e-04
 2.0170e+00  4.8377e-04
 2.0200e+00  6.1433e-04
 2.0240e+00  8.7628e-04
 2.0280e+00  6.0177e-04
 2.0320e+00  7.9831e-04
 2.0360e+00  7.6630e-04
 2.0400e+00  6.8799e-04
 2.0440e+00  5.1186e-04
 2.0480e+00  4.6008e-04
 2.0520e+00  6.0953e-04
 2.0560e+00  6.7281e-04
 2.0600e+00  7.5759e-04
 2.0640e+00  7.8549e-04
 2.0680e+00  6.3233e-04
 2.0720e+00  7.0809e-04
 2.0760e+00  5.3655e-04
 2.0800e+00  5.2556e-04
 2.0840e+00  6.2773e-04
 2.0880e+00  5.0504e-04
 2.0920e+00  7.9969e-04
 2.0960e+00  3.9874e-04
 2.1000e+00  5.3590e-04
 2.1040e+00  5.3684e-04
 2.1080e+00  4.8720e-04
 2.1120e+00  7.3969e-04
 2.1170e+00  6.0554e-04
 2.1210e+00  9.0850e-04
 2.1250e+00  9.4540e-04
 2.1290e+00  9.2691e-04
 2.1330e+00  8.6508e-04
 2.1370e+00  5.8850e-04
 2.1410e+00  6.2883e-04
 2.1450e+00  6.0685e-04
 2.1490e+00  6.9103e-04
 2.1540e+00  8.2404e-04
 2.1580e+00  1.0611e-03
 2.1620e+00  7.4280e-04
 2.1660e+00  3.9952e-04
 2.1700e+00  4.1558e-04
 2.1740e+00  4.0734e-04
 2.1780e+00  4.8579e-04
 2.1830e+00  5.6581e-04
 2.1870e+00  8.7160e-04
 2.1910e+00  9.8913e-04
 2.1950e+00  1.0234e-03
 2.1990e+00  9.9204e-04
 2.2040e+00  9.2725e-04
 2.2080e+00  8.4654e-04
 2.2120e+00  4.6913e-04
 2.2160e+00  5.9801e-04
 2.2210e+00  6.0000e-04
 2.2250e+00  5.1783e-04
 2.2290e+00  5.2528e-04
 2.2330e+00  5.4918e-04
 2.2380e+00  5.7602e-04
 2.2420e+00  5.9045e-04
 2.2460e+00  5.2225e-04
 2.2510e+00  5.0528e-04
 2.2550e+00  7.3877e-04
 2.2590e+00  7.7656e-04
 2.2640e+00  8.1984e-04
 2.2680e+00  7.5513e-04
 2.2720e+00  7.4161e-04
 2.2770e+00  9.0788e-04
 2.2810e+00  6.2413e-04
 2.2850e+00  5.7433e-04
 2.2900e+00  8.9533e-04
 2.2940e+00  8.2659e-04
 2.2980e+00  7.9574e-04
 2.3030e+00  7.1311e-04
 2.3070e+00  5.2349e-04
 2.3110e+00  4.6100e-04
 2.3160e+00  4.8137e-04
 2.3200e+00  4.5335e-04
 2.3250e+00  4.8165e-04
 2.3290e+00  4.4734e-04
 2.3340e+00  5.0054e-04
 2.3380e+00  8.4380e-04
 2.3420e+00  6.0050e-04
 2.3470e+00  7.6069e-04
 2.3510e+00  7.3676e-04
 2.3560e+00  5.1589e-04
 2.3600e+00  4.1115e-04
 2.3650e+00  7.5013e-04
 2.3690e+00  5.7156e-04
 2.3740e+00  7.3416e-04
 2.3780e+00  8.2172e-04
 2.3830e+00  8.4954e-04
 2.3870e+00  8.3956e-04
 2.3920e+00  8.1073e-04
 2.3960e+00  8.1216e-04
 2.4010e+00  6.5005e-04
 2.4050e+00  7.9576e-04
 2.4100e+00  1.0722e-03
 2.4150e+00  6.9725e-04
 2.4190e+00  6.2460e-04
 2.4240e+00  4.9352e-04
 2.4280e+00  4.9348e-04
 2.4330e+00  6.3506e-04
 2.4380e+00  5.2412e-04
 2.4420e+00  9.4829e-04
 2.4470e+00  1.1476e-03
 2.4510e+00  7.7320e-04
 2.4560e+00  6.8917e-04
 2.4610e+00  5.8620e-04
 2.4650e+00  7.4333e-04
 2.4700e+00  5.1212e-04
 2.4750e+00  6.1751e-04
 2.4790e+00  6.7321e-04
 2.4840e+00  7.3928e-04
 2.4890e+00  6.4981e-04
 2.4930e+00  6.8211e-04
 2.4980e+00  6.4976e-04
 2.5030e+00  7.1142e-04
 2.5070e+00  7.1038e-04
 2.5120e+00  9.2913e-04
 2.5170e+00  9.8527e-04
 2.5220e+00  9.8025e-04
 2.5260e+00  9.5046e-04
 2.5310e+00  8.2771e-04
 2.5360e+00  7.0040e-04
 2.5410e+00  7.3121e-04
 2.5450e+00  5.2194e-04
 2.5500e+00  6.0592e-04
 2.5550e+00  4.9201e-04
 2.5600e+00  7.3413e-04
 2.5650e+00  6.2725e-04
 2.5690e+00  6.3915e-04
 2.5740e+00  7.4901e-04
 2.5790e+00  8.9956e-04
 2.5840e+00  9.5671e-04
 2.5890e+00  7.8624e-04
 2.5940e+00  5.0393e-04
 2.5980e+00  5.3077e-04
 2.6030e+00  8.6769e-04
 2.6080e+00  7.5737e-04
 2.6130e+00  8.9456e-04
 2.6180e+00  7.3205e-04
 2.6230e+00  8.5525e-04
 2.6280e+00  4.5761e-04
 2.6330e+00  4.8838e-04
 2.6380e+00  8.5471e-04
 2.6430e+00  5.1330e-04
 2.6480e+00  5.7394e-04
 2.6520e+00  5.7938e-04
 2.6570e+00  8.3876e-04
 2.6620e+00  9.2224e-04
 2.6670e+00  1.0633e-03
 2.6720e+00  1.0727e-03
 2.6770e+00  1.0811e-03
 2.6820e+00  9.0475e-04
 2.6870e+00  9.7031e-04
 2.6920e+00  8.9233e-04
 2.6970e+00  4.9682e-01
 3.2990e+00  4.6449e-01
 3.3000e+00  6.6045e-04
 3.3070e+00  6.8702e-04
 3.3140e+00  9.8496e-04
 3.3210e+00  9.9790e-04
 3.3290e+00  9.3844e-04
 3.3360e+00  7.2027e-04
 3.3440e+00  6.2495e-04
 3.3510e+00  6.0661e-04
 3.3580e+00  6.3868e-04
 3.3660e+00  7.9781e-04
 3.3730e+00  6.8793e-04
 3.3810e+00  6.2109e-04
 3.3880e+00  5.8850e-04
 3.3950e+00  7.9916e-04
 3.4030e+00  1.0594e-03
 3.4100e+00  1.0036e-03
 3.4180e+00  9.9714e-04
 3.4250e+00  9.7281e-04
 3.4330e+00  1.0511e-03
 3.4400e+00  6.5858e-04
 3.4480e+00  4.9544e-04
 3.4560e+00  4.3145e-04
 3.4630e+00  4.2122e-04
 3.4710e+00  9.0238e-04
 3.4780e+00  9.4522e-04
 3.4860e+00  8.9856e-04
 3.4940e+00  1.0088e-03
 3.5010e+00  1.0645e-03
 3.5090e+00  1.0856e-03
 3.5170e+00  1.0307e-03
 3.5240e+00  9.6388e-04
 3.5320e+00  4.5816e-01
 3.9330e+00  4.5521e-01
 3.9340e+00  1.2140e-03
 3.9430e+00  8.3065e-04
 3.9510e+00  7.5599e-04
 3.9600e+00  6.9444e-04
 3.9680e+00  9.4505e-04
 3.9770e+00  7.3747e-04
 3.9850e+00  5.8091e-04
 3.9940e+00  6.1546e-04
 4.0030e+00  7.4364e-04
 4.0110e+00  1.3307e-03
 4.0200e+00  1.0536e-03
 4.0280e+00  1.1427e-03
 4.0370e+00  1.4058e-03
 4.0460e+00  1.5875e-03
 4.0540e+00  1.3091e-03
 4.0630e+00  1.1282e-03
 4.0720e+00  1.1962e-03
 4.0800e+00  9.5524e-04
 4.0890e+00  8.5571e-04
 4.0980e+00  8.3653e-04
 4.1060e+00  8.3100e-04
 4.1150e+00  1.1035e-03
 4.1240e+00  1.5841e-03
 4.1330e+00  1.2010e-03
 4.1420e+00  5.1279e-04
 4.1510e+00  4.4656e-04
 4.1590e+00  4.4493e-04
 4.1680e+00  4.4878e-04
 4.1770e+00  4.6177e-04
 4.1860e+00  8.7269e-04
 4.1950e+00  1.0964e-03
 4.2040e+00  9.2881e-04
 4.2130e+00  9.3288e-04
 4.2220e+00  9.4369e-04
 4.2310e+00  8.0427e-04
 4.2400e+00  7.7841e-04
 4.2490e+00  1.1087e-03
 4.2580e+00  7.5148e-04
 4.2670e+00  8.3272e-04
 4.2760e+00  7.7047e-04
 4.2850e+00  7.8582e-04
 4.2940e+00  8.1396e-04
 4.3030e+00  8.5609e-04
 4.3120e+00  9.6363e-04
 4.3220e+00  1.0860e-03
 4.3310e+00  9.9520e-04
 4.3400e+00  9.6164e-04
 4.3490e+00  5.5426e-04
 4.3580e+00  4.6758e-04
 4.3680e+00  5.4288e-04
 4.3770e+00  7.8365e-04
 4.3860e+00  7.4729e-04
 4.3950e+00  7.1966e-04
 4.4050e+00  1.0012e-03
 4.4140e+00  1.0855e-03
 4.4230e+00  1.0773e-03
 4.4330e+00  1.1221e-03
 4.4420e+00  1.1112e-03
 4.4520e+00  1.2295e-03
 4.4610e+00  1.0840e-03
 4.4700e+00  1.1301e-03
 4.4800e+00  7.5199e-04
 4.4890e+00  6.9264e-04
 4.4990e+00  6.4588e-04
 4.5080e+00  9.5086e-04
 4.5180e+00  9.0556e-04
 4.5270e+00  9.9885e-04
 4.5370e+00  8.4207e-04
 4.5470e+00  1.1067e-03
 4.5560e+00  9.6384e-04
 4.5660e+00  1.0187e-03
 4.5750e+00  1.0612e-03
 4.5850e+00  7.3047e-04
 4.5950e+00  6.1124e-04
 4.6040e+00  4.3083e-04
 4.6140e+00  4.3203e-04
 4.6240e+00  6.1253e-04
 4.6340e+00  6.3024e-04
 4.6430e+00  8.0914e-04
 4.6530e+00  8.2586e-04
 4.6630e+00  8.4944e-04
 4.6730e+00  9.0916e-04
 4.6830e+00  9.2597e-04
 4.6920e+00  9.4446e-04
 4.7020e+00  7.9820e-04
 4.7120e+00  5.5353e-04
 4.7220e+00  7.5007e-04
 4.7320e+00  7.9406e-04
 4.7420e+00  1.0073e-03
 4.7520e+00  1.1084e-03
 4.7620e+00  1.2369e-03
 4.7720e+00  1.2696e-03
 4.7820e+00  1.3275e-03
 4.7920e+00  1.1132e-03
 4.8020e+00  5.2131e-04
 4.8120e+00  4.5229e-04
 4.8220e+00  4.6694e-04
 4.8330e+00  6.0550e-04
 4.8430e+00  7.5996e-04
 4.8530e+00  1.2943e-03
 4.8630e+00  1.1255e-03
 4.8730e+00  1.0774e-03
 4.8830e+00  1.0560e-03
 4.8940e+00  9.0345e-04
 4.9040e+00  8.3909e-04
 4.9140e+00  6.0456e-04
 4.9250e+00  6.1903e-04
 4.9350e+00  5.9280e-04
 4.9450e+00  5.6513e-04
 4.9560e+00  6.3038e-04
 4.9660e+00  7.3630e-04
 4.9760e+00  7.4892e-04
 4.9870e+00  6.0542e-04
 4.9970e+00  5.9770e-04
 5.0080e+00  5.0581e-04
 5.0180e+00  5.8638e-04
 5.0290e+00  7.0686e-04
 5.0390e+00  6.5792e-04
 5.0500e+00  8.5528e-04
 5.0600e+00  1.0378e-03
 5.0710e+00  9.0963e-04
 5.0820e+00  6.3619e-04
 5.0920e+00  5.2884e-04
 5.1030e+00  7.8741e-04
 5.1140e+00  6.8325e-04
 5.1240e+00  6.3302e-04
 5.1350e+00  6.7238e-04
 5.1460e+00  1.0314e-03
 5.1570e+00  8.6662e-04
 5.1670e+00  9.9699e-04
 5.1780e+00  9.7622e-04
 5.1890e+00  7.1764e-04
 5.2000e+00  8.2128e-04
 5.2110e+00  8.2087e-04
 5.2220e+00  8.6022e-04
 5.2320e+00  9.3045e-04
 5.2430e+00  9.6164e-04
 5.2540e+00  9.8787e-04
 5.2650e+00  9.4264e-04
 5.2760e+00  9.0638e-04
 5.2870e+00  7.1309e-04
 5.2980e+00  7.9048e-04
 5.3090e+00  7.4427e-04
 5.3210e+00  8.3893e-04
 5.3320e+00  6.4062e-04
 5.3430e+00  6.0211e-04
 5.3540e+00  6.2705e-04
 5.3650e+00  6.7501e-04
 5.3760e+00  8.3803e-04
 5.3880e+00  9.1406e-04
 5.3990e+00  8.7824e-04
 5.4100e+00  8.5928e-04
 5.4210e+00  4.7897e-04
 5.4330e+00  5.4103e-04
 5.4440e+00  1.0390e-03
 5.4550e+00  1.0358e-03
 5.4670e+00  9.4169e-04
 5.4780e+00  8.3164e-04
 5.4900e+00  6.7089e-04
 5.5010e+00  5.2380e-04
 5.5120e+00  4.8712e-04
 5.5240e+00  5.7627e-04
 5.5350e+00  5.5819e-04
 5.5470e+00  6.2019e-04
 5.5590e+00  7.1659e-04
 5.5700e+00  7.5286e-04
 5.5820e+00  7.2703e-04
 5.5930e+00  8.1851e-04
 5.6050e+00  8.3116e-04
 5.6170e+00  8.1436e-04
 5.6280e+00  9.7604e-04
 5.6400e+00  9.5654e-04
 5.6520e+00  1.0009e-03
 5.6640e+00  8.6513e-04
 5.6750e+00  1.0430e-03
 5.6870e+00  7.3651e-04
 5.6990e+00  1.0553e-03
 5.7110e+00  6.5596e-04
 5.7230e+00  1.0566e-03
 5.7350e+00  1.0747e-03
 5.7470e+00  1.0186e-03
 5.7590e+00  1.2344e-03
 5.7710e+00  9.7013e-04
 5.7830e+00  9.5516e-04
 5.7950e+00  6.7357e-04
 5.8070e+00  8.2979e-04
 5.8190e+00  8.1799e-04
 5.8310e+00  7.5684e-04
 5.8430e+00  7.4422e-04
 5.8550e+00  7.9807e-04
 5.8670e+00  7.1975e-04
 5.8800e+00  6.3960e-04
 5.8920e+00  4.8664e-04
 5.9040e+00  5.5271e-04
 5.9160e+00  5.7079e-04
 5.9290e+00  5.4366e-04
 5.9410e+00  5.1287e-04
 5.9530e+00  4.8161e-04
 5.9660e+00  5.3505e-04
 5.9780e+00  9.6597e-04
 5.9910e+00  1.0370e-03
 6.0030e+00  9.0343e-04
 6.0150e+00  8.1703e-04
 6.0280e+00  7.1609e-04
 6.0410e+00  7.1696e-04
 6.0530e+00  7.4327e-04
 6.0660e+00  6.0655e-04
 6.0780e+00  8.6634e-04
 6.0910e+00  5.2276e-04
 6.1040e+00  5.4542e-04
 6.1160e+00  7.1019e-04
 6.1290e+00  8.6043e-04
 6.1420e+00  1.2357e-03
 6.1540e+00  1.2651e-03
 6.1670e+00  1.2307e-03
 6.1800e+00  7.9657e-04
 6.1930e+00  8.8262e-04
 6.2060e+00  7.8304e-04
 6.2190e+00  4.7342e-04
 6.2320e+00  8.6399e-04
 6.2450e+00  8.1924e-04
 6.2580e+00  5.2910e-04
 6.2710e+00  6.5083e-04
 6.2840e+00  6.9478e-04
 6.2970e+00  9.2651e-04
 6.3100e+00  8.5767e-04
 6.3230e+00  8.6217e-04
 6.3360e+00  7.1829e-04
 6.3490e+00  6.0739e-04
 6.3620e+00  7.2503e-04
 6.3760e+00  7.6574e-04
 6.3890e+00  9.3098e-04
 6.4020e+00  3.9506e-04
 6.4150e+00  3.8360e-04
 6.4290e+00  5.8425e-04
 6.4420e+00  7.0060e-04
 6.4560e+00  8.1328e-04
 6.4690e+00  9.2506e-04
 6.4820e+00  1.1911e-03
 6.4960e+00  1.2193e-03
 6.5090e+00  9.4543e-04
 6.5230e+00  8.6303e-04
 6.5360e+00  6.1048e-04
 6.5500e+00  5.1774e-04
 6.5640e+00  4.5347e-04
 6.5770e+00  5.4894e-04
 6.5910e+00  6.1047e-04
 6.6050e+00  4.9913e-04
 6.6180e+00  1.0703e-03
 6.6320e+00  8.7477e-04
 6.6460e+00  8.8017e-04
 6.6600e+00  5.9053e-04
 6.6740e+00  5.2177e-04
 6.6870e+00  4.6113e-04
 6.7010e+00  4.7560e-04
 6.7150e+00  4.4531e-04
 6.7290e+00  7.5889e-04
 6.7430e+00  8.2949e-04
 6.7570e+00  5.6972e-04
 6.7710e+00  5.7015e-04
 6.7850e+00  4.7199e-04
 6.8000e+00  4.4750e-04
 6.8140e+00  4.2255e-04
 6.8280e+00  7.0180e-04
 6.8420e+00  8.5931e-04
 6.8560e+00  9.4755e-04
 6.8710e+00  9.5930e-04
 6.8850e+00  1.0330e-03
 6.8990e+00  1.0122e-03
 6.9130e+00  8.9140e-04
 6.9280e+00  7.9458e-04
 6.9420e+00  5.1040e-04
 6.9570e+00  5.6152e-04
 6.9710e+00  8.1722e-04
 6.9860e+00  9.6067e-04
 7.0000e+00  1.2362e-03
 7.0150e+00  1.1298e-03
 7.0290e+00  6.1719e-04
 7.0440e+00  5.1176e-04
 7.0590e+00  5.1265e-04
 7.0730e+00  3.8436e-04
 7.0880e+00  3.9646e-04
 7.1030e+00  6.2036e-04
 7.1180e+00  1.0864e-03
 7.1320e+00  1.2786e-03
 7.1470e+00  1.3894e-03
 7.1620e+00  9.2303e-04
 7.1770e+00  5.4522e-04
 7.1920e+00  5.5561e-04
 7.2070e+00  3.3861e-04
 7.2220e+00  7.2343e-04
 7.2370e+00  8.1306e-04
 7.2520e+00  1.0746e-03
 7.2670e+00  1.0813e-03
 7.2820e+00  9.2702e-04
 7.2980e+00  8.4744e-04
 7.3130e+00  9.0353e-04
 7.3280e+00  4.2380e-04
 7.3430e+00  8.3790e-04
 7.3590e+00  9.2790e-04
 7.3740e+00  1.0239e-03
 7.3890e+00  9.6233e-04
 7.4050e+00  1.0152e-03
 7.4200e+00  9.3738e-04
 7.4360e+00  7.5422e-04
 7.4510e+00  5.9677e-04
 7.4670e+00  5.1351e-04
 7.4820e+00  4.1600e-04
 7.4980e+00  4.3968e-04
 7.5130e+00  4.6058e-04
 7.5290e+00  6.7275e-04
 7.5450e+00  1.5948e-03
 7.5610e+00  7.5462e-04
 7.5760e+00  5.9631e-04
 7.5920e+00  4.9315e-04
 7.6080e+00  3.8179e-04
 7.6240e+00  6.0803e-04
 7.6400e+00  7.1479e-04
 7.6560e+00  1.0383e-03
 7.6720e+00  1.1003e-03
 7.6880e+00  1.0224e-03
 7.7040e+00  9.5997e-04
 7.7200e+00  8.2385e-04
 7.7360e+00  4.3523e-04
 7.7520e+00  4.8137e-04
 7.7680e+00  4.9493e-04
 7.7850e+00  5.3562e-04
 7.8010e+00  6.3564e-04
 7.8170e+00  8.7271e-04
 7.8340e+00  7.2882e-04
 7.8500e+00  7.5052e-04
 7.8660e+00  7.8585e-04
 7.8830e+00  7.5962e-04
 7.8990e+00  5.9672e-04
 7.9160e+00  7.9440e-04
 7.9320e+00  7.7086e-04
 7.9490e+00  6.5961e-04
 7.9660e+00  7.7318e-04
 7.9820e+00  5.3609e-04
 7.9990e+00  6.4013e-04
 8.0160e+00  5.5105e-04
 8.0320e+00  7.7726e-04
 8.0490e+00  8.2202e-04
 8.0660e+00  8.2066e-04
 8.0830e+00  7.3830e-04
 8.1000e+00  5.1892e-04
 8.1170e+00  5.9583e-04
 8.1340e+00  5.7095e-04
 8.1510e+00  6.0259e-04
 8.1680e+00  6.0715e-04
 8.1850e+00  6.7276e-04
 8.2020e+00  6.6912e-04
 8.2190e+00  7.0575e-04
 8.2370e+00  7.2337e-04
 8.2540e+00  8.1026e-04
 8.2710e+00  8.3336e-04
 8.2890e+00  9.6726e-04
 8.3060e+00  8.4010e-04
 8.3230e+00  8.2251e-04
 8.3410e+00  7.3204e-04
 8.3580e+00  7.8404e-04
 8.3760e+00  8.4418e-04
 8.3930e+00  1.0704e-03
 8.4110e+00  1.0609e-03
 8.4290e+00  1.0252e-03
 8.4460e+00  1.0487e-03
 8.4640e+00  6.8085e-04
 8.4820e+00  8.1571e-04
 8.5000e+00  6.9358e-04
 8.5180e+00  5.1123e-04
 8.5350e+00  5.0850e-04
 8.5530e+00  6.4698e-04
 8.5710e+00  9.2614e-04
 8.5890e+00  1.0356e-03
 8.6070e+00  1.0586e-03
 8.6260e+00  1.0663e-03
 8.6440e+00  1.0939e-03
 8.6620e+00  8.0801e-04
 8.6800e+00  8.9983e-04
 8.6980e+00  1.2898e-03
 8.7170e+00  1.6414e-03
 8.7350e+00  9.4421e-04
 8.7530e+00  4.0074e-04
 8.7720e+00  3.0039e-04
 8.7900e+00  3.3014e-04
 8.8090e+00  3.9792e-04
 8.8270e+00  4.5243e-01
 1.0680e+01  4.5358e-01
 1.0690e+01  7.4255e-04
 1.0710e+01  1.1734e-03
 1.0740e+01  9.9466e-04
 1.0760e+01  7.1662e-04
 1.0780e+01  4.8074e-04
 1.0810e+01  5.5055e-04
 1.0830e+01  6.2808e-04
 1.0850e+01  8.6021e-04
 1.0880e+01  1.1794e-03
 1.0900e+01  1.3030e-03
 1.0920e+01  1.1388e-03
 1.0950e+01  1.0953e-03
 1.0970e+01  9.0571e-04
 1.0990e+01  6.7855e-04
 1.1020e+01  7.0567e-04
 1.1040e+01  2.9204e-04
 1.1060e+01  8.2068e-04
 1.1090e+01  7.6029e-04
 1.1110e+01  8.2188e-04
 1.1140e+01  1.0157e-03
 1.1160e+01  1.1280e-03
 1.1180e+01  1.0395e-03
 1.1210e+01  7.2919e-04
 1.1230e+01  6.1955e-04
 1.1260e+01  5.6924e-04
 1.1280e+01  4.9355e-04
 1.1310e+01  6.9543e-04
 1.1330e+01  6.6686e-04
 1.1350e+01  5.6946e-04
 1.1380e+01  5.6944e-04
 1.1400e+01  4.2683e-04
 1.1430e+01  4.3955e-04
 1.1450e+01  3.5643e-04
 1.1480e+01  3.5362e-04
 1.1500e+01  7.7678e-04
 1.1530e+01  9.4931e-04
 1.1550e+01  8.5608e-04
 1.1580e+01  7.2297e-04
 1.1600e+01  3.9236e-04
 1.1630e+01  5.5410e-04
 1.1650e+01  3.2346e-04
 1.1680e+01  3.1869e-04
 1.1710e+01  3.8469e-04
 1.1730e+01  6.4382e-04
 1.1760e+01  5.6239e-04
 1.1780e+01  8.4548e-04
 1.1810e+01  7.1295e-04
 1.1830e+01  8.9654e-04
 1.1860e+01  8.2417e-04
 1.1880e+01  4.3247e-04
 1.1910e+01  3.8050e-04
 1.1940e+01  3.5919e-04
 1.1960e+01  4.0217e-04
 1.1990e+01  3.7421e-04
 1.2020e+01  3.9683e-04
 1.2040e+01  4.7078e-04
 1.2070e+01  6.2784e-04
 1.2090e+01  8.3431e-04
 1.2120e+01  1.0332e-03
 1.2150e+01  1.0742e-03
 1.2170e+01  1.2281e-03
 1.2200e+01  8.5381e-04
 1.2230e+01  5.4073e-04
 1.2250e+01  3.6498e-04
 1.2280e+01  3.6395e-04
 1.2310e+01  3.7899e-04
 1.2330e+01  4.8604e-04
 1.2360e+01  4.7342e-04
 1.2390e+01  9.8065e-04
 1.2420e+01  9.0806e-04
 1.2440e+01  7.3723e-04
 1.2470e+01  5.7869e-04
 1.2500e+01  4.4235e-04
 1.2530e+01  3.6842e-04
 1.2550e+01  3.4461e-04
 1.2580e+01  5.1291e-04
 1.2610e+01  4.3326e-04
 1.2640e+01  8.7912e-04
 1.2660e+01  7.9548e-04
 1.2690e+01  6.9138e-04
 1.2720e+01  8.0287e-04
 1.2750e+01  7.6658e-04
 1.2780e+01  7.5616e-04
 1.2800e+01  5.4417e-04
 1.2830e+01  4.0098e-04
 1.2860e+01  4.3810e-04
 1.2890e+01  6.6032e-04
 1.2920e+01  4.4814e-04
 1.2950e+01  7.0182e-04
 1.2980e+01  7.9650e-04
 1.3000e+01  8.5976e-04
 1.3030e+01  8.8209e-04
 1.3060e+01  7.8475e-04
 1.3090e+01  6.0631e-04
 1.3120e+01  4.8710e-04
 1.3150e+01  4.2775e-04
 1.3180e+01  4.4113e-04
 1.3210e+01  5.4496e-04
 1.3240e+01  4.7032e-04
 1.3270e+01  4.7714e-04
 1.3300e+01  5.0861e-04
 1.3320e+01  6.2657e-04
 1.3350e+01  6.0288e-04
 1.3380e+01  6.3430e-04
 1.3410e+01  6.3065e-04
 1.3440e+01  5.4824e-04
 1.3470e+01  6.9443e-04
 1.3500e+01  5.3510e-04
 1.3530e+01  8.1380e-04
 1.3560e+01  8.4433e-04
 1.3590e+01  9.4041e-04
 1.3620e+01  9.9419e-04
 1.3650e+01  7.6882e-04
 1.3690e+01  7.5378e-04
 1.3720e+01  7.8295e-04
 1.3750e+01  6.8823e-04
 1.3780e+01  6.1717e-04
 1.3810e+01  7.5837e-04
 1.3840e+01  4.5393e-04
 1.3870e+01  4.0255e-04
 1.3900e+01  4.8099e-04
 1.3930e+01  4.9966e-04
 1.3960e+01  7.9213e-04
 1.3990e+01  9.6256e-04
 1.4030e+01  9.3525e-04
 1.4060e+01  3.9283e-04
 1.4090e+01  3.8509e-04
 1.4120e+01  4.9930e-04
 1.4150e+01  4.5921e-04
 1.4180e+01  4.4058e-04
 1.4220e+01  3.7694e-04
 1.4250e+01  4.8793e-04
 1.4280e+01  4.4975e-04
 1.4310e+01  4.7882e-04
 1.4340e+01  6.9522e-04
 1.4380e+01  8.0691e-04
 1.4410e+01  8.1061e-04
 1.4440e+01  8.5847e-04
 1.4470e+01  9.5871e-04
 1.4510e+01  1.0234e-03
 1.4540e+01  9.3321e-04
 1.4570e+01  9.8609e-04
 1.4610e+01  8.6715e-04
 1.4640e+01  6.2523e-04
 1.4670e+01  5.3686e-04
 1.4710e+01  4.4416e-04
 1.4740e+01  4.0488e-04
 1.4770e+01  5.8563e-04
 1.4810e+01  8.8467e-04
 1.4840e+01  8.9519e-04
 1.4870e+01  8.5508e-04
 1.4910e+01  6.8189e-04
 1.4940e+01  5.7615e-04
 1.4970e+01  4.1212e-04
 1.5010e+01  4.1207e-04
 1.5040e+01  4.4608e-04
 1.5080e+01  4.9235e-04
 1.5110e+01  5.9724e-04
 1.5150e+01  1.1476e-03
 1.5180e+01  1.2552e-03
 1.5210e+01  8.7176e-04
 1.5250e+01  8.2440e-04
 1.5280e+01  7.0817e-04
 1.5320e+01  3.4186e-04
 1.5350e+01  4.9798e-04
 1.5390e+01  5.0031e-04
 1.5420e+01  5.1811e-04
 1.5460e+01  5.6193e-04
 1.5490e+01  8.8309e-04
 1.5530e+01  9.3007e-04
 1.5570e+01  6.8513e-04
 1.5600e+01  5.1092e-04
 1.5640e+01  3.9562e-04
 1.5670e+01  5.0776e-04
 1.5710e+01  6.0221e-04
 1.5740e+01  6.3463e-04
 1.5780e+01  6.6617e-04
 1.5820e+01  8.3090e-04
 1.5850e+01  8.9937e-04
 1.5890e+01  1.0072e-03
 1.5930e+01  5.4489e-04
 1.5960e+01  7.4569e-04
 1.6000e+01  4.5338e-04
 1.6040e+01  4.5688e-04
 1.6070e+01  1.0233e-03
 1.6110e+01  9.8180e-04
 1.6150e+01  9.2388e-04
 1.6190e+01  9.1984e-04
 1.6220e+01  8.1166e-04
 1.6260e+01  6.7106e-04
 1.6300e+01  5.3506e-04
 1.6340e+01  5.0451e-04
 1.6370e+01  4.9721e-04
 1.6410e+01  4.2101e-04
 1.6450e+01  8.4930e-04
 1.6490e+01  6.6305e-04
 1.6530e+01  1.0727e-03
 1.6560e+01  9.3478e-04
 1.6600e+01  1.0362e-03
 1.6640e+01  9.1845e-04
 1.6680e+01  5.8140e-04
 1.6720e+01  5.1974e-04
 1.6760e+01  2.6213e-04
 1.6800e+01  3.7904e-04
 1.6840e+01  5.5133e-04
 1.6880e+01  6.3857e-04
 1.6910e+01  1.1557e-03
 1.6950e+01  1.1992e-03
 1.6990e+01  9.9912e-04
 1.7030e+01  7.0538e-04
 1.7070e+01  5.5327e-04
 1.7110e+01  3.4569e-04
 1.7150e+01  3.4954e-04
 1.7190e+01  3.7121e-04
 1.7230e+01  4.5971e-04
 1.7270e+01  6.3245e-04
 1.7310e+01  1.0291e-03
 1.7360e+01  1.1781e-03
 1.7400e+01  1.1682e-03
 1.7440e+01  6.1927e-04
 1.7480e+01  5.3795e-04
 1.7520e+01  3.7959e-04
 1.7560e+01  3.2676e-04
 1.7600e+01  4.5057e-04
 1.7640e+01  5.6502e-04
 1.7680e+01  9.8150e-04
 1.7730e+01  9.9394e-04
 1.7770e+01  1.0451e-03
 1.7810e+01  1.0726e-03
 1.7850e+01  1.0571e-03
 1.7890e+01  9.7392e-04
 1.7940e+01  8.6744e-04
 1.7980e+01  3.6588e-04
 1.8020e+01  3.6188e-04
 1.8060e+01  5.5798e-04
 1.8110e+01  4.1330e-04
 1.8150e+01  1.0219e-03
 1.8190e+01  7.3052e-04
 1.8240e+01  9.7165e-04
 1.8280e+01  6.2673e-04
 1.8320e+01  5.7276e-04
 1.8370e+01  5.4628e-04
 1.8410e+01  6.1815e-04
 1.8450e+01  5.3858e-04
 1.8500e+01  8.7674e-04
 1.8540e+01  8.7862e-04
 1.8590e+01  9.0341e-04
 1.8630e+01  5.4738e-04
 1.8680e+01  5.8906e-04
 1.8720e+01  7.1407e-04
 1.8770e+01  7.2877e-04
 1.8810e+01  7.4528e-04
 1.8860e+01  4.5673e-04
 1.8900e+01  4.9219e-04
 1.8950e+01  6.8043e-04
 1.8990e+01  8.2239e-04
 1.9040e+01  1.2199e-03
 1.9080e+01  9.5989e-04
 1.9130e+01  8.4724e-04
 1.9170e+01  7.9827e-04
 1.9220e+01  6.6461e-04
 1.9270e+01  5.3778e-04
 1.9310e+01  5.1629e-04
 1.9360e+01  6.7988e-04
 1.9410e+01  7.2987e-04
 1.9450e+01  8.5588e-04
 1.9500e+01  8.1882e-04
 1.9550e+01  6.1176e-04
 1.9600e+01  5.3616e-04
 1.9640e+01  5.4582e-04
 1.9690e+01  5.4403e-04
 1.9740e+01  5.5274e-04
 1.9790e+01  6.7562e-04
 1.9830e+01  6.7245e-04
 1.9880e+01  5.7394e-04
 1.9930e+01  4.7451e-04
 1.9980e+01  5.1624e-04
 2.0030e+01  4.6126e-04
 2.0080e+01  8.2035e-04
 2.0130e+01  8.4741e-04
 2.0170e+01  9.3963e-04
 2.0220e+01  9.3835e-04
 2.0270e+01  9.1729e-04
 2.0320e+01  7.1830e-04
 2.0370e+01  6.0501e-04
 2.0420e+01  6.0092e-04
 2.0470e+01  7.1106e-04
 2.0520e+01  7.3034e-04
 2.0570e+01  1.0635e-03
 2.0620e+01  7.5891e-04
 2.0670e+01  7.6355e-04
 2.0720e+01  6.7779e-04
 2.0780e+01  7.5626e-04
 2.0830e+01  6.2323e-04
 2.0880e+01  6.0767e-04
 2.0930e+01  6.1089e-04
 2.0980e+01  6.5269e-04
 2.1030e+01  5.9216e-04
 2.1080e+01  8.1939e-04
 2.1140e+01  9.8105e-04
 2.1190e+01  9.3661e-04
 2.1240e+01  9.4631e-04
 2.1290e+01  9.4182e-04
 2.1350e+01  9.9693e-04
 2.1400e+01  8.5003e-04
 2.1450e+01  7.5550e-04
 2.1510e+01  7.1095e-04
 2.1560e+01  6.6002e-04
 2.1610e+01  6.2609e-04
 2.1670e+01  5.6455e-04
 2.1720e+01  7.7179e-04
 2.1780e+01  8.8581e-04
 2.1830e+01  1.1817e-03
 2.1880e+01  1.1858e-03
 2.1940e+01  7.4019e-04
 2.1990e+01  7.8203e-04
 2.2050e+01  7.2741e-04
 2.2100e+01  6.6406e-04
 2.2160e+01  4.7382e-04
 2.2210e+01  7.0179e-04
 2.2270e+01  6.9307e-04
 2.2330e+01  6.7750e-04
 2.2380e+01  4.5383e-04
 2.2440e+01  7.4424e-04
 2.2500e+01  9.3735e-04
 2.2550e+01  5.1443e-04
 2.2610e+01  5.4847e-04
 2.2670e+01  5.1399e-04
 2.2720e+01  5.4342e-04
 2.2780e+01  5.0943e-04
 2.2840e+01  6.3728e-04
 2.2900e+01  6.3270e-04
 2.2950e+01  6.4145e-04
 2.3010e+01  5.8216e-04
 2.3070e+01  7.3992e-04
 2.3130e+01  9.7723e-04
 2.3190e+01  9.6900e-04
 2.3250e+01  1.0279e-03
 2.3310e+01  9.9803e-04
 2.3370e+01  7.9891e-04
 2.3430e+01  8.9600e-04
 2.3490e+01  8.8269e-04
 2.3550e+01  9.3973e-04
 2.3610e+01  9.2963e-04
 2.3670e+01  9.3374e-04
 2.3730e+01  9.0519e-04
 2.3790e+01  8.9189e-04
 2.3850e+01  8.4089e-04
 2.3910e+01  7.7467e-04
 2.3970e+01  7.4249e-04
 2.4030e+01  9.8265e-04
 2.4090e+01  7.1312e-04
 2.4160e+01  6.3865e-04
 2.4220e+01  8.2041e-04
 2.4280e+01  6.9803e-04
 2.4340e+01  6.5802e-04
 2.4410e+01  6.6310e-04
 2.4470e+01  6.8983e-04
 2.4530e+01  7.5527e-04
 2.4600e+01  9.4632e-04
 2.4660e+01  8.4690e-04
 2.4720e+01  7.0055e-04
 2.4790e+01  6.9647e-04
 2.4850e+01  8.4938e-04
 2.4920e+01  8.3791e-04
 2.4980e+01  8.8211e-04
 2.5050e+01  9.4248e-04
 2.5110e+01  1.1470e-03
 2.5180e+01  1.0812e-03
 2.5240e+01  1.0748e-03
 2.5310e+01  1.0003e-03
 2.5380e+01  8.8247e-04
 2.5440e+01  4.5223e-04
 2.5510e+01  5.0760e-04
 2.5580e+01  6.3062e-04
 2.5640e+01  8.2370e-04
 2.5710e+01  9.3663e-04
 2.5780e+01  9.6668e-04
 2.5850e+01  1.3589e-03
 2.5920e+01  8.8111e-04
 2.5980e+01  8.1339e-04
 2.6050e+01  7.8532e-04
 2.6120e+01  7.6372e-04
 2.6190e+01  6.2178e-04
 2.6260e+01  6.2461e-04
 2.6330e+01  6.4402e-04
 2.6400e+01  6.0304e-04
 2.6470e+01  9.8664e-04
 2.6540e+01  1.0088e-03
 2.6610e+01  9.6372e-04
 2.6680e+01  1.0062e-03
 2.6750e+01  5.1605e-04
 2.6830e+01  4.8427e-04
 2.6900e+01  4.7785e-04
 2.6970e+01  6.7709e-04
 2.7040e+01  7.5324e-04
 2.7110e+01  6.2831e-04
 2.7190e+01  1.2050e-03
 2.7260e+01  9.1667e-04
 2.7330e+01  9.6008e-04
 2.7410e+01  1.0764e-03
 2.7480e+01  1.0903e-03
 2.7550e+01  1.0719e-03
 2.7630e+01  1.0087e-03
 2.7700e+01  5.8238e-04
 2.7780e+01  8.5929e-04
 2.7850e+01  9.2718e-04
 2.7930e+01  6.8682e-04
 2.8010e+01  6.6284e-04
 2.8080e+01  6.3886e-04
 2.8160e+01  6.8225e-04
 2.8230e+01  7.5381e-04
 2.8310e+01  9.9896e-04
 2.8390e+01  1.1227e-03
 2.8470e+01  1.1523e-03
 2.8540e+01  1.0300e-03
 2.8620e+01  1.0453e-03
 2.8700e+01  1.0430e-03
 2.8780e+01  9.4248e-04
 2.8860e+01  1.0367e-03
 2.8940e+01  1.0446e-03
 2.9020e+01  1.0682e-03
 2.9100e+01  8.7103e-04
 2.9180e+01  1.2475e-03
 2.9260e+01  1.2701e-03
 2.9340e+01  1.3644e-03
 2.9420e+01  1.1229e-03
 2.9500e+01  1.1506e-03
 2.9580e+01  9.2247e-04
 2.9670e+01  8.0425e-04
 2.9750e+01  6.9432e-04
 2.9830e+01  6.3338e-04
 2.9910e+01  6.4684e-04
 3.0000e+01  6.3907e-04
 3.0080e+01  6.8206e-04
 3.0170e+01  8.6693e-04
 3.0250e+01  9.4458e-04
 3.0340e+01  9.1365e-04
 3.0420e+01  1.3319e-03
 3.0510e+01  1.0293e-03
 3.0590e+01  9.5026e-04
 3.0680e+01  7.4602e-04
 3.0770e+01  6.7162e-04
 3.0850e+01  7.2711e-04
 3.0940e+01  6.8832e-04
 3.1030e+01  5.5614e-04
 3.1110e+01  8.3493e-04
 3.1200e+01  9.2374e-04
 3.1290e+01  1.0574e-03
 3.1380e+01  1.6534e-03
 3.1470e+01  1.3844e-03
 3.1560e+01  6.9089e-04
 3.1650e+01  6.7380e-04
 3.1740e+01  5.9197e-04
 3.1830e+01  5.8596e-04
 3.1920e+01  5.6933e-04
 3.2010e+01  6.0358e-04
 3.2110e+01  6.6604e-04
 3.2200e+01  8.1731e-04
 3.2290e+01  1.1092e-03
 3.2380e+01  1.2458e-03
 3.2480e+01  1.2611e-03
 3.2570e+01  1.2024e-03
 3.2670e+01  6.1715e-04
 3.2760e+01  6.7406e-04
 3.2860e+01  8.8735e-04
 3.2950e+01  1.0067e-03
 3.3050e+01  1.2242e-03
 3.3140e+01  1.2409e-03
 3.3240e+01  1.1382e-03
 3.3340e+01  1.1234e-03
 3.3440e+01  8.6112e-04
 3.3530e+01  5.2058e-04
 3.3630e+01  4.9144e-04
 3.3730e+01  7.2285e-04
 3.3830e+01  7.6275e-04
 3.3930e+01  7.8082e-04
 3.4030e+01  1.1238e-03
 3.4130e+01  1.1669e-03
 3.4230e+01  1.0054e-03
 3.4330e+01  9.9151e-04
 3.4440e+01  8.9246e-04
 3.4540e+01  7.9482e-04
 3.4640e+01  8.3605e-04
 3.4750e+01  1.1495e-03
 3.4850e+01  1.2432e-03
 3.4950e+01  1.5099e-03
 3.5060e+01  1.1724e-03
 3.5160e+01  1.0446e-03
 3.5270e+01  7.3628e-04
 3.5380e+01  1.1897e-03
 3.5480e+01  1.0864e-03
 3.5590e+01  8.2155e-04
 3.5700e+01  1.1333e-03
 3.5800e+01  1.2982e-03
 3.5910e+01  1.4297e-03
 3.6020e+01  1.5923e-03
 3.6130e+01  1.4284e-03
 3.6240e+01  1.0097e-03
 3.6350e+01  1.0418e-03
 3.6460e+01  8.7364e-04
 3.6580e+01  8.2040e-04
 3.6690e+01  1.1734e-03
 3.6800e+01  8.7086e-04
 3.6910e+01  9.7048e-04
 3.7030e+01  1.2893e-03
 3.7140e+01  1.0845e-03
 3.7260e+01  1.1562e-03
 3.7370e+01  9.3250e-04
 3.7490e+01  8.0739e-04
 3.7610e+01  9.9545e-04
 3.7720e+01  1.6606e-03
 3.7840e+01  1.5119e-03
 3.7960e+01  1.2085e-03
 3.8080e+01  1.3674e-03
 3.8200e+01  1.3751e-03
 3.8320e+01  6.1552e-04
 3.8440e+01  6.3405e-04
 3.8560e+01  9.9525e-04
 3.8680e+01  1.1128e-03
 3.8800e+01  1.3078e-03
 3.8930e+01  1.0340e-03
 3.9050e+01  8.9921e-04
 3.9170e+01  7.4357e-04
 3.9300e+01  8.3195e-04
 3.9420e+01  7.2218e-04
 3.9550e+01  8.2859e-04
 3.9680e+01  8.7343e-04
 3.9800e+01  8.7245e-04
 3.9930e+01  7.7705e-04
 4.0060e+01  7.0204e-04
 4.0190e+01  7.3297e-04
 4.0320e+01  8.6243e-04
 4.0450e+01  8.8603e-04
 4.0580e+01  1.8376e-03
 4.0710e+01  1.7921e-03
 4.0850e+01  1.5213e-03
 4.0980e+01  7.5473e-04
 4.1110e+01  1.0830e-03
 4.1250e+01  1.0094e-03
 4.1380e+01  1.0200e-03
 4.1520e+01  1.3203e-03
 4.1660e+01  1.3003e-03
 4.1800e+01  1.3598e-03
 4.1930e+01  1.1683e-03
 4.2070e+01  1.1349e-03
 4.2210e+01  9.2039e-04
 4.2350e+01  1.2326e-03
 4.2500e+01  1.3265e-03
 4.2640e+01  1.3246e-03
 4.2780e+01  1.2843e-03
 4.2920e+01  1.1853e-03
 4.3070e+01  1.0803e-03
 4.3220e+01  9.7356e-04
 4.3360e+01  9.2822e-04
 4.3510e+01  9.0269e-04
 4.3660e+01  8.8735e-04
 4.3810e+01  8.8531e-04
 4.3950e+01  1.4037e-03
 4.4110e+01  1.0138e-03
 4.4260e+01  1.3442e-03
 4.4410e+01  1.4140e-03
 4.4560e+01  1.3097e-03
 4.4720e+01  9.6002e-04
 4.4870e+01  8.9397e-04
 4.5030e+01  6.7084e-04
 4.5180e+01  9.7842e-04
 4.5340e+01  1.0252e-03
 4.5500e+01  1.8087e-03
 4.5660e+01  1.6251e-03
 4.5820e+01  1.6206e-03
 4.5980e+01  1.5460e-03
 4.6140e+01  1.3069e-03
 4.6310e+01  1.1254e-03
 4.6470e+01  1.2621e-03
 4.6640e+01  1.1946e-03
 4.6800e+01  1.1425e-03
 4.6970e+01  1.1031e-03
 4.7140e+01  1.0215e-03
 4.7310e+01  1.0075e-03
 4.7480e+01  1.0480e-03
 4.7650e+01  1.1413e-03
 4.7820e+01  1.4800e-03
 4.8000e+01  1.1149e-03
 4.8170e+01  1.0302e-03
 4.8350e+01  1.1685e-03
 4.8530e+01  1.0233e-03
 4.8700e+01  1.4250e-03
 4.8880e+01  1.1237e-03
 4.9070e+01  1.1154e-03
 4.9250e+01  1.0025e-03
 4.9430e+01  9.5738e-04
 4.9610e+01  8.2947e-04
 4.9800e+01  1.0209e-03
 4.9990e+01  1.0584e-03
 5.0180e+01  1.2003e-03
 5.0360e+01  1.2276e-03
 5.0560e+01  1.1892e-03
 5.0750e+01  1.0769e-03
 5.0940e+01  1.0371e-03
 5.1140e+01  1.0442e-03
 5.1330e+01  1.1032e-03
 5.1530e+01  1.2212e-03
 5.1730e+01  1.6263e-03
 5.1930e+01  1.7491e-03
 5.2130e+01  1.7745e-03
 5.2330e+01  1.7498e-03
 5.2540e+01  1.6748e-03
 5.2740e+01  1.5868e-03
 5.2950e+01  1.1185e-03
 5.3160e+01  1.1684e-03
 5.3370e+01  1.0658e-03
 5.3580e+01  1.0194e-03
 5.3800e+01  9.6935e-04
 5.4010e+01  9.7309e-04
 5.4230e+01  9.4108e-04
 5.4450e+01  9.6193e-04
 5.4670e+01  8.8657e-04
 5.4890e+01  9.2194e-04
 5.5110e+01  9.6893e-04
 5.5340e+01  1.4132e-03
 5.5570e+01  1.5706e-03
 5.5800e+01  1.6114e-03
 5.6030e+01  1.4833e-03
 5.6260e+01  1.1628e-03
 5.6490e+01  1.5895e-03
 5.6730e+01  1.7125e-03
 5.6970e+01  1.8062e-03
 5.7210e+01  1.8225e-03
 5.7450e+01  1.9166e-03
 5.7700e+01  1.4703e-03
 5.7940e+01  1.3013e-03
 5.8190e+01  1.3065e-03
 5.8440e+01  1.2383e-03
 5.8690e+01  1.2621e-03
 5.8950e+01  1.3323e-03
 5.9210e+01  1.5208e-03
 5.9470e+01  1.2823e-03
 5.9730e+01  1.2130e-03
 5.9990e+01  1.1833e-03
 6.0260e+01  1.2193e-03
 6.0530e+01  1.0665e-03
 6.0800e+01  1.2908e-03
 6.1070e+01  1.4110e-03
 6.1350e+01  1.5597e-03
 6.1630e+01  1.6351e-03
 6.1910e+01  1.6356e-03
 6.2200e+01  1.9949e-03
 6.2480e+01  1.8207e-03
 6.2770e+01  1.6347e-03
 6.3060e+01  1.6653e-03
 6.3360e+01  9.6151e-04
 6.3660e+01  1.0282e-03
 6.3960e+01  1.3036e-03
 6.4260e+01  1.3140e-03
 6.4570e+01  1.6087e-03
 6.4880e+01  1.9191e-03
 6.5200e+01  2.0029e-03
 6.5510e+01  1.6682e-03
 6.5830e+01  1.5559e-03
 6.6160e+01  1.7601e-03
 6.6480e+01  1.5604e-03
 6.6820e+01  1.2164e-03
 6.7150e+01  7.5032e-04
 6.7490e+01  1.3553e-03
 6.7830e+01  1.9442e-03
 6.8180e+01  2.1869e-03
 6.8530e+01  2.3584e-03
 6.8880e+01  1.4111e-03
 6.9240e+01  1.0599e-03
 6.9600e+01  4.2434e-01
 6.9600e+01  1
