0.0010597 2.5775e-07
0.0010844 2.3507e-07
0.0011096 2.2449e-07
0.0011355 2.1955e-07
0.0011619 2.1438e-07
0.001189 2.0474e-07
0.0012167 2.0023e-07
0.001245 1.9552e-07
0.001274 1.927e-07
0.0013037 1.8977e-07
0.001334 1.8672e-07
0.0013651 1.8261e-07
0.0013969 1.7832e-07
0.0014294 1.7642e-07
0.0014627 1.7444e-07
0.0014968 1.724e-07
0.0015316 1.7029e-07
0.0015673 1.6783e-07
0.0016411 1.6263e-07
0.0016794 1.6028e-07
0.0017585 1.5531e-07
0.0018414 1.5194e-07
0.0018842 1.5016e-07
0.0019281 1.4832e-07
0.001973 1.4674e-07
0.002066 1.434e-07
0.0021141 1.4165e-07
0.0021634 1.4013e-07
0.0022137 1.3857e-07
0.002318 1.3527e-07
0.0024273 1.3233e-07
0.0025417 1.2918e-07
0.0026614 1.2638e-07
0.0027868 1.2337e-07
0.0029181 1.1974e-07
0.002986 1.1781e-07
0.0031268 1.1526e-07
0.0032741 1.1251e-07
0.0034284 1.1007e-07
0.0035899 1.0745e-07
0.003759 1.0511e-07
0.0039362 1.0261e-07
0.0040279 1.0152e-07
0.0042176 9.9212e-08
0.0043159 9.7995e-08
0.0044164 9.695e-08
0.0046245 9.4746e-08
0.0047321 9.3583e-08
0.0048424 9.2584e-08
0.0050706 9.0479e-08
0.0051886 8.9374e-08
0.0053094 8.842e-08
0.0055596 8.6409e-08
0.0056892 8.5349e-08
0.0059572 8.3887e-08
0.0062379 8.2327e-08
0.0063832 8.151e-08
0.0065318 8.0638e-08
0.0068396 7.8806e-08
0.0069989 7.7843e-08
0.007162 7.701e-08
0.0074993 7.526e-08
0.007674 7.4336e-08
0.0080357 7.2722e-08
0.0084142 7.0993e-08
0.0088107 6.9452e-08
0.0092259 6.7799e-08
0.0096606 6.6324e-08
0.010116 6.4746e-08
0.010592 6.3341e-08
0.010839 6.2599e-08
0.011092 6.1833e-08
0.01135 6.1173e-08
0.011885 5.9783e-08
0.012161 5.9047e-08
0.012445 5.8418e-08
0.013031 5.7091e-08
0.013334 5.6392e-08
0.013645 5.5789e-08
0.014288 5.4524e-08
0.014621 5.3855e-08
0.01531 5.2686e-08
0.016031 5.1432e-08
0.016786 5.0315e-08
0.017577 4.9119e-08
0.018406 4.805e-08
0.019273 4.6905e-08
0.019722 4.6406e-08
0.020651 4.5352e-08
0.021132 4.4795e-08
0.021624 4.4316e-08
0.022643 4.3311e-08
0.02317 4.2781e-08
0.02371 4.2421e-08
0.024827 4.1664e-08
0.025406 4.1265e-08
0.025997 4.0856e-08
0.026602 4.042e-08
0.027856 3.9503e-08
0.028505 3.9018e-08
0.029168 3.86e-08
0.030543 3.7722e-08
0.031254 3.7262e-08
0.032727 3.6623e-08
0.034269 3.5942e-08
0.035067 3.5585e-08
0.035884 3.5207e-08
0.037574 3.4407e-08
0.03845 3.3987e-08
0.040262 3.3403e-08
0.042158 3.2782e-08
0.04314 3.2455e-08
0.044145 3.2231e-08
0.046225 3.1759e-08
0.047301 3.1514e-08
0.04953 3.0997e-08
0.051864 3.0628e-08
0.054308 3.0237e-08
0.056867 2.9821e-08
0.058191 2.9604e-08
0.060933 2.9605e-08
0.063805 2.9606e-08
0.06529 2.9607e-08
0.068367 2.9608e-08
0.071589 2.961e-08
0.074961 2.9611e-08
0.076707 2.9613e-08
0.080322 2.9614e-08
0.082192 2.9888e-08
0.086065 3.0446e-08
0.090121 3.1019e-08
0.092219 3.1507e-08
0.096565 3.2489e-08
0.098813 3.403e-08
0.10112 3.4838e-08
0.10347 3.5643e-08
0.10588 3.6489e-08
0.10835 3.7339e-08
0.11087 3.9114e-08
0.11345 4.097e-08
0.11609 4.4949e-08
0.11879 5.1678e-08
0.12156 5.9469e-08
0.12439 6.2351e-08
0.12729 6.5492e-08
0.13025 6.858e-08
0.13329 6.9194e-08
0.13639 6.9219e-08
0.13957 6.7674e-08
0.14282 6.77e-08
0.14614 6.6159e-08
0.14955 6.6186e-08
0.15303 6.6214e-08
0.15659 6.4705e-08
0.16024 6.4733e-08
0.16397 6.3292e-08
0.16779 6.3323e-08
0.1717 6.1879e-08
0.1757 6.191e-08
0.17979 6.0499e-08
0.18398 6.053e-08
0.18826 5.9184e-08
0.19265 5.9218e-08
0.19713 5.9252e-08
0.20173 5.7906e-08
0.20642 5.7941e-08
0.21123 5.8017e-08
0.21615 5.4074e-08
0.22118 5.2832e-08
0.22633 5.1645e-08
0.2316 5.0467e-08
0.237 4.9324e-08
0.24252 4.821e-08
0.24816 4.7124e-08
0.25395 4.7171e-08
0.25986 4.6086e-08
0.26591 4.6139e-08
0.2721 4.511e-08
0.27844 4.517e-08
0.28493 4.4131e-08
0.29156 4.4188e-08
0.29835 4.421e-08
0.3053 4.3225e-08
0.31241 4.3246e-08
0.31969 4.2281e-08
0.32713 4.23e-08
0.33474 4.236e-08
0.34254 4.1373e-08
0.35052 4.1433e-08
0.35869 4.1452e-08
0.36704 4.0528e-08
0.37558 4.0546e-08
0.38433 4.0609e-08
0.39328 4.0625e-08
0.40244 3.9715e-08
0.41181 3.9777e-08
0.4214 3.9789e-08
0.43122 3.9851e-08
0.44126 3.9912e-08
0.45154 3.895e-08
0.46205 3.8999e-08
0.47281 3.9041e-08
0.48382 3.9076e-08
0.49509 3.9098e-08
0.50662 3.9167e-08
0.51842 3.9152e-08
0.53049 3.9171e-08
0.54285 4.0063e-08
0.55549 3.9982e-08
0.56843 4.0876e-08
0.58166 4.0581e-08
0.5952 4.118e-08
0.60907 4.2383e-08
0.62325 4.2686e-08
0.62325 8.5161e-08
0.60907 9.4034e-08
0.5952 9.723e-08
0.58166 1.0446e-07
0.56843 1.0784e-07
0.55549 1.1516e-07
0.54285 1.2044e-07
0.53049 1.2364e-07
0.51842 1.3034e-07
0.50662 1.344e-07
0.49509 1.4241e-07
0.48382 1.4748e-07
0.47281 1.5296e-07
0.46205 1.5885e-07
0.45154 1.6515e-07
0.44126 1.6736e-07
0.43122 1.7429e-07
0.4214 1.816e-07
0.41181 1.8469e-07
0.40244 1.9259e-07
0.39328 2.0057e-07
0.38433 2.0416e-07
0.37558 2.1303e-07
0.36704 2.1693e-07
0.35869 2.2608e-07
0.35052 2.3027e-07
0.34254 2.4035e-07
0.33474 2.4452e-07
0.32713 2.5528e-07
0.31969 2.6012e-07
0.31241 2.7127e-07
0.3053 2.7649e-07
0.29835 2.8846e-07
0.29156 2.9415e-07
0.28493 3.0745e-07
0.27844 3.1353e-07
0.2721 3.2808e-07
0.26591 3.4274e-07
0.25986 3.5824e-07
0.25395 3.6483e-07
0.24816 3.807e-07
0.24252 3.9639e-07
0.237 4.1207e-07
0.2316 4.2746e-07
0.22633 4.4206e-07
0.22118 4.6587e-07
0.21615 4.8573e-07
0.21123 5.3192e-07
0.20642 5.5844e-07
0.20173 5.7219e-07
0.19713 5.8551e-07
0.19265 5.9989e-07
0.18826 6.1464e-07
0.18398 6.4436e-07
0.17979 6.6015e-07
0.1757 6.7553e-07
0.1717 6.9205e-07
0.16779 7.0816e-07
0.16397 7.2549e-07
0.16024 7.6049e-07
0.15659 7.7907e-07
0.15303 7.9719e-07
0.14955 8.1662e-07
0.14614 8.3652e-07
0.14282 8.5597e-07
0.13957 8.7681e-07
0.13639 9.1908e-07
0.13329 9.4137e-07
0.13025 9.6331e-07
0.12729 9.8671e-07
0.12439 1.0097e-06
0.12156 1.0342e-06
0.11879 1.0583e-06
0.11609 1.1101e-06
0.11345 1.136e-06
0.11087 1.1635e-06
0.10835 1.202e-06
0.10588 1.2607e-06
0.10347 1.2924e-06
0.10112 1.3227e-06
0.098813 1.387e-06
0.096565 1.455e-06
0.092219 1.5257e-06
0.090121 1.5994e-06
0.086065 1.6767e-06
0.082192 1.7575e-06
0.080322 1.8421e-06
0.076707 1.9302e-06
0.074961 2.0227e-06
0.071589 2.1195e-06
0.068367 2.2209e-06
0.06529 2.3272e-06
0.063805 2.4384e-06
0.060933 2.555e-06
0.058191 2.677e-06
0.056867 2.8045e-06
0.054308 2.938e-06
0.051864 3.0777e-06
0.04953 3.2242e-06
0.047301 3.3774e-06
0.046225 3.5381e-06
0.044145 3.7065e-06
0.04314 3.7966e-06
0.042158 3.8825e-06
0.040262 4.0668e-06
0.03845 4.2599e-06
0.037574 4.4622e-06
0.035884 4.674e-06
0.035067 4.7872e-06
0.034269 4.8954e-06
0.032727 5.1275e-06
0.031254 5.371e-06
0.030543 5.6262e-06
0.029168 5.8929e-06
0.028505 6.0358e-06
0.027856 6.1722e-06
0.026602 6.4644e-06
0.025997 6.6213e-06
0.025406 6.771e-06
0.024827 7.0926e-06
0.02371 7.4292e-06
0.02317 7.6095e-06
0.022643 7.7812e-06
0.021624 8.1497e-06
0.021132 8.3474e-06
0.020651 8.5358e-06
0.019722 8.94e-06
0.019273 9.3649e-06
0.018406 9.8081e-06
0.017577 1.0272e-05
0.016786 1.0759e-05
0.016031 1.1268e-05
0.01531 1.1802e-05
0.014621 1.2361e-05
0.014288 1.2947e-05
0.013645 1.356e-05
0.013334 1.3889e-05
0.013031 1.4202e-05
0.012445 1.4874e-05
0.012161 1.5235e-05
0.011885 1.5579e-05
0.01135 1.6316e-05
0.011092 1.6711e-05
0.010839 1.7089e-05
0.010592 1.7899e-05
0.010116 1.8746e-05
0.0096606 1.9632e-05
0.0092259 2.0562e-05
0.0088107 2.1535e-05
0.0084142 2.2555e-05
0.0080357 2.362e-05
0.007674 2.4739e-05
0.0074993 2.5911e-05
0.007162 2.7137e-05
0.0069989 2.7795e-05
0.0068396 2.8421e-05
0.0065318 2.9765e-05
0.0063832 3.0485e-05
0.0062379 3.1175e-05
0.0059572 3.2649e-05
0.0056892 3.4194e-05
0.0055596 3.5815e-05
0.0053094 3.7506e-05
0.0051886 3.8415e-05
0.0050706 3.9281e-05
0.0048424 4.1136e-05
0.0047321 4.2131e-05
0.0046245 4.3079e-05
0.0044164 4.5114e-05
0.0043159 4.6205e-05
0.0042176 4.7245e-05
0.0040279 4.9476e-05
0.0039362 5.1817e-05
0.003759 5.426e-05
0.0035899 5.6819e-05
0.0034284 5.9495e-05
0.0032741 6.2297e-05
0.0031268 6.5227e-05
0.002986 6.8288e-05
0.0029181 7.151e-05
0.0027868 7.4857e-05
0.0026614 7.8356e-05
0.0025417 8.2016e-05
0.0024273 8.5829e-05
0.002318 8.9812e-05
0.0022137 9.3954e-05
0.0021634 9.8341e-05
0.0021141 0.00010065
0.002066 0.00010284
0.001973 0.00010751
0.0019281 0.00011
0.0018842 0.00011235
0.0018414 0.00011752
0.0017585 0.0001227
0.0016794 0.00012801
0.0016411 0.00013376
0.0015673 0.00013934
0.0015316 0.00014225
0.0014968 0.00014493
0.0014627 0.00015116
0.0014294 0.00015758
0.0013969 0.00016053
0.0013651 0.00016311
0.001334 0.0001696
0.0013037 0.00017615
0.001274 0.00018266
0.001245 0.00018907
0.0012167 0.00019522
0.001189 0.0002009
0.0011619 0.00020581
0.0011355 0.00021947
0.0011096 0.00023165
0.0010844 0.00025174
