0.00103 3.6474e-06
0.0010448 3.5899e-06
0.0010567 3.5438e-06
0.0010733 3.4807e-06
0.0011073 3.3452e-06
0.0011169 3.3067e-06
0.0011821 3.028e-06
0.0011826 3.026e-06
0.001183 3.026e-06
0.0011834 3.0261e-06
0.0011926 3.0281e-06
0.0013305 3.0569e-06
0.0013496 3.0609e-06
0.0013578 3.0635e-06
0.0013683 3.0701e-06
0.0014284 3.1036e-06
0.001559 3.1738e-06
0.0015591 3.1738e-06
0.0016647 3.2431e-06
0.0017117 3.2729e-06
0.0017898 3.324e-06
0.0018652 3.3733e-06
0.001915 3.4057e-06
0.002055 3.4927e-06
0.0021589 3.5384e-06
0.0022527 3.5812e-06
0.0023595 3.6305e-06
0.0024332 3.6621e-06
0.0026412 3.7556e-06
0.0027092 3.7865e-06
0.002736 3.7979e-06
0.0027403 3.7997e-06
0.0029334 3.8856e-06
0.0030838 3.9553e-06
0.0031105 3.9683e-06
0.0033307 4.0668e-06
0.0034676 4.1301e-06
0.0035713 4.1813e-06
0.00373 4.2637e-06
0.0038948 4.3389e-06
0.0040797 4.4285e-06
0.0041004 4.4396e-06
0.0043629 4.612e-06
0.0043763 4.6217e-06
0.0047079 4.8243e-06
0.0048763 4.9332e-06
0.0048839 4.9386e-06
0.0054054 5.3491e-06
0.0054442 5.3862e-06
0.0055478 5.4952e-06
0.0055811 5.5226e-06
0.0058232 5.737e-06
0.0060573 5.9903e-06
0.0062063 6.181e-06
0.0067008 6.8455e-06
0.0069533 7.2498e-06
0.0071258 7.536e-06
0.0073893 7.9291e-06
0.0078591 8.6988e-06
0.0080144 8.9383e-06
0.0081281 9.1206e-06
0.0081814 9.2122e-06
0.0082082 9.2605e-06
0.0082582 9.3364e-06
0.0089099 1.0343e-05
0.0093937 1.1134e-05
0.0097001 1.1646e-05
0.010286 1.2585e-05
0.010584 1.3119e-05
0.010785 1.3524e-05
0.011291 1.4598e-05
0.01146 1.4966e-05
0.012383 1.7418e-05
0.012423 1.7564e-05
0.012468 1.773e-05
0.012992 2.0458e-05
0.013314 2.3139e-05
0.013314 3.273e-05
0.012992 3.7244e-05
0.012468 4.304e-05
0.012423 4.3469e-05
0.012383 4.3844e-05
0.01146 5.4232e-05
0.011291 5.5944e-05
0.010785 6.1174e-05
0.010584 6.4075e-05
0.010286 6.8168e-05
0.0097001 7.569e-05
0.0093937 7.966e-05
0.0089099 8.8604e-05
0.0082582 9.9656e-05
0.0082082 0.00010031
0.0081814 0.00010097
0.0081281 0.00010211
0.0080144 0.0001045
0.0078591 0.00010769
0.0073893 0.00011863
0.0071258 0.00012441
0.0069533 0.00012961
0.0067008 0.00013722
0.0062063 0.00015117
0.0060573 0.00015755
0.0058232 0.00016714
0.0055811 0.0001743
0.0055478 0.00017526
0.0054442 0.0001817
0.0054054 0.00018405
0.0048839 0.00021408
0.0048763 0.00021452
0.0047079 0.00022386
0.0043763 0.00024032
0.0043629 0.00024191
0.0041004 0.00027123
0.0040797 0.00027314
0.0038948 0.00028475
0.00373 0.00029476
0.0035713 0.00031725
0.0034676 0.00033054
0.0033307 0.00034737
0.0031105 0.00037361
0.0030838 0.00037876
0.0029334 0.00040659
0.0027403 0.00043975
0.002736 0.00044047
0.0027092 0.00044515
0.0026412 0.00045996
0.0024332 0.0005073
0.0023595 0.00052297
0.0022527 0.00055665
0.0021589 0.0005859
0.002055 0.00061634
0.001915 0.00067923
0.0018652 0.00069985
0.0017898 0.00073106
0.0017117 0.00075977
0.0016647 0.000776
0.0015591 0.00087113
0.001559 0.00087124
0.0014284 0.00093462
0.0013683 0.0010151
0.0013578 0.0010278
0.0013496 0.0010384
0.0013305 0.0010622
0.0011926 0.0012465
0.0011834 0.0012526
0.001183 0.0012529
0.0011826 0.0012533
0.0011821 0.0012559
0.0011169 0.0014668
0.0011073 0.0016117
0.0010733 0.0016641
0.0010567 0.0018645
0.0010448 0.0017804
