943914.9309544241 1
943914.9309544241 0.9897585957214842
943914.9309544241 0.645850818931547
943914.9309544241 0.40878269202484774
943914.9309544241 0.2835180591288246
943914.9309544241 0.19073320534085444
943914.9309544241 0.14060469753472277
1330889.6483948582 0.10365096593171057
1772078.8403842668 0.07640941538189704
2498574.0848725485 0.05463585607987541
3326850.0301848687 0.0402764584432643
4967188.184140846 0.027934410015879412
7003575.342555303 0.019374376325427992
10456761.312546376 0.013033867787412305
17506969.768593114 0.007761547160963713
29310604.050098564 0.004765033275632148
65340062.926739864 0.004765033275632148
122667561.60406885 0.004765033275632148
154241956.91074172 0.0060814497031859436
273454145.82995296 0.0060814497031859436
405000000.0 0.0060814497031859436
4050000000.0 0.0060814497031859436
4050000000.0 1.0
