0.0000010108089381545993 1
0.0000010108089381545993 0.00015273295556532296
0.0000018937780307473786 0.0001524604665844605
0.0000029083116184202344 0.0001525413602175692
0.000004466350508089941 0.00015262229677183637
0.000006859061021786595 0.00015270327627003584
0.000010533592922314544 0.00015278429873495295
0.000016176642765037493 0.0001528653641893851
0.000024842783756460204 0.00015294647265614236
0.00003815154440475856 0.00015302762415804634
0.00005859006602228143 0.00015310881871793082
0.00008997789971687556 0.0001531900563586422
0.0001381808041380473 0.0001532713371030382
0.00021220693850732594 0.0001533526609739895
0.00032589030749642926 0.00015343402799437834
0.0005004760601475364 0.0001535154381870991
0.0007685907835216775 0.00015359689157505883
0.001180339759588744 0.00015367838818117606
0.0018126706407828304 0.00015375992802838212
0.0027836161410919017 0.0001522504105905123
0.00427506408143569 0.00015392313753784503
0.006565298749729227 0.00015400480724602492
0.010082456508750382 0.00015408652028713914
0.015483823832850767 0.0001541682766841799
0.02435827751044127 0.00015677936703583254
0.03651757667488405 0.00015433191963806916
0.05608075011737446 0.00015441380624096266
0.08612429465755003 0.00015449573629187213
0.13226274817537653 0.00015457770981385088
0.2031184652885802 0.00015465972682996394
0.31193296306290663 0.0001547417873632886
0.47904149584314154 0.00015482389143691488
0.735673307772077 0.0001549060390739444
1.1297877542231292 0.0001549882302974917
1.7350369465735684 0.00015507046513068304
2.66452985945606 0.00015515274359665705
4.091970136978212 0.00015523506571856502
6.28411783133094 0.00015531743151956994
9.650641523795107 0.00015539984102284774
14.820677192978875 0.00015548229425158612
22.760525875602482 0.00015574459521989112
34.9610599266155 0.00016281970401912498
51.677620161024265 0.00019245298338037926
68.00049601879041 0.0002636088461189697
79.59227788334897 0.0003543552019750091
89.59352797637996 0.0004727000573453502
100.87176131525405 0.0006578504942265971
113.59711019788823 0.000963257513341178
125.4321828935101 0.0013519244600333977
138.5142031505676 0.0019380268973457342
152.94986360311697 0.0027373417853359065
165.60191319798744 0.0037374209520427307
182.83120719750525 0.0051029989184452175
197.9630037959522 0.007026635198346337
214.39199931394728 0.010111522583954159
214.39199931394728 1
