1e-7  1
1e-7  0.0012805868676034353
12342.573977870901  0.0012805868676034353
13988.521721926196  0.0012816819157314711
2039585.4752113633  0.0012460349862269246
7949137.4860923  0.0012460349862269246
10210621.411504816  0.0012460349862269246
15241357.086575214  0.0012873179210473808
16781968.895321768  0.0013106676928588074
18478424.73739254  0.001370322930182019
20196211.006699  0.0014487246116690273
21639572.1388446  0.0015811564692084137
22941378.390911557  0.0019275125365153048
22750717.75541043  0.002225031694268887
21748199.734210704  0.002738053335782881
20755186.588793665  0.003708494792362732
19253380.441425994  0.005010309481733138
17245065.162160225  0.00671277044889937
15758731.653532596  0.008686922961276123
14257008.02709274  0.01138875482374271
12807628.543340381  0.01527573416474785
11557413.60240407  0.02028292091547392
10242626.251867272  0.02782233279012926
8886208.15281315  0.03793006868569637
7780367.456067555  0.047934027993028136
7004809.437406011  0.061720641097403335
6334847.706372049  0.08379791414143442
3.97e6  0.2411
1.85e6  1