1.0000000000000002e-06 1.60028490996041e-05
1.778279410038923e-06 1.5964824410461093e-05
3.1622776601683796e-06 1.588889516534158e-05
5.62341325190349e-06 1.5897109651626575e-05
8.51616140383213e-06 1.584893192461114e-05
1e-05 1.583143658629651e-05
1.2486583301906935e-05 1.584893192461114e-05
1.7782794100389226e-05 1.590156813262805e-05
3.1622776601683795e-05 1.5888244758351252e-05
5.623413251903491e-05 1.6069409957097693e-05
0.0001 1.6120766559208164e-05
0.00017782794100389227 1.6068809133765102e-05
0.00031622776601683794 1.60510246711154e-05
0.0005623413251903491 1.597361852802058e-05
0.001 1.5984389988952947e-05
0.0017782794100389228 1.5989353025614972e-05
0.0031622776601683794 1.612942692455761e-05
0.00562341325190349 1.5852167675127153e-05
0.01 1.599350382027246e-05
0.017782794100389226 1.592081369279248e-05
0.03162277660168379 1.5903149898392025e-05
0.056234132519034905 1.609582331023572e-05
0.1 1.5958742302613723e-05
0.1778279410038923 1.5856942187744987e-05
0.31622776601683794 1.5925148097916008e-05
0.5623413251903491 1.6081444482529427e-05
1.0 1.60303274930434e-05
1.7326017519088646 1.584893192461114e-05
1.778279410038923 1.5840925058807252e-05
1.8595938439968247 1.584893192461114e-05
3.1622776601683795 1.60301217991695e-05
5.623413251903491 1.5897810180837803e-05
10.0 1.6026326190663617e-05
17.78279410038923 1.6116527666297615e-05
31.622776601683793 1.6612525731124094e-05
56.2341325190349 1.827408213378051e-05
100.0 2.1625608784838906e-05
112.88034332822335 2.238721138568338e-05
177.82794100389228 2.7811765810172758e-05
243.08148461430991 3.16227766016838e-05
316.2277660168379 3.765709650134035e-05
421.3353616255576 4.466835921509635e-05
562.341325190349 5.7954523545034224e-05
646.7184619763643 6.309573444801929e-05
949.1470512670327 8.912509381337459e-05
1000.0 9.530748920242427e-05
1344.5800002078836 0.00012589254117941677
1758.812646618446 0.00017782794100389227
1778.2794100389228 0.00018127550952711665
2594.0304448695583 0.00025118864315095795
3162.277660168379 0.00031998072475508514
3666.713542265252 0.0003548133892335753
5167.375090265072 0.000501187233627272
5623.413251903491 0.0005640193822325722
9392.997849204883 0.0007079457843841379
10000.0 0.0007406826582285265
17782.79410038923 0.000786959933720816
31622.776601683796 0.0007929039905711757
56234.13251903491 0.0007938374042337742
100000.0 0.0007938990287713857
177827.94100389228 0.0007939057570387304
316227.76601683797 0.000793906525153541
562341.3251903491 0.0007939078253002625
1000000.0 0.0007939203266068991
1778279.4100389227 0.0007940450764090644
3162277.6601683795 0.0007952749073255
5623413.251903491 0.0008065869128360294
10000000.0 0.0008979552051788076
11576637.021711934 0.001
13961237.895507738 0.001412537544622754
14591875.47807423 0.001995262314968879
14287867.668538991 0.002818382931264452
13461336.55921214 0.00398107170553497
12389902.904025616 0.00562341325190349
11306726.51792453 0.007943282347242814
10399018.213476075 0.01122018454301963
10000000.0 0.013557625502511847
9395570.541271154 0.01584893192461114
8062275.298078947 0.022387211385683378
6958777.261468596 0.03162277660168379
6156120.097321767 0.04466835921509626
5675383.565941443 0.0630957344480193
5623413.251903491 0.0651863937755008
4733968.930887553 0.08912509381337459
3972700.1357774762 0.12589254117941662
3473305.2394523346 0.1778279410038923
3212179.3655441254 0.2511886431509577
3162277.6601683795 0.2605317737248082
2615870.29648986 0.3548133892335753
2175843.9342795424 0.5011872336272725
1976799.3378958758 0.7079457843841374
1778279.4100389227 0.9724313054319231
1747873.3476996485 1.0
