1.0000000000000002e-06 1.1022070154206753e-06
1.7782794100389227e-06 1.0977208837582367e-06
3.1622776601683796e-06 1.1101470033411539e-06
5.62341325190349e-06 1.1053978217651681e-06
1e-05 1.1052395868562324e-06
1.7782794100389226e-05 1.1047386676194851e-06
3.1622776601683795e-05 1.1027629944801598e-06
5.623413251903491e-05 1.108449166449396e-06
0.0001 1.100513112752602e-06
0.00017782794100389227 1.1010023413202035e-06
0.00031622776601683794 1.0970587629593251e-06
0.0005623413251903491 1.1102723208144929e-06
0.001 1.1044057744784435e-06
0.0017782794100389228 1.1088317407846365e-06
0.0031622776601683794 1.0985641371207987e-06
0.00562341325190349 1.111913664548769e-06
0.01 1.1003213704168172e-06
0.017782794100389226 1.1108131497140862e-06
0.03162277660168379 1.1082997542387854e-06
0.056234132519034905 1.1064728753485037e-06
0.1 1.0980046628556298e-06
0.17782794100389226 1.099021488862033e-06
0.31622776601683794 1.0962704670706643e-06
0.5623413251903491 1.103070690685461e-06
1.0 1.1037972189542495e-06
1.7782794100389228 1.102735813974494e-06
3.1622776601683795 1.0968311370799182e-06
5.623413251903491 1.1099158856030308e-06
10.0 1.1020530070136818e-06
17.78279410038923 1.1131820411521303e-06
31.622776601683793 1.1489243955825107e-06
56.23413251903491 1.2872665251450226e-06
74.40851698543915 1.4125375446227554e-06
100.0 1.6617021529338533e-06
133.45857346915585 1.9952623149688787e-06
177.82794100389225 2.620075223862871e-06
193.83624705276617 2.8183829312644547e-06
260.28231167350975 3.981071705534969e-06
316.2277660168379 5.363870589456025e-06
329.78647484803554 5.623413251903491e-06
415.5836637132645 7.943282347242822e-06
501.38085257849286 1.122018454301963e-05
562.341325190349 1.4508994254791735e-05
609.8341830276273 1.584893192461114e-05
773.8958750824725 2.238721138568338e-05
937.9575671373187 3.1622776601683795e-05
1000.0 3.655616277678575e-05
1141.4047947012405 4.466835921509635e-05
1368.8041119189377 6.309573444801929e-05
1596.2034291366363 8.912509381337459e-05
1778.2794100389228 0.00011856436006251844
1856.1404246955724 0.00012589254117941674
2246.7899886990717 0.00017782794100389227
2637.4395527025717 0.00025118864315095795
3028.0891167060718 0.0003548133892335753
3162.277660168379 0.0004050929614897795
3641.3282183666165 0.000501187233627272
4371.033228901417 0.000707945784384138
5100.738239436212 0.001
5623.413251903491 0.0012954934708765263
6004.628666398594 0.001412537544622754
7348.273551906732 0.001995262314968879
8691.918437414864 0.002818382931264452
10000.0 0.003950297892614388
10082.259414923674 0.003981071705534969
13190.16478097767 0.005623413251903491
16298.070147031647 0.007943282347242814
17782.79410038923 0.009508740303595335
21799.268822991864 0.01122018454301963
29489.612764437512 0.01584893192461114
31622.776601683792 0.017662533684215623
41956.276140194284 0.022387211385683378
56234.132519034916 0.031608418415490704
56273.77982137072 0.03162277660168379
81775.9579777203 0.04466835921509626
100000.0 0.057836723140222306
112905.11847271088 0.0630957344480193
158122.60577176107 0.08912509381337459
177827.94100389228 0.10514932037578939
227263.1291262026 0.12589254117941662
314735.0864347736 0.1778279410038923
316227.76601683797 0.17908344315634897
461699.14937544183 0.2511886431509577
562341.3251903491 0.32585622421212734
610444.9213256512 0.3548133892335753
740092.6359341571 0.5011872336272725
808108.7532198152 0.7079457843841374
822272.0782666771 1.0
