1.0000000000000002e-06 1.4414001595960766e-05
1.778279410038923e-06 1.4366650698431297e-05
3.16227766016838e-06 1.4349892677102e-05
5.62341325190349e-06 1.3995190304105003e-05
1e-05 1.4589084517449922e-05
1.7782794100389226e-05 1.4278018559205072e-05
3.1622776601683795e-05 1.439481389434741e-05
5.623413251903491e-05 1.4770515955588581e-05
0.00010000000000000002 1.44312851306124e-05
0.0001778279410038923 1.4528919736279735e-05
0.00031622776601683794 1.4180990801156338e-05
0.0005623413251903491 1.4460489237858725e-05
0.001 1.4286399317515342e-05
0.0017782794100389228 1.4126054345925302e-05
0.00316227766016838 1.4336363142004951e-05
0.00562341325190349 1.4222330976593618e-05
0.01 1.4282385602267008e-05
0.017782794100389226 1.4432892990155542e-05
0.03162277660168379 1.432922277254587e-05
0.056234132519034905 1.433978029551609e-05
0.1 1.449821402167947e-05
0.17782794100389232 1.4328300537845123e-05
0.31622776601683794 1.4543102935384828e-05
0.5623413251903491 1.4334228363650225e-05
1.0 1.4333720280339722e-05
1.7782794100389228 1.4486187371369954e-05
3.162277660168379 1.4310150145697787e-05
5.623413251903491 1.4609500108112464e-05
10.0 1.4463116762405642e-05
17.78279410038923 1.4320451646052612e-05
31.622776601683796 1.4849845812371212e-05
56.23413251903491 1.5133550223371298e-05
72.00755386751398 1.584893192461114e-05
100.0 1.764223120281269e-05
164.09370757074035 2.238721138568338e-05
177.82794100389228 2.382343953029208e-05
255.66541072388023 3.1622776601683795e-05
316.2277660168379 4.0194570830344664e-05
365.7274467207772 4.4668359215096355e-05
510.0686891813598 6.309573444801929e-05
562.341325190349 7.252216867054549e-05
657.761020778468 8.912509381337459e-05
807.3559581542281 0.00012589254117941674
956.9508955299882 0.00017782794100389224
1000.0 0.00019893903330502906
1206.14591149697 0.00025118864315095795
1495.5836480993792 0.0003548133892335753
1778.2794100389228 0.0004977776963575551
1790.0255802036736 0.000501187233627272
2294.2969659978744 0.0007079457843841381
2798.5683517920734 0.001
3162.277660168379 0.0012975456257500924
3363.401934850466 0.001412537544622754
4084.9423287738027 0.001995262314968879
4806.482722697138 0.002818382931264452
5528.023116620476 0.003981071705534969
5623.413251903491 0.004198194937454339
6864.576108893065 0.005623413251903491
8294.822482503041 0.007943282347242814
9725.068856113017 0.01122018454301963
10000.0 0.012109952093468147
12884.84833914055 0.01584893192461114
16456.205981902513 0.022387211385683378
17782.79410038923 0.025817781020143232
24049.975496557672 0.03162277660168379
31622.7766016838 0.04153078073279248
34262.40314856726 0.04466835921509626
45237.5760024558 0.0630957344480193
56212.748856344326 0.08912509381337459
56234.13251903491 0.089196730288074
83622.19784646662 0.12589254117941662
100000.0 0.1568891238342466
119932.77218461555 0.1778279410038923
169367.1881866596 0.2511886431509577
177827.94100389228 0.2689280886798464
248363.94970369813 0.3548133892335753
316227.76601683797 0.4720017558092889
340146.9190600887 0.5011872336272725
454487.8146310367 0.7079457843841374
553111.6412849961 1.0
