 1.0000e-02  0.0000e+00
 2.0000e-02  0.0000e+00
 3.0000e-02  0.0000e+00
 4.0000e-02  0.0000e+00
 5.0000e-02  0.0000e+00
 6.0000e-02  0.0000e+00
 7.0000e-02  0.0000e+00
 8.0000e-02  0.0000e+00
 9.0000e-02  0.0000e+00
 1.0000e-01  0.0000e+00
 1.1000e-01  0.0000e+00
 1.2000e-01  0.0000e+00
 1.3000e-01  0.0000e+00
 1.4000e-01  0.0000e+00
 1.5000e-01  0.0000e+00
 1.6000e-01  0.0000e+00
 1.7000e-01  0.0000e+00
 1.8000e-01  0.0000e+00
 1.9000e-01  0.0000e+00
 2.0000e-01  0.0000e+00
 2.1000e-01  0.0000e+00
 2.2000e-01  0.0000e+00
 2.3000e-01  0.0000e+00
 2.4000e-01  0.0000e+00
 2.5000e-01  0.0000e+00
 2.6000e-01  0.0000e+00
 2.7000e-01  0.0000e+00
 2.8000e-01  0.0000e+00
 2.9000e-01  0.0000e+00
 3.0000e-01  0.0000e+00
 3.1000e-01  0.0000e+00
 3.2000e-01  0.0000e+00
 3.3000e-01  0.0000e+00
 3.4000e-01  0.0000e+00
 3.5000e-01  0.0000e+00
 3.6000e-01  0.0000e+00
 3.7000e-01  0.0000e+00
 3.8000e-01  0.0000e+00
 3.9000e-01  0.0000e+00
 4.0000e-01  0.0000e+00
 4.1000e-01  0.0000e+00
 4.2000e-01  0.0000e+00
 4.3000e-01  0.0000e+00
 4.4000e-01  0.0000e+00
 4.5000e-01  0.0000e+00
 4.6000e-01  0.0000e+00
 4.7000e-01  0.0000e+00
 4.8000e-01  0.0000e+00
 4.9000e-01  0.0000e+00
 5.0000e-01  0.0000e+00
 5.1000e-01  0.0000e+00
 5.2000e-01  0.0000e+00
 5.3000e-01  0.0000e+00
 5.4000e-01  0.0000e+00
 5.5000e-01  0.0000e+00
 5.6000e-01  0.0000e+00
 5.7000e-01  0.0000e+00
 5.8000e-01  0.0000e+00
 5.9000e-01  0.0000e+00
 6.0000e-01  0.0000e+00
 6.1000e-01  0.0000e+00
 6.2000e-01  0.0000e+00
 6.3000e-01  0.0000e+00
 6.4000e-01  0.0000e+00
 6.5000e-01  0.0000e+00
 6.6000e-01  0.0000e+00
 6.7000e-01  0.0000e+00
 6.8000e-01  0.0000e+00
 6.9000e-01  0.0000e+00
 7.0000e-01  0.0000e+00
 7.1000e-01  0.0000e+00
 7.2000e-01  0.0000e+00
 7.3000e-01  0.0000e+00
 7.4000e-01  0.0000e+00
 7.5000e-01  0.0000e+00
 7.6000e-01  0.0000e+00
 7.7000e-01  0.0000e+00
 7.8000e-01  0.0000e+00
 7.9000e-01  0.0000e+00
 8.0000e-01  0.0000e+00
 8.1000e-01  4.8899e-05
 8.2000e-01  1.0038e-04
 8.3000e-01  1.5459e-04
 8.4000e-01  2.1229e-04
 8.5000e-01  2.7472e-04
 8.6000e-01  3.4368e-04
 8.7000e-01  4.2165e-04
 8.8000e-01  5.1179e-04
 8.9000e-01  6.1784e-04
 9.0000e-01  7.4384e-04
 9.1000e-01  8.9461e-04
 9.2000e-01  1.0754e-03
 9.3000e-01  1.2912e-03
 9.4000e-01  1.5470e-03
 9.5000e-01  1.8473e-03
 9.6000e-01  2.1954e-03
 9.7000e-01  2.5930e-03
 9.8000e-01  3.0373e-03
 9.9000e-01  3.5116e-03
 1.0000e+00  3.8434e-03
 1.0100e+00  2.9077e-03
 1.0200e+00  3.4843e-04
 1.0300e+00  3.3056e-03
 1.0400e+00  5.6580e-03
 1.0500e+00  7.4117e-03
 1.0600e+00  9.0519e-03
 1.0700e+00  1.0759e-02
 1.0800e+00  1.2624e-02
 1.0900e+00  1.4725e-02
 1.1000e+00  1.7138e-02
 1.1100e+00  1.9896e-02
 1.1200e+00  2.2988e-02
 1.1300e+00  2.6375e-02
 1.1400e+00  2.9998e-02
 1.1500e+00  3.3794e-02
 1.1600e+00  3.7729e-02
 1.1700e+00  4.1785e-02
 1.1800e+00  4.5953e-02
 1.1900e+00  5.0236e-02
 1.2000e+00  5.4638e-02
 1.2100e+00  5.9137e-02
 1.2200e+00  6.3729e-02
 1.2300e+00  6.8414e-02
 1.2400e+00  7.3175e-02
 1.2500e+00  7.8011e-02
 1.2600e+00  8.2946e-02
 1.2700e+00  8.8024e-02
 1.2800e+00  9.3289e-02
 1.2900e+00  9.8793e-02
 1.3000e+00  1.0458e-01
 1.3100e+00  1.1065e-01
 1.3200e+00  1.1693e-01
 1.3300e+00  1.2334e-01
 1.3400e+00  1.2979e-01
 1.3500e+00  1.3621e-01
 1.3600e+00  1.4257e-01
 1.3700e+00  1.4885e-01
 1.3800e+00  1.5504e-01
 1.3900e+00  1.6112e-01
 1.4000e+00  1.6703e-01
 1.4100e+00  1.7242e-01
 1.4200e+00  1.7751e-01
 1.4300e+00  1.8230e-01
 1.4400e+00  1.8676e-01
 1.4500e+00  1.9091e-01
 1.4600e+00  1.9475e-01
 1.4700e+00  1.9817e-01
 1.4800e+00  2.0041e-01
 1.4900e+00  1.9475e-01
 1.5000e+00  1.9200e-01
 1.5100e+00  1.9109e-01
 1.5200e+00  1.9148e-01
 1.5300e+00  1.9245e-01
 1.5400e+00  1.9328e-01
 1.5500e+00  1.9323e-01
 1.5600e+00  1.9170e-01
 1.5700e+00  1.8878e-01
 1.5800e+00  1.8472e-01
 1.5900e+00  1.7981e-01
 1.6000e+00  1.7433e-01
 1.6100e+00  1.6853e-01
 1.6200e+00  1.6268e-01
 1.6300e+00  1.5705e-01
 1.6400e+00  1.5182e-01
 1.6500e+00  1.4717e-01
 1.6600e+00  1.4317e-01
 1.6700e+00  1.3962e-01
 1.6800e+00  1.3627e-01
 1.6900e+00  1.3289e-01
 1.7000e+00  1.2928e-01
 1.7100e+00  1.2532e-01
 1.7200e+00  1.2112e-01
 1.7300e+00  1.1686e-01
 1.7400e+00  1.1268e-01
 1.7500e+00  1.0871e-01
 1.7600e+00  1.0504e-01
 1.7700e+00  1.0168e-01
 1.7800e+00  9.8611e-02
 1.7900e+00  9.5822e-02
 1.8000e+00  9.3307e-02
 1.8100e+00  9.1058e-02
 1.8200e+00  8.9029e-02
 1.8300e+00  8.7177e-02
 1.8400e+00  8.5454e-02
 1.8500e+00  8.3821e-02
 1.8600e+00  8.2242e-02
 1.8700e+00  8.0691e-02
 1.8800e+00  7.9149e-02
 1.8900e+00  7.7597e-02
 1.9000e+00  7.6024e-02
 1.9100e+00  7.4422e-02
 1.9200e+00  7.2826e-02
 1.9300e+00  7.1269e-02
 1.9400e+00  6.9783e-02
 1.9500e+00  6.8405e-02
 1.9600e+00  6.7232e-02
 1.9700e+00  6.6638e-02
 1.9800e+00  6.7037e-02
 1.9900e+00  6.8860e-02
 2.0000e+00  7.2712e-02
 2.0100e+00  7.2712e-02
 2.0200e+00  7.2712e-02
 2.0300e+00  7.2712e-02
 2.0400e+00  7.2712e-02
 2.0500e+00  7.2711e-02
 2.0600e+00  7.2711e-02
 2.0700e+00  7.2711e-02
 2.0800e+00  7.2711e-02
 2.0900e+00  7.2711e-02
 2.1000e+00  7.2711e-02
 2.1100e+00  7.2711e-02
 2.1200e+00  7.2711e-02
 2.1300e+00  7.2711e-02
 2.1400e+00  7.2711e-02
 2.1500e+00  7.2711e-02
 2.1600e+00  7.2711e-02
 2.1700e+00  7.2711e-02
 2.1800e+00  7.2711e-02
 2.1900e+00  7.2711e-02
 2.2000e+00  7.2711e-02
 2.2100e+00  7.2711e-02
 2.2200e+00  7.2711e-02
 2.2300e+00  7.2711e-02
 2.2400e+00  7.2711e-02
 2.2500e+00  7.2711e-02
 2.2600e+00  7.2711e-02
 2.2700e+00  7.2711e-02
 2.2800e+00  7.2711e-02
 2.2900e+00  7.2711e-02
 2.3000e+00  7.2711e-02
 2.3100e+00  7.2711e-02
 2.3200e+00  7.2711e-02
 2.3300e+00  7.2711e-02
 2.3400e+00  7.2711e-02
 2.3500e+00  7.2711e-02
 2.3600e+00  7.2711e-02
 2.3700e+00  7.2711e-02
 2.3800e+00  7.2711e-02
 2.3900e+00  7.2711e-02
 2.4000e+00  7.2711e-02
 2.4100e+00  7.2711e-02
 2.4200e+00  7.2711e-02
 2.4300e+00  7.2711e-02
 2.4400e+00  7.2711e-02
 2.4500e+00  7.2711e-02
 2.4600e+00  7.2711e-02
 2.4700e+00  7.2711e-02
 2.4800e+00  7.2711e-02
 2.4900e+00  7.2711e-02
 2.5000e+00  7.2711e-02
 2.5100e+00  7.2711e-02
 2.5200e+00  7.2711e-02
 2.5300e+00  7.2711e-02
 2.5400e+00  7.2711e-02
 2.5500e+00  7.2711e-02
 2.5600e+00  7.2711e-02
 2.5700e+00  7.2711e-02
 2.5800e+00  7.2711e-02
 2.5900e+00  7.2711e-02
 2.6000e+00  7.2711e-02
 2.6100e+00  7.2711e-02
 2.6200e+00  7.2711e-02
 2.6300e+00  7.2711e-02
 2.6400e+00  7.2711e-02
 2.6500e+00  7.2711e-02
 2.6600e+00  7.2711e-02
 2.6700e+00  7.2711e-02
 2.6800e+00  7.2711e-02
 2.6900e+00  7.2711e-02
 2.7000e+00  7.2711e-02
 2.7100e+00  7.2711e-02
 2.7200e+00  7.2711e-02
 2.7300e+00  7.2711e-02
 2.7400e+00  7.2711e-02
 2.7500e+00  7.2711e-02
 2.7600e+00  7.2711e-02
 2.7700e+00  7.2711e-02
 2.7800e+00  7.2711e-02
 2.7900e+00  7.2711e-02
 2.8000e+00  7.2711e-02
 2.8100e+00  7.2711e-02
 2.8200e+00  7.2711e-02
 2.8300e+00  7.2711e-02
 2.8400e+00  7.2711e-02
 2.8500e+00  7.2711e-02
 2.8600e+00  7.2711e-02
 2.8700e+00  7.2711e-02
 2.8800e+00  7.2711e-02
 2.8900e+00  7.2711e-02
 2.9000e+00  7.2711e-02
 2.9100e+00  7.2711e-02
 2.9200e+00  7.2711e-02
 2.9300e+00  7.2711e-02
 2.9400e+00  7.2711e-02
 2.9500e+00  7.2711e-02
 2.9600e+00  7.2711e-02
 2.9700e+00  7.2711e-02
 2.9800e+00  7.2711e-02
 2.9900e+00  7.2711e-02
 3.0000e+00  7.2711e-02
 3.0100e+00  6.9990e-02
 3.0200e+00  6.8938e-02
 3.0300e+00  6.8163e-02
 3.0400e+00  6.7532e-02
 3.0500e+00  6.6993e-02
 3.0600e+00  6.6520e-02
 3.0700e+00  6.6097e-02
 3.0800e+00  6.5713e-02
 3.0900e+00  6.5362e-02
 3.1000e+00  6.5037e-02
 3.1100e+00  6.4735e-02
 3.1200e+00  6.4454e-02
 3.1300e+00  6.4189e-02
 3.1400e+00  6.3940e-02
 3.1500e+00  6.3705e-02
 3.1600e+00  6.3482e-02
 3.1700e+00  6.3271e-02
 3.1800e+00  6.3069e-02
 3.1900e+00  6.2877e-02
 3.2000e+00  6.2694e-02
 3.2100e+00  6.2518e-02
 3.2200e+00  6.2350e-02
 3.2300e+00  6.2189e-02
 3.2400e+00  6.2034e-02
 3.2500e+00  6.1884e-02
 3.2600e+00  6.1741e-02
 3.2700e+00  6.1602e-02
 3.2800e+00  6.1469e-02
 3.2900e+00  6.1340e-02
 3.3000e+00  6.1215e-02
 3.3100e+00  6.1095e-02
 3.3200e+00  6.0978e-02
 3.3300e+00  6.0865e-02
 3.3400e+00  6.0756e-02
 3.3500e+00  6.0650e-02
 3.3600e+00  6.0547e-02
 3.3700e+00  6.0447e-02
 3.3800e+00  6.0350e-02
 3.3900e+00  6.0256e-02
 3.4000e+00  6.0164e-02
 3.4100e+00  6.0075e-02
 3.4200e+00  5.9989e-02
 3.4300e+00  5.9905e-02
 3.4400e+00  5.9823e-02
 3.4500e+00  5.9743e-02
 3.4600e+00  5.9665e-02
 3.4700e+00  5.9589e-02
 3.4800e+00  5.9515e-02
 3.4900e+00  5.9443e-02
 3.5000e+00  5.9373e-02
 3.5100e+00  5.9304e-02
 3.5200e+00  5.9237e-02
 3.5300e+00  5.9172e-02
 3.5400e+00  5.9108e-02
 3.5500e+00  5.9046e-02
 3.5600e+00  5.7978e-02
 3.5700e+00  5.7336e-02
 3.5800e+00  5.6875e-02
 3.5900e+00  5.6498e-02
 3.6000e+00  5.6171e-02
 3.6100e+00  5.5880e-02
 3.6200e+00  5.5616e-02
 3.6300e+00  5.5373e-02
 3.6400e+00  5.5147e-02
 3.6500e+00  5.4936e-02
 3.6600e+00  5.4738e-02
 3.6700e+00  5.4551e-02
 3.6800e+00  5.4374e-02
 3.6900e+00  5.4205e-02
 3.7000e+00  5.4044e-02
 3.7100e+00  5.3890e-02
 3.7200e+00  5.3742e-02
 3.7300e+00  5.3601e-02
 3.7400e+00  5.3465e-02
 3.7500e+00  5.3333e-02
 3.7600e+00  5.3207e-02
 3.7700e+00  5.3085e-02
 3.7800e+00  5.2968e-02
 3.7900e+00  5.2854e-02
 3.8000e+00  5.2743e-02
 3.8100e+00  5.2637e-02
 3.8200e+00  5.2533e-02
 3.8300e+00  5.2433e-02
 3.8400e+00  5.2335e-02
 3.8500e+00  5.2240e-02
 3.8600e+00  5.2148e-02
 3.8700e+00  5.2058e-02
 3.8800e+00  5.1971e-02
 3.8900e+00  5.1886e-02
 3.9000e+00  5.1804e-02
 3.9100e+00  5.1723e-02
 3.9200e+00  5.1644e-02
 3.9300e+00  5.1568e-02
 3.9400e+00  5.1493e-02
 3.9500e+00  5.1420e-02
 3.9600e+00  5.1349e-02
 3.9700e+00  5.1279e-02
 3.9800e+00  5.1211e-02
 3.9900e+00  5.1145e-02
 4.0000e+00  5.1080e-02
 4.0100e+00  5.1016e-02
 4.0200e+00  5.0954e-02
 4.0300e+00  5.0893e-02
 4.0400e+00  5.0834e-02
 4.0500e+00  5.0776e-02
 4.0600e+00  5.0719e-02
 4.0700e+00  5.0663e-02
 4.0800e+00  5.0608e-02
 4.0900e+00  5.0555e-02
 4.1000e+00  5.0502e-02
 4.1100e+00  5.0451e-02
 4.1200e+00  5.0400e-02
 4.1300e+00  5.0351e-02
 4.1400e+00  5.0303e-02
 4.1500e+00  5.0255e-02
 4.1600e+00  5.0208e-02
 4.1700e+00  5.0163e-02
 4.1800e+00  5.0118e-02
 4.1900e+00  5.0074e-02
 4.2000e+00  5.0030e-02
 4.2100e+00  4.9988e-02
 4.2200e+00  4.9946e-02
 4.2300e+00  4.9905e-02
 4.2400e+00  4.9865e-02
 4.2500e+00  4.9825e-02
 4.2600e+00  4.9787e-02
 4.2700e+00  4.9748e-02
 4.2800e+00  4.9711e-02
 4.2900e+00  4.9674e-02
 4.3000e+00  4.9638e-02
 4.3100e+00  4.9602e-02
 4.3200e+00  4.9567e-02
 4.3300e+00  4.9533e-02
 4.3400e+00  4.9499e-02
 4.3500e+00  4.9466e-02
 4.3600e+00  4.9433e-02
 4.3700e+00  4.9401e-02
 4.3800e+00  4.9369e-02
 4.3900e+00  4.9338e-02
 4.4000e+00  4.9307e-02
 4.4100e+00  4.9277e-02
 4.4200e+00  4.9248e-02
 4.4300e+00  4.9218e-02
 4.4400e+00  4.9190e-02
 4.4500e+00  4.9161e-02
 4.4600e+00  4.9133e-02
 4.4700e+00  4.9106e-02
 4.4800e+00  4.9079e-02
 4.4900e+00  4.9052e-02
 4.5000e+00  4.9026e-02
 4.5100e+00  4.9000e-02
 4.5200e+00  4.8975e-02
 4.5300e+00  4.8950e-02
 4.5400e+00  4.8925e-02
 4.5500e+00  4.8901e-02
 4.5600e+00  4.8877e-02
 4.5700e+00  4.8853e-02
 4.5800e+00  4.8830e-02
 4.5900e+00  4.8807e-02
 4.6000e+00  4.8784e-02
 4.6100e+00  4.8762e-02
 4.6200e+00  4.8740e-02
 4.6300e+00  4.8718e-02
 4.6400e+00  4.8697e-02
 4.6500e+00  4.8676e-02
 4.6600e+00  4.8655e-02
 4.6700e+00  4.8635e-02
 4.6800e+00  4.8615e-02
 4.6900e+00  4.8595e-02
 4.7000e+00  4.8575e-02
 4.7100e+00  4.8556e-02
 4.7200e+00  4.8537e-02
 4.7300e+00  4.8518e-02
 4.7400e+00  4.8499e-02
 4.7500e+00  4.8481e-02
 4.7600e+00  4.8463e-02
 4.7700e+00  4.8445e-02
 4.7800e+00  4.8427e-02
 4.7900e+00  4.8410e-02
 4.8000e+00  4.8393e-02
 4.8100e+00  4.8376e-02
 4.8200e+00  4.8359e-02
 4.8300e+00  4.8343e-02
 4.8400e+00  4.8326e-02
 4.8500e+00  4.8310e-02
 4.8600e+00  4.8294e-02
 4.8700e+00  4.8279e-02
 4.8800e+00  4.8263e-02
 4.8900e+00  4.8248e-02
 4.9000e+00  4.8233e-02
 4.9100e+00  4.8218e-02
 4.9200e+00  4.8203e-02
 4.9300e+00  4.8189e-02
 4.9400e+00  4.8175e-02
 4.9500e+00  4.8160e-02
 4.9600e+00  4.8146e-02
 4.9700e+00  4.8133e-02
 4.9800e+00  4.8119e-02
 4.9900e+00  4.8106e-02
 5.0000e+00  4.8092e-02
 5.0100e+00  4.8079e-02
 5.0200e+00  4.8066e-02
 5.0300e+00  4.8053e-02
 5.0400e+00  4.8041e-02
 5.0500e+00  4.8028e-02
 5.0600e+00  4.8016e-02
 5.0700e+00  4.8004e-02
 5.0800e+00  4.7992e-02
 5.0900e+00  4.7980e-02
 5.1000e+00  4.7968e-02
 5.1100e+00  4.7956e-02
 5.1200e+00  4.7945e-02
 5.1300e+00  4.7933e-02
 5.1400e+00  4.7922e-02
 5.1500e+00  4.7911e-02
 5.1600e+00  4.7900e-02
 5.1700e+00  4.7889e-02
 5.1800e+00  4.7878e-02
 5.1900e+00  4.7868e-02
 5.2000e+00  4.7857e-02
 5.2100e+00  4.7847e-02
 5.2200e+00  4.7837e-02
 5.2300e+00  4.7827e-02
 5.2400e+00  4.7817e-02
 5.2500e+00  4.7807e-02
 5.2600e+00  4.7797e-02
 5.2700e+00  4.7787e-02
 5.2800e+00  4.7778e-02
 5.2900e+00  4.7768e-02
 5.3000e+00  4.7759e-02
 5.3100e+00  4.7750e-02
 5.3200e+00  4.7740e-02
 5.3300e+00  4.7731e-02
 5.3400e+00  4.7722e-02
 5.3500e+00  4.7713e-02
 5.3600e+00  4.7705e-02
 5.3700e+00  4.7696e-02
 5.3800e+00  4.7687e-02
 5.3900e+00  4.7679e-02
 5.4000e+00  4.7671e-02
 5.4100e+00  4.7662e-02
 5.4200e+00  4.7654e-02
 5.4300e+00  4.7646e-02
 5.4400e+00  4.7638e-02
 5.4500e+00  4.7630e-02
 5.4600e+00  4.7622e-02
 5.4700e+00  4.7614e-02
 5.4800e+00  4.7607e-02
 5.4900e+00  4.7599e-02
 5.5000e+00  4.7591e-02
 5.5100e+00  4.7584e-02
 5.5200e+00  4.7577e-02
 5.5300e+00  4.7569e-02
 5.5400e+00  4.7562e-02
 5.5500e+00  4.7555e-02
 5.5600e+00  4.7548e-02
 5.5700e+00  4.7541e-02
 5.5800e+00  4.7534e-02
 5.5900e+00  4.7527e-02
 5.6000e+00  4.7520e-02
 5.6100e+00  4.7513e-02
 5.6200e+00  4.7507e-02
 5.6300e+00  4.7500e-02
 5.6400e+00  4.7494e-02
 5.6500e+00  4.7487e-02
 5.6600e+00  4.7481e-02
 5.6700e+00  4.7475e-02
 5.6800e+00  4.7468e-02
 5.6900e+00  4.7462e-02
 5.7000e+00  4.7456e-02
 5.7100e+00  4.7450e-02
 5.7200e+00  4.7444e-02
 5.7300e+00  4.7438e-02
 5.7400e+00  4.7432e-02
 5.7500e+00  4.7426e-02
 5.7600e+00  4.7420e-02
 5.7700e+00  4.7415e-02
 5.7800e+00  4.7409e-02
 5.7900e+00  4.7403e-02
 5.8000e+00  4.7398e-02
 5.8100e+00  4.7392e-02
 5.8200e+00  4.7387e-02
 5.8300e+00  4.7381e-02
 5.8400e+00  4.7376e-02
 5.8500e+00  4.7371e-02
 5.8600e+00  4.7365e-02
 5.8700e+00  4.7360e-02
 5.8800e+00  4.7355e-02
 5.8900e+00  4.7350e-02
 5.9000e+00  4.7345e-02
 5.9100e+00  4.7340e-02
 5.9200e+00  4.7335e-02
 5.9300e+00  4.7330e-02
 5.9400e+00  4.7325e-02
 5.9500e+00  4.7320e-02
 5.9600e+00  4.7316e-02
 5.9700e+00  4.7311e-02
 5.9800e+00  4.7306e-02
 5.9900e+00  4.7301e-02
 6.0000e+00  4.7297e-02
 6.0100e+00  4.7292e-02
 6.0200e+00  4.7288e-02
 6.0300e+00  4.7283e-02
 6.0400e+00  4.7279e-02
 6.0500e+00  4.7274e-02
 6.0600e+00  4.7270e-02
 6.0700e+00  4.7266e-02
 6.0800e+00  4.7262e-02
 6.0900e+00  4.7257e-02
 6.1000e+00  4.7253e-02
 6.1100e+00  4.7249e-02
 6.1200e+00  4.7245e-02
 6.1300e+00  4.7241e-02
 6.1400e+00  4.7237e-02
 6.1500e+00  4.7233e-02
 6.1600e+00  4.7229e-02
 6.1700e+00  4.7225e-02
 6.1800e+00  4.7221e-02
 6.1900e+00  4.7217e-02
 6.2000e+00  4.7213e-02
 6.2100e+00  4.7209e-02
 6.2200e+00  4.7206e-02
 6.2300e+00  4.7202e-02
 6.2400e+00  4.7198e-02
 6.2500e+00  4.7194e-02
 6.2600e+00  4.7191e-02
 6.2700e+00  4.7187e-02
 6.2800e+00  4.7184e-02
 6.2900e+00  4.7180e-02
 6.3000e+00  4.7177e-02
 6.3100e+00  4.7173e-02
 6.3200e+00  4.7170e-02
 6.3300e+00  4.7166e-02
 6.3400e+00  4.7163e-02
 6.3500e+00  4.7159e-02
 6.3600e+00  4.7156e-02
 6.3700e+00  4.7153e-02
 6.3800e+00  4.7150e-02
 6.3900e+00  4.7146e-02
 6.4000e+00  4.7143e-02
 6.4100e+00  4.7140e-02
 6.4200e+00  4.7137e-02
 6.4300e+00  4.7134e-02
 6.4400e+00  4.7130e-02
 6.4500e+00  4.7127e-02
 6.4600e+00  4.7124e-02
 6.4700e+00  4.7121e-02
 6.4800e+00  4.7118e-02
 6.4900e+00  4.7115e-02
 6.5000e+00  4.7112e-02
 6.5100e+00  4.7109e-02
 6.5200e+00  4.7106e-02
 6.5300e+00  4.7104e-02
 6.5400e+00  4.7101e-02
 6.5500e+00  4.7098e-02
 6.5600e+00  4.7095e-02
 6.5700e+00  4.7092e-02
 6.5800e+00  4.7090e-02
 6.5900e+00  4.7087e-02
 6.6000e+00  4.7084e-02
 6.6100e+00  4.7081e-02
 6.6200e+00  4.7079e-02
 6.6300e+00  4.7076e-02
 6.6400e+00  4.7073e-02
 6.6500e+00  4.7071e-02
 6.6600e+00  4.7068e-02
 6.6700e+00  4.7066e-02
 6.6800e+00  4.7063e-02
 6.6900e+00  4.7061e-02
 6.7000e+00  4.7058e-02
 6.7100e+00  4.7056e-02
 6.7200e+00  4.7053e-02
 6.7300e+00  4.7051e-02
 6.7400e+00  4.7048e-02
 6.7500e+00  4.7046e-02
 6.7600e+00  4.7043e-02
 6.7700e+00  4.7041e-02
 6.7800e+00  4.7039e-02
 6.7900e+00  4.7036e-02
 6.8000e+00  4.7034e-02
 6.8100e+00  4.7032e-02
 6.8200e+00  4.7029e-02
 6.8300e+00  4.7027e-02
 6.8400e+00  4.7025e-02
 6.8500e+00  4.7023e-02
 6.8600e+00  4.7020e-02
 6.8700e+00  4.7018e-02
 6.8800e+00  4.7016e-02
 6.8900e+00  4.7014e-02
 6.9000e+00  4.7012e-02
 6.9100e+00  4.7010e-02
 6.9200e+00  4.7008e-02
 6.9300e+00  4.7005e-02
 6.9400e+00  4.7003e-02
 6.9500e+00  4.7001e-02
 6.9600e+00  4.6999e-02
 6.9700e+00  4.6997e-02
 6.9800e+00  4.6995e-02
 6.9900e+00  4.6993e-02
 7.0000e+00  4.6991e-02
 7.0100e+00  4.6989e-02
 7.0200e+00  4.6987e-02
 7.0300e+00  4.6985e-02
 7.0400e+00  4.6983e-02
 7.0500e+00  4.6982e-02
 7.0600e+00  4.6980e-02
 7.0700e+00  4.6978e-02
 7.0800e+00  4.6976e-02
 7.0900e+00  4.6974e-02
 7.1000e+00  4.6972e-02
 7.1100e+00  4.6970e-02
 7.1200e+00  4.6969e-02
 7.1300e+00  4.6967e-02
 7.1400e+00  4.6965e-02
 7.1500e+00  4.6963e-02
 7.1600e+00  4.6961e-02
 7.1700e+00  4.6960e-02
 7.1800e+00  4.6958e-02
 7.1900e+00  4.6956e-02
 7.2000e+00  4.6955e-02
 7.2100e+00  4.6953e-02
 7.2200e+00  4.6951e-02
 7.2300e+00  4.6950e-02
 7.2400e+00  4.6948e-02
 7.2500e+00  4.6946e-02
 7.2600e+00  4.6945e-02
 7.2700e+00  4.6943e-02
 7.2800e+00  4.6941e-02
 7.2900e+00  4.6940e-02
 7.3000e+00  4.6938e-02
 7.3100e+00  4.6937e-02
 7.3200e+00  4.6935e-02
 7.3300e+00  4.6934e-02
 7.3400e+00  4.6932e-02
 7.3500e+00  4.6930e-02
 7.3600e+00  4.6929e-02
 7.3700e+00  4.6927e-02
 7.3800e+00  4.6926e-02
 7.3900e+00  4.6924e-02
 7.4000e+00  4.6923e-02
 7.4100e+00  4.6922e-02
 7.4200e+00  4.6920e-02
 7.4300e+00  4.6919e-02
 7.4400e+00  4.6917e-02
 7.4500e+00  4.6916e-02
 7.4600e+00  4.6914e-02
 7.4700e+00  4.6913e-02
 7.4800e+00  4.6912e-02
 7.4900e+00  4.6910e-02
 7.5000e+00  4.6909e-02
 7.5100e+00  4.6907e-02
 7.5200e+00  4.6906e-02
 7.5300e+00  4.6905e-02
 7.5400e+00  4.6903e-02
 7.5500e+00  4.6902e-02
 7.5600e+00  4.6901e-02
 7.5700e+00  4.6899e-02
 7.5800e+00  4.6898e-02
 7.5900e+00  4.6897e-02
 7.6000e+00  4.6896e-02
 7.6100e+00  4.6894e-02
 7.6200e+00  4.6893e-02
 7.6300e+00  4.6892e-02
 7.6400e+00  4.6891e-02
 7.6500e+00  4.6889e-02
 7.6600e+00  4.6888e-02
 7.6700e+00  4.6887e-02
 7.6800e+00  4.6886e-02
 7.6900e+00  4.6884e-02
 7.7000e+00  4.6883e-02
 7.7100e+00  4.6882e-02
 7.7200e+00  4.6881e-02
 7.7300e+00  4.6880e-02
 7.7400e+00  4.6879e-02
 7.7500e+00  4.6877e-02
 7.7600e+00  4.6876e-02
 7.7700e+00  4.6875e-02
 7.7800e+00  4.6874e-02
 7.7900e+00  4.6873e-02
 7.8000e+00  4.6872e-02
 7.8100e+00  4.6871e-02
 7.8200e+00  4.6870e-02
 7.8300e+00  4.6868e-02
 7.8400e+00  4.6867e-02
 7.8500e+00  4.6866e-02
 7.8600e+00  4.6865e-02
 7.8700e+00  4.6864e-02
 7.8800e+00  4.6863e-02
 7.8900e+00  4.6862e-02
 7.9000e+00  4.6861e-02
 7.9100e+00  4.6860e-02
 7.9200e+00  4.6859e-02
 7.9300e+00  4.6858e-02
 7.9400e+00  4.6857e-02
 7.9500e+00  4.6856e-02
 7.9600e+00  4.6855e-02
 7.9700e+00  4.6854e-02
 7.9800e+00  4.6853e-02
 7.9900e+00  4.6852e-02
 8.0000e+00  4.6851e-02
 8.0100e+00  4.6850e-02
 8.0200e+00  4.6849e-02
 8.0300e+00  4.6848e-02
 8.0400e+00  4.6847e-02
 8.0500e+00  4.6846e-02
 8.0600e+00  4.6845e-02
 8.0700e+00  4.6844e-02
 8.0800e+00  4.6843e-02
 8.0900e+00  4.6842e-02
 8.1000e+00  4.6842e-02
 8.1100e+00  4.6841e-02
 8.1200e+00  4.6840e-02
 8.1300e+00  4.6839e-02
 8.1400e+00  4.6838e-02
 8.1500e+00  4.6837e-02
 8.1600e+00  4.6836e-02
 8.1700e+00  4.6835e-02
 8.1800e+00  4.6834e-02
 8.1900e+00  4.6834e-02
 8.2000e+00  4.6833e-02
 8.2100e+00  4.6832e-02
 8.2200e+00  4.6831e-02
 8.2300e+00  4.6830e-02
 8.2400e+00  4.6829e-02
 8.2500e+00  4.6828e-02
 8.2600e+00  4.6828e-02
 8.2700e+00  4.6827e-02
 8.2800e+00  4.6826e-02
 8.2900e+00  4.6825e-02
 8.3000e+00  4.6824e-02
 8.3100e+00  4.6824e-02
 8.3200e+00  4.6823e-02
 8.3300e+00  4.6822e-02
 8.3400e+00  4.6821e-02
 8.3500e+00  4.6820e-02
 8.3600e+00  4.6820e-02
 8.3700e+00  4.6819e-02
 8.3800e+00  4.6818e-02
 8.3900e+00  4.6817e-02
 8.4000e+00  4.6817e-02
 8.4100e+00  4.6816e-02
 8.4200e+00  4.6815e-02
 8.4300e+00  4.6814e-02
 8.4400e+00  4.6814e-02
 8.4500e+00  4.6813e-02
 8.4600e+00  4.6812e-02
 8.4700e+00  4.6811e-02
 8.4800e+00  4.6811e-02
 8.4900e+00  4.6810e-02
 8.5000e+00  4.6809e-02
 8.5100e+00  4.6809e-02
 8.5200e+00  4.6808e-02
 8.5300e+00  4.6807e-02
 8.5400e+00  4.6806e-02
 8.5500e+00  4.6806e-02
 8.5600e+00  4.6805e-02
 8.5700e+00  4.6804e-02
 8.5800e+00  4.6804e-02
 8.5900e+00  4.6803e-02
 8.6000e+00  4.6802e-02
 8.6100e+00  4.6802e-02
 8.6200e+00  4.6801e-02
 8.6300e+00  4.6800e-02
 8.6400e+00  4.6800e-02
 8.6500e+00  4.6799e-02
 8.6600e+00  4.6798e-02
 8.6700e+00  4.6798e-02
 8.6800e+00  4.6797e-02
 8.6900e+00  4.6797e-02
 8.7000e+00  4.6796e-02
 8.7100e+00  4.6795e-02
 8.7200e+00  4.6795e-02
 8.7300e+00  4.6794e-02
 8.7400e+00  4.6793e-02
 8.7500e+00  4.6793e-02
 8.7600e+00  4.6792e-02
 8.7700e+00  4.6792e-02
 8.7800e+00  4.6791e-02
 8.7900e+00  4.6790e-02
 8.8000e+00  4.6790e-02
 8.8100e+00  4.6789e-02
 8.8200e+00  4.6789e-02
 8.8300e+00  4.6788e-02
 8.8400e+00  4.6788e-02
 8.8500e+00  4.6787e-02
 8.8600e+00  4.6786e-02
 8.8700e+00  4.6786e-02
 8.8800e+00  4.6785e-02
 8.8900e+00  4.6785e-02
 8.9000e+00  4.6784e-02
 8.9100e+00  4.6784e-02
 8.9200e+00  4.6783e-02
 8.9300e+00  4.6782e-02
 8.9400e+00  4.6782e-02
 8.9500e+00  4.6781e-02
 8.9600e+00  4.6781e-02
 8.9700e+00  4.6780e-02
 8.9800e+00  4.6780e-02
 8.9900e+00  4.6779e-02
 9.0000e+00  4.6779e-02
 9.0100e+00  4.6778e-02
 9.0200e+00  4.6778e-02
 9.0300e+00  4.6777e-02
 9.0400e+00  4.6777e-02
 9.0500e+00  4.6776e-02
 9.0600e+00  4.6776e-02
 9.0700e+00  4.6775e-02
 9.0800e+00  4.6775e-02
 9.0900e+00  4.6774e-02
 9.1000e+00  4.6774e-02
 9.1100e+00  4.6773e-02
 9.1200e+00  4.6773e-02
 9.1300e+00  4.6772e-02
 9.1400e+00  4.6772e-02
 9.1500e+00  4.6771e-02
 9.1600e+00  4.6771e-02
 9.1700e+00  4.6770e-02
 9.1800e+00  4.6770e-02
 9.1900e+00  4.6769e-02
 9.2000e+00  4.6769e-02
 9.2100e+00  4.6768e-02
 9.2200e+00  4.6768e-02
 9.2300e+00  4.6767e-02
 9.2400e+00  4.6767e-02
 9.2500e+00  4.6766e-02
 9.2600e+00  4.6766e-02
 9.2700e+00  4.6765e-02
 9.2800e+00  4.6765e-02
 9.2900e+00  4.6765e-02
 9.3000e+00  4.6764e-02
 9.3100e+00  4.6764e-02
 9.3200e+00  4.6763e-02
 9.3300e+00  4.6763e-02
 9.3400e+00  4.6762e-02
 9.3500e+00  4.6762e-02
 9.3600e+00  4.6762e-02
 9.3700e+00  4.6761e-02
 9.3800e+00  4.6761e-02
 9.3900e+00  4.6760e-02
 9.4000e+00  4.6760e-02
 9.4100e+00  4.6759e-02
 9.4200e+00  4.6759e-02
 9.4300e+00  4.6759e-02
 9.4400e+00  4.6758e-02
 9.4500e+00  4.6758e-02
 9.4600e+00  4.6757e-02
 9.4700e+00  4.6757e-02
 9.4800e+00  4.6757e-02
 9.4900e+00  4.6756e-02
 9.5000e+00  4.6756e-02
 9.5100e+00  4.6755e-02
 9.5200e+00  4.6755e-02
 9.5300e+00  4.6755e-02
 9.5400e+00  4.6754e-02
 9.5500e+00  4.6754e-02
 9.5600e+00  4.6753e-02
 9.5700e+00  4.6753e-02
 9.5800e+00  4.6753e-02
 9.5900e+00  4.6752e-02
 9.6000e+00  4.6752e-02
 9.6100e+00  4.6588e-02
 9.6200e+00  4.6521e-02
 9.6300e+00  4.6469e-02
 9.6400e+00  4.6426e-02
 9.6500e+00  4.6389e-02
 9.6600e+00  4.6355e-02
 9.6700e+00  4.6323e-02
 9.6800e+00  4.6295e-02
 9.6900e+00  4.6268e-02
 9.7000e+00  4.6242e-02
 9.7100e+00  4.6218e-02
 9.7200e+00  4.6195e-02
 9.7300e+00  4.6174e-02
 9.7400e+00  4.6153e-02
 9.7500e+00  4.6133e-02
 9.7600e+00  4.6114e-02
 9.7700e+00  4.6095e-02
 9.7800e+00  4.6077e-02
 9.7900e+00  4.6059e-02
 9.8000e+00  4.6043e-02
 9.8100e+00  4.6026e-02
 9.8200e+00  4.6010e-02
 9.8300e+00  4.5995e-02
 9.8400e+00  4.5980e-02
 9.8500e+00  4.5965e-02
 9.8600e+00  4.5951e-02
 9.8700e+00  4.5937e-02
 9.8800e+00  4.5923e-02
 9.8900e+00  4.5909e-02
 9.9000e+00  4.5896e-02
 9.9100e+00  4.5883e-02
 9.9200e+00  4.5871e-02
 9.9300e+00  4.5859e-02
 9.9400e+00  4.5846e-02
 9.9500e+00  4.5835e-02
 9.9600e+00  4.5823e-02
 9.9700e+00  4.5812e-02
 9.9800e+00  4.5800e-02
 9.9900e+00  4.5789e-02
