0.2341928845010921 0.8077193448517946
0.23690473757010325 0.7952684594270694
0.2396479927335187 0.7830095027321037
0.2424230136141113 0.770167572038928
0.2452301680452499 0.7446713127750507
0.24806982811965556 0.7200191025987375
0.2509423702387231 0.6961829994164133
0.2538481751624147 0.6648470117130468
0.2567876280597288 0.6202887361495155
0.2597611185597556 0.5787167715510884
0.26276904080332303 0.5408164166463261
0.2658117934952405 0.5066025896508334
0.2688897799571477 0.47455324199000654
0.27200340818097674 0.44453144157521973
0.2751530908830301 0.4164089190925901
0.2783392455586884 0.3900655199673173
0.2815622945377493 0.3653886909985765
0.2848226650404085 0.34352842721205
0.2881207892338876 0.3231859190484817
0.2914571042897201 0.3040480204764476
0.2948320524416974 0.2860433988826673
0.2982460810444885 0.2711154994383257
0.3016996426329375 0.2585078956046656
0.3051931949820478 0.24648657944085772
0.3087272011676604 0.235024286984904
0.3123021296278368 0.2240950221227593
0.31591845422494896 0.21367399762997938
0.3195766543084926 0.20373757895508168
0.32327721477862403 0.19467476332475447
0.3270206261504359 0.18663517688247402
0.3308073846189742 0.17892760548446127
0.334637992125012 0.17153833773020766
0.3385129564215797 0.1652412420510844
0.3424327911412705 0.15922788310159844
0.3463980158643222 0.1534333586598087
0.3504091561874889 0.1478497050331831
0.3544667437937093 0.14246924833905283
0.3585713165225823 0.13724194229754302
0.3627234184416592 0.1321942691004684
0.3669235999185591 0.12733224618112898
0.3711724176939221 0.1226490454378872
0.375470434955206 0.11827425693631437
0.3798182214113375 0.1143230166470715
0.384216353368228 0.1105037771856316
0.3886654138051648 0.10681212874209507
0.393165992452084 0.10370938193557543
0.3977186858677417 0.10093510472605537
0.4023240975187882 0.09812398007491313
0.4069828378597587 0.09496059373904794
0.4116955244139893 0.09189919076242198
0.4164627818554724 0.0889364833374585
0.4212852420916562 0.0863417759822685
0.4261635443472059 0.08390131529108247
0.4310983352487342 0.08152983451509352
0.43609026891051217 0.07922538392869545
0.44114000702117306 0.07677829066778412
0.4462482189314218 0.07437208723434079
0.4514155817427557 0.07204129333284666
0.456642780397217 0.0697835456562638
0.4619305077681834 0.06767212385361482
0.4672794647522083 0.0658146226493879
0.4726903603619259 0.06400810714691287
0.4781639118200339 0.06225117786296038
0.4837008446543597 0.06054247372807729
0.4893018927940314 0.05887915067344267
0.4949677986667622 0.057230686789094605
0.5006993132972586 0.055628375628536175
0.5064971964067708 0.05407366646377231
0.5123622165137965 0.05258293670539212
0.518295151035946 0.05113330412717098
0.5242967863929925 0.04972363574158541
0.5303679181111122 0.048352829795876184
0.5365093509283333 0.047088963402124706
0.5427218989012043 0.04586190284948901
0.5490063855127005 0.04466681746663929
0.5553636437813753 0.04348560725625721
0.5617945163717794 0.04225040478894999
0.5682998557061576 0.0410637319093725
0.5748805240774384 0.03998887975342251
0.5815373937635314 0.0389833275698377
0.588271347142952 0.037968783701514526
0.5950832768117782 0.03669361988278904
0.6019740857019676 0.03560439265787159
0.6089446872010429 0.03456789485235204
0.6159960052731618 0.03364393454549367
0.6231289745815898 0.03307558374498661
0.6303445406125935 0.032066387871159494
0.6376436598007631 0.031254191519964315
0.645027299655791 0.030595088147146322
0.6524964388907167 0.029590092961615543
0.6600520675516567 0.028751834851858647
0.6676951871490355 0.0279515133880253
0.6754268107903407 0.027122594038515805
0.6832479633144075 0.026337825599598783
0.6911596814272658 0.02572588138423356
0.6991630138395559 0.02512815534042176
0.7072590214055375 0.024544317117132588
0.7154487772637064 0.02385797701354981
0.7237333669790434 0.023042661716841148
0.7321138886869042 0.022426880636262036
0.7405914532385804 0.021827555395023845
0.7491671843485457 0.021244246235139572
0.757842218743404 0.02072298312528226
0.766617706312566 0.02022011820733124
0.7754948102606672 0.01972945583397422
0.7844747072617557 0.01915944833341918
0.7935585876152578 0.018600813920241085
0.8027476554037566 0.01810425889777953
0.812043128652595 0.017479921169763636
0.8214462394913262 0.01721507961436938
0.8309582343170344 0.016907897278829652
0.8405803739595488 0.01631387211291994
0.8503139338485647 0.01598123675166122
0.8601602041827064 0.015614176250702837
0.8701204901005447 0.01517445848700531
0.8801961118535944 0.015013154507635625
0.8903884049813156 0.014697710913150615
0.9006987204881441 0.01438138818303103
0.9111284250225652 0.014059660385120652
0.9216789010582676 0.01389625827734929
0.9323515470773914 0.014013744367631802
0.9431477777559 0.014130605650802444
0.9540690241510964 0.014245724133804897
0.9651167338913152 0.014641971271217
0.9762923713678032 0.015399897808909251
0.9875974179288296 0.018832462757768037
0.977529564922222 0.026854033004396566
0.9663397652674176 0.0312148646881112
0.9552780554636088 0.035547865523261266
0.9443429692638174 0.0393170591496411
0.933533057205223 0.04365146832326109
0.9228468864170344 0.04830562738681863
0.9122830404305567 0.05326237283089109
0.9018401189914432 0.05756132236194535
0.891516737874083 0.06183507904044529
0.8813115286981237 0.06760206047972434
0.8712231387470881 0.07229407987288289
0.8612502307890719 0.07731175570061635
0.8513914828994871 0.08248562944539221
0.8416455882858441 0.08788893996853223
0.8320112551145318 0.09345524261180703
0.8224872063395827 0.09884201368654807
0.813072179533399 0.1046231495450563
0.8037649267194169 0.1119805700752701
0.7945642142066813 0.11810131706475382
0.7854688224263239 0.12468114843387593
0.7764775457699037 0.13210961512673894
0.7675891924296027 0.13970827896747426
0.7588025842402495 0.14698059239119696
0.7501165565231532 0.1546314556254506
0.7415299579317195 0.16271570095494348
0.7330416502988433 0.17125082304515304
0.7246505084860391 0.17981293611193364
0.7163554202343029 0.18805140399758247
0.7081552860166817 0.1963732748339995
0.7000490188925286 0.20463788008841555
0.6920355443634251 0.2140899668250163
0.6841138002307591 0.22485765379695016
0.6762827364549251 0.2352608276678242
0.6685413150161416 0.24470078147748542
0.6608885097768592 0.25536047673992246
0.6533233063457455 0.2664845313820136
0.6458447019432231 0.2772575570632161
0.638451705268553 0.28790005788932116
0.631143336368435 0.2993459539414797
0.6239186265071127 0.3113887246864675
0.6167766180379665 0.3254431863479854
0.6097163642765765 0.3329297541943176
0.6027369293752356 0.3478221893476713
0.5958373881989055 0.36435522612214916
0.5890168262025856 0.3740858817200129
0.5822743393100892 0.38595478098366776
0.5756090337942076 0.4014990827571863
0.5690200261582439 0.41766943019597813
0.5625064430189058 0.4294071331310071
0.5560674209905347 0.4416299285460875
0.5497021065706655 0.4585604514162033
0.5434096560268918 0.47614003039897707
0.5371892352850282 0.49439354800043706
0.5310400198185524 0.512628045852116
0.5249611945393137 0.5306262391579772
0.5189519536894892 0.549256342802918
0.5130115007347831 0.5685405429402829
0.5071390482588424 0.5885018046715839
0.5013338178588839 0.6107643511306637
0.4955950400425162 0.6338887711158913
0.4899219541257427 0.6578887150223528
0.4843138081321291 0.682797331449548
0.4787698586931317 0.7171072277769603
0.47328937094956 0.7618023369966821
0.4678716184541709 0.7815440459892621
0.4625158830753767 0.7819728374785226
0.4572214549020561 0.7824018642227792
0.4519876321494529 0.7828311263511033
0.4468137210661557 0.7832606239926377
0.44169903584213815 0.7836903572765962
0.4366428985178547 0.7841203263322628
0.4316446388943755 0.784550531288993
0.4267035944445513 0.7849809722762131
0.42181911022519225 0.7854116494234206
0.4169905387902574 0.7858425628601836
0.4122172401050322 0.7862737127161419
0.40749858146129214 0.7867050991210058
0.4028339373934355 0.7871367222045571
0.3982226895955781 0.7875685820966488
0.3936642268395933 0.7880006789272052
0.3891579448940963 0.7884330128262216
0.3847032464443497 0.7888655839237649
0.3802995410130899 0.7892983923499733
0.3759462448822571 0.7897314382350564
0.3716427810156242 0.7901647217092951
0.3673885789823077 0.7905982429030419
0.3631830748811581 0.791032001946721
0.35902571126601324 0.7914659989708275
0.3549159370718077 0.7919002341059289
0.3508532075415282 0.792334707482664
0.34683698415400616 0.7927694192317432
0.3428667345525338 0.7932043694839487
0.3389419324743019 0.7936395583701343
0.3350620576806413 0.7940749860212258
0.33122659588806497 0.794510652568221
0.3274350387000988 0.794946558142189
0.32368688353989306 0.7953827028742712
0.3199816335836039 0.7958190868956809
0.3163187976945406 0.7962557103377035
0.31269789035806306 0.7966925733316962
0.3091184316172268 0.7971296760090884
0.3055799470091634 0.7975670185013815
0.3020819675021906 0.7980046009401492
0.2986240294336396 0.7984424234570374
0.2952056744483981 0.7988804861837642
0.2918264494381531 0.7993187892521195
0.2884859064813315 0.7997573327939664
0.28518360278372656 0.8001961169412397
0.2819191006198057 0.8006351418259466
0.2786919672746889 0.8010744075801671
0.27550177498679096 0.8015139143360532
0.2723481008911226 0.80195366222583
0.2692305269632377 0.8023936513817944
0.2661486399638243 0.8028338819363166
0.2631020313839285 0.8032743540218388
0.2600902973908065 0.8037150677708764
0.25711303877439506 0.8041560233160172
0.25416986089439675 0.8045972207899218
0.25126037362796905 0.8050386603253236
0.24838419131801304 0.8054803420550287
0.245540932722054 0.8059222661119164
0.24273022096170746 0.8063644326289385
0.2399516834727221 0.8068068417391201
0.23720495195559765 0.807249493575559
0.2344896623267649 0.8076923882714261
