0.02622173494090287 0.027108897400936693
0.042701453061387805 0.012821880420051751
0.07505654413955731 0.005630801702263305
0.10792832234356953 0.0033527587191352387
0.1464853342000851 0.002491821170496442
0.1991323456975072 0.0010867919863573946
0.3367595304720354 0.0005717399055764766
0.38496773321696215 0.0004770379783121794
0.4704542398050875 0.0003819024799820883
0.5859160154812885 0.0003159037901474297
0.6633982863704704 0.00027015587018587394
0.9003070867422096 0.00020747903101180084
1.0290382271477685 0.0001818429669530528
1.1764057570807802 0.00014925481246033385
1.2943530096746114 0.00013191577757335355
1.437640166683413 0.00011948898330807738
1.5814315639769096 0.00011369674610687823
1.7720425632971053 0.00013062788378760483
1.8921894314735235 0.00018427330954471076
1.9668662751260602 0.0036447901260056588
2.1841753476237633 0.003525284027946655
1.7614785625491034 0.02384762969953376
1.5102903315670022 0.0403374182496766
