1.000000000000000021e-02       0.000000000000000000e+00
2.000000000000000042e-02       0.000000000000000000e+00
2.999999999999999889e-02       0.000000000000000000e+00
4.000000000000000083e-02       0.000000000000000000e+00
5.000000000000000278e-02       0.000000000000000000e+00
5.999999999999999778e-02       0.000000000000000000e+00
7.000000000000000666e-02       0.000000000000000000e+00
8.000000000000000167e-02       0.000000000000000000e+00
8.999999999999999667e-02       0.000000000000000000e+00
1.000000000000000056e-01       0.000000000000000000e+00
1.100000000000000006e-01       0.000000000000000000e+00
1.199999999999999956e-01       0.000000000000000000e+00
1.300000000000000044e-01       0.000000000000000000e+00
1.400000000000000133e-01       0.000000000000000000e+00
1.499999999999999944e-01       0.000000000000000000e+00
1.600000000000000033e-01       0.000000000000000000e+00
1.700000000000000122e-01       0.000000000000000000e+00
1.799999999999999933e-01       0.000000000000000000e+00
1.900000000000000022e-01       0.000000000000000000e+00
2.000000000000000111e-01       0.000000000000000000e+00
2.099999999999999922e-01       0.000000000000000000e+00
2.200000000000000011e-01       0.000000000000000000e+00
2.300000000000000100e-01       0.000000000000000000e+00
2.399999999999999911e-01       0.000000000000000000e+00
2.500000000000000000e-01       0.000000000000000000e+00
2.600000000000000089e-01       0.000000000000000000e+00
2.700000000000000178e-01       0.000000000000000000e+00
2.800000000000000266e-01       0.000000000000000000e+00
2.899999999999999800e-01       0.000000000000000000e+00
2.999999999999999889e-01       0.000000000000000000e+00
3.099999999999999978e-01       0.000000000000000000e+00
3.200000000000000067e-01       0.000000000000000000e+00
3.300000000000000155e-01       0.000000000000000000e+00
3.400000000000000244e-01       0.000000000000000000e+00
3.499999999999999778e-01       0.000000000000000000e+00
3.599999999999999867e-01       0.000000000000000000e+00
3.699999999999999956e-01       0.000000000000000000e+00
3.800000000000000044e-01       0.000000000000000000e+00
3.900000000000000133e-01       0.000000000000000000e+00
4.000000000000000222e-01       0.000000000000000000e+00
4.099999999999999756e-01       0.000000000000000000e+00
4.199999999999999845e-01       0.000000000000000000e+00
4.299999999999999933e-01       0.000000000000000000e+00
4.400000000000000022e-01       0.000000000000000000e+00
4.500000000000000111e-01       0.000000000000000000e+00
4.600000000000000200e-01       0.000000000000000000e+00
4.699999999999999734e-01       0.000000000000000000e+00
4.799999999999999822e-01       0.000000000000000000e+00
4.899999999999999911e-01       0.000000000000000000e+00
5.000000000000000000e-01       0.000000000000000000e+00
5.100000000000000089e-01       0.000000000000000000e+00
5.200000000000000178e-01       0.000000000000000000e+00
5.300000000000000266e-01       0.000000000000000000e+00
5.400000000000000355e-01       0.000000000000000000e+00
5.500000000000000444e-01       0.000000000000000000e+00
5.600000000000000533e-01       0.000000000000000000e+00
5.699999999999999512e-01       0.000000000000000000e+00
5.799999999999999600e-01       0.000000000000000000e+00
5.899999999999999689e-01       0.000000000000000000e+00
5.999999999999999778e-01       0.000000000000000000e+00
6.099999999999999867e-01       0.000000000000000000e+00
6.199999999999999956e-01       0.000000000000000000e+00
6.300000000000000044e-01       0.000000000000000000e+00
6.400000000000000133e-01       0.000000000000000000e+00
6.500000000000000222e-01       0.000000000000000000e+00
6.600000000000000311e-01       0.000000000000000000e+00
6.700000000000000400e-01       0.000000000000000000e+00
6.800000000000000488e-01       0.000000000000000000e+00
6.899999999999999467e-01       0.000000000000000000e+00
6.999999999999999556e-01       0.000000000000000000e+00
7.099999999999999645e-01       0.000000000000000000e+00
7.199999999999999734e-01       0.000000000000000000e+00
7.299999999999999822e-01       0.000000000000000000e+00
7.399999999999999911e-01       0.000000000000000000e+00
7.500000000000000000e-01       0.000000000000000000e+00
7.600000000000000089e-01       0.000000000000000000e+00
7.700000000000000178e-01       0.000000000000000000e+00
7.800000000000000266e-01       0.000000000000000000e+00
7.900000000000000355e-01       0.000000000000000000e+00
8.000000000000000444e-01       0.000000000000000000e+00
8.100000000000000533e-01       0.000000000000000000e+00
8.199999999999999512e-01       0.000000000000000000e+00
8.299999999999999600e-01       0.000000000000000000e+00
8.399999999999999689e-01       0.000000000000000000e+00
8.499999999999999778e-01       0.000000000000000000e+00
8.599999999999999867e-01       0.000000000000000000e+00
8.699999999999999956e-01       0.000000000000000000e+00
8.800000000000000044e-01       0.000000000000000000e+00
8.900000000000000133e-01       0.000000000000000000e+00
9.000000000000000222e-01       1.029172054215660734e-04
9.100000000000000311e-01       4.609567570089927592e-04
9.200000000000000400e-01       1.020537500565356056e-03
9.300000000000000488e-01       1.733802113936099487e-03
9.399999999999999467e-01       2.561521075777860746e-03
9.499999999999999556e-01       3.471731750118874603e-03
9.599999999999999645e-01       4.379036618324696345e-03
9.699999999999999734e-01       5.390807672011929674e-03
9.799999999999999822e-01       6.427206061080996576e-03
9.899999999999999911e-01       7.473830563669290813e-03
1.000000000000000000e+00       8.518886814607709232e-03
1.010000000000000009e+00       9.552787130126362894e-03
1.020000000000000018e+00       1.056780983060499716e-02
1.030000000000000027e+00       1.155780912700200488e-02
1.040000000000000036e+00       1.251796801127023559e-02
1.050000000000000044e+00       1.344458775205702693e-02
1.060000000000000053e+00       1.433490857156142703e-02
1.070000000000000062e+00       1.518695690118136363e-02
1.080000000000000071e+00       1.599941530682392338e-02
1.090000000000000080e+00       1.677151176034508834e-02
1.100000000000000089e+00       1.750292542883837357e-02
1.110000000000000098e+00       1.819370657283370107e-02
1.120000000000000107e+00       1.884420849989599731e-02
1.129999999999999893e+00       1.945502982177754053e-02
1.139999999999999902e+00       2.002696551945309933e-02
1.149999999999999911e+00       2.056096553825759177e-02
1.159999999999999920e+00       2.105809982075732695e-02
1.169999999999999929e+00       2.151952884298802618e-02
1.179999999999999938e+00       2.194647885428633802e-02
1.189999999999999947e+00       2.234022113613307048e-02
1.199999999999999956e+00       2.270205469324409336e-02
1.209999999999999964e+00       2.303329187441426409e-02
1.219999999999999973e+00       2.333524649218516461e-02
1.229999999999999982e+00       2.360922407193256217e-02
1.239999999999999991e+00       2.385651391358047102e-02
1.250000000000000000e+00       2.407838269499935555e-02
1.260000000000000009e+00       2.427606937954898680e-02
1.270000000000000018e+00       2.445078123969164630e-02
1.280000000000000027e+00       2.460369080885039736e-02
1.290000000000000036e+00       2.473593362805921389e-02
1.300000000000000044e+00       2.484860665536754026e-02
1.310000000000000053e+00       2.494276723164394124e-02
1.320000000000000062e+00       2.501943251040182961e-02
1.330000000000000071e+00       2.507957927278328669e-02
1.340000000000000080e+00       2.512414406005314751e-02
1.350000000000000089e+00       2.515402356645632040e-02
1.360000000000000098e+00       2.517007524287523043e-02
1.370000000000000107e+00       2.517311806985498418e-02
1.379999999999999893e+00       2.516393346436063619e-02
1.389999999999999902e+00       2.514326629019519518e-02
1.399999999999999911e+00       2.511182594660529843e-02
1.409999999999999920e+00       2.507028751362338700e-02
1.419999999999999929e+00       2.501929293605622065e-02
1.429999999999999938e+00       2.495945223102658678e-02
1.439999999999999947e+00       2.489134470645603184e-02
1.449999999999999956e+00       2.481552018004539936e-02
1.459999999999999964e+00       2.473250017836049752e-02
1.469999999999999973e+00       2.464277917996036613e-02
1.479999999999999982e+00       2.454682571900230689e-02
1.489999999999999991e+00       2.444508358264305473e-02
1.500000000000000000e+00       2.433797291980322255e-02
1.510000000000000009e+00       2.422589133029571032e-02
1.520000000000000018e+00       2.410921491881345968e-02
1.530000000000000027e+00       2.398829930954084547e-02
1.540000000000000036e+00       2.386348062497867240e-02
1.550000000000000044e+00       2.373507643006671913e-02
1.560000000000000053e+00       2.360338664111388818e-02
1.570000000000000062e+00       2.346869439929372830e-02
1.580000000000000071e+00       2.333126690890950650e-02
1.590000000000000080e+00       2.319135624064112833e-02
1.600000000000000089e+00       2.304920005090826951e-02
1.610000000000000098e+00       2.290502145242307580e-02
1.620000000000000107e+00       2.275902918464456359e-02
1.629999999999999893e+00       2.261141886487271629e-02
1.639999999999999902e+00       2.246237389395591005e-02
1.649999999999999911e+00       2.231206621909338078e-02
1.659999999999999920e+00       2.216065702828447573e-02
1.669999999999999929e+00       2.200829739474075356e-02
1.679999999999999938e+00       2.185512888097976975e-02
1.689999999999999947e+00       2.170128410619797873e-02
1.699999999999999956e+00       2.154688727954235869e-02
1.709999999999999964e+00       2.139205470410873028e-02
1.719999999999999973e+00       2.123689524852552177e-02
1.729999999999999982e+00       2.108151079477811954e-02
1.739999999999999991e+00       2.092599665711289761e-02
1.750000000000000000e+00       2.077044197715263371e-02
1.760000000000000009e+00       2.061493009559883446e-02
1.770000000000000018e+00       2.045953890189119648e-02
1.780000000000000027e+00       2.030434116276015957e-02
1.790000000000000036e+00       2.014940483052401685e-02
1.800000000000000044e+00       1.999479332577249607e-02
1.810000000000000053e+00       1.984056579501945750e-02
1.820000000000000062e+00       1.968677735372684548e-02
1.830000000000000071e+00       1.953347931793430678e-02
1.840000000000000080e+00       1.938071942404074807e-02
1.850000000000000089e+00       1.922854203751666810e-02
1.860000000000000098e+00       1.907698835085332167e-02
1.870000000000000107e+00       1.892609657084086752e-02
1.879999999999999893e+00       1.877590209595163262e-02
1.889999999999999902e+00       1.862643768377517453e-02
1.899999999999999911e+00       1.847773360936189047e-02
1.909999999999999920e+00       1.832981781452519901e-02
1.919999999999999929e+00       1.818271604860759172e-02
1.929999999999999938e+00       1.803645200132139928e-02
1.939999999999999947e+00       1.789104742757259559e-02
1.949999999999999956e+00       1.774652226574065586e-02
1.959999999999999964e+00       1.760289474763854570e-02
1.969999999999999973e+00       1.746018150322807203e-02
1.979999999999999982e+00       1.731839765847582868e-02
1.989999999999999991e+00       1.717755692747900340e-02
2.000000000000000000e+00       1.703767169888988769e-02
2.009999999999999787e+00       1.689875311743030406e-02
2.020000000000000018e+00       1.676081116001607377e-02
2.029999999999999805e+00       1.662385470770844087e-02
2.040000000000000036e+00       1.648789161292189484e-02
2.049999999999999822e+00       1.635292876268464035e-02
2.060000000000000053e+00       1.621897213803281945e-02
2.069999999999999840e+00       1.608602686956930178e-02
2.080000000000000071e+00       1.595409729000496837e-02
2.089999999999999858e+00       1.582318698309674934e-02
2.100000000000000089e+00       1.569329882975944654e-02
2.109999999999999876e+00       1.556443505134715369e-02
2.120000000000000107e+00       1.543659725025675784e-02
2.129999999999999893e+00       1.530978644806446458e-02
2.140000000000000124e+00       1.518400312133296251e-02
2.149999999999999911e+00       1.505924723524416746e-02
2.160000000000000142e+00       1.493551827517843739e-02
2.169999999999999929e+00       1.481281527639763916e-02
2.180000000000000160e+00       1.469113685192538141e-02
2.189999999999999947e+00       1.457048121875515433e-02
2.200000000000000178e+00       1.445084622248749701e-02
2.209999999999999964e+00       1.433222936049699005e-02
2.220000000000000195e+00       1.421462780372299319e-02
2.229999999999999982e+00       1.409803841717162734e-02
2.240000000000000213e+00       1.398245777921135018e-02
2.250000000000000000e+00       1.386788219973874789e-02
2.259999999999999787e+00       1.375430773728675456e-02
2.270000000000000018e+00       1.364173021514201826e-02
2.279999999999999805e+00       1.353014523653475396e-02
2.290000000000000036e+00       1.341954819895943042e-02
2.299999999999999822e+00       1.330993430768125443e-02
2.310000000000000053e+00       1.320129858847983277e-02
2.319999999999999840e+00       1.309363589967704918e-02
2.330000000000000071e+00       1.298694094349588102e-02
2.339999999999999858e+00       1.288120827678903776e-02
2.350000000000000089e+00       1.277643232117854806e-02
2.359999999999999876e+00       1.267260764130890595e-02
2.370000000000000107e+00       1.256972761057564142e-02
2.379999999999999893e+00       1.246778710638051652e-02
2.390000000000000124e+00       1.236677983157243033e-02
2.399999999999999911e+00       1.226669966548113271e-02
2.410000000000000142e+00       1.216754040255972787e-02
2.419999999999999929e+00       1.206929575932100956e-02
2.430000000000000160e+00       1.197195938076689101e-02
2.439999999999999947e+00       1.187552484655178889e-02
2.450000000000000178e+00       1.177998567702392280e-02
2.459999999999999964e+00       1.168533533880996254e-02
2.470000000000000195e+00       1.159156725008526900e-02
2.479999999999999982e+00       1.149867478560812929e-02
2.490000000000000213e+00       1.140665128151022514e-02
2.500000000000000000e+00       1.131549003984960895e-02
2.509999999999999787e+00       1.122518433293828895e-02
2.520000000000000018e+00       1.113572740745658561e-02
2.529999999999999805e+00       1.104711248836615436e-02
2.540000000000000036e+00       1.095933278263200306e-02
2.549999999999999822e+00       1.087238148276383799e-02
2.560000000000000053e+00       1.078625177018583715e-02
2.569999999999999840e+00       1.070093681844378093e-02
2.580000000000000071e+00       1.061642979625764330e-02
2.589999999999999858e+00       1.053272387042733342e-02
2.600000000000000089e+00       1.044981220859884062e-02
2.609999999999999876e+00       1.036768798189754114e-02
2.620000000000000107e+00       1.028634436743498630e-02
2.629999999999999893e+00       1.020577455069522112e-02
2.640000000000000124e+00       1.012597172780621731e-02
2.649999999999999911e+00       1.004692910770166141e-02
2.660000000000000142e+00       9.968639914178246617e-03
2.669999999999999929e+00       9.891097387853013331e-03
2.680000000000000160e+00       9.814295093984964566e-03
2.689999999999999947e+00       9.738225394447321687e-03
2.700000000000000178e+00       9.662882509163603015e-03
2.709999999999999964e+00       9.588259457482763495e-03
2.720000000000000195e+00       9.514349590445862412e-03
2.729999999999999982e+00       9.441146285296441940e-03
2.740000000000000213e+00       9.368642948341948315e-03
2.750000000000000000e+00       9.296833014235117432e-03
2.759999999999999787e+00       9.225709948584650405e-03
2.770000000000000018e+00       9.155267248785736722e-03
2.779999999999999805e+00       9.085498445091419462e-03
2.790000000000000036e+00       9.016397101657056684e-03
2.799999999999999822e+00       8.947956817535965973e-03
2.810000000000000053e+00       8.880171227613514046e-03
2.819999999999999840e+00       8.813034003485702150e-03
2.830000000000000071e+00       8.746538854286303039e-03
2.839999999999999858e+00       8.680679527464978118e-03
2.850000000000000089e+00       8.615449809518210128e-03
2.859999999999999876e+00       8.550843526674888409e-03
2.870000000000000107e+00       8.486854545538109751e-03
2.879999999999999893e+00       8.423476773684972913e-03
2.890000000000000124e+00       8.360704160225865614e-03
2.899999999999999911e+00       8.298530696324716779e-03
2.910000000000000142e+00       8.236950415681816920e-03
2.919999999999999929e+00       8.175957394980377588e-03
2.930000000000000160e+00       8.115545754298429323e-03
2.939999999999999947e+00       8.055709657487183928e-03
2.950000000000000178e+00       7.996443312517172511e-03
2.959999999999999964e+00       7.937740971793364950e-03
2.970000000000000195e+00       7.879596932440427817e-03
2.979999999999999982e+00       7.822005536559225800e-03
2.990000000000000213e+00       7.764961171455717591e-03
3.000000000000000000e+00       7.708458269843166538e-03
3.009999999999999787e+00       7.652491304858324329e-03
3.020000000000000018e+00       7.597054758958832199e-03
3.029999999999999805e+00       7.542143127238960104e-03
3.040000000000000036e+00       7.487750934425616359e-03
3.049999999999999822e+00       7.433872741743819366e-03
3.060000000000000053e+00       7.380503150945950247e-03
3.069999999999999840e+00       7.327636806568091181e-03
3.080000000000000071e+00       7.275268399849236720e-03
3.089999999999999858e+00       7.223392667333171716e-03
3.100000000000000089e+00       7.172004393901829609e-03
3.109999999999999876e+00       7.121098413171485057e-03
3.120000000000000107e+00       7.070669608124489913e-03
3.129999999999999893e+00       7.020712911570372271e-03
3.140000000000000124e+00       6.971223306498370437e-03
3.149999999999999911e+00       6.922195826283382772e-03
3.160000000000000142e+00       6.873625531214232719e-03
3.169999999999999929e+00       6.825507603245525336e-03
3.180000000000000160e+00       6.777837203403233590e-03
3.189999999999999947e+00       6.730609567073058026e-03
3.200000000000000178e+00       6.683819979928624921e-03
3.209999999999999964e+00       6.637463777754181067e-03
3.220000000000000195e+00       6.591536346209497972e-03
3.229999999999999982e+00       6.546033120580726540e-03
3.240000000000000213e+00       6.500949585492874459e-03
3.250000000000000000e+00       6.456281274599208302e-03
3.259999999999999787e+00       6.412023770248636775e-03
3.270000000000000018e+00       6.368172703134949639e-03
3.279999999999999805e+00       6.324723751929254949e-03
3.290000000000000036e+00       6.281672642898703321e-03
3.299999999999999822e+00       6.239015149513226985e-03
3.310000000000000053e+00       6.196747092042083002e-03
3.319999999999999840e+00       6.154864337150055612e-03
3.330000000000000071e+00       6.113362797447731770e-03
3.339999999999999858e+00       6.072238431109018043e-03
3.350000000000000089e+00       6.031487241413950769e-03
3.359999999999999876e+00       5.991105276321090183e-03
3.370000000000000107e+00       5.951088628030402200e-03
3.379999999999999893e+00       5.911433432544005613e-03
3.390000000000000124e+00       5.872135869225256558e-03
3.399999999999999911e+00       5.833192160357028935e-03
3.410000000000000142e+00       5.794598570700118002e-03
3.419999999999999929e+00       5.756351407048856256e-03
3.430000000000000160e+00       5.718447017794658742e-03
3.439999999999999947e+00       5.680881792480816685e-03
3.450000000000000178e+00       5.643652161365985548e-03
3.459999999999999964e+00       5.606754594986394606e-03
3.470000000000000195e+00       5.570185603720546712e-03
3.479999999999999982e+00       5.533941737356077792e-03
3.490000000000000213e+00       5.498019584659100470e-03
3.500000000000000000e+00       5.462415772946179263e-03
3.509999999999999787e+00       5.427126967659049242e-03
3.520000000000000018e+00       5.392149871942398219e-03
3.529999999999999805e+00       5.357481226224649999e-03
3.540000000000000036e+00       5.323117807799977556e-03
3.549999999999999822e+00       5.289056430424245170e-03
3.560000000000000053e+00       5.255293942691468580e-03
3.569999999999999840e+00       5.221827200699743349e-03
3.580000000000000071e+00       5.188653048150709650e-03
3.589999999999999858e+00       5.155768338825720762e-03
3.600000000000000089e+00       5.123169946936918101e-03
3.609999999999999876e+00       5.090854772250471595e-03
3.620000000000000107e+00       5.058819743279278393e-03
3.629999999999999893e+00       5.027061819507533218e-03
3.640000000000000124e+00       4.995577992903369076e-03
3.649999999999999911e+00       4.964365289059798764e-03
3.660000000000000142e+00       4.933420767942075374e-03
3.669999999999999929e+00       4.902741524448506714e-03
3.680000000000000160e+00       4.872324688742867352e-03
3.689999999999999947e+00       4.842167426458453272e-03
3.700000000000000178e+00       4.812266938743474387e-03
3.709999999999999964e+00       4.782620462435278018e-03
3.720000000000000195e+00       4.753225269271851156e-03
3.729999999999999982e+00       4.724078666708141430e-03
3.740000000000000213e+00       4.695177997025226299e-03
3.750000000000000000e+00       4.666520637217828373e-03
3.759999999999999787e+00       4.638103998678355482e-03
3.770000000000000018e+00       4.609925526846723326e-03
3.779999999999999805e+00       4.581982700846400081e-03
3.790000000000000036e+00       4.554273033075811362e-03
3.799999999999999822e+00       4.526794068804940695e-03
3.810000000000000053e+00       4.499543385747359348e-03
3.819999999999999840e+00       4.472518593623628531e-03
3.830000000000000071e+00       4.445717333716465124e-03
3.839999999999999858e+00       4.419137278420007600e-03
3.850000000000000089e+00       4.392776130784952458e-03
3.859999999999999876e+00       4.366631624061388661e-03
3.870000000000000107e+00       4.340701521240503645e-03
3.879999999999999893e+00       4.314983614597370926e-03
3.890000000000000124e+00       4.289475725233716022e-03
3.899999999999999911e+00       4.264175702623777993e-03
3.910000000000000142e+00       4.239081424164074970e-03
3.919999999999999929e+00       4.214190794725521105e-03
3.930000000000000160e+00       4.189501746210770247e-03
3.939999999999999947e+00       4.165012237116220810e-03
3.950000000000000178e+00       4.140720252099393088e-03
3.959999999999999964e+00       4.116623801552121362e-03
3.970000000000000195e+00       4.092720921178759352e-03
3.979999999999999982e+00       4.069009671582538012e-03
3.990000000000000213e+00       4.045488137856358135e-03
4.000000000000000000e+00       4.022154429181123807e-03
4.009999999999999787e+00       3.999006678430564593e-03
4.019999999999999574e+00       3.976043041783491015e-03
4.030000000000000249e+00       3.953261698339313908e-03
4.040000000000000036e+00       3.930660849747811929e-03
4.049999999999999822e+00       3.908238719838065534e-03
4.059999999999999609e+00       3.885993554258283279e-03
4.070000000000000284e+00       3.863923620121585602e-03
4.080000000000000071e+00       3.842027205658592182e-03
4.089999999999999858e+00       3.820302619876784263e-03
4.099999999999999645e+00       3.798748192226485392e-03
4.110000000000000320e+00       3.777362272260208556e-03
4.120000000000000107e+00       3.756143229362408822e-03
4.129999999999999893e+00       3.735089452362033279e-03
4.139999999999999680e+00       3.714199349271420005e-03
4.150000000000000355e+00       3.693471346973039963e-03
4.160000000000000142e+00       3.672903890923760479e-03
4.169999999999999929e+00       3.652495444865139478e-03
4.179999999999999716e+00       3.632244490539623429e-03
4.190000000000000391e+00       3.612149527412565272e-03
4.200000000000000178e+00       3.592209072399927053e-03
4.209999999999999964e+00       3.572421659601547096e-03
4.219999999999999751e+00       3.552785840039885019e-03
4.230000000000000426e+00       3.533300181404113154e-03
4.240000000000000213e+00       3.513963267799423851e-03
4.250000000000000000e+00       3.494773699501460724e-03
4.259999999999999787e+00       3.475730092715761509e-03
4.269999999999999574e+00       3.456831079342072028e-03
4.280000000000000249e+00       3.438075306743450590e-03
4.290000000000000036e+00       3.419461437520023624e-03
4.299999999999999822e+00       3.400988149287319674e-03
4.309999999999999609e+00       3.382654134459036049e-03
4.320000000000000284e+00       3.364458100034141419e-03
4.330000000000000071e+00       3.346398767388245824e-03
4.339999999999999858e+00       3.328474872069060297e-03
4.349999999999999645e+00       3.310685163595949131e-03
4.360000000000000320e+00       3.293028405263364461e-03
4.370000000000000107e+00       3.275503373948158818e-03
4.379999999999999893e+00       3.258108859920625169e-03
4.389999999999999680e+00       3.240843666659187685e-03
4.400000000000000355e+00       3.223706610668665169e-03
4.410000000000000142e+00       3.206696521302012607e-03
4.419999999999999929e+00       3.189812240585426784e-03
4.429999999999999716e+00       3.173052623046772151e-03
4.440000000000000391e+00       3.156416535547254543e-03
4.450000000000000178e+00       3.139902857116162304e-03
4.459999999999999964e+00       3.123510478788756387e-03
4.469999999999999751e+00       3.107238303447084314e-03
4.480000000000000426e+00       3.091085245663736675e-03
4.490000000000000213e+00       3.075050231548446828e-03
4.500000000000000000e+00       3.059132198597370317e-03
4.509999999999999787e+00       3.043330095545420874e-03
4.519999999999999574e+00       3.027642882220573164e-03
4.530000000000000249e+00       3.012069529401388210e-03
4.540000000000000036e+00       2.996609018676734109e-03
4.549999999999999822e+00       2.981260342307998686e-03
4.559999999999999609e+00       2.966022503093708636e-03
4.570000000000000284e+00       2.950894514236453679e-03
4.580000000000000071e+00       2.935875399212114871e-03
4.589999999999999858e+00       2.920964191641289929e-03
4.599999999999999645e+00       2.906159935162880899e-03
4.610000000000000320e+00       2.891461683309812496e-03
4.620000000000000107e+00       2.876868499386811290e-03
4.629999999999999893e+00       2.862379456350173327e-03
4.639999999999999680e+00       2.847993636686950610e-03
4.650000000000000355e+00       2.833710132309048401e-03
4.660000000000000142e+00       2.819528044423081931e-03
4.669999999999999929e+00       2.805446483413875404e-03
4.679999999999999716e+00       2.791464568786262024e-03
4.690000000000000391e+00       2.777581428975996539e-03
4.700000000000000178e+00       2.763796201294091426e-03
4.709999999999999964e+00       2.750108031808570774e-03
4.719999999999999751e+00       2.736516075240413761e-03
4.730000000000000426e+00       2.723019494861117929e-03
4.740000000000000213e+00       2.709617462391993720e-03
4.750000000000000000e+00       2.696309157904012380e-03
4.759999999999999787e+00       2.683093769721138933e-03
4.769999999999999574e+00       2.669970494323133884e-03
4.780000000000000249e+00       2.656938536252160480e-03
4.790000000000000036e+00       2.643997108012304757e-03
4.799999999999999822e+00       2.631145429991311319e-03
4.809999999999999609e+00       2.618382730355503334e-03
4.820000000000000284e+00       2.605708244968096571e-03
4.830000000000000071e+00       2.593121217298374921e-03
4.839999999999999858e+00       2.580620898335678464e-03
4.849999999999999645e+00       2.568206546502605284e-03
4.860000000000000320e+00       2.555877427573092619e-03
4.870000000000000107e+00       2.543632814581650494e-03
4.879999999999999893e+00       2.531471987754401257e-03
4.889999999999999680e+00       2.519394234415118280e-03
4.900000000000000355e+00       2.507398848911403938e-03
4.910000000000000142e+00       2.495485132535807393e-03
4.919999999999999929e+00       2.483652393446246758e-03
4.929999999999999716e+00       2.471899946590513496e-03
4.940000000000000391e+00       2.460227113630313652e-03
4.950000000000000178e+00       2.448633222866615760e-03
4.959999999999999964e+00       2.437117609165997088e-03
4.969999999999999751e+00       2.425679613887974772e-03
4.980000000000000426e+00       2.414318584813286272e-03
4.990000000000000213e+00       2.403033876073124801e-03
5.000000000000000000e+00       2.391824847930664345e-03
5.009999999999999787e+00       2.380690867311195062e-03
5.019999999999999574e+00       2.369631306828391334e-03
5.030000000000000249e+00       2.358645545325858614e-03
5.040000000000000036e+00       2.347732967657372577e-03
5.049999999999999822e+00       2.336892964621419336e-03
5.059999999999999609e+00       2.326124932896592602e-03
5.070000000000000284e+00       2.315428274977775810e-03
5.080000000000000071e+00       2.304802399113159515e-03
5.089999999999999858e+00       2.294246719242033338e-03
5.099999999999999645e+00       2.283760654933361146e-03
5.110000000000000320e+00       2.273343631325125576e-03
5.120000000000000107e+00       2.262995079064420659e-03
5.129999999999999893e+00       2.252714434248287781e-03
5.139999999999999680e+00       2.242501138365277178e-03
5.150000000000000355e+00       2.232354638237736295e-03
5.160000000000000142e+00       2.222274385964795925e-03
5.169999999999999929e+00       2.212259838866056320e-03
5.179999999999999716e+00       2.202310459425947230e-03
5.190000000000000391e+00       2.192425715238779244e-03
5.200000000000000178e+00       2.182605078954446935e-03
5.209999999999999964e+00       2.172848028224793823e-03
5.219999999999999751e+00       2.163154045650570161e-03
5.230000000000000426e+00       2.153522618729146638e-03
5.240000000000000213e+00       2.143953239802711633e-03
5.250000000000000000e+00       2.134445406007165827e-03
5.259999999999999787e+00       2.124998619221606620e-03
5.269999999999999574e+00       2.115612386018397590e-03
5.280000000000000249e+00       2.106286217611081247e-03
5.290000000000000036e+00       2.097019629816685663e-03
5.299999999999999822e+00       2.087812142990896555e-03
5.309999999999999609e+00       2.078663281991563472e-03
5.320000000000000284e+00       2.069572576128857720e-03
5.330000000000000071e+00       2.060539559118739275e-03
5.339999999999999858e+00       2.051563769036990510e-03
5.349999999999999645e+00       2.042644748273769479e-03
5.360000000000000320e+00       2.033782043488686214e-03
5.370000000000000107e+00       2.024975205566577254e-03
5.379999999999999893e+00       2.016223789572918479e-03
5.389999999999999680e+00       2.007527354711412856e-03
5.400000000000000355e+00       1.998885464280671792e-03
5.410000000000000142e+00       1.990297685631592546e-03
5.419999999999999929e+00       1.981763590125699276e-03
5.429999999999999716e+00       1.973282753093192655e-03
5.440000000000000391e+00       1.964854753794239520e-03
5.450000000000000178e+00       1.956479175373918630e-03
5.459999999999999964e+00       1.948155604826817345e-03
5.469999999999999751e+00       1.939883632954881752e-03
5.480000000000000426e+00       1.931662854329112234e-03
5.490000000000000213e+00       1.923492867250531976e-03
5.500000000000000000e+00       1.915373273712261135e-03
5.509999999999999787e+00       1.907303679361263809e-03
5.519999999999999574e+00       1.899283693460772620e-03
5.530000000000000249e+00       1.891312928855328184e-03
5.540000000000000036e+00       1.883391001930027420e-03
5.549999999999999822e+00       1.875517532578482340e-03
5.559999999999999609e+00       1.867692144164987680e-03
5.570000000000000284e+00       1.859914463489657516e-03
5.580000000000000071e+00       1.852184120753041455e-03
5.589999999999999858e+00       1.844500749522125791e-03
5.599999999999999645e+00       1.836863986695727938e-03
5.610000000000000320e+00       1.829273472470755845e-03
5.620000000000000107e+00       1.821728850308756888e-03
5.629999999999999893e+00       1.814229766902816527e-03
5.639999999999999680e+00       1.806775872144844889e-03
5.650000000000000355e+00       1.799366819093203146e-03
5.660000000000000142e+00       1.792002263940695476e-03
5.669999999999999929e+00       1.784681865982914702e-03
5.679999999999999716e+00       1.777405287426646417e-03
5.690000000000000391e+00       1.770172194004362683e-03
5.700000000000000178e+00       1.762982253968694776e-03
5.709999999999999964e+00       1.755835138763487974e-03
5.719999999999999751e+00       1.748730522641477611e-03
5.730000000000000426e+00       1.741668082916502259e-03
5.740000000000000213e+00       1.734647499745907385e-03
5.750000000000000000e+00       1.727668456148714633e-03
5.759999999999999787e+00       1.720730637976954427e-03
5.769999999999999574e+00       1.713833733887293927e-03
5.780000000000000249e+00       1.706977435312981989e-03
5.790000000000000036e+00       1.700161436436091206e-03
5.799999999999999822e+00       1.693385434160070901e-03
5.809999999999999609e+00       1.686649128082586989e-03
5.820000000000000284e+00       1.679952220468666942e-03
5.830000000000000071e+00       1.673294416224116888e-03
5.839999999999999858e+00       1.666675422869250524e-03
5.849999999999999645e+00       1.660094950512879322e-03
5.860000000000000320e+00       1.653552711826599374e-03
5.870000000000000107e+00       1.647048421976766161e-03
5.879999999999999893e+00       1.640581798769763120e-03
5.889999999999999680e+00       1.634152562371238163e-03
5.900000000000000355e+00       1.627760435452195800e-03
5.910000000000000142e+00       1.621405143121919506e-03
5.919999999999999929e+00       1.615086412903857759e-03
5.929999999999999716e+00       1.608803974711781569e-03
5.940000000000000391e+00       1.602557560826193108e-03
5.950000000000000178e+00       1.596346905870990856e-03
5.959999999999999964e+00       1.590171746790368943e-03
5.969999999999999751e+00       1.584031822825990353e-03
5.980000000000000426e+00       1.577926875494381530e-03
5.990000000000000213e+00       1.571856648564574606e-03
6.000000000000000000e+00       1.565820888035994018e-03
6.009999999999999787e+00       1.559819342115673297e-03
6.019999999999999574e+00       1.553851761191019695e-03
6.030000000000000249e+00       1.547917897808618031e-03
6.040000000000000036e+00       1.542017506655772368e-03
6.049999999999999822e+00       1.536150344540604829e-03
6.059999999999999609e+00       1.530316170397137254e-03
6.070000000000000284e+00       1.524514745163817186e-03
6.080000000000000071e+00       1.518745831916797984e-03
6.089999999999999858e+00       1.513009195746650931e-03
6.099999999999999645e+00       1.507304603765388488e-03
6.110000000000000320e+00       1.501631825086649627e-03
6.120000000000000107e+00       1.495990630806422281e-03
6.129999999999999893e+00       1.490380793983891571e-03
6.139999999999999680e+00       1.484802089622513964e-03
6.150000000000000355e+00       1.479254294651233693e-03
6.160000000000000142e+00       1.473737187905954822e-03
6.169999999999999929e+00       1.468250550111135401e-03
6.179999999999999716e+00       1.462794163861590863e-03
6.190000000000000391e+00       1.457367813604499305e-03
6.200000000000000178e+00       1.451971285621538824e-03
6.209999999999999964e+00       1.446604368011285063e-03
6.219999999999999751e+00       1.441266850671716520e-03
6.230000000000000426e+00       1.435958525282939741e-03
6.240000000000000213e+00       1.430679185290073020e-03
6.250000000000000000e+00       1.425428625886323740e-03
6.259999999999999787e+00       1.420206643996229636e-03
6.269999999999999574e+00       1.415013038259048611e-03
6.280000000000000249e+00       1.409847609012382505e-03
6.290000000000000036e+00       1.404710158275914063e-03
6.299999999999999822e+00       1.399600489735328005e-03
6.309999999999999609e+00       1.394518408726402956e-03
6.320000000000000284e+00       1.389463722219265798e-03
6.330000000000000071e+00       1.384436238802808214e-03
6.339999999999999858e+00       1.379435768669263042e-03
6.349999999999999645e+00       1.374462123598940233e-03
6.360000000000000320e+00       1.369515116945126945e-03
6.370000000000000107e+00       1.364594563621707472e-03
6.379999999999999893e+00       1.359700280078136175e-03
6.389999999999999680e+00       1.354832084300045718e-03
6.400000000000000355e+00       1.349989795784659529e-03
6.410000000000000142e+00       1.345173235528952099e-03
6.419999999999999929e+00       1.340382226020286676e-03
6.429999999999999716e+00       1.335616591203221768e-03
6.440000000000000391e+00       1.330876156494113826e-03
6.450000000000000178e+00       1.326160748748493167e-03
6.459999999999999964e+00       1.321470196252132103e-03
6.469999999999999751e+00       1.316804328707561365e-03
6.480000000000000426e+00       1.312162977271743962e-03
6.490000000000000213e+00       1.307545974338515703e-03
6.500000000000000000e+00       1.302953153832596541e-03
6.509999999999999787e+00       1.298384350991573346e-03
6.519999999999999574e+00       1.293839402404473211e-03
6.530000000000000249e+00       1.289318145999093041e-03
6.540000000000000036e+00       1.284820421029470071e-03
6.549999999999999822e+00       1.280346068063470356e-03
6.559999999999999609e+00       1.275894928970515603e-03
6.570000000000000284e+00       1.271466846909426011e-03
6.580000000000000071e+00       1.267061666316393219e-03
6.589999999999999858e+00       1.262679232893075326e-03
6.599999999999999645e+00       1.258319393594813573e-03
6.610000000000000320e+00       1.253981996618970876e-03
6.620000000000000107e+00       1.249666891393385292e-03
6.629999999999999893e+00       1.245373928564948813e-03
6.639999999999999680e+00       1.241102959988296325e-03
6.650000000000000355e+00       1.236853838714612299e-03
6.660000000000000142e+00       1.232626418934166775e-03
6.669999999999999929e+00       1.228420556151036498e-03
6.679999999999999716e+00       1.224236106893493914e-03
6.690000000000000391e+00       1.220072928889257610e-03
6.700000000000000178e+00       1.215930881008323201e-03
6.709999999999999964e+00       1.211809823252431610e-03
6.719999999999999751e+00       1.207709616744653781e-03
6.730000000000000426e+00       1.203630123719071467e-03
6.740000000000000213e+00       1.199571207510578136e-03
6.750000000000000000e+00       1.195532732544763582e-03
6.759999999999999787e+00       1.191514564327922788e-03
6.769999999999999574e+00       1.187516569437141976e-03
6.780000000000000249e+00       1.183538615510508702e-03
6.790000000000000036e+00       1.179580571237429055e-03
6.799999999999999822e+00       1.175642306348902372e-03
6.809999999999999609e+00       1.171723691608259543e-03
6.820000000000000284e+00       1.167824598801509278e-03
6.830000000000000071e+00       1.163944900728167489e-03
6.839999999999999858e+00       1.160084471191883716e-03
6.849999999999999645e+00       1.156243184991573867e-03
6.860000000000000320e+00       1.152420917912116245e-03
6.870000000000000107e+00       1.148617546715545445e-03
6.879999999999999893e+00       1.144832949132161895e-03
6.889999999999999680e+00       1.141067003878754905e-03
6.900000000000000355e+00       1.137319590541720476e-03
6.910000000000000142e+00       1.133590589731166319e-03
6.919999999999999929e+00       1.129879882963677083e-03
6.929999999999999716e+00       1.126187352681141084e-03
6.940000000000000391e+00       1.122512882242415830e-03
6.950000000000000178e+00       1.118856355915073125e-03
6.959999999999999964e+00       1.115217658867231768e-03
6.969999999999999751e+00       1.111596677159464638e-03
6.980000000000000426e+00       1.107993297736797498e-03
6.990000000000000213e+00       1.104407408420771336e-03
7.000000000000000000e+00       1.100838897901601195e-03
7.009999999999999787e+00       1.097287655713353582e-03
7.019999999999999574e+00       1.093753572294505014e-03
7.030000000000000249e+00       1.090236538877848880e-03
7.040000000000000036e+00       1.086736447551339343e-03
7.049999999999999822e+00       1.083253191233515952e-03
7.059999999999999609e+00       1.079786663666101572e-03
7.070000000000000284e+00       1.076336759406690529e-03
7.080000000000000071e+00       1.072903373821500281e-03
7.089999999999999858e+00       1.069486403078191185e-03
7.099999999999999645e+00       1.066085744138767569e-03
7.110000000000000320e+00       1.062701294752544517e-03
7.120000000000000107e+00       1.059332953449177968e-03
7.129999999999999893e+00       1.055980619531774172e-03
7.139999999999999680e+00       1.052644193070059004e-03
7.150000000000000355e+00       1.049323574893616445e-03
7.160000000000000142e+00       1.046018666585198618e-03
7.169999999999999929e+00       1.042729370474091777e-03
7.179999999999999716e+00       1.039455589629559697e-03
7.190000000000000391e+00       1.036197227854338898e-03
7.200000000000000178e+00       1.032954189678206292e-03
7.209999999999999964e+00       1.029726380351609922e-03
7.219999999999999751e+00       1.026513705839351975e-03
7.230000000000000426e+00       1.023316072814351579e-03
7.240000000000000213e+00       1.020133388654282909e-03
7.250000000000000000e+00       1.016965561424182851e-03
7.259999999999999787e+00       1.013812499887188504e-03
7.269999999999999574e+00       1.010674113487396381e-03
7.280000000000000249e+00       1.007550312346678321e-03
7.290000000000000036e+00       1.004441007258788203e-03
7.299999999999999822e+00       1.001346109681919110e-03
7.309999999999999609e+00       9.982655317393425778e-04
7.320000000000000284e+00       9.951991862041161419e-04
7.330000000000000071e+00       9.921469864997665977e-04
7.339999999999999858e+00       9.891088466930950205e-04
7.349999999999999645e+00       9.860846814886269508e-04
7.360000000000000320e+00       9.830744062231074661e-04
7.370000000000000107e+00       9.800779368600541497e-04
7.379999999999999893e+00       9.770951899843575462e-04
7.389999999999999680e+00       9.741260827969402741e-04
7.400000000000000355e+00       9.711705331094635163e-04
7.410000000000000142e+00       9.682284593390824094e-04
7.419999999999999929e+00       9.652997805032617140e-04
7.429999999999999716e+00       9.623844162146265053e-04
7.440000000000000391e+00       9.594822866758757462e-04
7.450000000000000178e+00       9.565933126747384711e-04
7.459999999999999964e+00       9.537174155789771316e-04
7.469999999999999751e+00       9.508545173314432008e-04
7.480000000000000426e+00       9.480045404451778804e-04
7.490000000000000213e+00       9.451674079985576942e-04
7.500000000000000000e+00       9.423430436304896293e-04
7.509999999999999787e+00       9.395313715356535481e-04
7.519999999999999574e+00       9.367323164597843917e-04
7.530000000000000249e+00       9.339458036950006774e-04
7.540000000000000036e+00       9.311717590751875323e-04
7.549999999999999822e+00       9.284101089714061816e-04
7.559999999999999609e+00       9.256607802873616578e-04
7.570000000000000284e+00       9.229237004549075904e-04
7.580000000000000071e+00       9.201987974295954475e-04
7.589999999999999858e+00       9.174859996862597730e-04
7.599999999999999645e+00       9.147852362146593683e-04
7.610000000000000320e+00       9.120964365151421104e-04
7.620000000000000107e+00       9.094195305943659309e-04
7.629999999999999893e+00       9.067544489610496108e-04
7.639999999999999680e+00       9.041011226217709551e-04
7.650000000000000355e+00       9.014594830767999872e-04
7.660000000000000142e+00       8.988294623159737758e-04
7.669999999999999929e+00       8.962109928146083431e-04
7.679999999999999716e+00       8.936040075294531806e-04
7.690000000000000391e+00       8.910084398946755812e-04
7.700000000000000178e+00       8.884242238178937604e-04
7.709999999999999964e+00       8.858512936762352394e-04
7.719999999999999751e+00       8.832895843124445590e-04
7.730000000000000426e+00       8.807390310310152801e-04
7.740000000000000213e+00       8.781995695943680628e-04
7.750000000000000000e+00       8.756711362190574763e-04
7.759999999999999787e+00       8.731536675720128534e-04
7.769999999999999574e+00       8.706471007668569904e-04
7.780000000000000249e+00       8.681513733601372435e-04
7.790000000000000036e+00       8.656664233477603465e-04
7.799999999999999822e+00       8.631921891613332292e-04
7.809999999999999609e+00       8.607286096645897031e-04
7.820000000000000284e+00       8.582756241498347123e-04
7.830000000000000071e+00       8.558331723344362891e-04
7.839999999999999858e+00       8.534011943573350731e-04
7.849999999999999645e+00       8.509796307755934045e-04
7.860000000000000320e+00       8.485684225609775935e-04
7.870000000000000107e+00       8.461675110965670779e-04
7.879999999999999893e+00       8.437768381733966490e-04
7.889999999999999680e+00       8.413963459871342393e-04
7.900000000000000355e+00       8.390259771347835386e-04
7.910000000000000142e+00       8.366656746114145820e-04
7.919999999999999929e+00       8.343153818069366226e-04
7.929999999999999716e+00       8.319750425028881336e-04
7.940000000000000391e+00       8.296446008692599881e-04
7.950000000000000178e+00       8.273240014613519227e-04
7.959999999999999964e+00       8.250131891978544152e-04
7.969999999999999751e+00       8.227121094330199034e-04
7.980000000000000426e+00       8.204207078406068566e-04
7.990000000000000213e+00       8.181389304862526565e-04
8.000000000000000000e+00       8.158667238055946139e-04
8.009999999999999787e+00       8.136040346012917736e-04
8.019999999999999574e+00       8.113508100400787038e-04
8.029999999999999361e+00       8.091069976498381500e-04
8.039999999999999147e+00       8.068725453167025288e-04
8.050000000000000711e+00       8.046474012821879483e-04
8.060000000000000497e+00       8.024315141403442738e-04
8.070000000000000284e+00       8.002248328349409728e-04
8.080000000000000071e+00       7.980273066566710661e-04
8.089999999999999858e+00       7.958388852403809914e-04
8.099999999999999645e+00       7.936595185623535921e-04
8.109999999999999432e+00       7.914891569374994922e-04
8.119999999999999218e+00       7.893277510167995715e-04
8.130000000000000782e+00       7.871752517845392741e-04
8.140000000000000568e+00       7.850316105556938385e-04
8.150000000000000355e+00       7.828967789732999743e-04
8.160000000000000142e+00       7.807707090058662452e-04
8.169999999999999929e+00       7.786533529447893075e-04
8.179999999999999716e+00       7.765446634018077689e-04
8.189999999999999503e+00       7.744445933064751306e-04
8.199999999999999289e+00       7.723530959036481241e-04
8.210000000000000853e+00       7.702701247510089846e-04
8.220000000000000639e+00       7.681956337166018179e-04
8.230000000000000426e+00       7.661295769763930372e-04
8.240000000000000213e+00       7.640719090118564113e-04
8.250000000000000000e+00       7.620225846075724240e-04
8.259999999999999787e+00       7.599815588512733771e-04
8.269999999999999574e+00       7.579487871218164438e-04
8.279999999999999361e+00       7.559242251013808351e-04
8.289999999999999147e+00       7.539078287634521291e-04
8.300000000000000711e+00       7.518995543729661444e-04
8.310000000000000497e+00       7.498993584840316822e-04
8.320000000000000284e+00       7.479071979376857937e-04
8.330000000000000071e+00       7.459230298596583727e-04
8.339999999999999858e+00       7.439468116581627677e-04
8.349999999999999645e+00       7.419785010217062361e-04
8.359999999999999432e+00       7.400180559169148176e-04
8.369999999999999218e+00       7.380654345863817351e-04
8.380000000000000782e+00       7.361205955465323835e-04
8.390000000000000568e+00       7.341834975855119792e-04
8.400000000000000355e+00       7.322540997610880618e-04
8.410000000000000142e+00       7.303323613985650319e-04
8.419999999999999929e+00       7.284182420887367433e-04
8.429999999999999716e+00       7.265117016858354095e-04
8.439999999999999503e+00       7.246127003055121687e-04
8.449999999999999289e+00       7.227211983228270815e-04
8.460000000000000853e+00       7.208371563702633059e-04
8.470000000000000639e+00       7.189605353357550422e-04
8.480000000000000426e+00       7.170912963607313072e-04
8.490000000000000213e+00       7.152294008381844276e-04
8.500000000000000000e+00       7.133748104107416783e-04
8.509999999999999787e+00       7.115274869687689043e-04
8.519999999999999574e+00       7.096873926484786963e-04
8.529999999999999361e+00       7.078544898300629610e-04
8.539999999999999147e+00       7.060287411358374173e-04
8.550000000000000711e+00       7.042101094284010550e-04
8.560000000000000497e+00       7.023985578088182526e-04
8.570000000000000284e+00       7.005940496148085938e-04
8.580000000000000071e+00       6.987965484189569577e-04
8.589999999999999858e+00       6.970060180269361865e-04
8.599999999999999645e+00       6.952224224757523044e-04
8.609999999999999432e+00       6.934457260319914704e-04
8.619999999999999218e+00       6.916758931900990250e-04
8.630000000000000782e+00       6.899128886706536569e-04
8.640000000000000568e+00       6.881566774186788664e-04
8.650000000000000355e+00       6.864072246019436952e-04
8.660000000000000142e+00       6.846644956093056325e-04
8.669999999999999929e+00       6.829284560490423523e-04
8.679999999999999716e+00       6.811990717472154360e-04
8.689999999999999503e+00       6.794763087460357204e-04
8.699999999999999289e+00       6.777601333022530410e-04
8.710000000000000853e+00       6.760505118855555159e-04
8.720000000000000639e+00       6.743474111769780449e-04
8.730000000000000426e+00       6.726507980673286993e-04
8.740000000000000213e+00       6.709606396556314816e-04
8.750000000000000000e+00       6.692769032475742903e-04
8.759999999999999787e+00       6.675995563539765089e-04
8.769999999999999574e+00       6.659285666892680866e-04
8.779999999999999361e+00       6.642639021699729565e-04
8.789999999999999147e+00       6.626055309132165231e-04
8.800000000000000711e+00       6.609534212352321733e-04
8.810000000000000497e+00       6.593075416498759200e-04
8.820000000000000284e+00       6.576678608671338890e-04
8.830000000000000071e+00       6.560343477915739699e-04
8.839999999999999858e+00       6.544069715205769406e-04
8.849999999999999645e+00       6.527857013411754753e-04
8.859999999999999432e+00       6.511705067041420386e-04
8.869999999999999218e+00       6.495613574697318721e-04
8.880000000000000782e+00       6.479582231911788824e-04
8.890000000000000568e+00       6.463610740868494216e-04
8.900000000000000355e+00       6.447698803627785599e-04
8.910000000000000142e+00       6.431846124285530613e-04
8.919999999999999929e+00       6.416052408779905755e-04
8.929999999999999716e+00       6.400317364863124725e-04
8.939999999999999503e+00       6.384640702085269716e-04
8.949999999999999289e+00       6.369022131780261841e-04
8.960000000000000853e+00       6.353461367052610012e-04
8.970000000000000639e+00       6.337958122764401599e-04
8.980000000000000426e+00       6.322512115522493665e-04
8.990000000000000213e+00       6.307123063665813706e-04
9.000000000000000000e+00       6.291790687252840370e-04
9.009999999999999787e+00       6.276514707938173543e-04
9.019999999999999574e+00       6.261294848269676437e-04
9.029999999999999361e+00       6.246130831687260205e-04
9.039999999999999147e+00       6.231022382834580133e-04
9.050000000000000711e+00       6.215969227671532460e-04
9.060000000000000497e+00       6.200971093534614082e-04
9.070000000000000284e+00       6.186027709177181148e-04
9.080000000000000071e+00       6.171138804788851937e-04
9.089999999999999858e+00       6.156304112024088603e-04
9.099999999999999645e+00       6.141523364004431709e-04
9.109999999999999432e+00       6.126796295336555450e-04
9.119999999999999218e+00       6.112122642115429185e-04
9.130000000000000782e+00       6.097502141923961819e-04
9.140000000000000568e+00       6.082934533842898400e-04
9.150000000000000355e+00       6.068419558446919160e-04
9.160000000000000142e+00       6.053956957805329067e-04
9.169999999999999929e+00       6.039546475480651617e-04
9.179999999999999716e+00       6.025187856528396810e-04
9.189999999999999503e+00       6.010880847486213714e-04
9.199999999999999289e+00       5.996625196381441926e-04
9.210000000000000853e+00       5.982420652719778412e-04
9.220000000000000639e+00       5.968266967482274265e-04
9.230000000000000426e+00       5.954163893120241122e-04
9.240000000000000213e+00       5.940111183549368285e-04
9.250000000000000000e+00       5.926108594148075817e-04
9.259999999999999787e+00       5.912155881739029981e-04
9.269999999999999574e+00       5.898252804598879372e-04
9.279999999999999361e+00       5.884399122441894307e-04
9.289999999999999147e+00       5.870594596415447874e-04
9.300000000000000711e+00       5.856838989092972951e-04
9.310000000000000497e+00       5.843132064466918145e-04
9.320000000000000284e+00       5.829473587941357872e-04
9.330000000000000071e+00       5.815863326324656642e-04
9.339999999999999858e+00       5.802301047824993474e-04
9.349999999999999645e+00       5.788786522030586051e-04
9.359999999999999432e+00       5.775319519919795480e-04
9.369999999999999218e+00       5.761899813841738589e-04
9.380000000000000782e+00       5.748527177538182310e-04
9.390000000000000568e+00       5.735201386027647882e-04
9.400000000000000355e+00       5.721922215759628859e-04
9.410000000000000142e+00       5.708689444498309335e-04
9.419999999999999929e+00       5.695502851341565677e-04
9.429999999999999716e+00       5.682362216712952101e-04
9.439999999999999503e+00       5.669267322353517113e-04
9.449999999999999289e+00       5.656217951313706688e-04
9.460000000000000853e+00       5.643213887945233839e-04
9.470000000000000639e+00       5.630254917892899393e-04
9.480000000000000426e+00       5.617340828086404099e-04
9.490000000000000213e+00       5.604471406732274572e-04
9.500000000000000000e+00       5.591646443305617938e-04
9.509999999999999787e+00       5.578865728541976222e-04
9.519999999999999574e+00       5.566129054429223020e-04
9.529999999999999361e+00       5.553436214199370183e-04
9.539999999999999147e+00       5.540787002320505692e-04
9.550000000000000711e+00       5.528181214488542879e-04
9.560000000000000497e+00       5.515618647619209254e-04
9.570000000000000284e+00       5.503099099839796815e-04
9.580000000000000071e+00       5.490622370480904759e-04
9.589999999999999858e+00       5.478188260067805987e-04
9.599999999999999645e+00       5.465796570310578690e-04
9.609999999999999432e+00       5.453447104245002760e-04
9.619999999999999218e+00       5.441139665703984126e-04
9.630000000000000782e+00       5.428874060022735029e-04
9.640000000000000568e+00       5.416650093588585083e-04
9.650000000000000355e+00       5.404467573937230245e-04
9.660000000000000142e+00       5.392326309847935524e-04
9.669999999999999929e+00       5.380226110898090513e-04
9.679999999999999716e+00       5.368166788160833860e-04
9.689999999999999503e+00       5.356148153682671652e-04
9.699999999999999289e+00       5.344170020622806064e-04
9.710000000000000853e+00       5.332232203243751590e-04
9.720000000000000639e+00       5.320334516903139563e-04
9.730000000000000426e+00       5.308476778045974776e-04
9.740000000000000213e+00       5.296658804197027642e-04
9.750000000000000000e+00       5.284880413953399816e-04
9.759999999999999787e+00       5.273141426977031275e-04
9.769999999999999574e+00       5.261441663987412309e-04
9.779999999999999361e+00       5.249780946754225045e-04
9.789999999999999147e+00       5.238159098090090131e-04
9.800000000000000711e+00       5.226575941843356792e-04
9.810000000000000497e+00       5.215031302890938423e-04
9.820000000000000284e+00       5.203525007131151433e-04
9.830000000000000071e+00       5.192056881476693952e-04
9.839999999999999858e+00       5.180626753847579003e-04
9.849999999999999645e+00       5.169234453164107783e-04
9.859999999999999432e+00       5.157879809340016426e-04
9.869999999999999218e+00       5.146562653275519759e-04
9.880000000000000782e+00       5.135282816850442883e-04
9.890000000000000568e+00       5.124040132917494781e-04
9.900000000000000355e+00       5.112834435295437845e-04
9.910000000000000142e+00       5.101665558762410275e-04
9.919999999999999929e+00       5.090533339049232216e-04
9.929999999999999716e+00       5.079437612832826817e-04
9.939999999999999503e+00       5.068378217729614188e-04
9.949999999999999289e+00       5.057354992289010524e-04
9.960000000000000853e+00       5.046367775986888198e-04
9.970000000000000639e+00       5.035416409219238597e-04
9.980000000000000426e+00       5.024500733295682092e-04
9.990000000000000213e+00       5.013620590433173155e-04
