1.000000000000000021e-02       9.876840732498642916e-02
2.000000000000000042e-02       1.894044066355666522e-01
2.999999999999999889e-02       2.128617789915016600e-01
4.000000000000000083e-02       2.217904200895782774e-01
5.000000000000000278e-02       2.260725211947154090e-01
5.999999999999999778e-02       2.284426970195053141e-01
7.000000000000000666e-02       2.298880404050665793e-01
8.000000000000000167e-02       2.308330473722873810e-01
8.999999999999999667e-02       2.314842460751183051e-01
1.000000000000000056e-01       2.319517640392143032e-01
1.100000000000000006e-01       2.322984906672087846e-01
1.199999999999999956e-01       2.325304602762072459e-01
1.300000000000000044e-01       2.324936167722742308e-01
1.400000000000000133e-01       2.243413220173864908e-01
1.499999999999999944e-01       1.135229992323315978e-01
1.600000000000000033e-01       6.198925832461842783e-02
1.700000000000000122e-01       4.269713364129146954e-02
1.799999999999999933e-01       3.377814171668955257e-02
1.900000000000000022e-01       2.904273320013162768e-02
2.000000000000000111e-01       2.633188503896244370e-02
2.099999999999999922e-01       2.473677409114156955e-02
2.200000000000000011e-01       2.381802375148501030e-02
2.300000000000000100e-01       2.333923278821775291e-02
2.399999999999999911e-01       2.316275515455333209e-02
2.500000000000000000e-01       2.320363204565710491e-02
2.600000000000000089e-01       2.340670105440544047e-02
2.700000000000000178e-01       2.373456471796828171e-02
2.800000000000000266e-01       2.416090774327608534e-02
2.899999999999999800e-01       2.466660090351964832e-02
2.999999999999999889e-01       2.523733238670097453e-02
3.099999999999999978e-01       2.586211531267530381e-02
3.200000000000000067e-01       2.653231741569115135e-02
3.300000000000000155e-01       2.724101278592550371e-02
3.400000000000000244e-01       2.798253824350584867e-02
3.499999999999999778e-01       2.875218319612789925e-02
3.599999999999999867e-01       2.954596872002375474e-02
3.699999999999999956e-01       3.036048730133569448e-02
3.800000000000000044e-01       3.119278495447319263e-02
3.900000000000000133e-01       3.204027312919777160e-02
4.000000000000000222e-01       3.290066204552727358e-02
4.099999999999999756e-01       3.377190893705929453e-02
4.199999999999999845e-01       3.465218116430034828e-02
4.299999999999999933e-01       3.553982102252477293e-02
4.400000000000000022e-01       3.643332391271190268e-02
4.500000000000000111e-01       3.733131790631756541e-02
4.600000000000000200e-01       3.823254777020922146e-02
4.699999999999999734e-01       3.913586189491539274e-02
4.799999999999999822e-01       4.004020147797680840e-02
4.899999999999999911e-01       4.094459149562990757e-02
5.000000000000000000e-01       4.184601206803584272e-02
5.100000000000000089e-01       4.272591430354098080e-02
5.200000000000000178e-01       4.358125454700990942e-02
5.300000000000000266e-01       4.441505846833181809e-02
5.400000000000000355e-01       4.522990886180451586e-02
5.500000000000000444e-01       4.602764718586659781e-02
5.600000000000000533e-01       4.680043216679385248e-02
5.699999999999999512e-01       4.754721029256881587e-02
5.799999999999999600e-01       4.827143276409381900e-02
5.899999999999999689e-01       4.897606176193348981e-02
5.999999999999999778e-01       4.966362880853227718e-02
6.099999999999999867e-01       5.033628920661652878e-02
6.199999999999999956e-01       5.099587166824522122e-02
6.300000000000000044e-01       5.164392281812751895e-02
6.400000000000000133e-01       5.228174661574003235e-02
6.500000000000000222e-01       5.291043895662090463e-02
6.600000000000000311e-01       5.353091783055814040e-02
6.700000000000000400e-01       5.414394946669551928e-02
6.800000000000000488e-01       5.475017090640996176e-02
6.899999999999999467e-01       5.535010943039347930e-02
6.999999999999999556e-01       5.594419923766449920e-02
7.099999999999999645e-01       5.653279573845310796e-02
7.199999999999999734e-01       5.711618778470012314e-02
7.299999999999999822e-01       5.769460812409023254e-02
7.399999999999999911e-01       5.826824232775546647e-02
7.500000000000000000e-01       5.883723641007044397e-02
7.600000000000000089e-01       5.940170332432163913e-02
7.700000000000000178e-01       5.996172850494183026e-02
7.800000000000000266e-01       6.048659839785512637e-02
7.900000000000000355e-01       6.078691028249914863e-02
8.000000000000000444e-01       6.087044925913300680e-02
8.100000000000000533e-01       6.078517476740132042e-02
8.199999999999999512e-01       6.057319538877992127e-02
8.299999999999999600e-01       6.027010913500178979e-02
8.399999999999999689e-01       5.990520511185642993e-02
8.499999999999999778e-01       5.950203623926190316e-02
8.599999999999999867e-01       5.907916157386759737e-02
8.699999999999999956e-01       5.865092691585038764e-02
8.800000000000000044e-01       5.822820655023033809e-02
8.900000000000000133e-01       5.781906685897749559e-02
9.000000000000000222e-01       5.742094286292615674e-02
9.100000000000000311e-01       5.702571273129167922e-02
9.200000000000000400e-01       5.664075873974448727e-02
9.300000000000000488e-01       5.627178927361047023e-02
9.399999999999999467e-01       5.592289492037114812e-02
9.499999999999999556e-01       5.559689146706269652e-02
9.599999999999999645e-01       5.455430120307024761e-02
9.699999999999999734e-01       5.451165066677583770e-02
9.799999999999999822e-01       5.447023875555431771e-02
9.899999999999999911e-01       5.443001838597917585e-02
1.000000000000000000e+00       5.439094466523008986e-02
1.010000000000000009e+00       5.435297477698897151e-02
1.020000000000000018e+00       5.431606786340442694e-02
1.030000000000000027e+00       5.428018492241590970e-02
1.040000000000000036e+00       5.424528870821353904e-02
1.050000000000000044e+00       5.421134363825099584e-02
1.060000000000000053e+00       5.417831570587009621e-02
1.070000000000000062e+00       5.414617239816173905e-02
1.080000000000000071e+00       5.411488261871175848e-02
1.090000000000000080e+00       5.408441661490930724e-02
1.100000000000000089e+00       5.405474590951335478e-02
1.110000000000000098e+00       5.402584323621954787e-02
1.120000000000000107e+00       5.399768247891641171e-02
1.129999999999999893e+00       5.397023861446212378e-02
1.139999999999999902e+00       5.394348765870091850e-02
1.149999999999999911e+00       5.391740661554157710e-02
1.159999999999999920e+00       5.389197342888359110e-02
1.169999999999999929e+00       5.386716693727242045e-02
1.179999999999999938e+00       5.384296683091707725e-02
1.189999999999999947e+00       5.381935361132103579e-02
1.199999999999999956e+00       5.379630855287582253e-02
1.209999999999999964e+00       5.377381366666457441e-02
1.219999999999999973e+00       5.375185166618008659e-02
1.229999999999999982e+00       5.373040593487767025e-02
1.239999999999999991e+00       5.370946049544446377e-02
1.250000000000000000e+00       5.368899995208629289e-02
1.260000000000000009e+00       5.366900958278925798e-02
1.270000000000000018e+00       5.364947512073180852e-02
1.280000000000000027e+00       5.363038287386047431e-02
1.290000000000000036e+00       5.361171965362169362e-02
1.300000000000000044e+00       5.359347275720897225e-02
1.310000000000000053e+00       5.357562994635677034e-02
1.320000000000000062e+00       5.355817942719638680e-02
1.330000000000000071e+00       5.354110983122307293e-02
1.340000000000000080e+00       5.352441019686682289e-02
1.350000000000000089e+00       5.350806995250911857e-02
1.360000000000000098e+00       5.349207889985404391e-02
1.370000000000000107e+00       5.347642719833896330e-02
1.379999999999999893e+00       5.346110535024519578e-02
1.389999999999999902e+00       5.344610418652940426e-02
1.399999999999999911e+00       5.343141485331179968e-02
1.409999999999999920e+00       5.341702879904037388e-02
1.419999999999999929e+00       5.340293776222378858e-02
1.429999999999999938e+00       5.338913375975473663e-02
1.439999999999999947e+00       5.337560907577278829e-02
1.449999999999999956e+00       5.336235625104090996e-02
1.459999999999999964e+00       5.334936852421789250e-02
1.469999999999999973e+00       5.333663801063363158e-02
1.479999999999999982e+00       5.332415841936600370e-02
1.489999999999999991e+00       5.331192322081257373e-02
1.500000000000000000e+00       5.329992609570436551e-02
1.510000000000000009e+00       5.328816092700058848e-02
1.520000000000000018e+00       5.327662178879218752e-02
1.530000000000000027e+00       5.326530292586173498e-02
1.540000000000000036e+00       5.325419873363335804e-02
1.550000000000000044e+00       5.324330374205986371e-02
1.560000000000000053e+00       5.323261260282890345e-02
1.570000000000000062e+00       5.322212007917692667e-02
1.580000000000000071e+00       5.321182103806759711e-02
1.590000000000000080e+00       5.320171044406939165e-02
1.600000000000000089e+00       5.319178324062819041e-02
1.610000000000000098e+00       5.318203233597822849e-02
1.620000000000000107e+00       5.317244729242165402e-02
1.629999999999999893e+00       5.316301558036412578e-02
1.639999999999999902e+00       5.315372313489036965e-02
1.649999999999999911e+00       5.314455466510866616e-02
1.659999999999999920e+00       5.313549388198800238e-02
1.669999999999999929e+00       5.312652368297460237e-02
1.679999999999999938e+00       5.311762631262146456e-02
1.689999999999999947e+00       5.310878350441299023e-02
1.699999999999999956e+00       5.309997660677780867e-02
1.709999999999999964e+00       5.309118670190353384e-02
1.719999999999999973e+00       5.308239470653901282e-02
1.729999999999999982e+00       5.307358147306602547e-02
1.739999999999999991e+00       5.306472787519122408e-02
1.750000000000000000e+00       5.305581488803357698e-02
1.760000000000000009e+00       5.304682366078922184e-02
1.770000000000000018e+00       5.303773558269700428e-02
1.780000000000000027e+00       5.302853234201754945e-02
1.790000000000000036e+00       5.301919597758447678e-02
1.800000000000000044e+00       5.300970890608663194e-02
1.810000000000000053e+00       5.300005392317828912e-02
1.820000000000000062e+00       5.299021420293596740e-02
1.830000000000000071e+00       5.298017330235140626e-02
1.840000000000000080e+00       5.296991516798101735e-02
1.850000000000000089e+00       5.295942414517514768e-02
1.860000000000000098e+00       5.294868498911539656e-02
1.870000000000000107e+00       5.293768287632330538e-02
1.879999999999999893e+00       5.292640341723406361e-02
1.889999999999999902e+00       5.291483266818834685e-02
1.899999999999999911e+00       5.290295714377540870e-02
1.909999999999999920e+00       5.289076382826946726e-02
1.919999999999999929e+00       5.287824018621681971e-02
1.929999999999999938e+00       5.286537417261807925e-02
1.939999999999999947e+00       5.285215424117022109e-02
1.949999999999999956e+00       5.283856935366187946e-02
1.959999999999999964e+00       5.282460898412633804e-02
1.969999999999999973e+00       5.281026312568291858e-02
1.979999999999999982e+00       5.279552229427031396e-02
1.989999999999999991e+00       5.278037753158767997e-02
2.000000000000000000e+00       5.276482040635910309e-02
2.009999999999999787e+00       5.274884301541148818e-02
2.020000000000000018e+00       5.273243798220329792e-02
2.029999999999999805e+00       5.271559845571952008e-02
2.040000000000000036e+00       5.269831810716786580e-02
2.049999999999999822e+00       5.268059112619558754e-02
2.060000000000000053e+00       5.266241221617461860e-02
2.069999999999999840e+00       5.264377658795287018e-02
2.080000000000000071e+00       5.262467995406192034e-02
2.089999999999999858e+00       5.260511852087240703e-02
2.100000000000000089e+00       5.258508898062567299e-02
2.109999999999999876e+00       5.256458850279198403e-02
2.120000000000000107e+00       5.254361472473170758e-02
2.129999999999999893e+00       5.252216574186854836e-02
2.140000000000000124e+00       5.250024009736767999e-02
2.149999999999999911e+00       5.247783677140413494e-02
2.160000000000000142e+00       5.245495517001196040e-02
2.169999999999999929e+00       5.243159511366268788e-02
2.180000000000000160e+00       5.240775682552277492e-02
2.189999999999999947e+00       5.238344091949284631e-02
2.200000000000000178e+00       5.235864838805277810e-02
2.209999999999999964e+00       5.233338058995525011e-02
2.220000000000000195e+00       5.230763923780624991e-02
2.229999999999999982e+00       5.228142638556808330e-02
2.240000000000000213e+00       5.225474441601878073e-02
2.250000000000000000e+00       5.222759602819850716e-02
2.259999999999999787e+00       5.219998422487386741e-02
2.270000000000000018e+00       5.217191230004493419e-02
2.279999999999999805e+00       5.214338382652252551e-02
2.290000000000000036e+00       5.211440264359722824e-02
2.299999999999999822e+00       5.208497284482237893e-02
2.310000000000000053e+00       5.205509876593091001e-02
2.319999999999999840e+00       5.202478497290027870e-02
2.330000000000000071e+00       5.199403625019078518e-02
2.339999999999999858e+00       5.196285758916001363e-02
2.350000000000000089e+00       5.193125417667458776e-02
2.359999999999999876e+00       5.189923248422570468e-02
2.370000000000000107e+00       5.186679475547557178e-02
2.379999999999999893e+00       5.183394999850059193e-02
2.390000000000000124e+00       5.180070297229594223e-02
2.399999999999999911e+00       5.176705967802786024e-02
2.410000000000000142e+00       5.173302624883004130e-02
2.419999999999999929e+00       5.169860894018533243e-02
2.430000000000000160e+00       5.166381411992920086e-02
2.439999999999999947e+00       5.162864825880080638e-02
2.450000000000000178e+00       5.159311792210547615e-02
2.459999999999999964e+00       5.155722976097612542e-02
2.470000000000000195e+00       5.152099050375705952e-02
2.479999999999999982e+00       5.148440694778212701e-02
2.490000000000000213e+00       5.144748595145164777e-02
2.500000000000000000e+00       5.141023442657488562e-02
2.509999999999999787e+00       5.137265933097136944e-02
2.520000000000000018e+00       5.133476766133124314e-02
2.529999999999999805e+00       5.129656644633177887e-02
2.540000000000000036e+00       5.125806274000885288e-02
2.549999999999999822e+00       5.121926361537971345e-02
2.560000000000000053e+00       5.118017615831386286e-02
2.569999999999999840e+00       5.114080746164896552e-02
2.580000000000000071e+00       5.110116461954750111e-02
2.589999999999999858e+00       5.106125472208946497e-02
2.600000000000000089e+00       5.102108485009827776e-02
2.609999999999999876e+00       5.098066207019413126e-02
2.620000000000000107e+00       5.093999343007023228e-02
2.629999999999999893e+00       5.089908595398785068e-02
2.640000000000000124e+00       5.085794663848491881e-02
2.649999999999999911e+00       5.081658244829265897e-02
2.660000000000000142e+00       5.077500031245604090e-02
2.669999999999999929e+00       5.073320712065278182e-02
2.680000000000000160e+00       5.069121129999862307e-02
2.689999999999999947e+00       5.064901491028043351e-02
2.700000000000000178e+00       5.060662944459036472e-02
2.709999999999999964e+00       5.056406002016913814e-02
2.720000000000000195e+00       5.052131328205725774e-02
2.729999999999999982e+00       5.047839581508643814e-02
2.740000000000000213e+00       5.043531414938196705e-02
2.750000000000000000e+00       5.039207474732886743e-02
2.759999999999999787e+00       5.034868400878163286e-02
2.770000000000000018e+00       5.030514826730196620e-02
2.779999999999999805e+00       5.026147378814069255e-02
2.790000000000000036e+00       5.021766676653340034e-02
2.799999999999999822e+00       5.017373332617637571e-02
2.810000000000000053e+00       5.012967951779687820e-02
2.819999999999999840e+00       5.008551131783312016e-02
2.830000000000000071e+00       5.004123462723045201e-02
2.839999999999999858e+00       4.999685527035165750e-02
2.850000000000000089e+00       4.995237899399706388e-02
2.859999999999999876e+00       4.990781146653061606e-02
2.870000000000000107e+00       4.986315827710626619e-02
2.879999999999999893e+00       4.981842493499159114e-02
2.890000000000000124e+00       4.977361686898455762e-02
2.899999999999999911e+00       4.972873942691850152e-02
2.910000000000000142e+00       4.968379787525315644e-02
2.919999999999999929e+00       4.963879739874590968e-02
2.930000000000000160e+00       4.959374310020173843e-02
2.939999999999999947e+00       4.954864000029680915e-02
2.950000000000000178e+00       4.950349303747294399e-02
2.959999999999999964e+00       4.945830706789977604e-02
2.970000000000000195e+00       4.941308686550043711e-02
2.979999999999999982e+00       4.936783712203931390e-02
2.990000000000000213e+00       4.932256244726679340e-02
3.000000000000000000e+00       4.927726736911978295e-02
3.009999999999999787e+00       4.923195630077432938e-02
3.020000000000000018e+00       4.918663333753411221e-02
3.029999999999999805e+00       4.914130227045078458e-02
3.040000000000000036e+00       4.909596669054622914e-02
3.049999999999999822e+00       4.905063003050025988e-02
3.060000000000000053e+00       4.900529558934207247e-02
3.069999999999999840e+00       4.895996654643899881e-02
3.080000000000000071e+00       4.891464598737480657e-02
3.089999999999999858e+00       4.886933689498763889e-02
3.100000000000000089e+00       4.882404217037410177e-02
3.109999999999999876e+00       4.877876463674681723e-02
3.120000000000000107e+00       4.873350704516936360e-02
3.129999999999999893e+00       4.868827207942089813e-02
3.140000000000000124e+00       4.864306236037359982e-02
3.149999999999999911e+00       4.859788044958290865e-02
3.160000000000000142e+00       4.855272868583147827e-02
3.169999999999999929e+00       4.850760985593417784e-02
3.180000000000000160e+00       4.846252619321399224e-02
3.189999999999999947e+00       4.841748005032264074e-02
3.200000000000000178e+00       4.837247373315219090e-02
3.209999999999999964e+00       4.832750950259936951e-02
3.220000000000000195e+00       4.828258957600248258e-02
3.229999999999999982e+00       4.823771612855433377e-02
3.240000000000000213e+00       4.819289129450553266e-02
3.250000000000000000e+00       4.814811716825712073e-02
3.259999999999999787e+00       4.810339580534210568e-02
3.270000000000000018e+00       4.805872922331685254e-02
3.279999999999999805e+00       4.801411940256345573e-02
3.290000000000000036e+00       4.796956828702093889e-02
3.299999999999999822e+00       4.792507778485136094e-02
3.310000000000000053e+00       4.788064976904862768e-02
3.319999999999999840e+00       4.783628607806237470e-02
3.330000000000000071e+00       4.779198851607739662e-02
3.339999999999999858e+00       4.774775885382207680e-02
3.350000000000000089e+00       4.770359882880299829e-02
3.359999999999999876e+00       4.765951014576914196e-02
3.370000000000000107e+00       4.761549447710006905e-02
3.379999999999999893e+00       4.757155346317280126e-02
3.390000000000000124e+00       4.752768871270871692e-02
3.399999999999999911e+00       4.748390180310419623e-02
3.410000000000000142e+00       4.744019428075096217e-02
3.419999999999999929e+00       4.739656766132046423e-02
3.430000000000000160e+00       4.735302343009755582e-02
3.439999999999999947e+00       4.730956304222590225e-02
3.450000000000000178e+00       4.726618792300573552e-02
3.459999999999999964e+00       4.722289946816198014e-02
3.470000000000000195e+00       4.717969904411172671e-02
3.479999999999999982e+00       4.713658798822722984e-02
3.490000000000000213e+00       4.709356760909644973e-02
3.500000000000000000e+00       4.705063918678131785e-02
3.509999999999999787e+00       4.700780397307433023e-02
3.520000000000000018e+00       4.696506319175411392e-02
3.529999999999999805e+00       4.692241803884059093e-02
3.540000000000000036e+00       4.687986968283205241e-02
3.549999999999999822e+00       4.683741926503606073e-02
3.560000000000000053e+00       4.679506788901427461e-02
3.569999999999999840e+00       4.675281637944506824e-02
3.580000000000000071e+00       4.671066509993595378e-02
3.589999999999999858e+00       4.666861414856365853e-02
3.600000000000000089e+00       4.662666344970848448e-02
3.609999999999999876e+00       4.658481280115962797e-02
3.620000000000000107e+00       4.654306190504046981e-02
3.629999999999999893e+00       4.650141039079768585e-02
3.640000000000000124e+00       4.645985783230738297e-02
3.649999999999999911e+00       4.641840376203672930e-02
3.660000000000000142e+00       4.637704768192819210e-02
3.669999999999999929e+00       4.633578907282744075e-02
3.680000000000000160e+00       4.629462740199388054e-02
3.689999999999999947e+00       4.625356212956881208e-02
3.700000000000000178e+00       4.621259271366608135e-02
3.709999999999999964e+00       4.617171861680415684e-02
3.720000000000000195e+00       4.613093930313161978e-02
3.729999999999999982e+00       4.609025425115158975e-02
3.740000000000000213e+00       4.604966295003599247e-02
3.750000000000000000e+00       4.600916490342202986e-02
3.759999999999999787e+00       4.596875963123813608e-02
3.770000000000000018e+00       4.592844667117176177e-02
3.779999999999999805e+00       4.588822557996979218e-02
3.790000000000000036e+00       4.584809593425474838e-02
3.799999999999999822e+00       4.580805733134371560e-02
3.810000000000000053e+00       4.576810938976720589e-02
3.819999999999999840e+00       4.572825174964102735e-02
3.830000000000000071e+00       4.568848407289025082e-02
3.839999999999999858e+00       4.564880604334480008e-02
3.850000000000000089e+00       4.560921736672203519e-02
3.859999999999999876e+00       4.556971777051147671e-02
3.870000000000000107e+00       4.553030700377185686e-02
3.879999999999999893e+00       4.549098483686268846e-02
3.890000000000000124e+00       4.545175106109595325e-02
3.899999999999999911e+00       4.541260548834145233e-02
3.910000000000000142e+00       4.537354795059237583e-02
3.919999999999999929e+00       4.533457829947581952e-02
3.930000000000000160e+00       4.529569640573775230e-02
3.939999999999999947e+00       4.525690215869733468e-02
3.950000000000000178e+00       4.521819546567854009e-02
3.959999999999999964e+00       4.517957625142470651e-02
3.970000000000000195e+00       4.514104445748751138e-02
3.979999999999999982e+00       4.510260004162651437e-02
3.990000000000000213e+00       4.506424297717876587e-02
4.000000000000000000e+00       4.502597325243434812e-02
4.009999999999999787e+00       4.498779087000707305e-02
4.019999999999999574e+00       4.494969584621255621e-02
4.030000000000000249e+00       4.491168821040790460e-02
4.040000000000000036e+00       4.487376800441810615e-02
4.049999999999999822e+00       4.483593528188115768e-02
4.059999999999999609e+00       4.479819010764440890e-02
4.070000000000000284e+00       4.476053255715949780e-02
4.080000000000000071e+00       4.472296271588570293e-02
4.089999999999999858e+00       4.468548067870346113e-02
4.099999999999999645e+00       4.464808654933806464e-02
4.110000000000000320e+00       4.461078043963769002e-02
4.120000000000000107e+00       4.457356246961723806e-02
4.129999999999999893e+00       4.453643276605735724e-02
4.139999999999999680e+00       4.449939146252895883e-02
4.150000000000000355e+00       4.446243869874417359e-02
4.160000000000000142e+00       4.442557462005419788e-02
4.169999999999999929e+00       4.438879937696069145e-02
4.179999999999999716e+00       4.435211312464080319e-02
4.190000000000000391e+00       4.431551602248604005e-02
4.200000000000000178e+00       4.427900823365492344e-02
4.209999999999999964e+00       4.424258992463921819e-02
4.219999999999999751e+00       4.420626126484424046e-02
4.230000000000000426e+00       4.417002242618284225e-02
4.240000000000000213e+00       4.413387358268298921e-02
4.250000000000000000e+00       4.409781491010875132e-02
4.259999999999999787e+00       4.406184658559499784e-02
4.269999999999999574e+00       4.402596878729499869e-02
4.280000000000000249e+00       4.399018169404139006e-02
4.290000000000000036e+00       4.395448548501982439e-02
4.299999999999999822e+00       4.391888033945542252e-02
4.309999999999999609e+00       4.388336643631155637e-02
4.320000000000000284e+00       4.384794395400103129e-02
4.330000000000000071e+00       4.381261307010920342e-02
4.339999999999999858e+00       4.377737396112859475e-02
4.349999999999999645e+00       4.374222680220579695e-02
4.360000000000000320e+00       4.370717176689863093e-02
4.370000000000000107e+00       4.367220902694497059e-02
4.379999999999999893e+00       4.363733875204221790e-02
4.389999999999999680e+00       4.360256110963714460e-02
4.400000000000000355e+00       4.356787626472585773e-02
4.410000000000000142e+00       4.353328437966415970e-02
4.419999999999999929e+00       4.349878561398701216e-02
4.429999999999999716e+00       4.346438012423791547e-02
4.440000000000000391e+00       4.343006806380723256e-02
4.450000000000000178e+00       4.339584958277956789e-02
4.459999999999999964e+00       4.336172482778945236e-02
4.469999999999999751e+00       4.332769394188595163e-02
4.480000000000000426e+00       4.329375706440501126e-02
4.490000000000000213e+00       4.325991433084998283e-02
4.500000000000000000e+00       4.322616587277856165e-02
4.509999999999999787e+00       4.319251181770206865e-02
4.519999999999999574e+00       4.315895228898249114e-02
4.530000000000000249e+00       4.312548740574565637e-02
4.540000000000000036e+00       4.309211728279679215e-02
4.549999999999999822e+00       4.305884203054308190e-02
4.559999999999999609e+00       4.302566175492271439e-02
4.570000000000000284e+00       4.299257655733995653e-02
4.580000000000000071e+00       4.295958653460614507e-02
4.589999999999999858e+00       4.292669177888592397e-02
4.599999999999999645e+00       4.289389237764951179e-02
4.610000000000000320e+00       4.286118841362965282e-02
4.620000000000000107e+00       4.282857996478398044e-02
4.629999999999999893e+00       4.279606710426175908e-02
4.639999999999999680e+00       4.276364990033699326e-02
4.650000000000000355e+00       4.273132841654083552e-02
4.660000000000000142e+00       4.269910271140685970e-02
4.669999999999999929e+00       4.266697283839386567e-02
4.679999999999999716e+00       4.263493884667451939e-02
4.690000000000000391e+00       4.260300077991325401e-02
4.700000000000000178e+00       4.257115867704600043e-02
4.709999999999999964e+00       4.253941257208940230e-02
4.719999999999999751e+00       4.250776249414339042e-02
4.730000000000000426e+00       4.247620846739739303e-02
4.740000000000000213e+00       4.244475051114229847e-02
4.750000000000000000e+00       4.241338863976980983e-02
4.759999999999999787e+00       4.238212286280586966e-02
4.769999999999999574e+00       4.235095318491549632e-02
4.780000000000000249e+00       4.231987960594776194e-02
4.790000000000000036e+00       4.228890212084758515e-02
4.799999999999999822e+00       4.225802071990251985e-02
4.809999999999999609e+00       4.222723538854233211e-02
4.820000000000000284e+00       4.219654610749349471e-02
4.830000000000000071e+00       4.216595285276786287e-02
4.839999999999999858e+00       4.213545559571166277e-02
4.849999999999999645e+00       4.210505430302222130e-02
4.860000000000000320e+00       4.207474893682699307e-02
4.870000000000000107e+00       4.204453945459923903e-02
4.879999999999999893e+00       4.201442580941450872e-02
4.889999999999999680e+00       4.198440794977854190e-02
4.900000000000000355e+00       4.195448581976931463e-02
4.910000000000000142e+00       4.192465935907946362e-02
4.919999999999999929e+00       4.189492850302976162e-02
4.929999999999999716e+00       4.186529318263456506e-02
4.940000000000000391e+00       4.183575332464267715e-02
4.950000000000000178e+00       4.180630885158455323e-02
4.959999999999999964e+00       4.177695968182024849e-02
4.969999999999999751e+00       4.174770572958791393e-02
4.980000000000000426e+00       4.171854690505313878e-02
4.990000000000000213e+00       4.168948311435935472e-02
5.000000000000000000e+00       4.166051425708938022e-02
5.009999999999999787e+00       4.163164023674127689e-02
5.019999999999999574e+00       4.160286094503548582e-02
5.030000000000000249e+00       4.157417627253820469e-02
5.040000000000000036e+00       4.154558610605157271e-02
5.049999999999999822e+00       4.151709032866651716e-02
5.059999999999999609e+00       4.148868881981621071e-02
5.070000000000000284e+00       4.146038145532945224e-02
5.080000000000000071e+00       4.143216810748424211e-02
5.089999999999999858e+00       4.140404864506196103e-02
5.099999999999999645e+00       4.137602293340111176e-02
5.110000000000000320e+00       4.134809083445164374e-02
5.120000000000000107e+00       4.132025220682905564e-02
5.129999999999999893e+00       4.129250690586867834e-02
5.139999999999999680e+00       4.126485478367981907e-02
5.150000000000000355e+00       4.123729568920017630e-02
5.160000000000000142e+00       4.120982946824977566e-02
5.169999999999999929e+00       4.118245596358502403e-02
5.179999999999999716e+00       4.115517501495284669e-02
5.190000000000000391e+00       4.112798645914429035e-02
5.200000000000000178e+00       4.110089013004833425e-02
5.209999999999999964e+00       4.107388585870534736e-02
5.219999999999999751e+00       4.104697347335976160e-02
5.230000000000000426e+00       4.102015279951416737e-02
5.240000000000000213e+00       4.099342365998119575e-02
5.250000000000000000e+00       4.096678587493639279e-02
5.259999999999999787e+00       4.094023926197030983e-02
5.269999999999999574e+00       4.091378363614041336e-02
5.280000000000000249e+00       4.088741880996930866e-02
5.290000000000000036e+00       4.086114459371027047e-02
5.299999999999999822e+00       4.083496079507585585e-02
5.309999999999999609e+00       4.080886721950373330e-02
5.320000000000000284e+00       4.078286367015312303e-02
5.330000000000000071e+00       4.075694994795424353e-02
5.339999999999999858e+00       4.073112585165809124e-02
5.349999999999999645e+00       4.070539117788499195e-02
5.360000000000000320e+00       4.067974572117353388e-02
5.370000000000000107e+00       4.065418927403190857e-02
5.379999999999999893e+00       4.062872162697177270e-02
5.389999999999999680e+00       4.060334256857507651e-02
5.400000000000000355e+00       4.057805188553223474e-02
5.410000000000000142e+00       4.055284936268410689e-02
5.419999999999999929e+00       4.052773478307292176e-02
5.429999999999999716e+00       4.050270792797737440e-02
5.440000000000000391e+00       4.047776857700381009e-02
5.450000000000000178e+00       4.045291650803739536e-02
5.459999999999999964e+00       4.042815149738138852e-02
5.469999999999999751e+00       4.040347331974802891e-02
5.480000000000000426e+00       4.037888174831899546e-02
5.490000000000000213e+00       4.035437655478112812e-02
5.500000000000000000e+00       4.032995750937563850e-02
5.509999999999999787e+00       4.030562438093091698e-02
5.519999999999999574e+00       4.028137693690053006e-02
5.530000000000000249e+00       4.025721494344631363e-02
5.540000000000000036e+00       4.023313816539066112e-02
5.549999999999999822e+00       4.020914636634340816e-02
5.559999999999999609e+00       4.018523930869723204e-02
5.570000000000000284e+00       4.016141675367726482e-02
5.580000000000000071e+00       4.013767846137025058e-02
5.589999999999999858e+00       4.011402419077503972e-02
5.599999999999999645e+00       4.009045369983105234e-02
5.610000000000000320e+00       4.006696674545687925e-02
5.620000000000000107e+00       4.004356308358632960e-02
5.629999999999999893e+00       4.002024246920395101e-02
5.639999999999999680e+00       3.999700465637996694e-02
5.650000000000000355e+00       3.997384939830494338e-02
5.660000000000000142e+00       3.995077644732374089e-02
5.669999999999999929e+00       3.992778555496904330e-02
5.679999999999999716e+00       3.990487646839595975e-02
5.690000000000000391e+00       3.988204894489363883e-02
5.700000000000000178e+00       3.985930273006706853e-02
5.709999999999999964e+00       3.983663757358791441e-02
5.719999999999999751e+00       3.981405322128687280e-02
5.730000000000000426e+00       3.979154942156777619e-02
5.740000000000000213e+00       3.976912592117715778e-02
5.750000000000000000e+00       3.974678246630034689e-02
5.759999999999999787e+00       3.972451880259080664e-02
5.769999999999999574e+00       3.970233467519889564e-02
5.780000000000000249e+00       3.968022982880030358e-02
5.790000000000000036e+00       3.965820400762370967e-02
5.799999999999999822e+00       3.963625695547844108e-02
5.809999999999999609e+00       3.961438841578135417e-02
5.820000000000000284e+00       3.959259813158341745e-02
5.830000000000000071e+00       3.957088584559576711e-02
5.839999999999999858e+00       3.954925130021530455e-02
5.849999999999999645e+00       3.952769423755027323e-02
5.860000000000000320e+00       3.950621439944460717e-02
5.870000000000000107e+00       3.948481152648204012e-02
5.879999999999999893e+00       3.946348536209210583e-02
5.889999999999999680e+00       3.944223564645054497e-02
5.900000000000000355e+00       3.942106212058463233e-02
5.910000000000000142e+00       3.939996452537537081e-02
5.919999999999999929e+00       3.937894260157989712e-02
5.929999999999999716e+00       3.935799608985320053e-02
5.940000000000000391e+00       3.933712473076989014e-02
5.950000000000000178e+00       3.931632826484519200e-02
5.959999999999999964e+00       3.929560643255585600e-02
5.969999999999999751e+00       3.927495897436030642e-02
5.980000000000000426e+00       3.925438563071900755e-02
5.990000000000000213e+00       3.923388614211371223e-02
6.000000000000000000e+00       3.921346024906716132e-02
6.009999999999999787e+00       3.919310769213899676e-02
6.019999999999999574e+00       3.917282821180347041e-02
6.030000000000000249e+00       3.915262154847026776e-02
6.040000000000000036e+00       3.913248744256927342e-02
6.049999999999999822e+00       3.911242563459352978e-02
6.059999999999999609e+00       3.909243586577516860e-02
6.070000000000000284e+00       3.907251787552457056e-02
6.080000000000000071e+00       3.905267140536355236e-02
6.089999999999999858e+00       3.903289619631097190e-02
6.099999999999999645e+00       3.901319198958363293e-02
6.110000000000000320e+00       3.899355852660740113e-02
6.120000000000000107e+00       3.897399554903725749e-02
6.129999999999999893e+00       3.895450279877436806e-02
6.139999999999999680e+00       3.893508001798410417e-02
6.150000000000000355e+00       3.891572694911164115e-02
6.160000000000000142e+00       3.889644333489925693e-02
6.169999999999999929e+00       3.887722891840138251e-02
6.179999999999999716e+00       3.885808344299948591e-02
6.190000000000000391e+00       3.883900665241723366e-02
6.200000000000000178e+00       3.881999829073382730e-02
6.209999999999999964e+00       3.880105810239878328e-02
6.219999999999999751e+00       3.878218583224461030e-02
6.230000000000000426e+00       3.876338122550028464e-02
6.240000000000000213e+00       3.874464402780338629e-02
6.250000000000000000e+00       3.872597398521278322e-02
6.259999999999999787e+00       3.870737084422083002e-02
6.269999999999999574e+00       3.868883435176381086e-02
6.280000000000000249e+00       3.867036425523483201e-02
6.290000000000000036e+00       3.865196030249393178e-02
6.299999999999999822e+00       3.863362224187891214e-02
6.309999999999999609e+00       3.861534982221587198e-02
6.320000000000000284e+00       3.859714279282923377e-02
6.330000000000000071e+00       3.857900090355184664e-02
6.339999999999999858e+00       3.856092390473422893e-02
6.349999999999999645e+00       3.854291154725416474e-02
6.360000000000000320e+00       3.852496358252580078e-02
6.370000000000000107e+00       3.850707976258107429e-02
6.379999999999999893e+00       3.848925983978966625e-02
6.389999999999999680e+00       3.847150356729711618e-02
6.400000000000000355e+00       3.845381069874859170e-02
6.410000000000000142e+00       3.843618098836737440e-02
6.419999999999999929e+00       3.841861419110056269e-02
6.429999999999999716e+00       3.840111006207853894e-02
6.440000000000000391e+00       3.838366835743783206e-02
6.450000000000000178e+00       3.836628883378853661e-02
6.459999999999999964e+00       3.834897124835497800e-02
6.469999999999999751e+00       3.833171535898233923e-02
6.480000000000000426e+00       3.831452092563242262e-02
6.490000000000000213e+00       3.829738770442702583e-02
6.500000000000000000e+00       3.828031545660715018e-02
6.509999999999999787e+00       3.826330394256383799e-02
6.519999999999999574e+00       3.824635292333922187e-02
6.530000000000000249e+00       3.822946216063209668e-02
6.540000000000000036e+00       3.821263141680308201e-02
6.549999999999999822e+00       3.819586045487981946e-02
6.559999999999999609e+00       3.817914903856212128e-02
6.570000000000000284e+00       3.816249693222647371e-02
6.580000000000000071e+00       3.814590390093092892e-02
6.589999999999999858e+00       3.812936971041956669e-02
6.599999999999999645e+00       3.811289412712661612e-02
6.610000000000000320e+00       3.809647691818100756e-02
6.620000000000000107e+00       3.808011785141007105e-02
6.629999999999999893e+00       3.806381669534362328e-02
6.639999999999999680e+00       3.804757321921758972e-02
6.650000000000000355e+00       3.803138719297776554e-02
6.660000000000000142e+00       3.801525838585245731e-02
6.669999999999999929e+00       3.799918657207855544e-02
6.679999999999999716e+00       3.798317152232026650e-02
6.690000000000000391e+00       3.796721300939570609e-02
6.700000000000000178e+00       3.795131080684882585e-02
6.709999999999999964e+00       3.793546468895198087e-02
6.719999999999999751e+00       3.791967443070905913e-02
6.730000000000000426e+00       3.790393980785753542e-02
6.740000000000000213e+00       3.788826059687139258e-02
6.750000000000000000e+00       3.787263657496302977e-02
6.759999999999999787e+00       3.785706752008596854e-02
6.769999999999999574e+00       3.784155321093646968e-02
6.780000000000000249e+00       3.782609342695578830e-02
6.790000000000000036e+00       3.781068794833303964e-02
6.799999999999999822e+00       3.779533655600260389e-02
6.809999999999999609e+00       3.778003903165406963e-02
6.820000000000000284e+00       3.776479515772571127e-02
6.830000000000000071e+00       3.774960471741096307e-02
6.839999999999999858e+00       3.773446749465460270e-02
6.849999999999999645e+00       3.771938327416268777e-02
6.860000000000000320e+00       3.770435184139510343e-02
6.870000000000000107e+00       3.768937298257112045e-02
6.879999999999999893e+00       3.767444648466940216e-02
6.889999999999999680e+00       3.765957213631955514e-02
6.900000000000000355e+00       3.764474972423471899e-02
6.910000000000000142e+00       3.762997903857394355e-02
6.919999999999999929e+00       3.761525986936228860e-02
6.929999999999999716e+00       3.760059200738805063e-02
6.940000000000000391e+00       3.758597524420343589e-02
6.950000000000000178e+00       3.757140937212494203e-02
6.959999999999999964e+00       3.755689418423367731e-02
6.969999999999999751e+00       3.754242947437573530e-02
6.980000000000000426e+00       3.752801503716237524e-02
6.990000000000000213e+00       3.751365066797028580e-02
7.000000000000000000e+00       3.749933616294156419e-02
7.009999999999999787e+00       3.748507131840137646e-02
7.019999999999999574e+00       3.747085593318786462e-02
7.030000000000000249e+00       3.745668980515624857e-02
7.040000000000000036e+00       3.744257273350991289e-02
7.049999999999999822e+00       3.742850451821716495e-02
7.059999999999999609e+00       3.741448496001081869e-02
7.070000000000000284e+00       3.740051386038808351e-02
7.080000000000000071e+00       3.738659102160991898e-02
7.089999999999999858e+00       3.737271624670065323e-02
7.099999999999999645e+00       3.735888933944731677e-02
7.110000000000000320e+00       3.734511010439941353e-02
7.120000000000000107e+00       3.733137834686793555e-02
7.129999999999999893e+00       3.731769387292480783e-02
7.139999999999999680e+00       3.730405648940222224e-02
7.150000000000000355e+00       3.729046600389159666e-02
7.160000000000000142e+00       3.727692222474311007e-02
7.169999999999999929e+00       3.726342496106452296e-02
7.179999999999999716e+00       3.724997402272043484e-02
7.190000000000000391e+00       3.723656922033111855e-02
7.200000000000000178e+00       3.722321036527161120e-02
7.209999999999999964e+00       3.720989726967090239e-02
7.219999999999999751e+00       3.719662974641015085e-02
7.230000000000000426e+00       3.718340760912234449e-02
7.240000000000000213e+00       3.717023067229385108e-02
7.250000000000000000e+00       3.715709875085293490e-02
7.259999999999999787e+00       3.714401166078015737e-02
7.269999999999999574e+00       3.713096921870193828e-02
7.280000000000000249e+00       3.711797124198983056e-02
7.290000000000000036e+00       3.710501754875914632e-02
7.299999999999999822e+00       3.709210795780782527e-02
7.309999999999999609e+00       3.707924228885237788e-02
7.320000000000000284e+00       3.706642036217270425e-02
7.330000000000000071e+00       3.705364199884488008e-02
7.339999999999999858e+00       3.704090702068129487e-02
7.349999999999999645e+00       3.702821525022932658e-02
7.360000000000000320e+00       3.701556651076940568e-02
7.370000000000000107e+00       3.700296062631384941e-02
7.379999999999999893e+00       3.699039742160475930e-02
7.389999999999999680e+00       3.697787672211255011e-02
7.400000000000000355e+00       3.696539835403428453e-02
7.410000000000000142e+00       3.695296214429177190e-02
7.419999999999999929e+00       3.694056792053010407e-02
7.429999999999999716e+00       3.692821551111551137e-02
7.440000000000000391e+00       3.691590474513384984e-02
7.450000000000000178e+00       3.690363545238859594e-02
7.459999999999999964e+00       3.689140746339907712e-02
7.469999999999999751e+00       3.687922060939856361e-02
7.480000000000000426e+00       3.686707472233243660e-02
7.490000000000000213e+00       3.685496963485614813e-02
7.500000000000000000e+00       3.684290518033341011e-02
7.509999999999999787e+00       3.683088119283424444e-02
7.519999999999999574e+00       3.681889750713288750e-02
7.530000000000000249e+00       3.680695395870580561e-02
7.540000000000000036e+00       3.679505038372996029e-02
7.549999999999999822e+00       3.678318661908043519e-02
7.559999999999999609e+00       3.677136250232854175e-02
7.570000000000000284e+00       3.675957787173980695e-02
7.580000000000000071e+00       3.674783256627184302e-02
7.589999999999999858e+00       3.673612642557221031e-02
7.599999999999999645e+00       3.672445928997647435e-02
7.610000000000000320e+00       3.671283100050588832e-02
7.620000000000000107e+00       3.670124139886549869e-02
7.629999999999999893e+00       3.668969032744173742e-02
7.639999999999999680e+00       3.667817762930043746e-02
7.650000000000000355e+00       3.666670314818467474e-02
7.660000000000000142e+00       3.665526672851252693e-02
7.669999999999999929e+00       3.664386821537487376e-02
7.679999999999999716e+00       3.663250745453332236e-02
7.690000000000000391e+00       3.662118429241782713e-02
7.700000000000000178e+00       3.660989857612451104e-02
7.709999999999999964e+00       3.659865015341361161e-02
7.719999999999999751e+00       3.658743887270700379e-02
7.730000000000000426e+00       3.657626458308602113e-02
7.740000000000000213e+00       3.656512713428941574e-02
7.750000000000000000e+00       3.655402637671071459e-02
7.759999999999999787e+00       3.654296216139595044e-02
7.769999999999999574e+00       3.653193434004298190e-02
7.780000000000000249e+00       3.652094276499561615e-02
7.790000000000000036e+00       3.650998728924501058e-02
7.799999999999999822e+00       3.649906776642553724e-02
7.809999999999999609e+00       3.648818405081287464e-02
7.820000000000000284e+00       3.647733599732154441e-02
7.830000000000000071e+00       3.646652346150281582e-02
7.839999999999999858e+00       3.645574629954229096e-02
7.849999999999999645e+00       3.644500436825762191e-02
7.860000000000000320e+00       3.643429752509602659e-02
7.870000000000000107e+00       3.642362562813222793e-02
7.879999999999999893e+00       3.641298853606586561e-02
7.889999999999999680e+00       3.640238610821940057e-02
7.900000000000000355e+00       3.639181820453565863e-02
7.910000000000000142e+00       3.638128468557533246e-02
7.919999999999999929e+00       3.637078541251494851e-02
7.929999999999999716e+00       3.636032024714432737e-02
7.940000000000000391e+00       3.634988905186425923e-02
7.950000000000000178e+00       3.633949168968420712e-02
7.959999999999999964e+00       3.632912802339211683e-02
7.969999999999999751e+00       3.631879791886407499e-02
7.980000000000000426e+00       3.630850124009257079e-02
7.990000000000000213e+00       3.629823785249811086e-02
8.000000000000000000e+00       3.628800762209819647e-02
8.009999999999999787e+00       3.627781041550472846e-02
8.019999999999999574e+00       3.626764609992195326e-02
8.029999999999999361e+00       3.625751454314384004e-02
8.039999999999999147e+00       3.624741561355188102e-02
8.050000000000000711e+00       3.623734918011271844e-02
8.060000000000000497e+00       3.622731511237566038e-02
8.070000000000000284e+00       3.621731328047071014e-02
8.080000000000000071e+00       3.620734355510571434e-02
8.089999999999999858e+00       3.619740580756438536e-02
8.099999999999999645e+00       3.618749990970475394e-02
8.109999999999999432e+00       3.617762573395292419e-02
8.119999999999999218e+00       3.616778315330691773e-02
8.130000000000000782e+00       3.615797204132975562e-02
8.140000000000000568e+00       3.614819227214884773e-02
8.150000000000000355e+00       3.613844372045305758e-02
8.160000000000000142e+00       3.612872626149089827e-02
8.169999999999999929e+00       3.611903977106766667e-02
8.179999999999999716e+00       3.610938412554346583e-02
8.189999999999999503e+00       3.609975920183089437e-02
8.199999999999999289e+00       3.609016487739253459e-02
8.210000000000000853e+00       3.608060103023873200e-02
8.220000000000000639e+00       3.607106753892534018e-02
8.230000000000000426e+00       3.606156428255133384e-02
8.240000000000000213e+00       3.605209114075657445e-02
8.250000000000000000e+00       3.604264799371932615e-02
8.259999999999999787e+00       3.603323472226870050e-02
8.269999999999999574e+00       3.602385120742386537e-02
8.279999999999999361e+00       3.601449733107996848e-02
8.289999999999999147e+00       3.600517297554654828e-02
8.300000000000000711e+00       3.599587802366032568e-02
8.310000000000000497e+00       3.598661235878276854e-02
8.320000000000000284e+00       3.597737586479788502e-02
8.330000000000000071e+00       3.596816842611012116e-02
8.339999999999999858e+00       3.595898992764173796e-02
8.349999999999999645e+00       3.594984025483090317e-02
8.359999999999999432e+00       3.594071929362926965e-02
8.369999999999999218e+00       3.593162693049975487e-02
8.380000000000000782e+00       3.592256305241422337e-02
8.390000000000000568e+00       3.591352754685150223e-02
8.400000000000000355e+00       3.590452030179499404e-02
8.410000000000000142e+00       3.589554120573009571e-02
8.419999999999999929e+00       3.588659014764275512e-02
8.429999999999999716e+00       3.587766701701658456e-02
8.439999999999999503e+00       3.586877170383106356e-02
8.449999999999999289e+00       3.585990409855898536e-02
8.460000000000000853e+00       3.585106409216459733e-02
8.470000000000000639e+00       3.584225157610121393e-02
8.480000000000000426e+00       3.583346644230900324e-02
8.490000000000000213e+00       3.582470858321305796e-02
8.500000000000000000e+00       3.581597789172093205e-02
8.509999999999999787e+00       3.580727426122062851e-02
8.519999999999999574e+00       3.579859758557842747e-02
8.529999999999999361e+00       3.578994775913667964e-02
8.539999999999999147e+00       3.578132467671175238e-02
8.550000000000000711e+00       3.577272823359179538e-02
8.560000000000000497e+00       3.576415832553463819e-02
8.570000000000000284e+00       3.575561484876579876e-02
8.580000000000000071e+00       3.574709769997603398e-02
8.589999999999999858e+00       3.573860677631951477e-02
8.599999999999999645e+00       3.573014197541177217e-02
8.609999999999999432e+00       3.572170319532721322e-02
8.619999999999999218e+00       3.571329033459753888e-02
8.630000000000000782e+00       3.570490329220910031e-02
8.640000000000000568e+00       3.569654196760145559e-02
8.650000000000000355e+00       3.568820626066458723e-02
8.660000000000000142e+00       3.567989607173748662e-02
8.669999999999999929e+00       3.567161130160564908e-02
8.679999999999999716e+00       3.566335185149931836e-02
8.689999999999999503e+00       3.565511762309113430e-02
8.699999999999999289e+00       3.564690851849432879e-02
8.710000000000000853e+00       3.563872444026068564e-02
8.720000000000000639e+00       3.563056529137835493e-02
8.730000000000000426e+00       3.562243097526993085e-02
8.740000000000000213e+00       3.561432139579046030e-02
8.750000000000000000e+00       3.560623645722525016e-02
8.759999999999999787e+00       3.559817606428797993e-02
8.769999999999999574e+00       3.559014012211878658e-02
8.779999999999999361e+00       3.558212853628170413e-02
8.789999999999999147e+00       3.557414121276298441e-02
8.800000000000000711e+00       3.556617805796843945e-02
8.810000000000000497e+00       3.555823897872069372e-02
8.820000000000000284e+00       3.555032388225541629e-02
8.830000000000000071e+00       3.554243267621359781e-02
8.839999999999999858e+00       3.553456526862158044e-02
8.849999999999999645e+00       3.552672156779380919e-02
8.859999999999999432e+00       3.551890148099322991e-02
8.869999999999999218e+00       3.551110492792381584e-02
8.880000000000000782e+00       3.550333180168131764e-02
8.890000000000000568e+00       3.549558202190859768e-02
8.900000000000000355e+00       3.548785549787675936e-02
8.910000000000000142e+00       3.548015214034494491e-02
8.919999999999999929e+00       3.547247186057650437e-02
8.929999999999999716e+00       3.546481457025552758e-02
8.939999999999999503e+00       3.545718018146841455e-02
8.949999999999999289e+00       3.544956860669690180e-02
8.960000000000000853e+00       3.544197975881457213e-02
8.970000000000000639e+00       3.543441355108420399e-02
8.980000000000000426e+00       3.542686989715553708e-02
8.990000000000000213e+00       3.541934871106301730e-02
9.000000000000000000e+00       3.541184990722436726e-02
9.009999999999999787e+00       3.540437339981223480e-02
9.019999999999999574e+00       3.539691909884195437e-02
9.029999999999999361e+00       3.538948691018182352e-02
9.039999999999999147e+00       3.538207673734036079e-02
9.050000000000000711e+00       3.537468848214352091e-02
9.060000000000000497e+00       3.536732204512349487e-02
9.070000000000000284e+00       3.535997732579720942e-02
9.080000000000000071e+00       3.535265422282905801e-02
9.089999999999999858e+00       3.534535263424743584e-02
9.099999999999999645e+00       3.533807245751288684e-02
9.109999999999999432e+00       3.533081358967746222e-02
9.119999999999999218e+00       3.532357592745991037e-02
9.130000000000000782e+00       3.531635936730083414e-02
9.140000000000000568e+00       3.530916380547797356e-02
9.150000000000000355e+00       3.530198913814193429e-02
9.160000000000000142e+00       3.529483526137893595e-02
9.169999999999999929e+00       3.528770207126161185e-02
9.179999999999999716e+00       3.528058946390678213e-02
9.189999999999999503e+00       3.527349733547145705e-02
9.199999999999999289e+00       3.526642558225630969e-02
9.210000000000000853e+00       3.525937410069878569e-02
9.220000000000000639e+00       3.525234278741496557e-02
9.230000000000000426e+00       3.524533153922902728e-02
9.240000000000000213e+00       3.523834025319796948e-02
9.250000000000000000e+00       3.523136882666126624e-02
9.259999999999999787e+00       3.522441715719072663e-02
9.269999999999999574e+00       3.521748514270724162e-02
9.279999999999999361e+00       3.521057268144280050e-02
9.289999999999999147e+00       3.520367967197247927e-02
9.300000000000000711e+00       3.519680601323105229e-02
9.310000000000000497e+00       3.518995160452955545e-02
9.320000000000000284e+00       3.518311634556940681e-02
9.330000000000000071e+00       3.517630013645657583e-02
9.339999999999999858e+00       3.516950287773283612e-02
9.349999999999999645e+00       3.516272447031403015e-02
9.359999999999999432e+00       3.515596481560904346e-02
9.369999999999999218e+00       3.514922381545963065e-02
9.380000000000000782e+00       3.514250137233192184e-02
9.390000000000000568e+00       3.513579738866529772e-02
9.400000000000000355e+00       3.512911176787103518e-02
9.410000000000000142e+00       3.512244441367901038e-02
9.419999999999999929e+00       3.511579523030979727e-02
9.429999999999999716e+00       3.510916412248140522e-02
9.439999999999999503e+00       3.510255099541469831e-02
9.449999999999999289e+00       3.509595575483910601e-02
9.460000000000000853e+00       3.508937830699764004e-02
9.470000000000000639e+00       3.508281855865113402e-02
9.480000000000000426e+00       3.507627641708239291e-02
9.490000000000000213e+00       3.506975179010032168e-02
9.500000000000000000e+00       3.506324458604281880e-02
9.509999999999999787e+00       3.505675471377971142e-02
9.519999999999999574e+00       3.505028208271605827e-02
9.529999999999999361e+00       3.504382660279370398e-02
9.539999999999999147e+00       3.503738818449406156e-02
9.550000000000000711e+00       3.503096673883881323e-02
9.560000000000000497e+00       3.502456217739204763e-02
9.570000000000000284e+00       3.501817441226020428e-02
9.580000000000000071e+00       3.501180335609179600e-02
9.589999999999999858e+00       3.500544892207427261e-02
9.599999999999999645e+00       3.499911102392241208e-02
9.609999999999999432e+00       3.499278957683371605e-02
9.619999999999999218e+00       3.498648449415068390e-02
9.630000000000000782e+00       3.498019569193023398e-02
9.640000000000000568e+00       3.497392308611030343e-02
9.650000000000000355e+00       3.496766659317596809e-02
9.660000000000000142e+00       3.496142613082664496e-02
9.669999999999999929e+00       3.495520161513885476e-02
9.679999999999999716e+00       3.494899296513497705e-02
9.689999999999999503e+00       3.494280009944943782e-02
9.699999999999999289e+00       3.493662293727878287e-02
9.710000000000000853e+00       3.493046139836906983e-02
9.720000000000000639e+00       3.492431540301044884e-02
9.730000000000000426e+00       3.491818487203435933e-02
9.740000000000000213e+00       3.491206972681126786e-02
9.750000000000000000e+00       3.490596988924901667e-02
9.759999999999999787e+00       3.489988528179044369e-02
9.769999999999999574e+00       3.489381582741223758e-02
9.779999999999999361e+00       3.488776144962244669e-02
9.789999999999999147e+00       3.488172207245873735e-02
9.800000000000000711e+00       3.487569762048645106e-02
9.810000000000000497e+00       3.486968801879652274e-02
9.820000000000000284e+00       3.486369319300310077e-02
9.830000000000000071e+00       3.485771306924171503e-02
9.839999999999999858e+00       3.485174757416686225e-02
9.849999999999999645e+00       3.484579663494934143e-02
9.859999999999999432e+00       3.483986017927451911e-02
9.869999999999999218e+00       3.483393813533947059e-02
9.880000000000000782e+00       3.482803043185044023e-02
9.890000000000000568e+00       3.482213699802082230e-02
9.900000000000000355e+00       3.481625776356802454e-02
9.910000000000000142e+00       3.481039265871128247e-02
9.919999999999999929e+00       3.480454161416862702e-02
9.929999999999999716e+00       3.479870456115468497e-02
9.939999999999999503e+00       3.479288143137752171e-02
9.949999999999999289e+00       3.478707215703636529e-02
9.960000000000000853e+00       3.478127667081812313e-02
9.970000000000000639e+00       3.477549490589557785e-02
9.980000000000000426e+00       3.476972679592361948e-02
9.990000000000000213e+00       3.476397227503698339e-02
