1.000000000000000021e-02       0.000000000000000000e+00
2.000000000000000042e-02       0.000000000000000000e+00
2.999999999999999889e-02       0.000000000000000000e+00
4.000000000000000083e-02       0.000000000000000000e+00
5.000000000000000278e-02       0.000000000000000000e+00
5.999999999999999778e-02       0.000000000000000000e+00
7.000000000000000666e-02       0.000000000000000000e+00
8.000000000000000167e-02       0.000000000000000000e+00
8.999999999999999667e-02       0.000000000000000000e+00
1.000000000000000056e-01       0.000000000000000000e+00
1.100000000000000006e-01       0.000000000000000000e+00
1.199999999999999956e-01       0.000000000000000000e+00
1.300000000000000044e-01       0.000000000000000000e+00
1.400000000000000133e-01       0.000000000000000000e+00
1.499999999999999944e-01       0.000000000000000000e+00
1.600000000000000033e-01       0.000000000000000000e+00
1.700000000000000122e-01       0.000000000000000000e+00
1.799999999999999933e-01       0.000000000000000000e+00
1.900000000000000022e-01       0.000000000000000000e+00
2.000000000000000111e-01       0.000000000000000000e+00
2.099999999999999922e-01       0.000000000000000000e+00
2.200000000000000011e-01       0.000000000000000000e+00
2.300000000000000100e-01       0.000000000000000000e+00
2.399999999999999911e-01       0.000000000000000000e+00
2.500000000000000000e-01       0.000000000000000000e+00
2.600000000000000089e-01       0.000000000000000000e+00
2.700000000000000178e-01       0.000000000000000000e+00
2.800000000000000266e-01       0.000000000000000000e+00
2.899999999999999800e-01       0.000000000000000000e+00
2.999999999999999889e-01       0.000000000000000000e+00
3.099999999999999978e-01       0.000000000000000000e+00
3.200000000000000067e-01       0.000000000000000000e+00
3.300000000000000155e-01       0.000000000000000000e+00
3.400000000000000244e-01       0.000000000000000000e+00
3.499999999999999778e-01       0.000000000000000000e+00
3.599999999999999867e-01       0.000000000000000000e+00
3.699999999999999956e-01       0.000000000000000000e+00
3.800000000000000044e-01       0.000000000000000000e+00
3.900000000000000133e-01       0.000000000000000000e+00
4.000000000000000222e-01       0.000000000000000000e+00
4.099999999999999756e-01       0.000000000000000000e+00
4.199999999999999845e-01       0.000000000000000000e+00
4.299999999999999933e-01       0.000000000000000000e+00
4.400000000000000022e-01       0.000000000000000000e+00
4.500000000000000111e-01       0.000000000000000000e+00
4.600000000000000200e-01       0.000000000000000000e+00
4.699999999999999734e-01       0.000000000000000000e+00
4.799999999999999822e-01       0.000000000000000000e+00
4.899999999999999911e-01       0.000000000000000000e+00
5.000000000000000000e-01       0.000000000000000000e+00
5.100000000000000089e-01       0.000000000000000000e+00
5.200000000000000178e-01       0.000000000000000000e+00
5.300000000000000266e-01       0.000000000000000000e+00
5.400000000000000355e-01       0.000000000000000000e+00
5.500000000000000444e-01       0.000000000000000000e+00
5.600000000000000533e-01       0.000000000000000000e+00
5.699999999999999512e-01       0.000000000000000000e+00
5.799999999999999600e-01       0.000000000000000000e+00
5.899999999999999689e-01       0.000000000000000000e+00
5.999999999999999778e-01       0.000000000000000000e+00
6.099999999999999867e-01       0.000000000000000000e+00
6.199999999999999956e-01       0.000000000000000000e+00
6.300000000000000044e-01       0.000000000000000000e+00
6.400000000000000133e-01       0.000000000000000000e+00
6.500000000000000222e-01       0.000000000000000000e+00
6.600000000000000311e-01       0.000000000000000000e+00
6.700000000000000400e-01       0.000000000000000000e+00
6.800000000000000488e-01       0.000000000000000000e+00
6.899999999999999467e-01       0.000000000000000000e+00
6.999999999999999556e-01       0.000000000000000000e+00
7.099999999999999645e-01       0.000000000000000000e+00
7.199999999999999734e-01       0.000000000000000000e+00
7.299999999999999822e-01       0.000000000000000000e+00
7.399999999999999911e-01       0.000000000000000000e+00
7.500000000000000000e-01       0.000000000000000000e+00
7.600000000000000089e-01       0.000000000000000000e+00
7.700000000000000178e-01       0.000000000000000000e+00
7.800000000000000266e-01       0.000000000000000000e+00
7.900000000000000355e-01       0.000000000000000000e+00
8.000000000000000444e-01       0.000000000000000000e+00
8.100000000000000533e-01       0.000000000000000000e+00
8.199999999999999512e-01       0.000000000000000000e+00
8.299999999999999600e-01       0.000000000000000000e+00
8.399999999999999689e-01       0.000000000000000000e+00
8.499999999999999778e-01       0.000000000000000000e+00
8.599999999999999867e-01       0.000000000000000000e+00
8.699999999999999956e-01       0.000000000000000000e+00
8.800000000000000044e-01       0.000000000000000000e+00
8.900000000000000133e-01       0.000000000000000000e+00
9.000000000000000222e-01       0.000000000000000000e+00
9.100000000000000311e-01       0.000000000000000000e+00
9.200000000000000400e-01       0.000000000000000000e+00
9.300000000000000488e-01       0.000000000000000000e+00
9.399999999999999467e-01       0.000000000000000000e+00
9.499999999999999556e-01       0.000000000000000000e+00
9.599999999999999645e-01       0.000000000000000000e+00
9.699999999999999734e-01       0.000000000000000000e+00
9.799999999999999822e-01       0.000000000000000000e+00
9.899999999999999911e-01       0.000000000000000000e+00
1.000000000000000000e+00       0.000000000000000000e+00
1.010000000000000009e+00       0.000000000000000000e+00
1.020000000000000018e+00       0.000000000000000000e+00
1.030000000000000027e+00       0.000000000000000000e+00
1.040000000000000036e+00       0.000000000000000000e+00
1.050000000000000044e+00       0.000000000000000000e+00
1.060000000000000053e+00       0.000000000000000000e+00
1.070000000000000062e+00       0.000000000000000000e+00
1.080000000000000071e+00       0.000000000000000000e+00
1.090000000000000080e+00       0.000000000000000000e+00
1.100000000000000089e+00       0.000000000000000000e+00
1.110000000000000098e+00       0.000000000000000000e+00
1.120000000000000107e+00       0.000000000000000000e+00
1.129999999999999893e+00       0.000000000000000000e+00
1.139999999999999902e+00       0.000000000000000000e+00
1.149999999999999911e+00       0.000000000000000000e+00
1.159999999999999920e+00       0.000000000000000000e+00
1.169999999999999929e+00       0.000000000000000000e+00
1.179999999999999938e+00       0.000000000000000000e+00
1.189999999999999947e+00       0.000000000000000000e+00
1.199999999999999956e+00       0.000000000000000000e+00
1.209999999999999964e+00       0.000000000000000000e+00
1.219999999999999973e+00       0.000000000000000000e+00
1.229999999999999982e+00       0.000000000000000000e+00
1.239999999999999991e+00       0.000000000000000000e+00
1.250000000000000000e+00       0.000000000000000000e+00
1.260000000000000009e+00       0.000000000000000000e+00
1.270000000000000018e+00       0.000000000000000000e+00
1.280000000000000027e+00       0.000000000000000000e+00
1.290000000000000036e+00       0.000000000000000000e+00
1.300000000000000044e+00       0.000000000000000000e+00
1.310000000000000053e+00       0.000000000000000000e+00
1.320000000000000062e+00       0.000000000000000000e+00
1.330000000000000071e+00       0.000000000000000000e+00
1.340000000000000080e+00       0.000000000000000000e+00
1.350000000000000089e+00       0.000000000000000000e+00
1.360000000000000098e+00       0.000000000000000000e+00
1.370000000000000107e+00       0.000000000000000000e+00
1.379999999999999893e+00       0.000000000000000000e+00
1.389999999999999902e+00       0.000000000000000000e+00
1.399999999999999911e+00       0.000000000000000000e+00
1.409999999999999920e+00       0.000000000000000000e+00
1.419999999999999929e+00       0.000000000000000000e+00
1.429999999999999938e+00       0.000000000000000000e+00
1.439999999999999947e+00       0.000000000000000000e+00
1.449999999999999956e+00       0.000000000000000000e+00
1.459999999999999964e+00       0.000000000000000000e+00
1.469999999999999973e+00       0.000000000000000000e+00
1.479999999999999982e+00       0.000000000000000000e+00
1.489999999999999991e+00       0.000000000000000000e+00
1.500000000000000000e+00       0.000000000000000000e+00
1.510000000000000009e+00       0.000000000000000000e+00
1.520000000000000018e+00       0.000000000000000000e+00
1.530000000000000027e+00       0.000000000000000000e+00
1.540000000000000036e+00       0.000000000000000000e+00
1.550000000000000044e+00       0.000000000000000000e+00
1.560000000000000053e+00       0.000000000000000000e+00
1.570000000000000062e+00       0.000000000000000000e+00
1.580000000000000071e+00       0.000000000000000000e+00
1.590000000000000080e+00       0.000000000000000000e+00
1.600000000000000089e+00       0.000000000000000000e+00
1.610000000000000098e+00       0.000000000000000000e+00
1.620000000000000107e+00       0.000000000000000000e+00
1.629999999999999893e+00       0.000000000000000000e+00
1.639999999999999902e+00       0.000000000000000000e+00
1.649999999999999911e+00       0.000000000000000000e+00
1.659999999999999920e+00       0.000000000000000000e+00
1.669999999999999929e+00       0.000000000000000000e+00
1.679999999999999938e+00       0.000000000000000000e+00
1.689999999999999947e+00       0.000000000000000000e+00
1.699999999999999956e+00       0.000000000000000000e+00
1.709999999999999964e+00       0.000000000000000000e+00
1.719999999999999973e+00       0.000000000000000000e+00
1.729999999999999982e+00       0.000000000000000000e+00
1.739999999999999991e+00       0.000000000000000000e+00
1.750000000000000000e+00       0.000000000000000000e+00
1.760000000000000009e+00       0.000000000000000000e+00
1.770000000000000018e+00       0.000000000000000000e+00
1.780000000000000027e+00       0.000000000000000000e+00
1.790000000000000036e+00       0.000000000000000000e+00
1.800000000000000044e+00       0.000000000000000000e+00
1.810000000000000053e+00       0.000000000000000000e+00
1.820000000000000062e+00       0.000000000000000000e+00
1.830000000000000071e+00       0.000000000000000000e+00
1.840000000000000080e+00       0.000000000000000000e+00
1.850000000000000089e+00       0.000000000000000000e+00
1.860000000000000098e+00       0.000000000000000000e+00
1.870000000000000107e+00       0.000000000000000000e+00
1.879999999999999893e+00       0.000000000000000000e+00
1.889999999999999902e+00       0.000000000000000000e+00
1.899999999999999911e+00       0.000000000000000000e+00
1.909999999999999920e+00       0.000000000000000000e+00
1.919999999999999929e+00       0.000000000000000000e+00
1.929999999999999938e+00       0.000000000000000000e+00
1.939999999999999947e+00       0.000000000000000000e+00
1.949999999999999956e+00       0.000000000000000000e+00
1.959999999999999964e+00       0.000000000000000000e+00
1.969999999999999973e+00       0.000000000000000000e+00
1.979999999999999982e+00       0.000000000000000000e+00
1.989999999999999991e+00       0.000000000000000000e+00
2.000000000000000000e+00       0.000000000000000000e+00
2.009999999999999787e+00       0.000000000000000000e+00
2.020000000000000018e+00       0.000000000000000000e+00
2.029999999999999805e+00       0.000000000000000000e+00
2.040000000000000036e+00       0.000000000000000000e+00
2.049999999999999822e+00       0.000000000000000000e+00
2.060000000000000053e+00       0.000000000000000000e+00
2.069999999999999840e+00       0.000000000000000000e+00
2.080000000000000071e+00       0.000000000000000000e+00
2.089999999999999858e+00       0.000000000000000000e+00
2.100000000000000089e+00       0.000000000000000000e+00
2.109999999999999876e+00       0.000000000000000000e+00
2.120000000000000107e+00       0.000000000000000000e+00
2.129999999999999893e+00       0.000000000000000000e+00
2.140000000000000124e+00       0.000000000000000000e+00
2.149999999999999911e+00       0.000000000000000000e+00
2.160000000000000142e+00       0.000000000000000000e+00
2.169999999999999929e+00       0.000000000000000000e+00
2.180000000000000160e+00       0.000000000000000000e+00
2.189999999999999947e+00       0.000000000000000000e+00
2.200000000000000178e+00       0.000000000000000000e+00
2.209999999999999964e+00       0.000000000000000000e+00
2.220000000000000195e+00       0.000000000000000000e+00
2.229999999999999982e+00       0.000000000000000000e+00
2.240000000000000213e+00       0.000000000000000000e+00
2.250000000000000000e+00       0.000000000000000000e+00
2.259999999999999787e+00       0.000000000000000000e+00
2.270000000000000018e+00       0.000000000000000000e+00
2.279999999999999805e+00       0.000000000000000000e+00
2.290000000000000036e+00       0.000000000000000000e+00
2.299999999999999822e+00       0.000000000000000000e+00
2.310000000000000053e+00       0.000000000000000000e+00
2.319999999999999840e+00       0.000000000000000000e+00
2.330000000000000071e+00       0.000000000000000000e+00
2.339999999999999858e+00       0.000000000000000000e+00
2.350000000000000089e+00       0.000000000000000000e+00
2.359999999999999876e+00       0.000000000000000000e+00
2.370000000000000107e+00       0.000000000000000000e+00
2.379999999999999893e+00       0.000000000000000000e+00
2.390000000000000124e+00       0.000000000000000000e+00
2.399999999999999911e+00       0.000000000000000000e+00
2.410000000000000142e+00       0.000000000000000000e+00
2.419999999999999929e+00       0.000000000000000000e+00
2.430000000000000160e+00       0.000000000000000000e+00
2.439999999999999947e+00       0.000000000000000000e+00
2.450000000000000178e+00       0.000000000000000000e+00
2.459999999999999964e+00       0.000000000000000000e+00
2.470000000000000195e+00       0.000000000000000000e+00
2.479999999999999982e+00       0.000000000000000000e+00
2.490000000000000213e+00       0.000000000000000000e+00
2.500000000000000000e+00       0.000000000000000000e+00
2.509999999999999787e+00       0.000000000000000000e+00
2.520000000000000018e+00       0.000000000000000000e+00
2.529999999999999805e+00       0.000000000000000000e+00
2.540000000000000036e+00       0.000000000000000000e+00
2.549999999999999822e+00       0.000000000000000000e+00
2.560000000000000053e+00       0.000000000000000000e+00
2.569999999999999840e+00       0.000000000000000000e+00
2.580000000000000071e+00       0.000000000000000000e+00
2.589999999999999858e+00       0.000000000000000000e+00
2.600000000000000089e+00       0.000000000000000000e+00
2.609999999999999876e+00       0.000000000000000000e+00
2.620000000000000107e+00       0.000000000000000000e+00
2.629999999999999893e+00       0.000000000000000000e+00
2.640000000000000124e+00       0.000000000000000000e+00
2.649999999999999911e+00       0.000000000000000000e+00
2.660000000000000142e+00       0.000000000000000000e+00
2.669999999999999929e+00       0.000000000000000000e+00
2.680000000000000160e+00       0.000000000000000000e+00
2.689999999999999947e+00       0.000000000000000000e+00
2.700000000000000178e+00       0.000000000000000000e+00
2.709999999999999964e+00       0.000000000000000000e+00
2.720000000000000195e+00       0.000000000000000000e+00
2.729999999999999982e+00       0.000000000000000000e+00
2.740000000000000213e+00       0.000000000000000000e+00
2.750000000000000000e+00       0.000000000000000000e+00
2.759999999999999787e+00       0.000000000000000000e+00
2.770000000000000018e+00       0.000000000000000000e+00
2.779999999999999805e+00       0.000000000000000000e+00
2.790000000000000036e+00       0.000000000000000000e+00
2.799999999999999822e+00       0.000000000000000000e+00
2.810000000000000053e+00       0.000000000000000000e+00
2.819999999999999840e+00       0.000000000000000000e+00
2.830000000000000071e+00       0.000000000000000000e+00
2.839999999999999858e+00       0.000000000000000000e+00
2.850000000000000089e+00       0.000000000000000000e+00
2.859999999999999876e+00       0.000000000000000000e+00
2.870000000000000107e+00       0.000000000000000000e+00
2.879999999999999893e+00       0.000000000000000000e+00
2.890000000000000124e+00       0.000000000000000000e+00
2.899999999999999911e+00       0.000000000000000000e+00
2.910000000000000142e+00       0.000000000000000000e+00
2.919999999999999929e+00       0.000000000000000000e+00
2.930000000000000160e+00       0.000000000000000000e+00
2.939999999999999947e+00       0.000000000000000000e+00
2.950000000000000178e+00       0.000000000000000000e+00
2.959999999999999964e+00       0.000000000000000000e+00
2.970000000000000195e+00       0.000000000000000000e+00
2.979999999999999982e+00       0.000000000000000000e+00
2.990000000000000213e+00       0.000000000000000000e+00
3.000000000000000000e+00       0.000000000000000000e+00
3.009999999999999787e+00       6.743546964066437723e-10
3.020000000000000018e+00       7.510425328562755660e-09
3.029999999999999805e+00       3.056070129832007946e-08
3.040000000000000036e+00       8.234906843860518792e-08
3.049999999999999822e+00       1.770411768421091779e-07
3.060000000000000053e+00       3.299578343150982704e-07
3.069999999999999840e+00       5.572395266032412545e-07
3.080000000000000071e+00       8.755944093830011672e-07
3.089999999999999858e+00       1.302102494553888543e-06
3.100000000000000089e+00       1.854062098691522047e-06
3.109999999999999876e+00       2.548858985302195990e-06
3.120000000000000107e+00       3.403862534560843776e-06
3.129999999999999893e+00       4.436339691128267334e-06
3.140000000000000124e+00       5.663378899900911512e-06
3.149999999999999911e+00       7.101830229891149590e-06
3.160000000000000142e+00       8.768253187510734704e-06
3.169999999999999929e+00       1.067887336930086759e-05
3.180000000000000160e+00       1.284954591080083774e-05
3.189999999999999947e+00       1.529572527522790124e-05
3.200000000000000178e+00       1.803244016307219900e-05
3.209999999999999964e+00       2.107427300377743011e-05
3.220000000000000195e+00       2.443534342083475438e-05
3.229999999999999982e+00       2.812929517243089163e-05
3.240000000000000213e+00       3.216928613979540063e-05
3.250000000000000000e+00       3.656798099334016710e-05
3.259999999999999787e+00       4.133754621482364333e-05
3.270000000000000018e+00       4.648964719425082961e-05
3.279999999999999805e+00       5.203544715448586873e-05
3.290000000000000036e+00       5.798560768583566738e-05
3.299999999999999822e+00       6.435029069795209801e-05
3.310000000000000053e+00       7.113916161814194932e-05
3.319999999999999840e+00       7.836139368411046185e-05
3.330000000000000071e+00       8.602567319495380601e-05
3.339999999999999858e+00       9.414020560060140728e-05
3.350000000000000089e+00       1.027127223195352141e-04
3.359999999999999876e+00       1.117504881887891501e-04
3.370000000000000107e+00       1.212603094585052902e-04
3.379999999999999893e+00       1.312485422527284653e-04
3.390000000000000124e+00       1.417211014259457474e-04
3.399999999999999911e+00       1.526834697519549740e-04
3.410000000000000142e+00       1.641407073879862244e-04
3.419999999999999929e+00       1.760974615626009700e-04
3.430000000000000160e+00       1.885579764413628011e-04
3.439999999999999947e+00       2.015261031281906877e-04
3.450000000000000178e+00       2.150053097653496477e-04
3.459999999999999964e+00       2.289986916981290636e-04
3.470000000000000195e+00       2.435089816739858073e-04
3.479999999999999982e+00       2.585385600489712257e-04
3.490000000000000213e+00       2.740894649770271889e-04
3.500000000000000000e+00       2.901634025603752457e-04
3.509999999999999787e+00       3.067617569414346750e-04
3.520000000000000018e+00       3.238856003189237421e-04
3.529999999999999805e+00       3.415357028726444342e-04
3.540000000000000036e+00       3.597125425831043557e-04
3.549999999999999822e+00       3.784163149346934127e-04
3.560000000000000053e+00       3.976469423987131374e-04
3.569999999999999840e+00       4.174040816927045388e-04
3.580000000000000071e+00       4.376871308043107141e-04
3.589999999999999858e+00       4.584952390309258107e-04
3.600000000000000089e+00       4.798273162616693583e-04
3.609999999999999876e+00       5.016820418337616461e-04
3.620000000000000107e+00       5.240578731502684240e-04
3.629999999999999893e+00       5.469530541076887947e-04
3.640000000000000124e+00       5.703656233351476904e-04
3.649999999999999911e+00       5.942934222649182054e-04
3.660000000000000142e+00       6.187341030214257159e-04
3.669999999999999929e+00       6.436851361440603953e-04
3.680000000000000160e+00       6.691438181335687858e-04
3.689999999999999947e+00       6.951072788296621969e-04
3.700000000000000178e+00       7.215724886124801974e-04
3.709999999999999964e+00       7.485362654683554726e-04
3.720000000000000195e+00       7.759952817503483393e-04
3.729999999999999982e+00       8.039460710270728309e-04
3.740000000000000213e+00       8.323850345124118562e-04
3.750000000000000000e+00       8.613084474540934994e-04
3.759999999999999787e+00       8.907124653330458514e-04
3.770000000000000018e+00       9.205931298995695487e-04
3.779999999999999805e+00       9.509463750510619698e-04
3.790000000000000036e+00       9.817680325462090508e-04
3.799999999999999822e+00       1.013053837566612290e-03
3.810000000000000053e+00       1.044799434121586454e-03
3.819999999999999840e+00       1.077000380300858779e-03
3.830000000000000071e+00       1.109652153376978470e-03
3.839999999999999858e+00       1.142750154759929800e-03
3.850000000000000089e+00       1.176289714806311865e-03
3.859999999999999876e+00       1.210266097485542848e-03
3.870000000000000107e+00       1.244674504905631061e-03
3.879999999999999893e+00       1.279510081701256850e-03
3.890000000000000124e+00       1.314767919286163574e-03
3.899999999999999911e+00       1.350443059973061239e-03
3.910000000000000142e+00       1.386530500963642065e-03
3.919999999999999929e+00       1.423025198210718092e-03
3.930000000000000160e+00       1.459922070155726713e-03
3.939999999999999947e+00       1.497216001343908707e-03
3.950000000000000178e+00       1.534901845919913084e-03
3.959999999999999964e+00       1.572974431006410453e-03
3.970000000000000195e+00       1.611428559967908016e-03
3.979999999999999982e+00       1.650259015563476130e-03
3.990000000000000213e+00       1.689460562989413819e-03
4.000000000000000000e+00       1.729027952815558175e-03
4.009999999999999787e+00       1.768955923817265748e-03
4.019999999999999574e+00       1.809239205705972468e-03
4.030000000000000249e+00       1.849872521758851203e-03
4.040000000000000036e+00       1.890850591354967941e-03
4.049999999999999822e+00       1.932168132413546874e-03
4.059999999999999609e+00       1.973819863741970229e-03
4.070000000000000284e+00       2.015800507293659220e-03
4.080000000000000071e+00       2.058104790338587814e-03
4.089999999999999858e+00       2.100727447548612035e-03
4.099999999999999645e+00       2.143663222999925896e-03
4.110000000000000320e+00       2.186906872087113641e-03
4.120000000000000107e+00       2.230453163395469760e-03
4.129999999999999893e+00       2.274296880426099083e-03
4.139999999999999680e+00       2.318432823315125322e-03
4.150000000000000355e+00       2.362855810447445776e-03
4.160000000000000142e+00       2.407560680006755761e-03
4.169999999999999929e+00       2.452542291457251392e-03
4.179999999999999716e+00       2.497795526958995673e-03
4.190000000000000391e+00       2.543315292718932846e-03
4.200000000000000178e+00       2.589096520279255374e-03
4.209999999999999964e+00       2.635134167745061245e-03
4.219999999999999751e+00       2.681423220953070129e-03
4.230000000000000426e+00       2.727958694583140949e-03
4.240000000000000213e+00       2.774735633214284354e-03
4.250000000000000000e+00       2.821749112326882736e-03
4.259999999999999787e+00       2.868994239252694624e-03
4.269999999999999574e+00       2.916466154074333957e-03
4.280000000000000249e+00       2.964160030475728683e-03
4.290000000000000036e+00       3.012071076545060500e-03
4.299999999999999822e+00       3.060194535531790810e-03
4.309999999999999609e+00       3.108525686559127262e-03
4.320000000000000284e+00       3.157059845293355531e-03
4.330000000000000071e+00       3.205792364571509543e-03
4.339999999999999858e+00       3.254718634988710245e-03
4.349999999999999645e+00       3.303834085446440139e-03
4.360000000000000320e+00       3.353134183663067196e-03
4.370000000000000107e+00       3.402614436647918763e-03
4.379999999999999893e+00       3.452270391140128437e-03
4.389999999999999680e+00       3.502097634013415142e-03
4.400000000000000355e+00       3.552091792647938447e-03
4.410000000000000142e+00       3.602248535270468743e-03
4.419999999999999929e+00       3.652563571263876645e-03
4.429999999999999716e+00       3.703032651447067496e-03
4.440000000000000391e+00       3.753651568326389631e-03
4.450000000000000178e+00       3.804416156319588484e-03
4.459999999999999964e+00       3.855322291953195996e-03
4.469999999999999751e+00       3.906365894034443016e-03
4.480000000000000426e+00       3.957542923798539058e-03
4.490000000000000213e+00       4.008849385032322091e-03
4.500000000000000000e+00       4.060281324174960967e-03
4.509999999999999787e+00       4.111834830397255273e-03
4.519999999999999574e+00       4.163506035658871667e-03
4.530000000000000249e+00       4.215291114746317833e-03
4.540000000000000036e+00       4.267186285290888205e-03
4.549999999999999822e+00       4.319187807768076759e-03
4.559999999999999609e+00       4.371291985478967766e-03
4.570000000000000284e+00       4.423495164514459725e-03
4.580000000000000071e+00       4.475793733702945233e-03
4.589999999999999858e+00       4.528184124542122477e-03
4.599999999999999645e+00       4.580662811115719830e-03
4.610000000000000320e+00       4.633226309995589799e-03
4.620000000000000107e+00       4.685871180130037929e-03
4.629999999999999893e+00       4.738594022718655568e-03
4.639999999999999680e+00       4.791391481070306733e-03
4.650000000000000355e+00       4.844260240470714927e-03
4.660000000000000142e+00       4.897197027994753052e-03
4.669999999999999929e+00       4.950198612326023491e-03
4.679999999999999716e+00       5.003261803666505907e-03
4.690000000000000391e+00       5.056383453403516352e-03
4.700000000000000178e+00       5.109560453997185302e-03
4.709999999999999964e+00       5.162789738747014176e-03
4.719999999999999751e+00       5.216068281571583677e-03
4.730000000000000426e+00       5.269393096780117594e-03
4.740000000000000213e+00       5.322761238836690514e-03
4.750000000000000000e+00       5.376169802115184256e-03
4.759999999999999787e+00       5.429615920651174703e-03
4.769999999999999574e+00       5.483096767883399031e-03
4.780000000000000249e+00       5.536609556393911474e-03
4.790000000000000036e+00       5.590151537624746605e-03
4.799999999999999822e+00       5.643720001632532290e-03
4.809999999999999609e+00       5.697312276779325536e-03
4.820000000000000284e+00       5.750925729464766850e-03
4.830000000000000071e+00       5.804557763831843381e-03
4.839999999999999858e+00       5.858205821476064265e-03
4.849999999999999645e+00       5.911867381146318837e-03
4.860000000000000320e+00       5.965539958450463698e-03
4.870000000000000107e+00       6.019221105534382395e-03
4.879999999999999893e+00       6.072908410806003056e-03
4.889999999999999680e+00       6.126599498595675965e-03
4.900000000000000355e+00       6.180292028858113372e-03
4.910000000000000142e+00       6.233983696858036785e-03
4.919999999999999929e+00       6.287672232849129961e-03
4.929999999999999716e+00       6.341355401758532601e-03
4.940000000000000391e+00       6.395031002866037942e-03
4.950000000000000178e+00       6.448696869482495840e-03
4.959999999999999964e+00       6.502350868626995475e-03
4.969999999999999751e+00       6.555990900702962990e-03
4.980000000000000426e+00       6.609614899173301555e-03
4.990000000000000213e+00       6.663220830234867047e-03
5.000000000000000000e+00       6.716806692075000251e-03
5.009999999999999787e+00       6.770370516222148742e-03
5.019999999999999574e+00       6.823910364691483481e-03
5.030000000000000249e+00       6.877424331351386470e-03
5.040000000000000036e+00       6.930910541171141082e-03
5.049999999999999822e+00       6.984367149894284491e-03
5.059999999999999609e+00       7.037792343712270630e-03
5.070000000000000284e+00       7.091184338938588509e-03
5.080000000000000071e+00       7.144541381683340228e-03
5.089999999999999858e+00       7.197861747528573606e-03
5.099999999999999645e+00       7.251143741204406704e-03
5.110000000000000320e+00       7.304385696265851442e-03
5.120000000000000107e+00       7.357585974770854131e-03
5.129999999999999893e+00       7.410742966959164325e-03
5.139999999999999680e+00       7.463855090932596664e-03
5.150000000000000355e+00       7.516920792336295384e-03
5.160000000000000142e+00       7.569938544041569621e-03
5.169999999999999929e+00       7.622906845829884037e-03
5.179999999999999716e+00       7.675824224078539072e-03
5.190000000000000391e+00       7.728689231447769328e-03
5.200000000000000178e+00       7.781500446569548923e-03
5.209999999999999964e+00       7.834256473737971974e-03
5.219999999999999751e+00       7.886955942601355657e-03
5.230000000000000426e+00       7.939597507856424943e-03
5.240000000000000213e+00       7.992179848943938014e-03
5.250000000000000000e+00       8.044701669746481820e-03
5.259999999999999787e+00       8.097161698288056139e-03
5.269999999999999574e+00       8.149558686435871141e-03
5.280000000000000249e+00       8.201891409593131330e-03
5.290000000000000036e+00       8.254158666447925646e-03
5.299999999999999822e+00       8.306359278616433015e-03
5.309999999999999609e+00       8.358492090396140578e-03
5.320000000000000284e+00       8.410555968467152074e-03
5.330000000000000071e+00       8.462549801606624594e-03
5.339999999999999858e+00       8.514472500405430994e-03
5.349999999999999645e+00       8.566322996987009789e-03
5.360000000000000320e+00       8.618100244728603768e-03
5.370000000000000107e+00       8.669803217985421612e-03
5.379999999999999893e+00       8.721430911813538370e-03
5.389999999999999680e+00       8.772982341702161707e-03
5.400000000000000355e+00       8.824456543302428707e-03
5.410000000000000142e+00       8.875852572159202009e-03
5.419999999999999929e+00       8.927169503447547963e-03
5.429999999999999716e+00       8.978406431708109772e-03
5.440000000000000391e+00       9.029562470597437412e-03
5.450000000000000178e+00       9.080636752609762274e-03
5.459999999999999964e+00       9.131628428843144296e-03
5.469999999999999751e+00       9.182536668735077554e-03
5.480000000000000426e+00       9.233360659816227181e-03
5.490000000000000213e+00       9.284099607461029913e-03
5.500000000000000000e+00       9.334752734644222172e-03
5.509999999999999787e+00       9.385319281695654256e-03
5.519999999999999574e+00       9.435798506059319898e-03
5.530000000000000249e+00       9.486189682065271356e-03
5.540000000000000036e+00       9.536492100673510039e-03
5.549999999999999822e+00       9.586705069261215739e-03
5.559999999999999609e+00       9.636827911381963541e-03
5.570000000000000284e+00       9.686859966539959968e-03
5.580000000000000071e+00       9.736800589962086444e-03
5.589999999999999858e+00       9.786649152377556449e-03
5.599999999999999645e+00       9.836405039794850896e-03
5.610000000000000320e+00       9.886067653283524617e-03
5.620000000000000107e+00       9.935636408758032057e-03
5.629999999999999893e+00       9.985110736763775155e-03
5.639999999999999680e+00       1.003449008226565964e-02
5.650000000000000355e+00       1.008377390443895502e-02
5.660000000000000142e+00       1.013296167646247914e-02
5.669999999999999929e+00       1.018205288531413323e-02
5.679999999999999716e+00       1.023104703064623040e-02
5.690000000000000391e+00       1.027994362829303537e-02
5.700000000000000178e+00       1.032874220448584679e-02
5.709999999999999964e+00       1.037744229967745534e-02
5.719999999999999751e+00       1.042604346630336340e-02
5.730000000000000426e+00       1.047454527024698975e-02
5.740000000000000213e+00       1.052294728955044736e-02
5.750000000000000000e+00       1.057124911450045730e-02
5.759999999999999787e+00       1.061945034744623921e-02
5.769999999999999574e+00       1.066755060261732890e-02
5.780000000000000249e+00       1.071554950594401888e-02
5.790000000000000036e+00       1.076344669487990478e-02
5.799999999999999822e+00       1.081124181822662803e-02
5.809999999999999609e+00       1.085893453596067579e-02
5.820000000000000284e+00       1.090652451906235117e-02
5.830000000000000071e+00       1.095401144934683886e-02
5.839999999999999858e+00       1.100139501929737161e-02
5.849999999999999645e+00       1.104867493190050433e-02
5.860000000000000320e+00       1.109585090048326693e-02
5.870000000000000107e+00       1.114292264826452841e-02
5.879999999999999893e+00       1.118988990934696205e-02
5.889999999999999680e+00       1.123675242683648372e-02
5.900000000000000355e+00       1.128350995383542964e-02
5.910000000000000142e+00       1.133016225300318217e-02
5.919999999999999929e+00       1.137670909640542058e-02
5.929999999999999716e+00       1.142315026536525058e-02
5.940000000000000391e+00       1.146948555031619688e-02
5.950000000000000178e+00       1.151571475065723237e-02
5.959999999999999964e+00       1.156183767460945352e-02
5.969999999999999751e+00       1.160785413907492077e-02
5.980000000000000426e+00       1.165376396949703748e-02
5.990000000000000213e+00       1.169956699972286504e-02
6.000000000000000000e+00       1.174526307186737374e-02
6.009999999999999787e+00       1.179085203617240805e-02
6.019999999999999574e+00       1.183633375083161660e-02
6.030000000000000249e+00       1.188170808185970428e-02
6.040000000000000036e+00       1.192697490298281170e-02
6.049999999999999822e+00       1.197213409551858322e-02
6.059999999999999609e+00       1.201718554845281756e-02
6.070000000000000284e+00       1.206212915752374014e-02
6.080000000000000071e+00       1.210696482630123534e-02
6.089999999999999858e+00       1.215169246525997851e-02
6.099999999999999645e+00       1.219631199187016200e-02
6.110000000000000320e+00       1.224082333047887827e-02
6.120000000000000107e+00       1.228522641219567495e-02
6.129999999999999893e+00       1.232952117477926178e-02
6.139999999999999680e+00       1.237370756252577191e-02
6.150000000000000355e+00       1.241778552615834148e-02
6.160000000000000142e+00       1.246175502271846224e-02
6.169999999999999929e+00       1.250561601545845981e-02
6.179999999999999716e+00       1.254936847373549179e-02
6.190000000000000391e+00       1.259301237290708607e-02
6.200000000000000178e+00       1.263654769422777567e-02
6.209999999999999964e+00       1.267997442474766250e-02
6.219999999999999751e+00       1.272329255721186235e-02
6.230000000000000426e+00       1.276650208996149213e-02
6.240000000000000213e+00       1.280960302683619052e-02
6.250000000000000000e+00       1.285259537707772286e-02
6.259999999999999787e+00       1.289547915523510217e-02
6.269999999999999574e+00       1.293825438107071464e-02
6.280000000000000249e+00       1.298092107946836882e-02
6.290000000000000036e+00       1.302347928034203357e-02
6.299999999999999822e+00       1.306592901854604534e-02
6.309999999999999609e+00       1.310827033378662507e-02
6.320000000000000284e+00       1.315050327053466327e-02
6.330000000000000071e+00       1.319262787793957885e-02
6.339999999999999858e+00       1.323464420974451716e-02
6.349999999999999645e+00       1.327655232420279531e-02
6.360000000000000320e+00       1.331835228399537961e-02
6.370000000000000107e+00       1.336004415617490435e-02
6.379999999999999893e+00       1.340162801198536979e-02
6.389999999999999680e+00       1.344310392693216262e-02
6.400000000000000355e+00       1.348447198060576460e-02
6.410000000000000142e+00       1.352573225662932581e-02
6.419999999999999929e+00       1.356688484263202099e-02
6.429999999999999716e+00       1.360792982998092725e-02
6.440000000000000391e+00       1.364886731399525023e-02
6.450000000000000178e+00       1.368969739368380151e-02
6.459999999999999964e+00       1.373042017172076273e-02
6.469999999999999751e+00       1.377103575437538946e-02
6.480000000000000426e+00       1.381154425197955726e-02
6.490000000000000213e+00       1.385194577671184160e-02
6.500000000000000000e+00       1.389224044575216449e-02
6.509999999999999787e+00       1.393242837906714070e-02
6.519999999999999574e+00       1.397250969988193814e-02
6.530000000000000249e+00       1.401248453461589015e-02
6.540000000000000036e+00       1.405235301281911042e-02
6.549999999999999822e+00       1.409211526710993194e-02
6.559999999999999609e+00       1.413177143311331041e-02
6.570000000000000284e+00       1.417132164940032406e-02
6.580000000000000071e+00       1.421076605742814004e-02
6.589999999999999858e+00       1.425010480148138949e-02
6.599999999999999645e+00       1.428933802861395534e-02
6.610000000000000320e+00       1.432846588859196420e-02
6.620000000000000107e+00       1.436748853383739734e-02
6.629999999999999893e+00       1.440640611937267675e-02
6.639999999999999680e+00       1.444521880276604560e-02
6.650000000000000355e+00       1.448392674407775020e-02
6.660000000000000142e+00       1.452253010526051782e-02
6.669999999999999929e+00       1.456102905229175390e-02
6.679999999999999716e+00       1.459942375184788282e-02
6.690000000000000391e+00       1.463771437343503075e-02
6.700000000000000178e+00       1.467590108879416981e-02
6.709999999999999964e+00       1.471398407185200465e-02
6.719999999999999751e+00       1.475196349867266554e-02
6.730000000000000426e+00       1.478983954740986477e-02
6.740000000000000213e+00       1.482761239826018741e-02
6.750000000000000000e+00       1.486528223341672741e-02
6.759999999999999787e+00       1.490284923702374364e-02
6.769999999999999574e+00       1.494031359513173923e-02
6.780000000000000249e+00       1.497767549565327642e-02
6.790000000000000036e+00       1.501493512832007861e-02
6.799999999999999822e+00       1.505209268463849129e-02
6.809999999999999609e+00       1.508914835785055489e-02
6.820000000000000284e+00       1.512610234288943277e-02
6.830000000000000071e+00       1.516295483634049965e-02
6.839999999999999858e+00       1.519970603639899352e-02
6.849999999999999645e+00       1.523635614283409649e-02
6.860000000000000320e+00       1.527290535694636291e-02
6.870000000000000107e+00       1.530935388153113058e-02
6.879999999999999893e+00       1.534570192084048525e-02
6.889999999999999680e+00       1.538194968090979622e-02
6.900000000000000355e+00       1.541809736806461391e-02
6.910000000000000142e+00       1.545414519107168178e-02
6.919999999999999929e+00       1.549009335964401587e-02
6.929999999999999716e+00       1.552594208477125343e-02
6.940000000000000391e+00       1.556169157868525672e-02
6.950000000000000178e+00       1.559734205482644909e-02
6.959999999999999964e+00       1.563289372781037981e-02
6.969999999999999751e+00       1.566834681339509747e-02
6.980000000000000426e+00       1.570370152844903500e-02
6.990000000000000213e+00       1.573895809091900577e-02
7.000000000000000000e+00       1.577411671979935676e-02
7.009999999999999787e+00       1.580917763485540153e-02
7.019999999999999574e+00       1.584414105757529778e-02
7.030000000000000249e+00       1.587900720966791898e-02
7.040000000000000036e+00       1.591377631401483597e-02
7.049999999999999822e+00       1.594844859439640064e-02
7.059999999999999609e+00       1.598302427546327217e-02
7.070000000000000284e+00       1.601750358270866842e-02
7.080000000000000071e+00       1.605188674244097807e-02
7.089999999999999858e+00       1.608617398175586632e-02
7.099999999999999645e+00       1.612036552851306426e-02
7.110000000000000320e+00       1.615446161130549077e-02
7.120000000000000107e+00       1.618846245943671505e-02
7.129999999999999893e+00       1.622236830289492879e-02
7.139999999999999680e+00       1.625617937232811186e-02
7.150000000000000355e+00       1.628989589901962132e-02
7.160000000000000142e+00       1.632351811486416893e-02
7.169999999999999929e+00       1.635704625234414913e-02
7.179999999999999716e+00       1.639048054450645622e-02
7.190000000000000391e+00       1.642382122493962759e-02
7.200000000000000178e+00       1.645706852775125767e-02
7.209999999999999964e+00       1.649022268754613343e-02
7.219999999999999751e+00       1.652328393940423815e-02
7.230000000000000426e+00       1.655625251885952873e-02
7.240000000000000213e+00       1.658912866192504068e-02
7.250000000000000000e+00       1.662191260488905115e-02
7.259999999999999787e+00       1.665460458456750892e-02
7.269999999999999574e+00       1.668720483810355940e-02
7.280000000000000249e+00       1.671971360299272583e-02
7.290000000000000036e+00       1.675213111706355673e-02
7.299999999999999822e+00       1.678445761843166614e-02
7.309999999999999609e+00       1.681669334558851675e-02
7.320000000000000284e+00       1.684883853722307298e-02
7.330000000000000071e+00       1.688089343230967515e-02
7.339999999999999858e+00       1.691285827006410586e-02
7.349999999999999645e+00       1.694473328992613867e-02
7.360000000000000320e+00       1.697651873154243374e-02
7.370000000000000107e+00       1.700821483474974569e-02
7.379999999999999893e+00       1.703982183955844373e-02
7.389999999999999680e+00       1.707133998613623999e-02
7.400000000000000355e+00       1.710276951479223345e-02
7.410000000000000142e+00       1.713411066596131835e-02
7.419999999999999929e+00       1.716536368018869649e-02
7.429999999999999716e+00       1.719652879811493437e-02
7.440000000000000391e+00       1.722760626046083293e-02
7.450000000000000178e+00       1.725859630801313341e-02
7.459999999999999964e+00       1.728949918160997690e-02
7.469999999999999751e+00       1.732031512212696064e-02
7.480000000000000426e+00       1.735104437046320128e-02
7.490000000000000213e+00       1.738168716752783519e-02
7.500000000000000000e+00       1.741224375422675136e-02
7.509999999999999787e+00       1.744271437144931727e-02
7.519999999999999574e+00       1.747309926005570502e-02
7.530000000000000249e+00       1.750339866086414453e-02
7.540000000000000036e+00       1.753361281463861054e-02
7.549999999999999822e+00       1.756374196207667257e-02
7.559999999999999609e+00       1.759378634379745246e-02
7.570000000000000284e+00       1.762374620032999134e-02
7.580000000000000071e+00       1.765362177210176575e-02
7.589999999999999858e+00       1.768341329942729051e-02
7.599999999999999645e+00       1.771312102249713097e-02
7.610000000000000320e+00       1.774274518136699161e-02
7.620000000000000107e+00       1.777228601594705790e-02
7.629999999999999893e+00       1.780174376599153244e-02
7.639999999999999680e+00       1.783111867108833071e-02
7.650000000000000355e+00       1.786041097064902314e-02
7.660000000000000142e+00       1.788962090389903392e-02
7.669999999999999929e+00       1.791874870986771492e-02
7.679999999999999716e+00       1.794779462737917247e-02
7.690000000000000391e+00       1.797675889504259453e-02
7.700000000000000178e+00       1.800564175124336197e-02
7.709999999999999964e+00       1.803444343413397252e-02
7.719999999999999751e+00       1.806316418162530468e-02
7.730000000000000426e+00       1.809180423137784002e-02
7.740000000000000213e+00       1.812036382079340938e-02
7.750000000000000000e+00       1.814884318700683841e-02
7.759999999999999787e+00       1.817724256687764869e-02
7.769999999999999574e+00       1.820556219698295231e-02
7.780000000000000249e+00       1.823380231360792816e-02
7.790000000000000036e+00       1.826196315273997603e-02
7.799999999999999822e+00       1.829004495006031350e-02
7.809999999999999609e+00       1.831804794093678732e-02
7.820000000000000284e+00       1.834597236041678875e-02
7.830000000000000071e+00       1.837381844322011695e-02
7.839999999999999858e+00       1.840158642373219272e-02
7.849999999999999645e+00       1.842927653599720980e-02
7.860000000000000320e+00       1.845688901371170601e-02
7.870000000000000107e+00       1.848442409021781863e-02
7.879999999999999893e+00       1.851188199849726490e-02
7.889999999999999680e+00       1.853926297116495828e-02
7.900000000000000355e+00       1.856656724046305829e-02
7.910000000000000142e+00       1.859379503825490595e-02
7.919999999999999929e+00       1.862094659601935820e-02
7.929999999999999716e+00       1.864802214484511528e-02
7.940000000000000391e+00       1.867502191542509335e-02
7.950000000000000178e+00       1.870194613805103295e-02
7.959999999999999964e+00       1.872879504218145919e-02
7.969999999999999751e+00       1.875556885814323380e-02
7.980000000000000426e+00       1.878226781456662428e-02
7.990000000000000213e+00       1.880889214008693924e-02
8.000000000000000000e+00       1.883544206291293613e-02
8.009999999999999787e+00       1.886191781082213054e-02
8.019999999999999574e+00       1.888831961115618879e-02
8.029999999999999361e+00       1.891464769081643849e-02
8.039999999999999147e+00       1.894090227625941023e-02
8.050000000000000711e+00       1.896708359349268472e-02
8.060000000000000497e+00       1.899319186807051779e-02
8.070000000000000284e+00       1.901922732508988870e-02
8.080000000000000071e+00       1.904519018918647208e-02
8.089999999999999858e+00       1.907108068453069322e-02
8.099999999999999645e+00       1.909689903482450490e-02
8.109999999999999432e+00       1.912264546329561082e-02
8.119999999999999218e+00       1.914832019269703187e-02
8.130000000000000782e+00       1.917392344530139195e-02
8.140000000000000568e+00       1.919945544289804532e-02
8.150000000000000355e+00       1.922491640678983607e-02
8.160000000000000142e+00       1.925030655778983690e-02
8.169999999999999929e+00       1.927562611621808433e-02
8.179999999999999716e+00       1.930087530189861927e-02
8.189999999999999503e+00       1.932605433415641311e-02
8.199999999999999289e+00       1.935116343181453313e-02
8.210000000000000853e+00       1.937620281319132540e-02
8.220000000000000639e+00       1.940117269609762524e-02
8.230000000000000426e+00       1.942607329783404418e-02
8.240000000000000213e+00       1.945090483518852401e-02
8.250000000000000000e+00       1.947566752443372420e-02
8.259999999999999787e+00       1.950036158138651610e-02
8.269999999999999574e+00       1.952498722115783916e-02
8.279999999999999361e+00       1.954954465852227694e-02
8.289999999999999147e+00       1.957403410766786825e-02
8.300000000000000711e+00       1.959845578225586152e-02
8.310000000000000497e+00       1.962280989541872328e-02
8.320000000000000284e+00       1.964709665975817449e-02
8.330000000000000071e+00       1.967131628734305679e-02
8.339999999999999858e+00       1.969546898970771232e-02
8.349999999999999645e+00       1.971955497785003730e-02
8.359999999999999432e+00       1.974357446222962942e-02
8.369999999999999218e+00       1.976752765276628548e-02
8.380000000000000782e+00       1.979141475883820431e-02
8.390000000000000568e+00       1.981523598928064053e-02
8.400000000000000355e+00       1.983899155238422196e-02
8.410000000000000142e+00       1.986268165589342299e-02
8.419999999999999929e+00       1.988630650700546482e-02
8.429999999999999716e+00       1.990986631236867435e-02
8.439999999999999503e+00       1.993336127808150240e-02
8.449999999999999289e+00       1.995679160969095201e-02
8.460000000000000853e+00       1.998015751219169023e-02
8.470000000000000639e+00       2.000345919002487899e-02
8.480000000000000426e+00       2.002669684707691911e-02
8.490000000000000213e+00       2.004987068667879804e-02
8.500000000000000000e+00       2.007298091160468825e-02
8.509999999999999787e+00       2.009602772407140595e-02
8.519999999999999574e+00       2.011901132573727657e-02
8.529999999999999361e+00       2.014193191770153810e-02
8.539999999999999147e+00       2.016478970050336605e-02
8.550000000000000711e+00       2.018758487412130806e-02
8.560000000000000497e+00       2.021031763797247541e-02
8.570000000000000284e+00       2.023298819091204695e-02
8.580000000000000071e+00       2.025559673123254745e-02
8.589999999999999858e+00       2.027814345666329593e-02
8.599999999999999645e+00       2.030062856437005528e-02
8.609999999999999432e+00       2.032305225095433834e-02
8.619999999999999218e+00       2.034541471245326569e-02
8.630000000000000782e+00       2.036771614433880578e-02
8.640000000000000568e+00       2.038995674151784787e-02
8.650000000000000355e+00       2.041213669833147684e-02
8.660000000000000142e+00       2.043425620855512589e-02
8.669999999999999929e+00       2.045631546539795204e-02
8.679999999999999716e+00       2.047831466150294016e-02
8.689999999999999503e+00       2.050025398894653184e-02
8.699999999999999289e+00       2.052213363923859404e-02
8.710000000000000853e+00       2.054395380332236370e-02
8.720000000000000639e+00       2.056571467157431929e-02
8.730000000000000426e+00       2.058741643380410796e-02
8.740000000000000213e+00       2.060905927925475722e-02
8.750000000000000000e+00       2.063064339660236959e-02
8.759999999999999787e+00       2.065216897395644180e-02
8.769999999999999574e+00       2.067363619885999662e-02
8.779999999999999361e+00       2.069504525828923594e-02
8.789999999999999147e+00       2.071639633865396748e-02
8.800000000000000711e+00       2.073768962579751463e-02
8.810000000000000497e+00       2.075892530499627575e-02
8.820000000000000284e+00       2.078010356095899222e-02
8.830000000000000071e+00       2.080122457782372994e-02
8.839999999999999858e+00       2.082228853914734265e-02
8.849999999999999645e+00       2.084329562785005793e-02
8.859999999999999432e+00       2.086424602542947052e-02
8.869999999999999218e+00       2.088513991989218374e-02
8.880000000000000782e+00       2.090597748280447615e-02
8.890000000000000568e+00       2.092675890053553867e-02
8.900000000000000355e+00       2.094748435256024027e-02
8.910000000000000142e+00       2.096815401843101639e-02
8.919999999999999929e+00       2.098876807720173251e-02
8.929999999999999716e+00       2.100932670737963928e-02
8.939999999999999503e+00       2.102983008691672318e-02
8.949999999999999289e+00       2.105027839320697605e-02
8.960000000000000853e+00       2.107067180308606555e-02
8.970000000000000639e+00       2.109101049283157100e-02
8.980000000000000426e+00       2.111129463816325755e-02
8.990000000000000213e+00       2.113152441424364508e-02
9.000000000000000000e+00       2.115169999567873341e-02
9.009999999999999787e+00       2.117182155614417971e-02
9.019999999999999574e+00       2.119188926604260309e-02
9.029999999999999361e+00       2.121190329249598994e-02
9.039999999999999147e+00       2.123186380040429158e-02
9.050000000000000711e+00       2.125177095284510112e-02
9.060000000000000497e+00       2.127162491130232813e-02
9.070000000000000284e+00       2.129142583583036596e-02
9.080000000000000071e+00       2.131117388514948072e-02
9.089999999999999858e+00       2.133086921677468731e-02
9.099999999999999645e+00       2.135051198705552322e-02
9.109999999999999432e+00       2.137010235127159707e-02
9.119999999999999218e+00       2.138964046367778857e-02
9.130000000000000782e+00       2.140912647753746151e-02
9.140000000000000568e+00       2.142856054519284500e-02
9.150000000000000355e+00       2.144794281808702283e-02
9.160000000000000142e+00       2.146727344680298549e-02
9.169999999999999929e+00       2.148655258109544164e-02
9.179999999999999716e+00       2.150578036992717781e-02
9.189999999999999503e+00       2.152495696146803500e-02
9.199999999999999289e+00       2.154408250315934317e-02
9.210000000000000853e+00       2.156315714171157596e-02
9.220000000000000639e+00       2.158218102313165868e-02
9.230000000000000426e+00       2.160115429274295923e-02
9.240000000000000213e+00       2.162007709520213580e-02
9.250000000000000000e+00       2.163894957453222842e-02
9.259999999999999787e+00       2.165777187409360927e-02
9.269999999999999574e+00       2.167654413665829477e-02
9.279999999999999361e+00       2.169526650438879586e-02
9.289999999999999147e+00       2.171393911886045081e-02
9.300000000000000711e+00       2.173256212107404356e-02
9.310000000000000497e+00       2.175113565146856096e-02
9.320000000000000284e+00       2.176965984993280145e-02
9.330000000000000071e+00       2.178813485581658146e-02
9.339999999999999858e+00       2.180656080795292245e-02
9.349999999999999645e+00       2.182493784462268341e-02
9.359999999999999432e+00       2.184326610363094417e-02
9.369999999999999218e+00       2.186154572227286610e-02
9.380000000000000782e+00       2.187977683745548352e-02
9.390000000000000568e+00       2.189795958529565725e-02
9.400000000000000355e+00       2.191609410174423511e-02
9.410000000000000142e+00       2.193418052218279457e-02
9.419999999999999929e+00       2.195221898153379772e-02
9.429999999999999716e+00       2.197020961426767588e-02
9.439999999999999503e+00       2.198815255440942848e-02
9.449999999999999289e+00       2.200604793554527053e-02
9.460000000000000853e+00       2.202389589082893659e-02
9.470000000000000639e+00       2.204169655298734640e-02
9.480000000000000426e+00       2.205945005432662781e-02
9.490000000000000213e+00       2.207715652673753609e-02
9.500000000000000000e+00       2.209481610170081767e-02
9.509999999999999787e+00       2.211242891029194246e-02
9.519999999999999574e+00       2.212999508318649194e-02
9.529999999999999361e+00       2.214751475066455838e-02
9.539999999999999147e+00       2.216498804261527941e-02
9.550000000000000711e+00       2.218241508854097710e-02
9.560000000000000497e+00       2.219979601756125187e-02
9.570000000000000284e+00       2.221713095841677116e-02
9.580000000000000071e+00       2.223442003947162515e-02
9.589999999999999858e+00       2.225166338871511010e-02
9.599999999999999645e+00       2.226886113375730822e-02
9.609999999999999432e+00       2.228601340244081713e-02
9.619999999999999218e+00       2.230312032071887426e-02
9.630000000000000782e+00       2.232018201556736775e-02
9.640000000000000568e+00       2.233719861318460981e-02
9.650000000000000355e+00       2.235417023941853321e-02
9.660000000000000142e+00       2.237109702019699636e-02
9.669999999999999929e+00       2.238797907971541018e-02
9.679999999999999716e+00       2.240481654336283490e-02
9.689999999999999503e+00       2.242160953559291237e-02
9.699999999999999289e+00       2.243835818053445397e-02
9.710000000000000853e+00       2.245506260198665283e-02
9.720000000000000639e+00       2.247172292341891378e-02
9.730000000000000426e+00       2.248833926797201913e-02
9.740000000000000213e+00       2.250491175846004374e-02
9.750000000000000000e+00       2.252144051737232575e-02
9.759999999999999787e+00       2.253792566687522550e-02
9.769999999999999574e+00       2.255436732881432524e-02
9.779999999999999361e+00       2.257076562471626441e-02
9.789999999999999147e+00       2.258712067579045357e-02
9.800000000000000711e+00       2.260343260293100690e-02
9.810000000000000497e+00       2.261970152671870585e-02
9.820000000000000284e+00       2.263592756742230719e-02
9.830000000000000071e+00       2.265211084500053790e-02
9.839999999999999858e+00       2.266825147910170660e-02
9.849999999999999645e+00       2.268434958907261309e-02
9.859999999999999432e+00       2.270040529394916351e-02
9.869999999999999218e+00       2.271641871246506822e-02
9.880000000000000782e+00       2.273238996305130058e-02
9.890000000000000568e+00       2.274831916383783861e-02
9.900000000000000355e+00       2.276420643265471971e-02
9.910000000000000142e+00       2.278005188703336598e-02
9.919999999999999929e+00       2.279585564420782973e-02
9.929999999999999716e+00       2.281161782111617090e-02
9.939999999999999503e+00       2.282733853440145622e-02
9.949999999999999289e+00       2.284301790041310537e-02
9.960000000000000853e+00       2.285865603520765774e-02
9.970000000000000639e+00       2.287425305455041344e-02
9.980000000000000426e+00       2.288980907391580458e-02
9.990000000000000213e+00       2.290532420848900505e-02
