1.000000000000000021e-02       0.000000000000000000e+00
2.000000000000000042e-02       0.000000000000000000e+00
2.999999999999999889e-02       0.000000000000000000e+00
4.000000000000000083e-02       0.000000000000000000e+00
5.000000000000000278e-02       0.000000000000000000e+00
5.999999999999999778e-02       0.000000000000000000e+00
7.000000000000000666e-02       0.000000000000000000e+00
8.000000000000000167e-02       0.000000000000000000e+00
8.999999999999999667e-02       0.000000000000000000e+00
1.000000000000000056e-01       9.724973536838870294e-07
1.100000000000000006e-01       6.683342999131593859e-05
1.199999999999999956e-01       4.073366644658658517e-04
1.300000000000000044e-01       1.202201560017034446e-03
1.400000000000000133e-01       2.419908051770987799e-03
1.499999999999999944e-01       2.091710625171166234e-03
1.600000000000000033e-01       1.717518898762989505e-03
1.700000000000000122e-01       1.630795846478804790e-03
1.799999999999999933e-01       1.671307489996591827e-03
1.900000000000000022e-01       1.777747720860105860e-03
2.000000000000000111e-01       1.925203672761011727e-03
2.099999999999999922e-01       2.101889546056050651e-03
2.200000000000000011e-01       2.301435637966848299e-03
2.300000000000000100e-01       2.519893769486113762e-03
2.399999999999999911e-01       2.754554231096304623e-03
2.500000000000000000e-01       3.003443765700859660e-03
2.600000000000000089e-01       3.265035536978358813e-03
2.700000000000000178e-01       3.538085217302584188e-03
2.800000000000000266e-01       3.821535623401354012e-03
2.899999999999999800e-01       4.114459257838227330e-03
2.999999999999999889e-01       4.416022421156656774e-03
3.099999999999999978e-01       4.725462092540051728e-03
3.200000000000000067e-01       5.042070816751820748e-03
3.300000000000000155e-01       5.365186412616501817e-03
3.400000000000000244e-01       5.694184743598528810e-03
3.499999999999999778e-01       6.028474982833370056e-03
3.599999999999999867e-01       6.367495882895898678e-03
3.699999999999999956e-01       6.710713214933705477e-03
3.800000000000000044e-01       7.057617845219384470e-03
3.900000000000000133e-01       7.407724260512125840e-03
4.000000000000000222e-01       7.760569418753352454e-03
4.099999999999999756e-01       8.115711824688386436e-03
4.199999999999999845e-01       8.472730613707270264e-03
4.299999999999999933e-01       8.831225488503288007e-03
4.400000000000000022e-01       9.190815228232224535e-03
4.500000000000000111e-01       9.551137756186047281e-03
4.600000000000000200e-01       9.911849477489929894e-03
4.699999999999999734e-01       1.027262478788355110e-02
4.799999999999999822e-01       1.063315559180193562e-02
4.899999999999999911e-01       1.099315082390524625e-02
5.000000000000000000e-01       1.135176059729094480e-02
5.100000000000000089e-01       1.170385566136149767e-02
5.200000000000000178e-01       1.204841347644097956e-02
5.300000000000000266e-01       1.238609454922223914e-02
5.400000000000000355e-01       1.271748245983750358e-02
5.500000000000000444e-01       1.304298917761021609e-02
5.600000000000000533e-01       1.336029052334731550e-02
5.699999999999999512e-01       1.366896085227696685e-02
5.799999999999999600e-01       1.396988326507150185e-02
5.899999999999999689e-01       1.426383613933656855e-02
5.999999999999999778e-01       1.455150196785837992e-02
6.099999999999999867e-01       1.483347659802534795e-02
6.199999999999999956e-01       1.511027836507644780e-02
6.300000000000000044e-01       1.538235680366677703e-02
6.400000000000000133e-01       1.565010075681543336e-02
6.500000000000000222e-01       1.591384579338771602e-02
6.600000000000000311e-01       1.617388090648516283e-02
6.700000000000000400e-01       1.643045450433791924e-02
6.800000000000000488e-01       1.668377972911913240e-02
6.899999999999999467e-01       1.693403915236258231e-02
6.999999999999999556e-01       1.718138890183674300e-02
7.099999999999999645e-01       1.742596227627180375e-02
7.199999999999999734e-01       1.766787290297758273e-02
7.299999999999999822e-01       1.790721749029990789e-02
7.399999999999999911e-01       1.814407822283437693e-02
7.500000000000000000e-01       1.837852484324583799e-02
7.600000000000000089e-01       1.861061645846664656e-02
7.700000000000000178e-01       1.884040310779861241e-02
7.800000000000000266e-01       1.905823010207026783e-02
7.900000000000000355e-01       1.920420402383933578e-02
8.000000000000000444e-01       1.928027544070575958e-02
8.100000000000000533e-01       1.930121134695448118e-02
8.199999999999999512e-01       1.928009417255938107e-02
8.299999999999999600e-01       1.922807543790703080e-02
8.399999999999999689e-01       1.915440531323012868e-02
8.499999999999999778e-01       1.906658513512651462e-02
8.599999999999999867e-01       1.897057952965183758e-02
8.699999999999999956e-01       1.887104613582066617e-02
8.800000000000000044e-01       1.877155768562925597e-02
8.900000000000000133e-01       1.867480309379090236e-02
9.000000000000000222e-01       1.858004586982428194e-02
9.100000000000000311e-01       1.848473745820174846e-02
9.200000000000000400e-01       1.839134111031816982e-02
9.300000000000000488e-01       1.830178820771350898e-02
9.399999999999999467e-01       1.821749119063398314e-02
9.499999999999999556e-01       1.813945072521793572e-02
9.599999999999999645e-01       1.782611756804162312e-02
9.699999999999999734e-01       1.783822036301411021e-02
9.799999999999999822e-01       1.784994794070374896e-02
9.899999999999999911e-01       1.786131573773317577e-02
1.000000000000000000e+00       1.787233840088032003e-02
1.010000000000000009e+00       1.788302983700370760e-02
1.020000000000000018e+00       1.789340325585290353e-02
1.030000000000000027e+00       1.790347121253261023e-02
1.040000000000000036e+00       1.791324564600871999e-02
1.050000000000000044e+00       1.792273791514641113e-02
1.060000000000000053e+00       1.793195883230938592e-02
1.070000000000000062e+00       1.794091869470673326e-02
1.080000000000000071e+00       1.794962731365820630e-02
1.090000000000000080e+00       1.795809404193474818e-02
1.100000000000000089e+00       1.796632779931620419e-02
1.110000000000000098e+00       1.797433709650472777e-02
1.120000000000000107e+00       1.798213005749725243e-02
1.129999999999999893e+00       1.798971444055189051e-02
1.139999999999999902e+00       1.799709765783058871e-02
1.149999999999999911e+00       1.800428679382235289e-02
1.159999999999999920e+00       1.801128862262591987e-02
1.169999999999999929e+00       1.801810962419197332e-02
1.179999999999999938e+00       1.802475599953151653e-02
1.189999999999999947e+00       1.803123368509416263e-02
1.199999999999999956e+00       1.803754836620958743e-02
1.209999999999999964e+00       1.804370548977814875e-02
1.219999999999999973e+00       1.804971027620701912e-02
1.229999999999999982e+00       1.805556773065426779e-02
1.239999999999999991e+00       1.806128265362368784e-02
1.250000000000000000e+00       1.806685965150958348e-02
1.260000000000000009e+00       1.807230314372391608e-02
1.270000000000000018e+00       1.807761737527245269e-02
1.280000000000000027e+00       1.808280642239838698e-02
1.290000000000000036e+00       1.808787420142863450e-02
1.300000000000000044e+00       1.809282447618899142e-02
1.310000000000000053e+00       1.809766086509471614e-02
1.320000000000000062e+00       1.810238684785733451e-02
1.330000000000000071e+00       1.810700577186795043e-02
1.340000000000000080e+00       1.811152085812666943e-02
1.350000000000000089e+00       1.811593520704091534e-02
1.360000000000000098e+00       1.812025180375961830e-02
1.370000000000000107e+00       1.812447352330828765e-02
1.379999999999999893e+00       1.812860313544167878e-02
1.389999999999999902e+00       1.813264330925032711e-02
1.399999999999999911e+00       1.813659661752672209e-02
1.409999999999999920e+00       1.814046554092385230e-02
1.419999999999999929e+00       1.814425247189331916e-02
1.429999999999999938e+00       1.814795971843385924e-02
1.439999999999999947e+00       1.815158950765363016e-02
1.449999999999999956e+00       1.815514398915802144e-02
1.459999999999999964e+00       1.815862522961388809e-02
1.469999999999999973e+00       1.816203525056447540e-02
1.479999999999999982e+00       1.816537597905810986e-02
1.489999999999999991e+00       1.816864928540528126e-02
1.500000000000000000e+00       1.817185697705529790e-02
1.510000000000000009e+00       1.817500080110277805e-02
1.520000000000000018e+00       1.817808244553417024e-02
1.530000000000000027e+00       1.818110353705543539e-02
1.540000000000000036e+00       1.818406563882767057e-02
1.550000000000000044e+00       1.818697024933404321e-02
1.560000000000000053e+00       1.818981880218068295e-02
1.570000000000000062e+00       1.819261266660148271e-02
1.580000000000000071e+00       1.819535314859427669e-02
1.590000000000000080e+00       1.819804149247217923e-02
1.600000000000000089e+00       1.820067884372706529e-02
1.610000000000000098e+00       1.820326556291966894e-02
1.620000000000000107e+00       1.820580077893978188e-02
1.629999999999999893e+00       1.820828281977839372e-02
1.639999999999999902e+00       1.821070940511038821e-02
1.649999999999999911e+00       1.821307775443147328e-02
1.659999999999999920e+00       1.821538466736532733e-02
1.669999999999999929e+00       1.821762658920480366e-02
1.679999999999999938e+00       1.821979966825011329e-02
1.689999999999999947e+00       1.822189980670229151e-02
1.699999999999999956e+00       1.822392270612530410e-02
1.709999999999999964e+00       1.822586391042234008e-02
1.719999999999999973e+00       1.822771884260726560e-02
1.729999999999999982e+00       1.822948284164000940e-02
1.739999999999999991e+00       1.823115119394886838e-02
1.750000000000000000e+00       1.823271916299122608e-02
1.760000000000000009e+00       1.823418201622443308e-02
1.770000000000000018e+00       1.823553504973279837e-02
1.780000000000000027e+00       1.823677361040906830e-02
1.790000000000000036e+00       1.823789311553606837e-02
1.800000000000000044e+00       1.823888906397142309e-02
1.810000000000000053e+00       1.823975703826865788e-02
1.820000000000000062e+00       1.824049270616266705e-02
1.830000000000000071e+00       1.824109182372485316e-02
1.840000000000000080e+00       1.824155023920132068e-02
1.850000000000000089e+00       1.824186389768406996e-02
1.860000000000000098e+00       1.824202884635236013e-02
1.870000000000000107e+00       1.824204123982746742e-02
1.879999999999999893e+00       1.824189734584693093e-02
1.889999999999999902e+00       1.824159355069349120e-02
1.899999999999999911e+00       1.824112636470189008e-02
1.909999999999999920e+00       1.824049242741144702e-02
1.919999999999999929e+00       1.823968851238570721e-02
1.929999999999999938e+00       1.823871153185356239e-02
1.939999999999999947e+00       1.823755854064336088e-02
1.949999999999999956e+00       1.823622674047840550e-02
1.959999999999999964e+00       1.823471348242800688e-02
1.969999999999999973e+00       1.823301627025145782e-02
1.979999999999999982e+00       1.823113276263564966e-02
1.989999999999999991e+00       1.822906077512639195e-02
2.000000000000000000e+00       1.822679828144874864e-02
2.009999999999999787e+00       1.822434341473189862e-02
2.020000000000000018e+00       1.822169446782316918e-02
2.029999999999999805e+00       1.821884989369897123e-02
2.040000000000000036e+00       1.821580830508765306e-02
2.049999999999999822e+00       1.821256847389838077e-02
2.060000000000000053e+00       1.820912933030126302e-02
2.069999999999999840e+00       1.820548996125055316e-02
2.080000000000000071e+00       1.820164960914021773e-02
2.089999999999999858e+00       1.819760766972504037e-02
2.100000000000000089e+00       1.819336368997480358e-02
2.109999999999999876e+00       1.818891736567196729e-02
2.120000000000000107e+00       1.818426853874596100e-02
2.129999999999999893e+00       1.817941719441634740e-02
2.140000000000000124e+00       1.817436345814376492e-02
2.149999999999999911e+00       1.816910759241819814e-02
2.160000000000000142e+00       1.816364999338262662e-02
2.169999999999999929e+00       1.815799118734362158e-02
2.180000000000000160e+00       1.815213182715223403e-02
2.189999999999999947e+00       1.814607268849149219e-02
2.200000000000000178e+00       1.813981466607959142e-02
2.209999999999999964e+00       1.813335876980358072e-02
2.220000000000000195e+00       1.812670612079823884e-02
2.229999999999999982e+00       1.811985794748244630e-02
2.240000000000000213e+00       1.811281558156555699e-02
2.250000000000000000e+00       1.810558045403520139e-02
2.259999999999999787e+00       1.809815409113701978e-02
2.270000000000000018e+00       1.809053811035657780e-02
2.279999999999999805e+00       1.808273421641233211e-02
2.290000000000000036e+00       1.807474419726845874e-02
2.299999999999999822e+00       1.806656992017540569e-02
2.310000000000000053e+00       1.805821332774541418e-02
2.319999999999999840e+00       1.804967643406873296e-02
2.330000000000000071e+00       1.804096132087941798e-02
2.339999999999999858e+00       1.803207013377222320e-02
2.350000000000000089e+00       1.802300507847854130e-02
2.359999999999999876e+00       1.801376879910800491e-02
2.370000000000000107e+00       1.800436246503489893e-02
2.379999999999999893e+00       1.799478958641125004e-02
2.390000000000000124e+00       1.798505219167310931e-02
2.399999999999999911e+00       1.797515273369229213e-02
2.410000000000000142e+00       1.796509370461316785e-02
2.419999999999999929e+00       1.795487763268583184e-02
2.430000000000000160e+00       1.794450707896127345e-02
2.439999999999999947e+00       1.793398463416999780e-02
2.450000000000000178e+00       1.792331291598035434e-02
2.459999999999999964e+00       1.791249456611164123e-02
2.470000000000000195e+00       1.790153224748424268e-02
2.479999999999999982e+00       1.789042864150081763e-02
2.490000000000000213e+00       1.787918644542639893e-02
2.500000000000000000e+00       1.786780836985549931e-02
2.509999999999999787e+00       1.785629713626459697e-02
2.520000000000000018e+00       1.784465547464969548e-02
2.529999999999999805e+00       1.783288612124895103e-02
2.540000000000000036e+00       1.782099181634932625e-02
2.549999999999999822e+00       1.780897530217674316e-02
2.560000000000000053e+00       1.779683932086872228e-02
2.569999999999999840e+00       1.778458661252833861e-02
2.580000000000000071e+00       1.777221991335844672e-02
2.589999999999999858e+00       1.775974195387476293e-02
2.600000000000000089e+00       1.774715545719653120e-02
2.609999999999999876e+00       1.773446313741336433e-02
2.620000000000000107e+00       1.772166769802686198e-02
2.629999999999999893e+00       1.770877183046506639e-02
2.640000000000000124e+00       1.769577821266891601e-02
2.649999999999999911e+00       1.768268950774821643e-02
2.660000000000000142e+00       1.766950836270628558e-02
2.669999999999999929e+00       1.765623740723108390e-02
2.680000000000000160e+00       1.764287980256642671e-02
2.689999999999999947e+00       1.762943649035621230e-02
2.700000000000000178e+00       1.761591169206011553e-02
2.709999999999999964e+00       1.760230740670139585e-02
2.720000000000000195e+00       1.758862616176426127e-02
2.729999999999999982e+00       1.757487046055350444e-02
2.740000000000000213e+00       1.756104278416882603e-02
2.750000000000000000e+00       1.754714558702405794e-02
2.759999999999999787e+00       1.753318129871634518e-02
2.770000000000000018e+00       1.751915232277016093e-02
2.779999999999999805e+00       1.750506103598714266e-02
2.790000000000000036e+00       1.749090978790365097e-02
2.799999999999999822e+00       1.747670090030987999e-02
2.810000000000000053e+00       1.746243666680044604e-02
2.819999999999999840e+00       1.744811935236188424e-02
2.830000000000000071e+00       1.743375119299953729e-02
2.839999999999999858e+00       1.741933439540300707e-02
2.850000000000000089e+00       1.740487113664869467e-02
2.859999999999999876e+00       1.739036356393814514e-02
2.870000000000000107e+00       1.737581379437052806e-02
2.879999999999999893e+00       1.736122391474776566e-02
2.890000000000000124e+00       1.734659598141131270e-02
2.899999999999999911e+00       1.733193202010869724e-02
2.910000000000000142e+00       1.731723402588914926e-02
2.919999999999999929e+00       1.730250396302642976e-02
2.930000000000000160e+00       1.728774376496818033e-02
2.939999999999999947e+00       1.727295533431012428e-02
2.950000000000000178e+00       1.725814054279439444e-02
2.959999999999999964e+00       1.724330123133032550e-02
2.970000000000000195e+00       1.722843921003732598e-02
2.979999999999999982e+00       1.721355625830787994e-02
2.990000000000000213e+00       1.719865412489055001e-02
3.000000000000000000e+00       1.718373452799115686e-02
3.009999999999999787e+00       1.716879914381400432e-02
3.020000000000000018e+00       1.715384953575398164e-02
3.029999999999999805e+00       1.713888715915634631e-02
3.040000000000000036e+00       1.712391339767815879e-02
3.049999999999999822e+00       1.710892957784855214e-02
3.060000000000000053e+00       1.709393697770376919e-02
3.069999999999999840e+00       1.707893683169108348e-02
3.080000000000000071e+00       1.706393033972144688e-02
3.089999999999999858e+00       1.704891866406899048e-02
3.100000000000000089e+00       1.703390293672447930e-02
3.109999999999999876e+00       1.701888426076748201e-02
3.120000000000000107e+00       1.700386371239342997e-02
3.129999999999999893e+00       1.698884234263722467e-02
3.140000000000000124e+00       1.697382117892647438e-02
3.149999999999999911e+00       1.695880122636024903e-02
3.160000000000000142e+00       1.694378341069204333e-02
3.169999999999999929e+00       1.692876881244805010e-02
3.180000000000000160e+00       1.691375831745080618e-02
3.189999999999999947e+00       1.689875285163516469e-02
3.200000000000000178e+00       1.688375332311428320e-02
3.209999999999999964e+00       1.686876062281909144e-02
3.220000000000000195e+00       1.685377562502362800e-02
3.229999999999999982e+00       1.683879918786131830e-02
3.240000000000000213e+00       1.682383215376784952e-02
3.250000000000000000e+00       1.680887534988490667e-02
3.259999999999999787e+00       1.679392958842505432e-02
3.270000000000000018e+00       1.677899566700451900e-02
3.279999999999999805e+00       1.676407436894455927e-02
3.290000000000000036e+00       1.674916646354782448e-02
3.299999999999999822e+00       1.673427270635130179e-02
3.310000000000000053e+00       1.671939383935928253e-02
3.319999999999999840e+00       1.670453059128089446e-02
3.330000000000000071e+00       1.668968367764717825e-02
3.339999999999999858e+00       1.667485380111248874e-02
3.350000000000000089e+00       1.666004165155532402e-02
3.359999999999999876e+00       1.664524790625865336e-02
3.370000000000000107e+00       1.663047323006373174e-02
3.379999999999999893e+00       1.661571827551596922e-02
3.390000000000000124e+00       1.660098368300347987e-02
3.399999999999999911e+00       1.658627008088968055e-02
3.410000000000000142e+00       1.657157808564209411e-02
3.419999999999999929e+00       1.655690830194802773e-02
3.430000000000000160e+00       1.654226132284745618e-02
3.439999999999999947e+00       1.652763772983446497e-02
3.450000000000000178e+00       1.651303809297716488e-02
3.459999999999999964e+00       1.649846297102642786e-02
3.470000000000000195e+00       1.648391291152448770e-02
3.479999999999999982e+00       1.646938845091155262e-02
3.490000000000000213e+00       1.645489011463140486e-02
3.500000000000000000e+00       1.644041841723590039e-02
3.509999999999999787e+00       1.642597386248845562e-02
3.520000000000000018e+00       1.641155694346724953e-02
3.529999999999999805e+00       1.639716814266785685e-02
3.540000000000000036e+00       1.638280793209926159e-02
3.549999999999999822e+00       1.636847677341260812e-02
3.560000000000000053e+00       1.635417511422502385e-02
3.569999999999999840e+00       1.633990330385521467e-02
3.580000000000000071e+00       1.632566152964693568e-02
3.589999999999999858e+00       1.631144988530315934e-02
3.600000000000000089e+00       1.629726840298482970e-02
3.609999999999999876e+00       1.628311706978086831e-02
3.620000000000000107e+00       1.626899583852528530e-02
3.629999999999999893e+00       1.625490463584185891e-02
3.640000000000000124e+00       1.624084336813377133e-02
3.649999999999999911e+00       1.622681192654438012e-02
3.660000000000000142e+00       1.621281019077322819e-02
3.669999999999999929e+00       1.619883803238335654e-02
3.680000000000000160e+00       1.618489531743835808e-02
3.689999999999999947e+00       1.617098190877552105e-02
3.700000000000000178e+00       1.615709766779734394e-02
3.709999999999999964e+00       1.614324245673211602e-02
3.720000000000000195e+00       1.612941613767581925e-02
3.729999999999999982e+00       1.611561857705257408e-02
3.740000000000000213e+00       1.610184964433782756e-02
3.750000000000000000e+00       1.608810921339733080e-02
3.759999999999999787e+00       1.607439716313702541e-02
3.770000000000000018e+00       1.606071337802763774e-02
3.779999999999999805e+00       1.604705774857046602e-02
3.790000000000000036e+00       1.603343017159399725e-02
3.799999999999999822e+00       1.601983055055087105e-02
3.810000000000000053e+00       1.600625879571014945e-02
3.819999999999999840e+00       1.599271482429779137e-02
3.830000000000000071e+00       1.597919856058523103e-02
3.839999999999999858e+00       1.596570993593297502e-02
3.850000000000000089e+00       1.595224888879439445e-02
3.859999999999999876e+00       1.593881536468511398e-02
3.870000000000000107e+00       1.592540931612165117e-02
3.879999999999999893e+00       1.591203070253679325e-02
3.890000000000000124e+00       1.589867949016702045e-02
3.899999999999999911e+00       1.588535565192335935e-02
3.910000000000000142e+00       1.587205916724833063e-02
3.919999999999999929e+00       1.585879002195329790e-02
3.930000000000000160e+00       1.584554820804672318e-02
3.939999999999999947e+00       1.583233372355160457e-02
3.950000000000000178e+00       1.581914657231480240e-02
3.959999999999999964e+00       1.580598676380996076e-02
3.970000000000000195e+00       1.579285431293176584e-02
3.979999999999999982e+00       1.577974923979326774e-02
3.990000000000000213e+00       1.576667156951291893e-02
4.000000000000000000e+00       1.575362133200330916e-02
4.009999999999999787e+00       1.574059856175813107e-02
4.019999999999999574e+00       1.572760329764164022e-02
4.030000000000000249e+00       1.571463558266431373e-02
4.040000000000000036e+00       1.570169546378900188e-02
4.049999999999999822e+00       1.568878299170820348e-02
4.059999999999999609e+00       1.567589822063933727e-02
4.070000000000000284e+00       1.566304120811925701e-02
4.080000000000000071e+00       1.565021201480163229e-02
4.089999999999999858e+00       1.563741070425777105e-02
4.099999999999999645e+00       1.562463734278080399e-02
4.110000000000000320e+00       1.561189199913880395e-02
4.120000000000000107e+00       1.559917474459584542e-02
4.129999999999999893e+00       1.558648565242717540e-02
4.139999999999999680e+00       1.557382479793332185e-02
4.150000000000000355e+00       1.556119225821811156e-02
4.160000000000000142e+00       1.554858811201829429e-02
4.169999999999999929e+00       1.553601243953757829e-02
4.179999999999999716e+00       1.552346532228534963e-02
4.190000000000000391e+00       1.551094684292024864e-02
4.200000000000000178e+00       1.549845708509835392e-02
4.209999999999999964e+00       1.548599613332608295e-02
4.219999999999999751e+00       1.547356407281797429e-02
4.230000000000000426e+00       1.546116098935893662e-02
4.240000000000000213e+00       1.544878696917147999e-02
4.250000000000000000e+00       1.543644209878735837e-02
4.259999999999999787e+00       1.542412646492391515e-02
4.269999999999999574e+00       1.541184015436500472e-02
4.280000000000000249e+00       1.539958325384635507e-02
4.290000000000000036e+00       1.538735584994534861e-02
4.299999999999999822e+00       1.537515802897527518e-02
4.309999999999999609e+00       1.536298987688372239e-02
4.320000000000000284e+00       1.535085147915526450e-02
4.330000000000000071e+00       1.533874292071831652e-02
4.339999999999999858e+00       1.532666428585589130e-02
4.349999999999999645e+00       1.531461565812053394e-02
4.360000000000000320e+00       1.530259712025290077e-02
4.370000000000000107e+00       1.529060875410431092e-02
4.379999999999999893e+00       1.527865064056292861e-02
4.389999999999999680e+00       1.526672285948349299e-02
4.400000000000000355e+00       1.525482548962067524e-02
4.410000000000000142e+00       1.524295860856583404e-02
4.419999999999999929e+00       1.523112229268704099e-02
4.429999999999999716e+00       1.521931661707238460e-02
4.440000000000000391e+00       1.520754165547658597e-02
4.450000000000000178e+00       1.519579748027036388e-02
4.459999999999999964e+00       1.518408416239308729e-02
4.469999999999999751e+00       1.517240177130816520e-02
4.480000000000000426e+00       1.516075037496123802e-02
4.490000000000000213e+00       1.514913003974113596e-02
4.500000000000000000e+00       1.513754083044312887e-02
4.509999999999999787e+00       1.512598281023634812e-02
4.519999999999999574e+00       1.511445604063044873e-02
4.530000000000000249e+00       1.510296058144778610e-02
4.540000000000000036e+00       1.509149649079649311e-02
4.549999999999999822e+00       1.508006382504592166e-02
4.559999999999999609e+00       1.506866263880426819e-02
4.570000000000000284e+00       1.505729298489837803e-02
4.580000000000000071e+00       1.504595491435544753e-02
4.589999999999999858e+00       1.503464847638670034e-02
4.599999999999999645e+00       1.502337371837287466e-02
4.610000000000000320e+00       1.501213068585161882e-02
4.620000000000000107e+00       1.500091942250653988e-02
4.629999999999999893e+00       1.498973997015781712e-02
4.639999999999999680e+00       1.497859236874098283e-02
4.650000000000000355e+00       1.496747665635549986e-02
4.660000000000000142e+00       1.495639286917773043e-02
4.669999999999999929e+00       1.494534104143596491e-02
4.679999999999999716e+00       1.493432120568871126e-02
4.690000000000000391e+00       1.492333339239881873e-02
4.700000000000000178e+00       1.491237763020855471e-02
4.709999999999999964e+00       1.490145394587471563e-02
4.719999999999999751e+00       1.489056236427162110e-02
4.730000000000000426e+00       1.487970290839515583e-02
4.740000000000000213e+00       1.486887559936883423e-02
4.750000000000000000e+00       1.485808045644559407e-02
4.759999999999999787e+00       1.484731749702120421e-02
4.769999999999999574e+00       1.483658673663794218e-02
4.780000000000000249e+00       1.482588818900200563e-02
4.790000000000000036e+00       1.481522186595454760e-02
4.799999999999999822e+00       1.480458777755974328e-02
4.809999999999999609e+00       1.479398593203646618e-02
4.820000000000000284e+00       1.478341633581389293e-02
4.830000000000000071e+00       1.477287899352947888e-02
4.839999999999999858e+00       1.476237390804755432e-02
4.849999999999999645e+00       1.475190108046698333e-02
4.860000000000000320e+00       1.474146051015038511e-02
4.870000000000000107e+00       1.473105219469620329e-02
4.879999999999999893e+00       1.472067613003008417e-02
4.889999999999999680e+00       1.471033231034624307e-02
4.900000000000000355e+00       1.470002072815866125e-02
4.910000000000000142e+00       1.468974137431748768e-02
4.919999999999999929e+00       1.467949423801525807e-02
4.929999999999999716e+00       1.466927930681123302e-02
4.940000000000000391e+00       1.465909656664728285e-02
4.950000000000000178e+00       1.464894600186575357e-02
4.959999999999999964e+00       1.463882759522768147e-02
4.969999999999999751e+00       1.462874132793119501e-02
4.980000000000000426e+00       1.461868717963022909e-02
4.990000000000000213e+00       1.460866512845342656e-02
5.000000000000000000e+00       1.459867515011603785e-02
5.009999999999999787e+00       1.458871722159215019e-02
5.019999999999999574e+00       1.457879131561691868e-02
5.030000000000000249e+00       1.456889740441046424e-02
5.040000000000000036e+00       1.455903545876460585e-02
5.049999999999999822e+00       1.454920544806268326e-02
5.059999999999999609e+00       1.453940734029945774e-02
5.070000000000000284e+00       1.452964110210104923e-02
5.080000000000000071e+00       1.451990669874497590e-02
5.089999999999999858e+00       1.451020409418023530e-02
5.099999999999999645e+00       1.450053325104736987e-02
5.110000000000000320e+00       1.449089413069864531e-02
5.120000000000000107e+00       1.448128669321815422e-02
5.129999999999999893e+00       1.447171089744198925e-02
5.139999999999999680e+00       1.446216670097827742e-02
5.150000000000000355e+00       1.445265406022737224e-02
5.160000000000000142e+00       1.444317293040185864e-02
5.169999999999999929e+00       1.443372326554660107e-02
5.179999999999999716e+00       1.442430501855866687e-02
5.190000000000000391e+00       1.441491814120727730e-02
5.200000000000000178e+00       1.440556258415360245e-02
5.209999999999999964e+00       1.439623829697061694e-02
5.219999999999999751e+00       1.438694522816245588e-02
5.230000000000000426e+00       1.437768332518440072e-02
5.240000000000000213e+00       1.436845253446214672e-02
5.250000000000000000e+00       1.435925280141115215e-02
5.259999999999999787e+00       1.435008407045596131e-02
5.269999999999999574e+00       1.434094628504929518e-02
5.280000000000000249e+00       1.433183938767234634e-02
5.290000000000000036e+00       1.432276331992883046e-02
5.299999999999999822e+00       1.431371802245071621e-02
5.309999999999999609e+00       1.430470343499235485e-02
5.320000000000000284e+00       1.429571949643004131e-02
5.330000000000000071e+00       1.428676614478033811e-02
5.339999999999999858e+00       1.427784331721825527e-02
5.349999999999999645e+00       1.426895095009526535e-02
5.360000000000000320e+00       1.426008897895717463e-02
5.370000000000000107e+00       1.425125733856305414e-02
5.379999999999999893e+00       1.424245596289784761e-02
5.389999999999999680e+00       1.423368478519669578e-02
5.400000000000000355e+00       1.422494373795907610e-02
5.410000000000000142e+00       1.421623275296430601e-02
5.419999999999999929e+00       1.420755176129021198e-02
5.429999999999999716e+00       1.419890069332620415e-02
5.440000000000000391e+00       1.419027947880598453e-02
5.450000000000000178e+00       1.418168804679120071e-02
5.459999999999999964e+00       1.417312632572099648e-02
5.469999999999999751e+00       1.416459424340965438e-02
5.480000000000000426e+00       1.415609172706836991e-02
5.490000000000000213e+00       1.414761870331857595e-02
5.500000000000000000e+00       1.413917509820994574e-02
5.509999999999999787e+00       1.413076083723258103e-02
5.519999999999999574e+00       1.412237584533090548e-02
5.530000000000000249e+00       1.411402004693369273e-02
5.540000000000000036e+00       1.410569336593787623e-02
5.549999999999999822e+00       1.409739572575367111e-02
5.559999999999999609e+00       1.408912704930385777e-02
5.570000000000000284e+00       1.408088725904150552e-02
5.580000000000000071e+00       1.407267627696111127e-02
5.589999999999999858e+00       1.406449402461678981e-02
5.599999999999999645e+00       1.405634042313295279e-02
5.610000000000000320e+00       1.404821539321848486e-02
5.620000000000000107e+00       1.404011885517991547e-02
5.629999999999999893e+00       1.403205072893453850e-02
5.639999999999999680e+00       1.402401093402334646e-02
5.650000000000000355e+00       1.401599938962359501e-02
5.660000000000000142e+00       1.400801601456145608e-02
5.669999999999999929e+00       1.400006072732430662e-02
5.679999999999999716e+00       1.399213344481111364e-02
5.690000000000000391e+00       1.398423408742130621e-02
5.700000000000000178e+00       1.397636257140520179e-02
5.709999999999999964e+00       1.396851881438721139e-02
5.719999999999999751e+00       1.396070273259376361e-02
5.730000000000000426e+00       1.395291424310287492e-02
5.740000000000000213e+00       1.394515326236128033e-02
5.750000000000000000e+00       1.393741970656941359e-02
5.759999999999999787e+00       1.392971349169207403e-02
5.769999999999999574e+00       1.392203453346914713e-02
5.780000000000000249e+00       1.391438274742599901e-02
5.790000000000000036e+00       1.390675804888375118e-02
5.799999999999999822e+00       1.389916035296946857e-02
5.809999999999999609e+00       1.389158957462603879e-02
5.820000000000000284e+00       1.388404562862197503e-02
5.830000000000000071e+00       1.387652842956112707e-02
5.839999999999999858e+00       1.386903789189207134e-02
5.849999999999999645e+00       1.386157392991749573e-02
5.860000000000000320e+00       1.385413645780337460e-02
5.870000000000000107e+00       1.384672538922995799e-02
5.879999999999999893e+00       1.383934063883235713e-02
5.889999999999999680e+00       1.383198212006182468e-02
5.900000000000000355e+00       1.382464974662587880e-02
5.910000000000000142e+00       1.381734343213895239e-02
5.919999999999999929e+00       1.381006309013051506e-02
5.929999999999999716e+00       1.380280863405326276e-02
5.940000000000000391e+00       1.379557997729109406e-02
5.950000000000000178e+00       1.378837703316691636e-02
5.959999999999999964e+00       1.378119971495038974e-02
5.969999999999999751e+00       1.377404793586545217e-02
5.980000000000000426e+00       1.376692160909776322e-02
5.990000000000000213e+00       1.375982064780202803e-02
6.000000000000000000e+00       1.375274496510906982e-02
6.009999999999999787e+00       1.374569447412500589e-02
6.019999999999999574e+00       1.373866908788861328e-02
6.030000000000000249e+00       1.373166871937909345e-02
6.040000000000000036e+00       1.372469328154612284e-02
6.049999999999999822e+00       1.371774268732531624e-02
6.059999999999999609e+00       1.371081684987569133e-02
6.070000000000000284e+00       1.370391568168180529e-02
6.080000000000000071e+00       1.369703909593367186e-02
6.089999999999999858e+00       1.369018700561015246e-02
6.099999999999999645e+00       1.368335932372509271e-02
6.110000000000000320e+00       1.367655596333167654e-02
6.120000000000000107e+00       1.366977683752969470e-02
6.129999999999999893e+00       1.366302185947193722e-02
6.139999999999999680e+00       1.365629094237081655e-02
6.150000000000000355e+00       1.364958399950423618e-02
6.160000000000000142e+00       1.364290094422194316e-02
6.169999999999999929e+00       1.363624168995108965e-02
6.179999999999999716e+00       1.362960615020190891e-02
6.190000000000000391e+00       1.362299423857321438e-02
6.200000000000000178e+00       1.361640586875746683e-02
6.209999999999999964e+00       1.360984095454625953e-02
6.219999999999999751e+00       1.360329940983512342e-02
6.230000000000000426e+00       1.359678114862838960e-02
6.240000000000000213e+00       1.359028608504401527e-02
6.250000000000000000e+00       1.358381413331813913e-02
6.259999999999999787e+00       1.357736520780964372e-02
6.269999999999999574e+00       1.357093922300426324e-02
6.280000000000000249e+00       1.356453609351925688e-02
6.290000000000000036e+00       1.355815573410731195e-02
6.299999999999999822e+00       1.355179805966061704e-02
6.309999999999999609e+00       1.354546298521480500e-02
6.320000000000000284e+00       1.353915042595280928e-02
6.330000000000000071e+00       1.353286029720858312e-02
6.339999999999999858e+00       1.352659251447074946e-02
6.349999999999999645e+00       1.352034699338612242e-02
6.360000000000000320e+00       1.351412364976318885e-02
6.370000000000000107e+00       1.350792239960098631e-02
6.379999999999999893e+00       1.350174315899105131e-02
6.389999999999999680e+00       1.349558584427144534e-02
6.400000000000000355e+00       1.348945037192999206e-02
6.410000000000000142e+00       1.348333665863221849e-02
6.419999999999999929e+00       1.347724462127256745e-02
6.429999999999999716e+00       1.347117417678512716e-02
6.440000000000000391e+00       1.346512524243245225e-02
6.450000000000000178e+00       1.345909773561904631e-02
6.459999999999999964e+00       1.345309157394095415e-02
6.469999999999999751e+00       1.344710667518821297e-02
6.480000000000000426e+00       1.344114295786988551e-02
6.490000000000000213e+00       1.343520033912474175e-02
6.500000000000000000e+00       1.342927873786427598e-02
6.509999999999999787e+00       1.342337807267901875e-02
6.519999999999999574e+00       1.341749826236531169e-02
6.530000000000000249e+00       1.341163922592747589e-02
6.540000000000000036e+00       1.340580088257985192e-02
6.549999999999999822e+00       1.339998315174881910e-02
6.559999999999999609e+00       1.339418595307486325e-02
6.570000000000000284e+00       1.338840920641429406e-02
6.580000000000000071e+00       1.338265283184121926e-02
6.589999999999999858e+00       1.337691674964932784e-02
6.599999999999999645e+00       1.337120088035351727e-02
6.610000000000000320e+00       1.336550514469166812e-02
6.620000000000000107e+00       1.335982946362618967e-02
6.629999999999999893e+00       1.335417375834562805e-02
6.639999999999999680e+00       1.334853795026614935e-02
6.650000000000000355e+00       1.334292196103298994e-02
6.660000000000000142e+00       1.333732571202000429e-02
6.669999999999999929e+00       1.333174912633861529e-02
6.679999999999999716e+00       1.332619212582751046e-02
6.690000000000000391e+00       1.332065463306186283e-02
6.700000000000000178e+00       1.331513657085248506e-02
6.709999999999999964e+00       1.330963786224696223e-02
6.719999999999999751e+00       1.330415843053085918e-02
6.730000000000000426e+00       1.329869819922870934e-02
6.740000000000000213e+00       1.329325709210511276e-02
6.750000000000000000e+00       1.328783503316568505e-02
6.759999999999999787e+00       1.328243194665805482e-02
6.769999999999999574e+00       1.327704775707273452e-02
6.780000000000000249e+00       1.327168238914399126e-02
6.790000000000000036e+00       1.326633576785108196e-02
6.799999999999999822e+00       1.326100781841740503e-02
6.809999999999999609e+00       1.325569846631425609e-02
6.820000000000000284e+00       1.325040763725869250e-02
6.830000000000000071e+00       1.324513525721588564e-02
6.839999999999999858e+00       1.323988125239801590e-02
6.849999999999999645e+00       1.323464554926790347e-02
6.860000000000000320e+00       1.322942807453652073e-02
6.870000000000000107e+00       1.322422875516508778e-02
6.879999999999999893e+00       1.321904751836528065e-02
6.889999999999999680e+00       1.321388429191220140e-02
6.900000000000000355e+00       1.320873900289272311e-02
6.910000000000000142e+00       1.320361157958722248e-02
6.919999999999999929e+00       1.319850195021369382e-02
6.929999999999999716e+00       1.319341004324258403e-02
6.940000000000000391e+00       1.318833578739725919e-02
6.950000000000000178e+00       1.318327911165418503e-02
6.959999999999999964e+00       1.317823994524333284e-02
6.969999999999999751e+00       1.317321821764828524e-02
6.980000000000000426e+00       1.316821385860657972e-02
6.990000000000000213e+00       1.316322679810977628e-02
7.000000000000000000e+00       1.315825696640373146e-02
7.009999999999999787e+00       1.315330429378435036e-02
7.019999999999999574e+00       1.314836871141520508e-02
7.030000000000000249e+00       1.314345015010103326e-02
7.040000000000000036e+00       1.313854854110581109e-02
7.049999999999999822e+00       1.313366381594826410e-02
7.059999999999999609e+00       1.312879590640179603e-02
7.070000000000000284e+00       1.312394474449457560e-02
7.080000000000000071e+00       1.311911026250948617e-02
7.089999999999999858e+00       1.311429239298404943e-02
7.099999999999999645e+00       1.310949106871035427e-02
7.110000000000000320e+00       1.310470622273507066e-02
7.120000000000000107e+00       1.309993778835924667e-02
7.129999999999999893e+00       1.309518569913822005e-02
7.139999999999999680e+00       1.309044988888146896e-02
7.150000000000000355e+00       1.308573029165245594e-02
7.160000000000000142e+00       1.308102684176846824e-02
7.169999999999999929e+00       1.307633947380033683e-02
7.179999999999999716e+00       1.307166812257235314e-02
7.190000000000000391e+00       1.306701272316191861e-02
7.200000000000000178e+00       1.306237321089938168e-02
7.209999999999999964e+00       1.305774952136772721e-02
7.219999999999999751e+00       1.305314159040226081e-02
7.230000000000000426e+00       1.304854935409042495e-02
7.240000000000000213e+00       1.304397274880762965e-02
7.250000000000000000e+00       1.303941171107293392e-02
7.259999999999999787e+00       1.303486617776332922e-02
7.269999999999999574e+00       1.303033608597122320e-02
7.280000000000000249e+00       1.302582137303944128e-02
7.290000000000000036e+00       1.302132197656075477e-02
7.299999999999999822e+00       1.301683783435655245e-02
7.309999999999999609e+00       1.301236888455978118e-02
7.320000000000000284e+00       1.300791506549034762e-02
7.330000000000000071e+00       1.300347631573687580e-02
7.339999999999999858e+00       1.299905257413593029e-02
7.349999999999999645e+00       1.299464377977149580e-02
7.360000000000000320e+00       1.299024987197447932e-02
7.370000000000000107e+00       1.298587079032233714e-02
7.379999999999999893e+00       1.298150647463845730e-02
7.389999999999999680e+00       1.297715686499175715e-02
7.400000000000000355e+00       1.297282190169615941e-02
7.410000000000000142e+00       1.296850152531000763e-02
7.419999999999999929e+00       1.296419567663563074e-02
7.429999999999999716e+00       1.295990429671871162e-02
7.440000000000000391e+00       1.295562732684782392e-02
7.450000000000000178e+00       1.295136470855381451e-02
7.459999999999999964e+00       1.294711638360924490e-02
7.469999999999999751e+00       1.294288229402788815e-02
7.480000000000000426e+00       1.293866238206402806e-02
7.490000000000000213e+00       1.293445659021194051e-02
7.500000000000000000e+00       1.293026486120530706e-02
7.509999999999999787e+00       1.292608713801658010e-02
7.519999999999999574e+00       1.292192336385637567e-02
7.530000000000000249e+00       1.291777348217283336e-02
7.540000000000000036e+00       1.291363743665105424e-02
7.549999999999999822e+00       1.290951517121239830e-02
7.559999999999999609e+00       1.290540663001383398e-02
7.570000000000000284e+00       1.290131175744739858e-02
7.580000000000000071e+00       1.289723049813940557e-02
7.589999999999999858e+00       1.289316279694992240e-02
7.599999999999999645e+00       1.288910859897197773e-02
7.610000000000000320e+00       1.288506784953099248e-02
7.620000000000000107e+00       1.288104049418402515e-02
7.629999999999999893e+00       1.287702647871915781e-02
7.639999999999999680e+00       1.287302574915477095e-02
7.650000000000000355e+00       1.286903825173888079e-02
7.660000000000000142e+00       1.286506393294841941e-02
7.669999999999999929e+00       1.286110273948851482e-02
7.679999999999999716e+00       1.285715461829186994e-02
7.690000000000000391e+00       1.285321951651796635e-02
7.700000000000000178e+00       1.284929738155236867e-02
7.709999999999999964e+00       1.284538816100606710e-02
7.719999999999999751e+00       1.284149180271470375e-02
7.730000000000000426e+00       1.283760825473784055e-02
7.740000000000000213e+00       1.283373746535824284e-02
7.750000000000000000e+00       1.282987938308122362e-02
7.759999999999999787e+00       1.282603395663366695e-02
7.769999999999999574e+00       1.282220113496397064e-02
7.780000000000000249e+00       1.281838086724006523e-02
7.790000000000000036e+00       1.281457310284990839e-02
7.799999999999999822e+00       1.281077779140013181e-02
7.809999999999999609e+00       1.280699488271539246e-02
7.820000000000000284e+00       1.280322432683762487e-02
7.830000000000000071e+00       1.279946607402533340e-02
7.839999999999999858e+00       1.279572007475275261e-02
7.849999999999999645e+00       1.279198627970918635e-02
7.860000000000000320e+00       1.278826463979817162e-02
7.870000000000000107e+00       1.278455510613681588e-02
7.879999999999999893e+00       1.278085763005484300e-02
7.889999999999999680e+00       1.277717216309407454e-02
7.900000000000000355e+00       1.277349865700751035e-02
7.910000000000000142e+00       1.276983706375854795e-02
7.919999999999999929e+00       1.276618733552032335e-02
7.929999999999999716e+00       1.276254942467488530e-02
7.940000000000000391e+00       1.275892328381237652e-02
7.950000000000000178e+00       1.275530886573033977e-02
7.959999999999999964e+00       1.275170612314232080e-02
7.969999999999999751e+00       1.274811500983966464e-02
7.980000000000000426e+00       1.274453547894644281e-02
7.990000000000000213e+00       1.274096748408194008e-02
8.000000000000000000e+00       1.273741097906889129e-02
8.009999999999999787e+00       1.273386591793279100e-02
8.019999999999999574e+00       1.273033225490108507e-02
8.029999999999999361e+00       1.272680994440235358e-02
8.039999999999999147e+00       1.272329894106555802e-02
8.050000000000000711e+00       1.271979919971931786e-02
8.060000000000000497e+00       1.271631067539104841e-02
8.070000000000000284e+00       1.271283332330621837e-02
8.080000000000000071e+00       1.270936709888763512e-02
8.089999999999999858e+00       1.270591195775454436e-02
8.099999999999999645e+00       1.270246785572227456e-02
8.109999999999999432e+00       1.269903474880007196e-02
8.119999999999999218e+00       1.269561259319240513e-02
8.130000000000000782e+00       1.269220134529677226e-02
8.140000000000000568e+00       1.268880096170330214e-02
8.150000000000000355e+00       1.268541139919391290e-02
8.160000000000000142e+00       1.268203261474169959e-02
8.169999999999999929e+00       1.267866456550997833e-02
8.179999999999999716e+00       1.267530720885154394e-02
8.189999999999999503e+00       1.267196050230802971e-02
8.199999999999999289e+00       1.266862440360896382e-02
8.210000000000000853e+00       1.266529887067112392e-02
8.220000000000000639e+00       1.266198386159770282e-02
8.230000000000000426e+00       1.265867933467756425e-02
8.240000000000000213e+00       1.265538524838442404e-02
8.250000000000000000e+00       1.265210156137617017e-02
8.259999999999999787e+00       1.264882823253416291e-02
8.269999999999999574e+00       1.264556522080175632e-02
8.279999999999999361e+00       1.264231248542492698e-02
8.289999999999999147e+00       1.263906998579033235e-02
8.300000000000000711e+00       1.263583768146500468e-02
8.310000000000000497e+00       1.263261553219545766e-02
8.320000000000000284e+00       1.262940349790702375e-02
8.330000000000000071e+00       1.262620153870303193e-02
8.339999999999999858e+00       1.262300961486408427e-02
8.349999999999999645e+00       1.261982768684729445e-02
8.359999999999999432e+00       1.261665571528551751e-02
8.369999999999999218e+00       1.261349366098662647e-02
8.380000000000000782e+00       1.261034148493270571e-02
8.390000000000000568e+00       1.260719914827937958e-02
8.400000000000000355e+00       1.260406661235505266e-02
8.410000000000000142e+00       1.260094383866000069e-02
8.419999999999999929e+00       1.259783078886590052e-02
8.429999999999999716e+00       1.259472742481490028e-02
8.439999999999999503e+00       1.259163370851891853e-02
8.449999999999999289e+00       1.258854960215890009e-02
8.460000000000000853e+00       1.258547506808411695e-02
8.470000000000000639e+00       1.258241006881138067e-02
8.480000000000000426e+00       1.257935456702429823e-02
8.490000000000000213e+00       1.257630852557268565e-02
8.500000000000000000e+00       1.257327190747158617e-02
8.509999999999999787e+00       1.257024467590077410e-02
8.519999999999999574e+00       1.256722679420389614e-02
8.529999999999999361e+00       1.256421822588778617e-02
8.539999999999999147e+00       1.256121893462176960e-02
8.550000000000000711e+00       1.255822888423685155e-02
8.560000000000000497e+00       1.255524803872510448e-02
8.570000000000000284e+00       1.255227636223894654e-02
8.580000000000000071e+00       1.254931381909030370e-02
8.589999999999999858e+00       1.254636037375001130e-02
8.599999999999999645e+00       1.254341599084710795e-02
8.609999999999999432e+00       1.254048063516804631e-02
8.619999999999999218e+00       1.253755427165607721e-02
8.630000000000000782e+00       1.253463686541043606e-02
8.640000000000000568e+00       1.253172838168579127e-02
8.650000000000000355e+00       1.252882878589136120e-02
8.660000000000000142e+00       1.252593804359039900e-02
8.669999999999999929e+00       1.252305612049935298e-02
8.679999999999999716e+00       1.252018298248729761e-02
8.689999999999999503e+00       1.251731859557509048e-02
8.699999999999999289e+00       1.251446292593479288e-02
8.710000000000000853e+00       1.251161593988901061e-02
8.720000000000000639e+00       1.250877760391010639e-02
8.730000000000000426e+00       1.250594788461951989e-02
8.740000000000000213e+00       1.250312674878720914e-02
8.750000000000000000e+00       1.250031416333081610e-02
8.759999999999999787e+00       1.249751009531502137e-02
8.769999999999999574e+00       1.249471451195095090e-02
8.779999999999999361e+00       1.249192738059527394e-02
8.789999999999999147e+00       1.248914866874963232e-02
8.800000000000000711e+00       1.248637834405974187e-02
8.810000000000000497e+00       1.248361637431448165e-02
8.820000000000000284e+00       1.248086272744449235e-02
8.830000000000000071e+00       1.247811737151966090e-02
8.839999999999999858e+00       1.247538027474192832e-02
8.849999999999999645e+00       1.247265140541135159e-02
8.859999999999999432e+00       1.246993073145572645e-02
8.869999999999999218e+00       1.246721822516752218e-02
8.880000000000000782e+00       1.246451384949467250e-02
8.890000000000000568e+00       1.246181757670212879e-02
8.900000000000000355e+00       1.245912937541063595e-02
8.910000000000000142e+00       1.245644921476031508e-02
8.919999999999999929e+00       1.245377706406540323e-02
8.929999999999999716e+00       1.245111289278488104e-02
8.939999999999999503e+00       1.244845667051609935e-02
8.949999999999999289e+00       1.244580836699233153e-02
8.960000000000000853e+00       1.244316795208149154e-02
8.970000000000000639e+00       1.244053539578537926e-02
8.980000000000000426e+00       1.243791066823871604e-02
8.990000000000000213e+00       1.243529373970863293e-02
9.000000000000000000e+00       1.243268458059390395e-02
9.009999999999999787e+00       1.243008316120458763e-02
9.019999999999999574e+00       1.242748945038838100e-02
9.029999999999999361e+00       1.242490341553422958e-02
9.039999999999999147e+00       1.242232502319988961e-02
9.050000000000000711e+00       1.241975423934966842e-02
9.060000000000000497e+00       1.241719102949089860e-02
9.070000000000000284e+00       1.241463535877186837e-02
9.080000000000000071e+00       1.241208719203875863e-02
9.089999999999999858e+00       1.240954649391188928e-02
9.099999999999999645e+00       1.240701322880951619e-02
9.109999999999999432e+00       1.240448736100389915e-02
9.119999999999999218e+00       1.240196885464763844e-02
9.130000000000000782e+00       1.239945767379310379e-02
9.140000000000000568e+00       1.239695378243292449e-02
9.150000000000000355e+00       1.239445714451252456e-02
9.160000000000000142e+00       1.239196772395218665e-02
9.169999999999999929e+00       1.238948548466488678e-02
9.179999999999999716e+00       1.238701039057666514e-02
9.189999999999999503e+00       1.238454240562513603e-02
9.199999999999999289e+00       1.238208149379589965e-02
9.210000000000000853e+00       1.237962761912015514e-02
9.220000000000000639e+00       1.237718074568933992e-02
9.230000000000000426e+00       1.237474083766557098e-02
9.240000000000000213e+00       1.237230785929026994e-02
9.250000000000000000e+00       1.236988177490171321e-02
9.259999999999999787e+00       1.236746254891733787e-02
9.269999999999999574e+00       1.236505014587480078e-02
9.279999999999999361e+00       1.236264453041865767e-02
9.289999999999999147e+00       1.236024566731161109e-02
9.300000000000000711e+00       1.235785352144036335e-02
9.310000000000000497e+00       1.235546805782141919e-02
9.320000000000000284e+00       1.235308924160610604e-02
9.330000000000000071e+00       1.235071703808550588e-02
9.339999999999999858e+00       1.234835141270150712e-02
9.349999999999999645e+00       1.234599233102510844e-02
9.359999999999999432e+00       1.234363975879820309e-02
9.369999999999999218e+00       1.234129366191252276e-02
9.380000000000000782e+00       1.233895400647680093e-02
9.390000000000000568e+00       1.233662075858823863e-02
9.400000000000000355e+00       1.233429388468314410e-02
9.410000000000000142e+00       1.233197335130757286e-02
9.419999999999999929e+00       1.232965912517773252e-02
9.429999999999999716e+00       1.232735117318240273e-02
9.439999999999999503e+00       1.232504946238484854e-02
9.449999999999999289e+00       1.232275396002484660e-02
9.460000000000000853e+00       1.232046463352040599e-02
9.470000000000000639e+00       1.231818145046934161e-02
9.480000000000000426e+00       1.231590437865071573e-02
9.490000000000000213e+00       1.231363338602629691e-02
9.500000000000000000e+00       1.231136844074162510e-02
9.509999999999999787e+00       1.230910951112701088e-02
9.519999999999999574e+00       1.230685656569868031e-02
9.529999999999999361e+00       1.230460957315951398e-02
9.539999999999999147e+00       1.230236850239975303e-02
9.550000000000000711e+00       1.230013332249754211e-02
9.560000000000000497e+00       1.229790400271948449e-02
9.570000000000000284e+00       1.229568051252076522e-02
9.580000000000000071e+00       1.229346282154498982e-02
9.589999999999999858e+00       1.229125089962315211e-02
9.599999999999999645e+00       1.228904471676951250e-02
9.609999999999999432e+00       1.228684424351716292e-02
9.619999999999999218e+00       1.228464944974597128e-02
9.630000000000000782e+00       1.228246030628711918e-02
9.640000000000000568e+00       1.228027678392822238e-02
9.650000000000000355e+00       1.227809885364717669e-02
9.660000000000000142e+00       1.227592648684654175e-02
9.669999999999999929e+00       1.227375965435720945e-02
9.679999999999999716e+00       1.227159832804273695e-02
9.689999999999999503e+00       1.226944247962868419e-02
9.699999999999999289e+00       1.226729208103631563e-02
9.710000000000000853e+00       1.226514710437806750e-02
9.720000000000000639e+00       1.226300752195573322e-02
9.730000000000000426e+00       1.226087330625951106e-02
9.740000000000000213e+00       1.225874442996715413e-02
9.750000000000000000e+00       1.225662086594343780e-02
9.759999999999999787e+00       1.225450258723937390e-02
9.769999999999999574e+00       1.225238956709172149e-02
9.779999999999999361e+00       1.225028177892223402e-02
9.789999999999999147e+00       1.224817919633698453e-02
9.800000000000000711e+00       1.224608179312572896e-02
9.810000000000000497e+00       1.224398954326118630e-02
9.820000000000000284e+00       1.224190242089819025e-02
9.830000000000000071e+00       1.223982040037309080e-02
9.839999999999999858e+00       1.223774345620286426e-02
9.849999999999999645e+00       1.223567156308425809e-02
9.859999999999999432e+00       1.223360469589317330e-02
9.869999999999999218e+00       1.223154282968360630e-02
9.880000000000000782e+00       1.222948593968687173e-02
9.890000000000000568e+00       1.222743400131081661e-02
9.900000000000000355e+00       1.222538699013879342e-02
9.910000000000000142e+00       1.222334488192884996e-02
9.919999999999999929e+00       1.222130765261270069e-02
9.929999999999999716e+00       1.221927527829499462e-02
9.939999999999999503e+00       1.221724773525215829e-02
9.949999999999999289e+00       1.221522499993163771e-02
9.960000000000000853e+00       1.221320704895070310e-02
9.970000000000000639e+00       1.221119385909578102e-02
9.980000000000000426e+00       1.220918540732119327e-02
9.990000000000000213e+00       1.220718167074829989e-02
