1.000000000000000021e-02       0.000000000000000000e+00
2.000000000000000042e-02       0.000000000000000000e+00
2.999999999999999889e-02       0.000000000000000000e+00
4.000000000000000083e-02       0.000000000000000000e+00
5.000000000000000278e-02       0.000000000000000000e+00
5.999999999999999778e-02       0.000000000000000000e+00
7.000000000000000666e-02       0.000000000000000000e+00
8.000000000000000167e-02       0.000000000000000000e+00
8.999999999999999667e-02       0.000000000000000000e+00
1.000000000000000056e-01       0.000000000000000000e+00
1.100000000000000006e-01       0.000000000000000000e+00
1.199999999999999956e-01       0.000000000000000000e+00
1.300000000000000044e-01       0.000000000000000000e+00
1.400000000000000133e-01       0.000000000000000000e+00
1.499999999999999944e-01       0.000000000000000000e+00
1.600000000000000033e-01       0.000000000000000000e+00
1.700000000000000122e-01       0.000000000000000000e+00
1.799999999999999933e-01       0.000000000000000000e+00
1.900000000000000022e-01       0.000000000000000000e+00
2.000000000000000111e-01       0.000000000000000000e+00
2.099999999999999922e-01       0.000000000000000000e+00
2.200000000000000011e-01       0.000000000000000000e+00
2.300000000000000100e-01       0.000000000000000000e+00
2.399999999999999911e-01       0.000000000000000000e+00
2.500000000000000000e-01       0.000000000000000000e+00
2.600000000000000089e-01       0.000000000000000000e+00
2.700000000000000178e-01       0.000000000000000000e+00
2.800000000000000266e-01       0.000000000000000000e+00
2.899999999999999800e-01       0.000000000000000000e+00
2.999999999999999889e-01       0.000000000000000000e+00
3.099999999999999978e-01       0.000000000000000000e+00
3.200000000000000067e-01       0.000000000000000000e+00
3.300000000000000155e-01       0.000000000000000000e+00
3.400000000000000244e-01       0.000000000000000000e+00
3.499999999999999778e-01       0.000000000000000000e+00
3.599999999999999867e-01       0.000000000000000000e+00
3.699999999999999956e-01       0.000000000000000000e+00
3.800000000000000044e-01       0.000000000000000000e+00
3.900000000000000133e-01       0.000000000000000000e+00
4.000000000000000222e-01       0.000000000000000000e+00
4.099999999999999756e-01       0.000000000000000000e+00
4.199999999999999845e-01       0.000000000000000000e+00
4.299999999999999933e-01       0.000000000000000000e+00
4.400000000000000022e-01       0.000000000000000000e+00
4.500000000000000111e-01       0.000000000000000000e+00
4.600000000000000200e-01       0.000000000000000000e+00
4.699999999999999734e-01       0.000000000000000000e+00
4.799999999999999822e-01       0.000000000000000000e+00
4.899999999999999911e-01       0.000000000000000000e+00
5.000000000000000000e-01       0.000000000000000000e+00
5.100000000000000089e-01       0.000000000000000000e+00
5.200000000000000178e-01       0.000000000000000000e+00
5.300000000000000266e-01       0.000000000000000000e+00
5.400000000000000355e-01       0.000000000000000000e+00
5.500000000000000444e-01       0.000000000000000000e+00
5.600000000000000533e-01       0.000000000000000000e+00
5.699999999999999512e-01       0.000000000000000000e+00
5.799999999999999600e-01       0.000000000000000000e+00
5.899999999999999689e-01       0.000000000000000000e+00
5.999999999999999778e-01       0.000000000000000000e+00
6.099999999999999867e-01       0.000000000000000000e+00
6.199999999999999956e-01       0.000000000000000000e+00
6.300000000000000044e-01       0.000000000000000000e+00
6.400000000000000133e-01       0.000000000000000000e+00
6.500000000000000222e-01       0.000000000000000000e+00
6.600000000000000311e-01       0.000000000000000000e+00
6.700000000000000400e-01       0.000000000000000000e+00
6.800000000000000488e-01       0.000000000000000000e+00
6.899999999999999467e-01       0.000000000000000000e+00
6.999999999999999556e-01       0.000000000000000000e+00
7.099999999999999645e-01       0.000000000000000000e+00
7.199999999999999734e-01       0.000000000000000000e+00
7.299999999999999822e-01       0.000000000000000000e+00
7.399999999999999911e-01       0.000000000000000000e+00
7.500000000000000000e-01       0.000000000000000000e+00
7.600000000000000089e-01       0.000000000000000000e+00
7.700000000000000178e-01       0.000000000000000000e+00
7.800000000000000266e-01       0.000000000000000000e+00
7.900000000000000355e-01       0.000000000000000000e+00
8.000000000000000444e-01       0.000000000000000000e+00
8.100000000000000533e-01       0.000000000000000000e+00
8.199999999999999512e-01       0.000000000000000000e+00
8.299999999999999600e-01       0.000000000000000000e+00
8.399999999999999689e-01       0.000000000000000000e+00
8.499999999999999778e-01       0.000000000000000000e+00
8.599999999999999867e-01       0.000000000000000000e+00
8.699999999999999956e-01       0.000000000000000000e+00
8.800000000000000044e-01       0.000000000000000000e+00
8.900000000000000133e-01       0.000000000000000000e+00
9.000000000000000222e-01       0.000000000000000000e+00
9.100000000000000311e-01       0.000000000000000000e+00
9.200000000000000400e-01       0.000000000000000000e+00
9.300000000000000488e-01       0.000000000000000000e+00
9.399999999999999467e-01       0.000000000000000000e+00
9.499999999999999556e-01       0.000000000000000000e+00
9.599999999999999645e-01       0.000000000000000000e+00
9.699999999999999734e-01       0.000000000000000000e+00
9.799999999999999822e-01       0.000000000000000000e+00
9.899999999999999911e-01       0.000000000000000000e+00
1.000000000000000000e+00       0.000000000000000000e+00
1.010000000000000009e+00       0.000000000000000000e+00
1.020000000000000018e+00       0.000000000000000000e+00
1.030000000000000027e+00       0.000000000000000000e+00
1.040000000000000036e+00       0.000000000000000000e+00
1.050000000000000044e+00       0.000000000000000000e+00
1.060000000000000053e+00       0.000000000000000000e+00
1.070000000000000062e+00       0.000000000000000000e+00
1.080000000000000071e+00       0.000000000000000000e+00
1.090000000000000080e+00       0.000000000000000000e+00
1.100000000000000089e+00       0.000000000000000000e+00
1.110000000000000098e+00       0.000000000000000000e+00
1.120000000000000107e+00       0.000000000000000000e+00
1.129999999999999893e+00       0.000000000000000000e+00
1.139999999999999902e+00       0.000000000000000000e+00
1.149999999999999911e+00       0.000000000000000000e+00
1.159999999999999920e+00       0.000000000000000000e+00
1.169999999999999929e+00       0.000000000000000000e+00
1.179999999999999938e+00       0.000000000000000000e+00
1.189999999999999947e+00       0.000000000000000000e+00
1.199999999999999956e+00       0.000000000000000000e+00
1.209999999999999964e+00       0.000000000000000000e+00
1.219999999999999973e+00       0.000000000000000000e+00
1.229999999999999982e+00       0.000000000000000000e+00
1.239999999999999991e+00       0.000000000000000000e+00
1.250000000000000000e+00       0.000000000000000000e+00
1.260000000000000009e+00       0.000000000000000000e+00
1.270000000000000018e+00       0.000000000000000000e+00
1.280000000000000027e+00       0.000000000000000000e+00
1.290000000000000036e+00       0.000000000000000000e+00
1.300000000000000044e+00       0.000000000000000000e+00
1.310000000000000053e+00       0.000000000000000000e+00
1.320000000000000062e+00       0.000000000000000000e+00
1.330000000000000071e+00       0.000000000000000000e+00
1.340000000000000080e+00       0.000000000000000000e+00
1.350000000000000089e+00       0.000000000000000000e+00
1.360000000000000098e+00       0.000000000000000000e+00
1.370000000000000107e+00       0.000000000000000000e+00
1.379999999999999893e+00       0.000000000000000000e+00
1.389999999999999902e+00       0.000000000000000000e+00
1.399999999999999911e+00       0.000000000000000000e+00
1.409999999999999920e+00       0.000000000000000000e+00
1.419999999999999929e+00       0.000000000000000000e+00
1.429999999999999938e+00       0.000000000000000000e+00
1.439999999999999947e+00       0.000000000000000000e+00
1.449999999999999956e+00       0.000000000000000000e+00
1.459999999999999964e+00       0.000000000000000000e+00
1.469999999999999973e+00       0.000000000000000000e+00
1.479999999999999982e+00       0.000000000000000000e+00
1.489999999999999991e+00       0.000000000000000000e+00
1.500000000000000000e+00       0.000000000000000000e+00
1.510000000000000009e+00       0.000000000000000000e+00
1.520000000000000018e+00       0.000000000000000000e+00
1.530000000000000027e+00       0.000000000000000000e+00
1.540000000000000036e+00       0.000000000000000000e+00
1.550000000000000044e+00       0.000000000000000000e+00
1.560000000000000053e+00       0.000000000000000000e+00
1.570000000000000062e+00       0.000000000000000000e+00
1.580000000000000071e+00       0.000000000000000000e+00
1.590000000000000080e+00       0.000000000000000000e+00
1.600000000000000089e+00       0.000000000000000000e+00
1.610000000000000098e+00       0.000000000000000000e+00
1.620000000000000107e+00       0.000000000000000000e+00
1.629999999999999893e+00       0.000000000000000000e+00
1.639999999999999902e+00       0.000000000000000000e+00
1.649999999999999911e+00       0.000000000000000000e+00
1.659999999999999920e+00       0.000000000000000000e+00
1.669999999999999929e+00       0.000000000000000000e+00
1.679999999999999938e+00       0.000000000000000000e+00
1.689999999999999947e+00       0.000000000000000000e+00
1.699999999999999956e+00       0.000000000000000000e+00
1.709999999999999964e+00       0.000000000000000000e+00
1.719999999999999973e+00       0.000000000000000000e+00
1.729999999999999982e+00       0.000000000000000000e+00
1.739999999999999991e+00       0.000000000000000000e+00
1.750000000000000000e+00       0.000000000000000000e+00
1.760000000000000009e+00       0.000000000000000000e+00
1.770000000000000018e+00       0.000000000000000000e+00
1.780000000000000027e+00       0.000000000000000000e+00
1.790000000000000036e+00       0.000000000000000000e+00
1.800000000000000044e+00       0.000000000000000000e+00
1.810000000000000053e+00       0.000000000000000000e+00
1.820000000000000062e+00       0.000000000000000000e+00
1.830000000000000071e+00       0.000000000000000000e+00
1.840000000000000080e+00       0.000000000000000000e+00
1.850000000000000089e+00       0.000000000000000000e+00
1.860000000000000098e+00       0.000000000000000000e+00
1.870000000000000107e+00       0.000000000000000000e+00
1.879999999999999893e+00       1.210468287579924858e-06
1.889999999999999902e+00       4.543024917109490895e-06
1.899999999999999911e+00       9.828956995721349564e-06
1.909999999999999920e+00       1.690999362390362845e-05
1.919999999999999929e+00       2.563788893195785405e-05
1.929999999999999938e+00       3.587380333179453874e-05
1.939999999999999947e+00       4.748772405341875795e-05
1.949999999999999956e+00       6.035792259761706938e-05
1.959999999999999964e+00       7.437044664970160718e-05
1.969999999999999973e+00       8.941864416480290953e-05
1.979999999999999982e+00       1.054027174827870412e-04
1.989999999999999991e+00       1.222293054850574821e-04
2.000000000000000000e+00       1.398110919402431184e-04
2.009999999999999787e+00       1.580664383184691134e-04
2.020000000000000018e+00       1.769190394638423414e-04
2.029999999999999805e+00       1.962976006379359346e-04
2.040000000000000036e+00       2.161355345352376366e-04
2.049999999999999822e+00       2.363706769781734589e-04
2.060000000000000053e+00       2.569450200820368505e-04
2.069999999999999840e+00       2.778044617598665481e-04
2.080000000000000071e+00       2.988985705263551328e-04
2.089999999999999858e+00       3.201803646094314470e-04
2.100000000000000089e+00       3.416061044647662054e-04
2.109999999999999876e+00       3.631350978386513502e-04
2.120000000000000107e+00       3.847295165835958822e-04
2.129999999999999893e+00       4.063542244855966080e-04
2.140000000000000124e+00       4.279766154101761577e-04
2.149999999999999911e+00       4.495664611207031837e-04
2.160000000000000142e+00       4.710957681646734058e-04
2.169999999999999929e+00       4.925386432645961505e-04
2.180000000000000160e+00       5.138711666856565427e-04
2.189999999999999947e+00       5.350712730880486214e-04
2.200000000000000178e+00       5.561186394034237394e-04
2.209999999999999964e+00       5.769945793049226614e-04
2.220000000000000195e+00       5.976819438682601064e-04
2.229999999999999982e+00       6.181650280471681592e-04
2.240000000000000213e+00       6.384294826108650447e-04
2.250000000000000000e+00       6.584622312137085104e-04
2.259999999999999787e+00       6.782513922882844794e-04
2.270000000000000018e+00       6.977862054728539449e-04
2.279999999999999805e+00       7.170569623023304723e-04
2.290000000000000036e+00       7.360549409091223004e-04
2.299999999999999822e+00       7.547723444961088480e-04
2.310000000000000053e+00       7.732022433588841117e-04
2.319999999999999840e+00       7.913385202483195135e-04
2.330000000000000071e+00       8.091758188775852916e-04
2.339999999999999858e+00       8.267094953896668040e-04
2.350000000000000089e+00       8.439355726129774094e-04
2.359999999999999876e+00       8.608507151937283769e-04
2.370000000000000107e+00       8.774520976989211383e-04
2.379999999999999893e+00       8.937375488097960277e-04
2.390000000000000124e+00       9.097053327003864652e-04
2.399999999999999911e+00       9.253542062471280770e-04
2.410000000000000142e+00       9.406833686894249024e-04
2.419999999999999929e+00       9.556924313833565100e-04
2.430000000000000160e+00       9.703813892807523593e-04
2.439999999999999947e+00       9.847505940514631340e-04
2.450000000000000178e+00       9.988007287677410240e-04
2.459999999999999964e+00       1.012532784035525754e-03
2.470000000000000195e+00       1.025948035499652531e-03
2.479999999999999982e+00       1.039048022650951742e-03
2.490000000000000213e+00       1.051834528860848749e-03
2.500000000000000000e+00       1.064309562574300991e-03
2.509999999999999787e+00       1.076475339596434872e-03
2.520000000000000018e+00       1.088334266412061295e-03
2.529999999999999805e+00       1.099888924480733974e-03
2.540000000000000036e+00       1.111142055453251875e-03
2.549999999999999822e+00       1.122096547258635054e-03
2.560000000000000053e+00       1.132755421013474781e-03
2.569999999999999840e+00       1.143121818708241156e-03
2.580000000000000071e+00       1.153198991627741969e-03
2.589999999999999858e+00       1.162990289465290960e-03
2.600000000000000089e+00       1.172499150092407927e-03
2.609999999999999876e+00       1.181729089948048211e-03
2.620000000000000107e+00       1.190683695013252134e-03
2.629999999999999893e+00       1.199366612339126774e-03
2.640000000000000124e+00       1.207781542097741481e-03
2.649999999999999911e+00       1.215932230127222263e-03
2.660000000000000142e+00       1.223822460943954724e-03
2.669999999999999929e+00       1.231456051196180238e-03
2.680000000000000160e+00       1.238836882155417828e-03
2.689999999999999947e+00       1.245968700878416144e-03
2.700000000000000178e+00       1.252855501071140293e-03
2.709999999999999964e+00       1.259501131791108302e-03
2.720000000000000195e+00       1.265909485994944766e-03
2.729999999999999982e+00       1.272084457427285001e-03
2.740000000000000213e+00       1.278029936753584178e-03
2.750000000000000000e+00       1.283749807503781551e-03
2.759999999999999787e+00       1.289247942735353633e-03
2.770000000000000018e+00       1.294528201717814846e-03
2.779999999999999805e+00       1.299594426893450980e-03
2.790000000000000036e+00       1.304450441065549068e-03
2.799999999999999822e+00       1.309100044798431348e-03
2.810000000000000053e+00       1.313547014015351575e-03
2.819999999999999840e+00       1.317795097783571899e-03
2.830000000000000071e+00       1.321848016276276150e-03
2.839999999999999858e+00       1.325709458901336854e-03
2.850000000000000089e+00       1.329383082587426651e-03
2.859999999999999876e+00       1.332872510218460066e-03
2.870000000000000107e+00       1.336181329207811056e-03
2.879999999999999893e+00       1.339313090204231850e-03
2.890000000000000124e+00       1.342271305921824680e-03
2.899999999999999911e+00       1.345059450086774286e-03
2.910000000000000142e+00       1.347680956494022629e-03
2.919999999999999929e+00       1.350139218167331623e-03
2.930000000000000160e+00       1.352437586616592495e-03
2.939999999999999947e+00       1.354579371186560507e-03
2.950000000000000178e+00       1.356567838491436803e-03
2.959999999999999964e+00       1.358406211930119874e-03
2.970000000000000195e+00       1.360097671277129584e-03
2.979999999999999982e+00       1.361645352344517147e-03
2.990000000000000213e+00       1.363052346710330381e-03
3.000000000000000000e+00       1.364321701509399768e-03
3.009999999999999787e+00       1.365456418361683322e-03
3.020000000000000018e+00       1.366459447617314298e-03
3.029999999999999805e+00       1.367333688630075362e-03
3.040000000000000036e+00       1.368081992613974247e-03
3.049999999999999822e+00       1.368707163830030528e-03
3.060000000000000053e+00       1.369211960351210617e-03
3.069999999999999840e+00       1.369599094572587382e-03
3.080000000000000071e+00       1.369871234093119174e-03
3.089999999999999858e+00       1.370031001658200340e-03
3.100000000000000089e+00       1.370080975971417698e-03
3.109999999999999876e+00       1.370023692055657733e-03
3.120000000000000107e+00       1.369861641692555858e-03
3.129999999999999893e+00       1.369597273861153765e-03
3.140000000000000124e+00       1.369232995184346781e-03
3.149999999999999911e+00       1.368771170372687059e-03
3.160000000000000142e+00       1.368214117978496522e-03
3.169999999999999929e+00       1.367564129673265330e-03
3.180000000000000160e+00       1.366823442422103376e-03
3.189999999999999947e+00       1.365994257840322159e-03
3.200000000000000178e+00       1.365078737930707029e-03
3.209999999999999964e+00       1.364079005558682233e-03
3.220000000000000195e+00       1.362997144927394644e-03
3.229999999999999982e+00       1.361835202060168986e-03
3.240000000000000213e+00       1.360595185284043784e-03
3.250000000000000000e+00       1.359279065716277818e-03
3.259999999999999787e+00       1.357888777752910706e-03
3.270000000000000018e+00       1.356426219559126291e-03
3.279999999999999805e+00       1.354893253560698072e-03
3.290000000000000036e+00       1.353291706936311962e-03
3.299999999999999822e+00       1.351623372110229929e-03
3.310000000000000053e+00       1.349890007244952976e-03
3.319999999999999840e+00       1.348093336735272773e-03
3.330000000000000071e+00       1.346235051693099117e-03
3.339999999999999858e+00       1.344316810447149409e-03
3.350000000000000089e+00       1.342340239025955522e-03
3.359999999999999876e+00       1.340306931646389251e-03
3.370000000000000107e+00       1.338218451198719188e-03
3.379999999999999893e+00       1.336076329729340680e-03
3.390000000000000124e+00       1.333882068920873775e-03
3.399999999999999911e+00       1.331637140569434012e-03
3.410000000000000142e+00       1.329342987058919909e-03
3.419999999999999929e+00       1.327001021831353527e-03
3.430000000000000160e+00       1.324612629855385481e-03
3.439999999999999947e+00       1.322179168088899286e-03
3.450000000000000178e+00       1.319701965939448600e-03
3.459999999999999964e+00       1.317182325720000526e-03
3.470000000000000195e+00       1.314621523100660853e-03
3.479999999999999982e+00       1.312020807556096326e-03
3.490000000000000213e+00       1.309381402808556128e-03
3.500000000000000000e+00       1.306704507266385259e-03
3.509999999999999787e+00       1.303991294457895788e-03
3.520000000000000018e+00       1.301242913460554790e-03
3.529999999999999805e+00       1.298460489325358857e-03
3.540000000000000036e+00       1.295645123495857204e-03
3.549999999999999822e+00       1.292797894224835932e-03
3.560000000000000053e+00       1.289919856685899568e-03
3.569999999999999840e+00       1.287012036734947471e-03
3.580000000000000071e+00       1.284075426342283499e-03
3.589999999999999858e+00       1.281110989433809208e-03
3.600000000000000089e+00       1.278119664842573009e-03
3.609999999999999876e+00       1.275102368010967799e-03
3.620000000000000107e+00       1.272059992235185589e-03
3.629999999999999893e+00       1.268993409680856240e-03
3.640000000000000124e+00       1.265903472227712092e-03
3.649999999999999911e+00       1.262791012224610734e-03
3.660000000000000142e+00       1.259656843146595134e-03
3.669999999999999929e+00       1.256501760204185554e-03
3.680000000000000160e+00       1.253326540892765175e-03
3.689999999999999947e+00       1.250131945506254266e-03
3.700000000000000178e+00       1.246918717606288916e-03
3.709999999999999964e+00       1.243687584520591482e-03
3.720000000000000195e+00       1.240439257586434252e-03
3.729999999999999982e+00       1.237174432805394344e-03
3.740000000000000213e+00       1.233893791049321328e-03
3.750000000000000000e+00       1.230597998462016349e-03
3.759999999999999787e+00       1.227287706801818111e-03
3.770000000000000018e+00       1.223963553768765656e-03
3.779999999999999805e+00       1.220626163321600430e-03
3.790000000000000036e+00       1.217276145976307639e-03
3.799999999999999822e+00       1.213914099099324632e-03
3.810000000000000053e+00       1.210540607187488623e-03
3.819999999999999840e+00       1.207156242138935232e-03
3.830000000000000071e+00       1.203761563515038692e-03
3.839999999999999858e+00       1.200357118794047068e-03
3.850000000000000089e+00       1.196943443616921635e-03
3.859999999999999876e+00       1.193521062025906234e-03
3.870000000000000107e+00       1.190090486696202638e-03
3.879999999999999893e+00       1.186652219161419761e-03
3.890000000000000124e+00       1.183206750032557994e-03
3.899999999999999911e+00       1.179754559211463466e-03
3.910000000000000142e+00       1.176296116099054051e-03
3.919999999999999929e+00       1.172831879797983428e-03
3.930000000000000160e+00       1.169362299310610764e-03
3.939999999999999947e+00       1.165887813732241094e-03
3.950000000000000178e+00       1.162408852439892086e-03
3.959999999999999964e+00       1.158925835276854947e-03
3.970000000000000195e+00       1.155439172732874303e-03
3.979999999999999982e+00       1.151949266120971815e-03
3.990000000000000213e+00       1.148456507749940139e-03
4.000000000000000000e+00       1.144961281093496682e-03
4.009999999999999787e+00       1.141463960955898301e-03
4.019999999999999574e+00       1.137964913634385801e-03
4.030000000000000249e+00       1.134464497077365555e-03
4.040000000000000036e+00       1.130963061041577846e-03
4.049999999999999822e+00       1.127460947244022637e-03
4.059999999999999609e+00       1.123958489512106185e-03
4.070000000000000284e+00       1.120456013930690511e-03
4.080000000000000071e+00       1.116953838986382060e-03
4.089999999999999858e+00       1.113452275709148455e-03
4.099999999999999645e+00       1.109951627811303675e-03
4.110000000000000320e+00       1.106452191820089716e-03
4.120000000000000107e+00       1.102954257226474019e-03
4.129999999999999893e+00       1.099458106595372058e-03
4.139999999999999680e+00       1.095964015708615668e-03
4.150000000000000355e+00       1.092472253688559674e-03
4.160000000000000142e+00       1.088983083122778590e-03
4.169999999999999929e+00       1.085496760186568889e-03
4.179999999999999716e+00       1.082013534763321674e-03
4.190000000000000391e+00       1.078533650562796134e-03
4.200000000000000178e+00       1.075057345237348614e-03
4.209999999999999964e+00       1.071584850496154397e-03
4.219999999999999751e+00       1.068116392217464700e-03
4.230000000000000426e+00       1.064652190558944625e-03
4.240000000000000213e+00       1.061192460066109856e-03
4.250000000000000000e+00       1.057737409778928455e-03
4.259999999999999787e+00       1.054287243336595120e-03
4.269999999999999574e+00       1.050842159080522592e-03
4.280000000000000249e+00       1.047402350155589431e-03
4.290000000000000036e+00       1.043968004609658728e-03
4.299999999999999822e+00       1.040539305491417800e-03
4.309999999999999609e+00       1.037116430946553869e-03
4.320000000000000284e+00       1.033699554312294318e-03
4.330000000000000071e+00       1.030288844210352963e-03
4.339999999999999858e+00       1.026884464638292077e-03
4.349999999999999645e+00       1.023486575059340742e-03
4.360000000000000320e+00       1.020095330490680989e-03
4.370000000000000107e+00       1.016710881590243394e-03
4.379999999999999893e+00       1.013333374742019476e-03
4.389999999999999680e+00       1.009962952139926247e-03
4.400000000000000355e+00       1.006599751870241579e-03
4.410000000000000142e+00       1.003243907992634873e-03
4.419999999999999929e+00       9.998955506198116752e-04
4.429999999999999716e+00       9.965548059957948183e-04
4.440000000000000391e+00       9.932217965728756641e-04
4.450000000000000178e+00       9.898966410872278836e-04
4.459999999999999964e+00       9.865794546332388396e-04
4.469999999999999751e+00       9.832703487365496847e-04
4.480000000000000426e+00       9.799694314258449411e-04
4.490000000000000213e+00       9.766768073033945969e-04
4.500000000000000000e+00       9.733925776143592364e-04
4.509999999999999787e+00       9.701168403149958977e-04
4.519999999999999574e+00       9.668496901394705136e-04
4.530000000000000249e+00       9.635912186657128939e-04
4.540000000000000036e+00       9.603415143800242242e-04
4.549999999999999822e+00       9.571006627405693546e-04
4.559999999999999609e+00       9.538687462397577813e-04
4.570000000000000284e+00       9.506458444655326197e-04
4.580000000000000071e+00       9.474320341615755916e-04
4.589999999999999858e+00       9.442273892864554586e-04
4.599999999999999645e+00       9.410319810717246696e-04
4.610000000000000320e+00       9.378458780789905710e-04
4.620000000000000107e+00       9.346691462559716945e-04
4.629999999999999893e+00       9.315018489915541941e-04
4.639999999999999680e+00       9.283440471690242212e-04
4.650000000000000355e+00       9.251957992225736142e-04
4.660000000000000142e+00       9.220571611843433229e-04
4.669999999999999929e+00       9.189281867343421359e-04
4.679999999999999716e+00       9.158089272679810922e-04
4.690000000000000391e+00       9.126994319192669510e-04
4.700000000000000178e+00       9.095997476262121084e-04
4.709999999999999964e+00       9.065099191743337644e-04
4.719999999999999751e+00       9.034299892434038536e-04
4.730000000000000426e+00       9.003599984533449492e-04
4.740000000000000213e+00       8.972999854093458667e-04
4.750000000000000000e+00       8.942499867458303994e-04
4.759999999999999787e+00       8.912100371702705781e-04
4.769999999999999574e+00       8.881801695055409210e-04
4.780000000000000249e+00       8.851604147322720325e-04
4.790000000000000036e+00       8.821508020276080117e-04
4.799999999999999822e+00       8.791513588101418624e-04
4.809999999999999609e+00       8.761621107747240202e-04
4.820000000000000284e+00       8.731830819338880917e-04
4.830000000000000071e+00       8.702142946550770440e-04
4.839999999999999858e+00       8.672557696983453600e-04
4.849999999999999645e+00       8.643075262526746065e-04
4.860000000000000320e+00       8.613695819728417295e-04
4.870000000000000107e+00       8.584419530122228918e-04
4.879999999999999893e+00       8.555246540618904535e-04
4.889999999999999680e+00       8.526176983802421583e-04
4.900000000000000355e+00       8.497210978283924188e-04
4.910000000000000142e+00       8.468348629028654576e-04
4.919999999999999929e+00       8.439590027670546262e-04
4.929999999999999716e+00       8.410935252830967560e-04
4.940000000000000391e+00       8.382384370426370452e-04
4.950000000000000178e+00       8.353937433970991169e-04
4.959999999999999964e+00       8.325594484873760030e-04
4.969999999999999751e+00       8.297355552729440090e-04
4.980000000000000426e+00       8.269220655604175635e-04
4.990000000000000213e+00       8.241189800315490638e-04
5.000000000000000000e+00       8.213262982196500818e-04
5.009999999999999787e+00       8.185440187421611858e-04
5.019999999999999574e+00       8.157721390162416420e-04
5.030000000000000249e+00       8.130106554934743565e-04
5.040000000000000036e+00       8.102595636326122850e-04
5.049999999999999822e+00       8.075188579244504646e-04
5.059999999999999609e+00       8.047885319162187195e-04
5.070000000000000284e+00       8.020685782354815968e-04
5.080000000000000071e+00       7.993589886135726375e-04
5.089999999999999858e+00       7.966597539085627658e-04
5.099999999999999645e+00       7.939708641277723380e-04
5.110000000000000320e+00       7.912923084498346563e-04
5.120000000000000107e+00       7.886240752463197310e-04
5.129999999999999893e+00       7.859661521029268549e-04
5.139999999999999680e+00       7.833185258402475086e-04
5.150000000000000355e+00       7.806811825341198469e-04
5.160000000000000142e+00       7.780541075355657671e-04
5.169999999999999929e+00       7.754372854903296419e-04
5.179999999999999716e+00       7.728307003580179571e-04
5.190000000000000391e+00       7.702343354308578520e-04
5.200000000000000178e+00       7.676481733520683836e-04
5.209999999999999964e+00       7.650721961338638119e-04
5.219999999999999751e+00       7.625063851750696082e-04
5.230000000000000426e+00       7.599507212784195999e-04
5.240000000000000213e+00       7.574051846674546709e-04
5.250000000000000000e+00       7.548697550030966348e-04
5.259999999999999787e+00       7.523444113998795004e-04
5.269999999999999574e+00       7.498291324418391050e-04
5.280000000000000249e+00       7.473238961971019221e-04
5.290000000000000036e+00       7.448286802370495275e-04
5.299999999999999822e+00       7.423434616453382937e-04
5.309999999999999609e+00       7.398682170364630998e-04
5.320000000000000284e+00       7.374029225690753456e-04
5.330000000000000071e+00       7.349475539599888921e-04
5.339999999999999858e+00       7.325020864978978212e-04
5.349999999999999645e+00       7.300664950568021110e-04
5.360000000000000320e+00       7.276407541091474071e-04
5.370000000000000107e+00       7.252248377387570614e-04
5.379999999999999893e+00       7.228187196531693764e-04
5.389999999999999680e+00       7.204223731963164826e-04
5.400000000000000355e+00       7.180357713604302878e-04
5.410000000000000142e+00       7.156588867977695329e-04
5.419999999999999929e+00       7.132916918322613044e-04
5.429999999999999716e+00       7.109341584706225636e-04
5.440000000000000391e+00       7.085862584142338947e-04
5.450000000000000178e+00       7.062479630683206376e-04
5.459999999999999964e+00       7.039192435542149977e-04
5.469999999999999751e+00       7.016000707187922906e-04
5.480000000000000426e+00       6.992904151449045452e-04
5.490000000000000213e+00       6.969902471611776800e-04
5.500000000000000000e+00       6.946995368518286279e-04
5.509999999999999787e+00       6.924182540659990165e-04
5.519999999999999574e+00       6.901463684269719704e-04
5.530000000000000249e+00       6.878838493419781779e-04
5.540000000000000036e+00       6.856306660095549130e-04
5.549999999999999822e+00       6.833867874297156354e-04
5.559999999999999609e+00       6.811521824116837124e-04
5.570000000000000284e+00       6.789268195823674112e-04
5.580000000000000071e+00       6.767106673943176168e-04
5.589999999999999858e+00       6.745036941338675889e-04
5.599999999999999645e+00       6.723058679287315922e-04
5.610000000000000320e+00       6.701171567556097079e-04
5.620000000000000107e+00       6.679375284475848025e-04
5.629999999999999893e+00       6.657669507013511210e-04
5.639999999999999680e+00       6.636053910842793814e-04
5.650000000000000355e+00       6.614528170413189146e-04
5.660000000000000142e+00       6.593091959017406429e-04
5.669999999999999929e+00       6.571744948857281615e-04
5.679999999999999716e+00       6.550486810517402655e-04
5.690000000000000391e+00       6.529317215406317543e-04
5.700000000000000178e+00       6.508235832226491298e-04
5.709999999999999964e+00       6.487242329617973592e-04
5.719999999999999751e+00       6.466336374917295172e-04
5.730000000000000426e+00       6.445517635255548902e-04
5.740000000000000213e+00       6.424785776919032495e-04
5.750000000000000000e+00       6.404140465577875304e-04
5.759999999999999787e+00       6.383581366339273738e-04
5.769999999999999574e+00       6.363108143799416951e-04
5.780000000000000249e+00       6.342720462094238350e-04
5.790000000000000036e+00       6.322417984948831360e-04
5.799999999999999822e+00       6.302200375725787495e-04
5.809999999999999609e+00       6.282067297472294096e-04
5.820000000000000284e+00       6.262018412966091499e-04
5.830000000000000071e+00       6.242053384760313465e-04
5.839999999999999858e+00       6.222171875227220641e-04
5.849999999999999645e+00       6.202373546600883436e-04
5.860000000000000320e+00       6.182658061018741656e-04
5.870000000000000107e+00       6.163025080402871354e-04
5.879999999999999893e+00       6.143474267137153657e-04
5.889999999999999680e+00       6.124005283148766876e-04
5.900000000000000355e+00       6.104617790584225588e-04
5.910000000000000142e+00       6.085311451686294419e-04
5.919999999999999929e+00       6.066085928829634440e-04
5.929999999999999716e+00       6.046940884555610397e-04
5.940000000000000391e+00       6.027875981606126490e-04
5.950000000000000178e+00       6.008890882956634911e-04
5.959999999999999964e+00       5.989985251848244487e-04
5.969999999999999751e+00       5.971158751819031357e-04
5.980000000000000426e+00       5.952411046734485539e-04
5.990000000000000213e+00       5.933741800817161688e-04
6.000000000000000000e+00       5.915150678675545979e-04
6.009999999999999787e+00       5.896637345328732552e-04
6.019999999999999574e+00       5.878201466212624061e-04
6.030000000000000249e+00       5.859842707207230800e-04
6.040000000000000036e+00       5.841560734672848363e-04
6.049999999999999822e+00       5.823355215479119685e-04
6.059999999999999609e+00       5.805225817127478323e-04
6.070000000000000284e+00       5.787172207391951201e-04
6.080000000000000071e+00       5.769194054924676844e-04
6.089999999999999858e+00       5.751291028887046790e-04
6.099999999999999645e+00       5.733462799073467267e-04
6.110000000000000320e+00       5.715709035931968796e-04
6.120000000000000107e+00       5.698029410585440284e-04
6.129999999999999893e+00       5.680423594851966495e-04
6.139999999999999680e+00       5.662891261264657019e-04
6.150000000000000355e+00       5.645432083090683780e-04
6.160000000000000142e+00       5.628045734349969428e-04
6.169999999999999929e+00       5.610731889833045234e-04
6.179999999999999716e+00       5.593490225118436269e-04
6.190000000000000391e+00       5.576320416589500154e-04
6.200000000000000178e+00       5.559222141450628285e-04
6.209999999999999964e+00       5.542195077743108803e-04
6.219999999999999751e+00       5.525238904360279396e-04
6.230000000000000426e+00       5.508353301062298476e-04
6.240000000000000213e+00       5.491537948490348223e-04
6.250000000000000000e+00       5.474792528180444070e-04
6.259999999999999787e+00       5.458116722576735694e-04
6.269999999999999574e+00       5.441510215044247480e-04
6.280000000000000249e+00       5.424972689881430322e-04
6.290000000000000036e+00       5.408503832332069421e-04
6.299999999999999822e+00       5.392103328596792007e-04
6.309999999999999609e+00       5.375770865844249798e-04
6.320000000000000284e+00       5.359506132221813568e-04
6.330000000000000071e+00       5.343308816865930538e-04
6.339999999999999858e+00       5.327178609912049155e-04
6.349999999999999645e+00       5.311115202504206696e-04
6.360000000000000320e+00       5.295118286804240647e-04
6.370000000000000107e+00       5.279187556010579013e-04
6.379999999999999893e+00       5.263322704327157327e-04
6.389999999999999680e+00       5.247523427030539433e-04
6.400000000000000355e+00       5.231789420438701143e-04
6.410000000000000142e+00       5.216120381928198574e-04
6.419999999999999929e+00       5.200516009960057815e-04
6.429999999999999716e+00       5.184976004012376580e-04
6.440000000000000391e+00       5.169500064697433225e-04
6.450000000000000178e+00       5.154087893694784964e-04
6.459999999999999964e+00       5.138739193775377278e-04
6.469999999999999751e+00       5.123453668807228384e-04
6.480000000000000426e+00       5.108231023959388262e-04
6.490000000000000213e+00       5.093070964911635507e-04
6.500000000000000000e+00       5.077973199054448437e-04
6.509999999999999787e+00       5.062937434695554502e-04
6.519999999999999574e+00       5.047963381264144100e-04
6.530000000000000249e+00       5.033050749314982959e-04
6.540000000000000036e+00       5.018199250532297912e-04
6.549999999999999822e+00       5.003408597733401391e-04
6.559999999999999609e+00       4.988678504872120752e-04
6.570000000000000284e+00       4.974008687041969572e-04
6.580000000000000071e+00       4.959398860479135706e-04
6.589999999999999858e+00       4.944848742565214565e-04
6.599999999999999645e+00       4.930358051829780838e-04
6.610000000000000320e+00       4.915926507952731459e-04
6.620000000000000107e+00       4.901553831766419312e-04
6.629999999999999893e+00       4.887239745257640575e-04
6.639999999999999680e+00       4.872983971569373783e-04
6.650000000000000355e+00       4.858786235002373602e-04
6.660000000000000142e+00       4.844646260834282537e-04
6.669999999999999929e+00       4.830563776050559926e-04
6.679999999999999716e+00       4.816538508250224875e-04
6.690000000000000391e+00       4.802570186377495940e-04
6.700000000000000178e+00       4.788658540539716718e-04
6.709999999999999964e+00       4.774803302007902292e-04
6.719999999999999751e+00       4.761004203217196213e-04
6.730000000000000426e+00       4.747260977767104153e-04
6.740000000000000213e+00       4.733573360421668998e-04
6.750000000000000000e+00       4.719941087109402007e-04
6.759999999999999787e+00       4.706363894923181433e-04
6.769999999999999574e+00       4.692841522119929436e-04
6.780000000000000249e+00       4.679373708120195745e-04
6.790000000000000036e+00       4.665960193507722896e-04
6.799999999999999822e+00       4.652600720028276376e-04
6.809999999999999609e+00       4.639295030589813762e-04
6.820000000000000284e+00       4.626042869260624225e-04
6.830000000000000071e+00       4.612843981268869914e-04
6.839999999999999858e+00       4.599698113000823588e-04
6.849999999999999645e+00       4.586605012000701106e-04
6.860000000000000320e+00       4.573564426968207332e-04
6.870000000000000107e+00       4.560576107757651431e-04
6.879999999999999893e+00       4.547639805376249545e-04
6.889999999999999680e+00       4.534755272089733679e-04
6.900000000000000355e+00       4.521922260990632152e-04
6.910000000000000142e+00       4.509140526642864107e-04
6.919999999999999929e+00       4.496409824647840179e-04
6.929999999999999716e+00       4.483729911750702381e-04
6.940000000000000391e+00       4.471100545838200689e-04
6.950000000000000178e+00       4.458521485936519225e-04
6.959999999999999964e+00       4.445992492209015689e-04
6.969999999999999751e+00       4.433513325953861595e-04
6.980000000000000426e+00       4.421083749601648354e-04
6.990000000000000213e+00       4.408703526712871921e-04
7.000000000000000000e+00       4.396372421975382216e-04
7.009999999999999787e+00       4.384090201133656814e-04
7.019999999999999574e+00       4.371856631258735307e-04
7.030000000000000249e+00       4.359671480336138453e-04
7.040000000000000036e+00       4.347534517536166278e-04
7.049999999999999822e+00       4.335445513142702320e-04
7.059999999999999609e+00       4.323404238550233696e-04
7.070000000000000284e+00       4.311410466260859244e-04
7.080000000000000071e+00       4.299463969881260812e-04
7.089999999999999858e+00       4.287564524119546051e-04
7.099999999999999645e+00       4.275711904782137848e-04
7.110000000000000320e+00       4.263905888770543940e-04
7.120000000000000107e+00       4.252146254078094010e-04
7.129999999999999893e+00       4.240432779786654552e-04
7.139999999999999680e+00       4.228765246063273271e-04
7.150000000000000355e+00       4.217143434156782810e-04
7.160000000000000142e+00       4.205567126394371973e-04
7.169999999999999929e+00       4.194036106178112471e-04
7.179999999999999716e+00       4.182550157981458042e-04
7.190000000000000391e+00       4.171109067345679590e-04
7.200000000000000178e+00       4.159712620876280815e-04
7.209999999999999964e+00       4.148360606239407332e-04
7.219999999999999751e+00       4.137052812158141415e-04
7.230000000000000426e+00       4.125789028408878047e-04
7.240000000000000213e+00       4.114569045829001071e-04
7.250000000000000000e+00       4.103392656267692402e-04
7.259999999999999787e+00       4.092259652649936808e-04
7.269999999999999574e+00       4.081169828927816304e-04
7.280000000000000249e+00       4.070122980087850198e-04
7.290000000000000036e+00       4.059118902147111478e-04
7.299999999999999822e+00       4.048157392142866717e-04
7.309999999999999609e+00       4.037238248154604355e-04
7.320000000000000284e+00       4.026361269261440729e-04
7.330000000000000071e+00       4.015526255563825800e-04
7.339999999999999858e+00       4.004733008173193363e-04
7.349999999999999645e+00       3.993981329208005871e-04
7.360000000000000320e+00       3.983271021789742895e-04
7.370000000000000107e+00       3.972601890038915048e-04
7.379999999999999893e+00       3.961973739071019914e-04
7.389999999999999680e+00       3.951386374992506647e-04
7.400000000000000355e+00       3.940839604896722139e-04
7.410000000000000142e+00       3.930333236859847429e-04
7.419999999999999929e+00       3.919867079936830865e-04
7.429999999999999716e+00       3.909440944157265962e-04
7.440000000000000391e+00       3.899054640521322935e-04
7.450000000000000178e+00       3.888707980995623854e-04
7.459999999999999964e+00       3.878400778509128637e-04
7.469999999999999751e+00       3.868132846948995024e-04
7.480000000000000426e+00       3.857904001156468908e-04
7.490000000000000213e+00       3.847714056922717208e-04
7.500000000000000000e+00       3.837562830984687836e-04
7.509999999999999787e+00       3.827450141020970762e-04
7.519999999999999574e+00       3.817375805647628168e-04
7.530000000000000249e+00       3.807339644414012140e-04
7.540000000000000036e+00       3.797341477798649579e-04
7.549999999999999822e+00       3.787381127205019776e-04
7.559999999999999609e+00       3.777458414957421428e-04
7.570000000000000284e+00       3.767573164296775701e-04
7.580000000000000071e+00       3.757725199376474811e-04
7.589999999999999858e+00       3.747914345258180203e-04
7.599999999999999645e+00       3.738140427907675478e-04
7.610000000000000320e+00       3.728403274190671612e-04
7.620000000000000107e+00       3.718702711868643080e-04
7.629999999999999893e+00       3.709038569594652591e-04
7.639999999999999680e+00       3.699410676909187213e-04
7.650000000000000355e+00       3.689818864235977144e-04
7.660000000000000142e+00       3.680262962877847558e-04
7.669999999999999929e+00       3.670742805012536833e-04
7.679999999999999716e+00       3.661258223688562490e-04
7.690000000000000391e+00       3.651809052821044848e-04
7.700000000000000178e+00       3.642395127187571875e-04
7.709999999999999964e+00       3.633016282424047778e-04
7.719999999999999751e+00       3.623672355020555146e-04
7.730000000000000426e+00       3.614363182317219801e-04
7.740000000000000213e+00       3.605088602500083244e-04
7.750000000000000000e+00       3.595848454596984852e-04
7.759999999999999787e+00       3.586642578473408301e-04
7.769999999999999574e+00       3.577470814828554043e-04
7.780000000000000249e+00       3.568333005190876188e-04
7.790000000000000036e+00       3.559228991914357727e-04
7.799999999999999822e+00       3.550158618174234439e-04
7.809999999999999609e+00       3.541121727962971959e-04
7.820000000000000284e+00       3.532118166086168037e-04
7.830000000000000071e+00       3.523147778158529060e-04
7.839999999999999858e+00       3.514210410599803757e-04
7.849999999999999645e+00       3.505305910630732613e-04
7.860000000000000320e+00       3.496434126269034703e-04
7.870000000000000107e+00       3.487594906325380416e-04
7.879999999999999893e+00       3.478788100399373947e-04
7.889999999999999680e+00       3.470013558875565058e-04
7.900000000000000355e+00       3.461271132919455963e-04
7.910000000000000142e+00       3.452560674473506585e-04
7.919999999999999929e+00       3.443882036253196732e-04
7.929999999999999716e+00       3.435235071743044906e-04
7.940000000000000391e+00       3.426619635192671028e-04
7.950000000000000178e+00       3.418035581612868909e-04
7.959999999999999964e+00       3.409482766693983720e-04
7.969999999999999751e+00       3.400961047113013882e-04
7.980000000000000426e+00       3.392470280062812537e-04
7.990000000000000213e+00       3.384010323559753222e-04
8.000000000000000000e+00       3.375581036361890498e-04
8.009999999999999787e+00       3.367182277965088261e-04
8.019999999999999574e+00       3.358813908599206062e-04
8.029999999999999361e+00       3.350475789224230676e-04
8.039999999999999147e+00       3.342167781526468378e-04
8.050000000000000711e+00       3.333889747914745363e-04
8.060000000000000497e+00       3.325641551516594603e-04
8.070000000000000284e+00       3.317423056174493667e-04
8.080000000000000071e+00       3.309234126442093323e-04
8.089999999999999858e+00       3.301074627580447224e-04
8.099999999999999645e+00       3.292944425554378751e-04
8.109999999999999432e+00       3.284843387028393564e-04
8.119999999999999218e+00       3.276771379363513197e-04
8.130000000000000782e+00       3.268728270613190318e-04
8.140000000000000568e+00       3.260713929519746591e-04
8.150000000000000355e+00       3.252728225510687467e-04
8.160000000000000142e+00       3.244771028695057099e-04
8.169999999999999929e+00       3.236842209859780786e-04
8.179999999999999716e+00       3.228941640466052409e-04
8.189999999999999503e+00       3.221069192645732173e-04
8.199999999999999289e+00       3.213224739197722657e-04
8.210000000000000853e+00       3.205408153584407755e-04
8.220000000000000639e+00       3.197619309928090531e-04
8.230000000000000426e+00       3.189858083007421309e-04
8.240000000000000213e+00       3.182124348253872396e-04
8.250000000000000000e+00       3.174417981748213881e-04
8.259999999999999787e+00       3.166738860227066550e-04
8.269999999999999574e+00       3.159086861039118554e-04
8.279999999999999361e+00       3.151461862202170161e-04
8.289999999999999147e+00       3.143863742359262058e-04
8.300000000000000711e+00       3.136292380785355664e-04
8.310000000000000497e+00       3.128747657383879944e-04
8.320000000000000284e+00       3.121229452683345449e-04
8.330000000000000071e+00       3.113737647833915521e-04
8.339999999999999858e+00       3.106272124604039851e-04
8.349999999999999645e+00       3.098832765377071766e-04
8.359999999999999432e+00       3.091419453147925089e-04
8.369999999999999218e+00       3.084032071519718539e-04
8.380000000000000782e+00       3.076670504700462945e-04
8.390000000000000568e+00       3.069334637499758229e-04
8.400000000000000355e+00       3.062024355325492549e-04
8.410000000000000142e+00       3.054739544180540365e-04
8.419999999999999929e+00       3.047480090659551570e-04
8.429999999999999716e+00       3.040245881945662565e-04
8.439999999999999503e+00       3.033036805807279974e-04
8.449999999999999289e+00       3.025852750594858935e-04
8.460000000000000853e+00       3.018693605237708502e-04
8.470000000000000639e+00       3.011559259240805171e-04
8.480000000000000426e+00       3.004449602681608577e-04
8.490000000000000213e+00       2.997364526206936289e-04
8.500000000000000000e+00       2.990303921029791967e-04
8.509999999999999787e+00       2.983267678926263466e-04
8.519999999999999574e+00       2.976255692232403043e-04
8.529999999999999361e+00       2.969267853841135209e-04
8.539999999999999147e+00       2.962304057199194947e-04
8.550000000000000711e+00       2.955364196304032312e-04
8.560000000000000497e+00       2.948448165700796181e-04
8.570000000000000284e+00       2.941555860479293607e-04
8.580000000000000071e+00       2.934687176270957851e-04
8.589999999999999858e+00       2.927842009245860315e-04
8.599999999999999645e+00       2.921020256109735499e-04
8.609999999999999432e+00       2.914221814100978296e-04
8.619999999999999218e+00       2.907446580987725323e-04
8.630000000000000782e+00       2.900694455064874991e-04
8.640000000000000568e+00       2.893965335151204611e-04
8.650000000000000355e+00       2.887259120586409440e-04
8.660000000000000142e+00       2.880575711228255563e-04
8.669999999999999929e+00       2.873915007449667726e-04
8.679999999999999716e+00       2.867276910135883308e-04
8.689999999999999503e+00       2.860661320681573221e-04
8.699999999999999289e+00       2.854068140988033826e-04
8.710000000000000853e+00       2.847497273460363127e-04
8.720000000000000639e+00       2.840948621004632090e-04
8.730000000000000426e+00       2.834422087025113965e-04
8.740000000000000213e+00       2.827917575421496797e-04
8.750000000000000000e+00       2.821434990586113296e-04
8.759999999999999787e+00       2.814974237401209728e-04
8.769999999999999574e+00       2.808535221236199632e-04
8.779999999999999361e+00       2.802117847944914824e-04
8.789999999999999147e+00       2.795722023862916034e-04
8.800000000000000711e+00       2.789347655804762347e-04
8.810000000000000497e+00       2.782994651061261658e-04
8.820000000000000284e+00       2.776662917396677775e-04
8.830000000000000071e+00       2.770352363045640439e-04
8.839999999999999858e+00       2.764062896709102335e-04
8.849999999999999645e+00       2.757794427544363889e-04
8.859999999999999432e+00       2.751546865058925539e-04
8.869999999999999218e+00       2.745320120152302482e-04
8.880000000000000782e+00       2.739114102091400938e-04
8.890000000000000568e+00       2.732928722622030167e-04
8.900000000000000355e+00       2.726763893109185343e-04
8.910000000000000142e+00       2.720619525452542447e-04
8.919999999999999929e+00       2.714495532007951727e-04
8.929999999999999716e+00       2.708391825578596577e-04
8.939999999999999503e+00       2.702308319411242193e-04
8.949999999999999289e+00       2.696244927193345632e-04
8.960000000000000853e+00       2.690201563050480834e-04
8.970000000000000639e+00       2.684178141543807554e-04
8.980000000000000426e+00       2.678174577667607505e-04
8.990000000000000213e+00       2.672190786846848163e-04
9.000000000000000000e+00       2.666226684934768789e-04
9.009999999999999787e+00       2.660282188163437013e-04
9.019999999999999574e+00       2.654357212848586721e-04
9.029999999999999361e+00       2.648451675391576667e-04
9.039999999999999147e+00       2.642565492414041873e-04
9.050000000000000711e+00       2.636698580808175137e-04
9.060000000000000497e+00       2.630850857764934717e-04
9.070000000000000284e+00       2.625022240793720976e-04
9.080000000000000071e+00       2.619212647733204307e-04
9.089999999999999858e+00       2.613421996766031796e-04
9.099999999999999645e+00       2.607650206422354672e-04
9.109999999999999432e+00       2.601897195590033903e-04
9.119999999999999218e+00       2.596162883518533023e-04
9.130000000000000782e+00       2.590447189821257841e-04
9.140000000000000568e+00       2.584750034482279036e-04
9.150000000000000355e+00       2.579071337857142057e-04
9.160000000000000142e+00       2.573411020675617201e-04
9.169999999999999929e+00       2.567769004043535708e-04
9.179999999999999716e+00       2.562145209445115378e-04
9.189999999999999503e+00       2.556539558740725487e-04
9.199999999999999289e+00       2.550951974172490483e-04
9.210000000000000853e+00       2.545382378361808794e-04
9.220000000000000639e+00       2.539830694310412631e-04
9.230000000000000426e+00       2.534296845400510023e-04
9.240000000000000213e+00       2.528780755394567431e-04
9.250000000000000000e+00       2.523282348436880758e-04
9.259999999999999787e+00       2.517801549047957014e-04
9.269999999999999574e+00       2.512338282130877499e-04
9.279999999999999361e+00       2.506892472966542489e-04
9.289999999999999147e+00       2.501464047213939040e-04
9.300000000000000711e+00       2.496052930909285544e-04
9.310000000000000497e+00       2.490659050465199613e-04
9.320000000000000284e+00       2.485282332669656695e-04
9.330000000000000071e+00       2.479922704684974725e-04
9.339999999999999858e+00       2.474580094047985966e-04
9.349999999999999645e+00       2.469254428663679793e-04
9.359999999999999432e+00       2.463945636811547984e-04
9.369999999999999218e+00       2.458653647139342970e-04
9.380000000000000782e+00       2.453378388674432140e-04
9.390000000000000568e+00       2.448119790776324424e-04
9.400000000000000355e+00       2.442877783204452447e-04
9.410000000000000142e+00       2.437652296070493647e-04
9.419999999999999929e+00       2.432443259848423276e-04
9.429999999999999716e+00       2.427250605372985131e-04
9.439999999999999503e+00       2.422074263838106174e-04
9.449999999999999289e+00       2.416914166795308184e-04
9.460000000000000853e+00       2.411770246152090936e-04
9.470000000000000639e+00       2.406642434170282586e-04
9.480000000000000426e+00       2.401530663464362958e-04
9.490000000000000213e+00       2.396434866999802538e-04
9.500000000000000000e+00       2.391354978091355949e-04
9.509999999999999787e+00       2.386290930401315836e-04
9.519999999999999574e+00       2.381242657937822870e-04
9.529999999999999361e+00       2.376210095053096327e-04
9.539999999999999147e+00       2.371193176441685002e-04
9.550000000000000711e+00       2.366191837138670957e-04
9.560000000000000497e+00       2.361206012517903894e-04
9.570000000000000284e+00       2.356235638290154761e-04
9.580000000000000071e+00       2.351280650501223009e-04
9.589999999999999858e+00       2.346340985529896117e-04
9.599999999999999645e+00       2.341416580085326101e-04
9.609999999999999432e+00       2.336507371269018224e-04
9.619999999999999218e+00       2.331613296349964220e-04
9.630000000000000782e+00       2.326734293068326233e-04
9.640000000000000568e+00       2.321870299444135850e-04
9.650000000000000355e+00       2.317021253820068859e-04
9.660000000000000142e+00       2.312187094903808281e-04
9.669999999999999929e+00       2.307367761578551580e-04
9.679999999999999716e+00       2.302563193203643931e-04
9.689999999999999503e+00       2.297773329392087469e-04
9.699999999999999289e+00       2.292998110071750736e-04
9.710000000000000853e+00       2.288237475482792882e-04
9.720000000000000639e+00       2.283491366175611278e-04
9.730000000000000426e+00       2.278759723008936568e-04
9.740000000000000213e+00       2.274042487147993593e-04
9.750000000000000000e+00       2.269339600062706221e-04
9.759999999999999787e+00       2.264651003525879958e-04
9.769999999999999574e+00       2.259976639611452310e-04
9.779999999999999361e+00       2.255316450692680815e-04
9.789999999999999147e+00       2.250670379440401542e-04
9.800000000000000711e+00       2.246038368821256961e-04
9.810000000000000497e+00       2.241420362095942792e-04
9.820000000000000284e+00       2.236816302817457285e-04
9.830000000000000071e+00       2.232226134829364060e-04
9.839999999999999858e+00       2.227649802264062803e-04
9.849999999999999645e+00       2.223087249541034756e-04
9.859999999999999432e+00       2.218538421365161934e-04
9.869999999999999218e+00       2.214003262724985896e-04
9.880000000000000782e+00       2.209481718891000666e-04
9.890000000000000568e+00       2.204973735413978458e-04
9.900000000000000355e+00       2.200479258123255006e-04
9.910000000000000142e+00       2.195998233125063149e-04
9.919999999999999929e+00       2.191530606800836593e-04
9.929999999999999716e+00       2.187076325805575481e-04
9.939999999999999503e+00       2.182635337066158015e-04
9.949999999999999289e+00       2.178207587779716864e-04
9.960000000000000853e+00       2.173793025411959465e-04
9.970000000000000639e+00       2.169391597695594846e-04
9.980000000000000426e+00       2.165003252628650400e-04
9.990000000000000213e+00       2.160627938472881634e-04
