1.000000000000000021e-02       0.000000000000000000e+00
2.000000000000000042e-02       0.000000000000000000e+00
2.999999999999999889e-02       0.000000000000000000e+00
4.000000000000000083e-02       0.000000000000000000e+00
5.000000000000000278e-02       0.000000000000000000e+00
5.999999999999999778e-02       0.000000000000000000e+00
7.000000000000000666e-02       0.000000000000000000e+00
8.000000000000000167e-02       0.000000000000000000e+00
8.999999999999999667e-02       0.000000000000000000e+00
1.000000000000000056e-01       0.000000000000000000e+00
1.100000000000000006e-01       0.000000000000000000e+00
1.199999999999999956e-01       0.000000000000000000e+00
1.300000000000000044e-01       0.000000000000000000e+00
1.400000000000000133e-01       0.000000000000000000e+00
1.499999999999999944e-01       0.000000000000000000e+00
1.600000000000000033e-01       0.000000000000000000e+00
1.700000000000000122e-01       0.000000000000000000e+00
1.799999999999999933e-01       0.000000000000000000e+00
1.900000000000000022e-01       0.000000000000000000e+00
2.000000000000000111e-01       0.000000000000000000e+00
2.099999999999999922e-01       0.000000000000000000e+00
2.200000000000000011e-01       0.000000000000000000e+00
2.300000000000000100e-01       0.000000000000000000e+00
2.399999999999999911e-01       0.000000000000000000e+00
2.500000000000000000e-01       0.000000000000000000e+00
2.600000000000000089e-01       0.000000000000000000e+00
2.700000000000000178e-01       0.000000000000000000e+00
2.800000000000000266e-01       0.000000000000000000e+00
2.899999999999999800e-01       0.000000000000000000e+00
2.999999999999999889e-01       0.000000000000000000e+00
3.099999999999999978e-01       0.000000000000000000e+00
3.200000000000000067e-01       0.000000000000000000e+00
3.300000000000000155e-01       0.000000000000000000e+00
3.400000000000000244e-01       0.000000000000000000e+00
3.499999999999999778e-01       0.000000000000000000e+00
3.599999999999999867e-01       0.000000000000000000e+00
3.699999999999999956e-01       0.000000000000000000e+00
3.800000000000000044e-01       0.000000000000000000e+00
3.900000000000000133e-01       0.000000000000000000e+00
4.000000000000000222e-01       0.000000000000000000e+00
4.099999999999999756e-01       0.000000000000000000e+00
4.199999999999999845e-01       0.000000000000000000e+00
4.299999999999999933e-01       0.000000000000000000e+00
4.400000000000000022e-01       0.000000000000000000e+00
4.500000000000000111e-01       0.000000000000000000e+00
4.600000000000000200e-01       0.000000000000000000e+00
4.699999999999999734e-01       0.000000000000000000e+00
4.799999999999999822e-01       0.000000000000000000e+00
4.899999999999999911e-01       0.000000000000000000e+00
5.000000000000000000e-01       0.000000000000000000e+00
5.100000000000000089e-01       0.000000000000000000e+00
5.200000000000000178e-01       0.000000000000000000e+00
5.300000000000000266e-01       0.000000000000000000e+00
5.400000000000000355e-01       0.000000000000000000e+00
5.500000000000000444e-01       7.672793175704162161e-06
5.600000000000000533e-01       2.298173163350197823e-04
5.699999999999999512e-01       7.110829191475779611e-04
5.799999999999999600e-01       1.395272369365179854e-03
5.899999999999999689e-01       2.235538326780951712e-03
5.999999999999999778e-01       3.192998358071181923e-03
6.099999999999999867e-01       4.235517823630696038e-03
6.199999999999999956e-01       5.336653577854878761e-03
6.300000000000000044e-01       6.474745866790545222e-03
6.400000000000000133e-01       7.632143255199464078e-03
6.500000000000000222e-01       8.794544761877043718e-03
6.600000000000000311e-01       9.950443866485369354e-03
6.700000000000000400e-01       1.109066016437780001e-02
6.800000000000000488e-01       1.220794585776366348e-02
6.899999999999999467e-01       1.329665577536270210e-02
6.999999999999999556e-01       1.435247108504482394e-02
7.099999999999999645e-01       1.537216823639910891e-02
7.199999999999999734e-01       1.635342590959878301e-02
7.299999999999999822e-01       1.729466384213114091e-02
7.399999999999999911e-01       1.819490835781575194e-02
7.500000000000000000e-01       1.905368024255146148e-02
7.600000000000000089e-01       1.987090130875509772e-02
7.700000000000000178e-01       2.064681658719283441e-02
7.800000000000000266e-01       2.137105577151486926e-02
7.900000000000000355e-01       2.197508386134322186e-02
8.000000000000000444e-01       2.245778926619502666e-02
8.100000000000000533e-01       2.283443479598998294e-02
8.199999999999999512e-01       2.312013546177217951e-02
8.299999999999999600e-01       2.332903230143025183e-02
8.399999999999999689e-01       2.347388020833122979e-02
8.499999999999999778e-01       2.356588020283150939e-02
8.599999999999999867e-01       2.361467321407094769e-02
8.699999999999999956e-01       2.362843092011779680e-02
8.800000000000000044e-01       2.361399751893677665e-02
8.900000000000000133e-01       2.357705165387001880e-02
9.000000000000000222e-01       2.351883126199980079e-02
9.100000000000000311e-01       2.343811643260022490e-02
9.200000000000000400e-01       2.333989502210328387e-02
9.300000000000000488e-01       2.322836199820601383e-02
9.399999999999999467e-01       2.310692108287705840e-02
9.499999999999999556e-01       2.297831587896514982e-02
9.599999999999999645e-01       2.253848455545422527e-02
9.699999999999999734e-01       2.249811572207102706e-02
9.799999999999999822e-01       2.244548092027669542e-02
9.899999999999999911e-01       2.238153360282492399e-02
1.000000000000000000e+00       2.230716746560215333e-02
1.010000000000000009e+00       2.222321963210432266e-02
1.020000000000000018e+00       2.213047374934863643e-02
1.030000000000000027e+00       2.202966298790635935e-02
1.040000000000000036e+00       2.192147293029717697e-02
1.050000000000000044e+00       2.180654434204313402e-02
1.060000000000000053e+00       2.168547582078656638e-02
1.070000000000000062e+00       2.155882632140693894e-02
1.080000000000000071e+00       2.142711755689382172e-02
1.090000000000000080e+00       2.129083627615389190e-02
1.100000000000000089e+00       2.115043642102135829e-02
1.110000000000000098e+00       2.100634116557681050e-02
1.120000000000000107e+00       2.085894484146077685e-02
1.129999999999999893e+00       2.070861475335025043e-02
1.139999999999999902e+00       2.055569288900933531e-02
1.149999999999999911e+00       2.040049752853785592e-02
1.159999999999999920e+00       2.024332475751170271e-02
1.169999999999999929e+00       2.008444988875730114e-02
1.179999999999999938e+00       1.992412879736608217e-02
1.189999999999999947e+00       1.976259917370180169e-02
1.199999999999999956e+00       1.960008169869655731e-02
1.209999999999999964e+00       1.943678114592662862e-02
1.219999999999999973e+00       1.927288741459633192e-02
1.229999999999999982e+00       1.910857649746800987e-02
1.239999999999999991e+00       1.894401138758439879e-02
1.250000000000000000e+00       1.877934292803222494e-02
1.260000000000000009e+00       1.861471060469116132e-02
1.270000000000000018e+00       1.845024329447965752e-02
1.280000000000000027e+00       1.828605995928450287e-02
1.290000000000000036e+00       1.812227029908373283e-02
1.300000000000000044e+00       1.795897536219036653e-02
1.310000000000000053e+00       1.779626811638031214e-02
1.320000000000000062e+00       1.763423398329831346e-02
1.330000000000000071e+00       1.747295133851154217e-02
1.340000000000000080e+00       1.731249197925660566e-02
1.350000000000000089e+00       1.715292156223278963e-02
1.360000000000000098e+00       1.699430001303199947e-02
1.370000000000000107e+00       1.683668190925756425e-02
1.379999999999999893e+00       1.668011683893318164e-02
1.389999999999999902e+00       1.652464973581291990e-02
1.399999999999999911e+00       1.637032119307446978e-02
1.409999999999999920e+00       1.621716775680769052e-02
1.419999999999999929e+00       1.606522220058061862e-02
1.429999999999999938e+00       1.591451378232128580e-02
1.439999999999999947e+00       1.576506848465120125e-02
1.449999999999999956e+00       1.561690923973958929e-02
1.459999999999999964e+00       1.547005613230119890e-02
1.469999999999999973e+00       1.532452662609796144e-02
1.479999999999999982e+00       1.518033570333450141e-02
1.489999999999999991e+00       1.503749606697134950e-02
1.500000000000000000e+00       1.489601829438751308e-02
1.510000000000000009e+00       1.475591098819574627e-02
1.520000000000000018e+00       1.461718091642868686e-02
1.530000000000000027e+00       1.447983314105661529e-02
1.540000000000000036e+00       1.434387113821331688e-02
1.550000000000000044e+00       1.420929691161824417e-02
1.560000000000000053e+00       1.407611109947599047e-02
1.570000000000000062e+00       1.394431307509063668e-02
1.580000000000000071e+00       1.381390104153818604e-02
1.590000000000000080e+00       1.368487212060873898e-02
1.600000000000000089e+00       1.355722240725291614e-02
1.610000000000000098e+00       1.343094654150887163e-02
1.620000000000000107e+00       1.330603747907721339e-02
1.629999999999999893e+00       1.318248691018853239e-02
1.639999999999999902e+00       1.306028548436836273e-02
1.649999999999999911e+00       1.293942296254269389e-02
1.659999999999999920e+00       1.281988834084547141e-02
1.669999999999999929e+00       1.270166995694273909e-02
1.679999999999999938e+00       1.258475558444071413e-02
1.689999999999999947e+00       1.246913251727283130e-02
1.699999999999999956e+00       1.235478764533270296e-02
1.709999999999999964e+00       1.224170752383952135e-02
1.719999999999999973e+00       1.212987843431620992e-02
1.729999999999999982e+00       1.201928644181004743e-02
1.739999999999999991e+00       1.190991744504984844e-02
1.750000000000000000e+00       1.180175722212940467e-02
1.760000000000000009e+00       1.169479147157521937e-02
1.770000000000000018e+00       1.158900584922735628e-02
1.780000000000000027e+00       1.148438600111818114e-02
1.790000000000000036e+00       1.138091759249224184e-02
1.800000000000000044e+00       1.127858632961534040e-02
1.810000000000000053e+00       1.117737797441170286e-02
1.820000000000000062e+00       1.107727835749751887e-02
1.830000000000000071e+00       1.097827339110505306e-02
1.840000000000000080e+00       1.088034908132172983e-02
1.850000000000000089e+00       1.078349153978052331e-02
1.860000000000000098e+00       1.068768699468655714e-02
1.870000000000000107e+00       1.059292180095961107e-02
1.879999999999999893e+00       1.049918244966983015e-02
1.889999999999999902e+00       1.040645557649162722e-02
1.899999999999999911e+00       1.031472796942254841e-02
1.909999999999999920e+00       1.022398657557383427e-02
1.919999999999999929e+00       1.013421850710502330e-02
1.929999999999999938e+00       1.004541104644399510e-02
1.939999999999999947e+00       9.957551650551494868e-03
1.949999999999999956e+00       9.870627954870786480e-03
1.959999999999999964e+00       9.784627775802525254e-03
1.969999999999999973e+00       9.699539113254402461e-03
1.979999999999999982e+00       9.615350152212065807e-03
1.989999999999999991e+00       9.532049263813156120e-03
2.000000000000000000e+00       9.449625005801494393e-03
2.009999999999999787e+00       9.368066122668690723e-03
2.020000000000000018e+00       9.287361545091760845e-03
2.029999999999999805e+00       9.207500389223154114e-03
2.040000000000000036e+00       9.128471955404121249e-03
2.049999999999999822e+00       9.050265726636240807e-03
2.060000000000000053e+00       8.972871366754738010e-03
2.069999999999999840e+00       8.896278718224853374e-03
2.080000000000000071e+00       8.820477799923204243e-03
2.089999999999999858e+00       8.745458804493877122e-03
2.100000000000000089e+00       8.671212095627701261e-03
2.109999999999999876e+00       8.597728205185090067e-03
2.120000000000000107e+00       8.524997830173665359e-03
2.129999999999999893e+00       8.453011829628008511e-03
2.140000000000000124e+00       8.381761221401974604e-03
2.149999999999999911e+00       8.311237178897114969e-03
2.160000000000000142e+00       8.241431027735253781e-03
2.169999999999999929e+00       8.172334242406343111e-03
2.180000000000000160e+00       8.103938442890578145e-03
2.189999999999999947e+00       8.036235391277011739e-03
2.200000000000000178e+00       7.969216988387229153e-03
2.209999999999999964e+00       7.902875270415117559e-03
2.220000000000000195e+00       7.837202405592160262e-03
2.229999999999999982e+00       7.772190690886456553e-03
2.240000000000000213e+00       7.707832548743073081e-03
2.250000000000000000e+00       7.644120523871995171e-03
2.259999999999999787e+00       7.581047280089492010e-03
2.270000000000000018e+00       7.518605597217665332e-03
2.279999999999999805e+00       7.456788368046355329e-03
2.290000000000000036e+00       7.395588595360974744e-03
2.299999999999999822e+00       7.334999389039043201e-03
2.310000000000000053e+00       7.275013963217967505e-03
2.319999999999999840e+00       7.215625633535391499e-03
2.330000000000000071e+00       7.156827814444644692e-03
2.339999999999999858e+00       7.098614016604777935e-03
2.350000000000000089e+00       7.040977844346816769e-03
2.359999999999999876e+00       6.983913141279478147e-03
2.370000000000000107e+00       6.927413247590001773e-03
2.379999999999999893e+00       6.871472478374186614e-03
2.390000000000000124e+00       6.816084640768591864e-03
2.399999999999999911e+00       6.761243772115599869e-03
2.410000000000000142e+00       6.706943989831347895e-03
2.419999999999999929e+00       6.653179489413531787e-03
2.430000000000000160e+00       6.599944542438458683e-03
2.439999999999999947e+00       6.547233494667188680e-03
2.450000000000000178e+00       6.495040764327848944e-03
2.459999999999999964e+00       6.443360840378045337e-03
2.470000000000000195e+00       6.392188280814660624e-03
2.479999999999999982e+00       6.341517711063808169e-03
2.490000000000000213e+00       6.291343822436653958e-03
2.500000000000000000e+00       6.241661370645081378e-03
2.509999999999999787e+00       6.192465174374852527e-03
2.520000000000000018e+00       6.143750113914471511e-03
2.529999999999999805e+00       6.095511129838098244e-03
2.540000000000000036e+00       6.047743221740562065e-03
2.549999999999999822e+00       6.000441447022727449e-03
2.560000000000000053e+00       5.953600919725346961e-03
2.569999999999999840e+00       5.907216809409612107e-03
2.580000000000000071e+00       5.861284340082574540e-03
2.589999999999999858e+00       5.815798789165667337e-03
2.600000000000000089e+00       5.770755486504628058e-03
2.609999999999999876e+00       5.726149813419061096e-03
2.620000000000000107e+00       5.681977201790006093e-03
2.629999999999999893e+00       5.638233133183854877e-03
2.640000000000000124e+00       5.594913138011078230e-03
2.649999999999999911e+00       5.552012794718122306e-03
2.660000000000000142e+00       5.509527729011066098e-03
2.669999999999999929e+00       5.467453613109548097e-03
2.680000000000000160e+00       5.425786334177873892e-03
2.689999999999999947e+00       5.384521147893529640e-03
2.700000000000000178e+00       5.343654369353324600e-03
2.709999999999999964e+00       5.303181680603973047e-03
2.720000000000000195e+00       5.263098976293277033e-03
2.729999999999999982e+00       5.223402193391039547e-03
2.740000000000000213e+00       5.184087311443047116e-03
2.750000000000000000e+00       5.145150350903763756e-03
2.759999999999999787e+00       5.106587373367376184e-03
2.770000000000000018e+00       5.068394480868146021e-03
2.779999999999999805e+00       5.030567815365618450e-03
2.790000000000000036e+00       4.993103558264305047e-03
2.799999999999999822e+00       4.955997929953557049e-03
2.810000000000000053e+00       4.919247189358471467e-03
2.819999999999999840e+00       4.882847633503182259e-03
2.830000000000000071e+00       4.846795597086894780e-03
2.839999999999999858e+00       4.811087452072205541e-03
2.850000000000000089e+00       4.775719607284932729e-03
2.859999999999999876e+00       4.740688508024881558e-03
2.870000000000000107e+00       4.705990635686812390e-03
2.879999999999999893e+00       4.671622507391041783e-03
2.890000000000000124e+00       4.637580675623144758e-03
2.899999999999999911e+00       4.603861727882113848e-03
2.910000000000000142e+00       4.570462286336601093e-03
2.919999999999999929e+00       4.537379007488605460e-03
2.930000000000000160e+00       4.504608581844303863e-03
2.939999999999999947e+00       4.472147733591489739e-03
2.950000000000000178e+00       4.439993220283236681e-03
2.959999999999999964e+00       4.408141832527454063e-03
2.970000000000000195e+00       4.376590393681885349e-03
2.979999999999999982e+00       4.345335759554299314e-03
2.990000000000000213e+00       4.314374818107513318e-03
3.000000000000000000e+00       4.283704489168927744e-03
3.009999999999999787e+00       4.253321721276112632e-03
3.020000000000000018e+00       4.223223474017641886e-03
3.029999999999999805e+00       4.193406719509747138e-03
3.040000000000000036e+00       4.163868451498391014e-03
3.049999999999999822e+00       4.134605688851934226e-03
3.060000000000000053e+00       4.105615477494725142e-03
3.069999999999999840e+00       4.076894891370733479e-03
3.080000000000000071e+00       4.048441034347336452e-03
3.089999999999999858e+00       4.020251039174859396e-03
3.100000000000000089e+00       3.992322068924586929e-03
3.109999999999999876e+00       3.964651316972093997e-03
3.120000000000000107e+00       3.937236007123370678e-03
3.129999999999999893e+00       3.910073393657142495e-03
3.140000000000000124e+00       3.883160761317419347e-03
3.149999999999999911e+00       3.856495425234533064e-03
3.160000000000000142e+00       3.830074717662338563e-03
3.169999999999999929e+00       3.803896040598207708e-03
3.180000000000000160e+00       3.777956786167987330e-03
3.189999999999999947e+00       3.752254389557604063e-03
3.200000000000000178e+00       3.726786315452355804e-03
3.209999999999999964e+00       3.701550057795900510e-03
3.220000000000000195e+00       3.676543139524267138e-03
3.229999999999999982e+00       3.651763112298897322e-03
3.240000000000000213e+00       3.627207556224891580e-03
3.250000000000000000e+00       3.602874079562646235e-03
3.259999999999999787e+00       3.578760318433178537e-03
3.270000000000000018e+00       3.554863936519084191e-03
3.279999999999999805e+00       3.531182624761498509e-03
3.290000000000000036e+00       3.507714101054665821e-03
3.299999999999999822e+00       3.484456109938739027e-03
3.310000000000000053e+00       3.461406422291630255e-03
3.319999999999999840e+00       3.438562835025194865e-03
3.330000000000000071e+00       3.415923170760057099e-03
3.339999999999999858e+00       3.393485277542111593e-03
3.350000000000000089e+00       3.371247028521211393e-03
3.359999999999999876e+00       3.349206321650127945e-03
3.370000000000000107e+00       3.327361079381754676e-03
3.379999999999999893e+00       3.305709248368524523e-03
3.390000000000000124e+00       3.284248799164151984e-03
3.399999999999999911e+00       3.262977725928011084e-03
3.410000000000000142e+00       3.241894046132529593e-03
3.419999999999999929e+00       3.220995800271855228e-03
3.430000000000000160e+00       3.200281051577622080e-03
3.439999999999999947e+00       3.179747885732399880e-03
3.450000000000000178e+00       3.159394410590420869e-03
3.459999999999999964e+00       3.139218755899942509e-03
3.470000000000000195e+00       3.119219073029186762e-03
3.479999999999999982e+00       3.099393534695631721e-03
3.490000000000000213e+00       3.079740334698681178e-03
3.500000000000000000e+00       3.060257687655715177e-03
3.509999999999999787e+00       3.040943828741527605e-03
3.520000000000000018e+00       3.021797013431182927e-03
3.529999999999999805e+00       3.002815517246227445e-03
3.540000000000000036e+00       2.983997635503145285e-03
3.549999999999999822e+00       2.965341683071128550e-03
3.560000000000000053e+00       2.946845993447443687e-03
3.569999999999999840e+00       2.928508903414573858e-03
3.580000000000000071e+00       2.910328741854895009e-03
3.589999999999999858e+00       2.892303842329843611e-03
3.600000000000000089e+00       2.874432548868648130e-03
3.609999999999999876e+00       2.856713218829909796e-03
3.620000000000000107e+00       2.839144224683497111e-03
3.629999999999999893e+00       2.821723955251779093e-03
3.640000000000000124e+00       2.804450816553396945e-03
3.649999999999999911e+00       2.787323232440159105e-03
3.660000000000000142e+00       2.770339645014476427e-03
3.669999999999999929e+00       2.753498514943358844e-03
3.680000000000000160e+00       2.736798321645297124e-03
3.689999999999999947e+00       2.720237563406066941e-03
3.700000000000000178e+00       2.703814757406298834e-03
3.709999999999999964e+00       2.687528439822260869e-03
3.720000000000000195e+00       2.671377165386382060e-03
3.729999999999999982e+00       2.655359507850188917e-03
3.740000000000000213e+00       2.639474059488559204e-03
3.750000000000000000e+00       2.623719431041839426e-03
3.759999999999999787e+00       2.608094251544082476e-03
3.770000000000000018e+00       2.592597168132469623e-03
3.779999999999999805e+00       2.577226845849358607e-03
3.790000000000000036e+00       2.561981967419580709e-03
3.799999999999999822e+00       2.546861233030946626e-03
3.810000000000000053e+00       2.531863360101212386e-03
3.819999999999999840e+00       2.516987083040446525e-03
3.830000000000000071e+00       2.502231153008956360e-03
3.839999999999999858e+00       2.487594337672103043e-03
3.850000000000000089e+00       2.473075420952964686e-03
3.859999999999999876e+00       2.458673202783845466e-03
3.870000000000000107e+00       2.444386498857281220e-03
3.879999999999999893e+00       2.430214140377775795e-03
3.890000000000000124e+00       2.416154973813615468e-03
3.899999999999999911e+00       2.402207860650510014e-03
3.910000000000000142e+00       2.388371677147506714e-03
3.919999999999999929e+00       2.374645314094280413e-03
3.930000000000000160e+00       2.361027676571408624e-03
3.939999999999999947e+00       2.347517683713326326e-03
3.950000000000000178e+00       2.334114268474305701e-03
3.959999999999999964e+00       2.320816377397745718e-03
3.970000000000000195e+00       2.307622970388286711e-03
3.979999999999999982e+00       2.294533020488523280e-03
3.990000000000000213e+00       2.281545513658197414e-03
4.000000000000000000e+00       2.268659448557645581e-03
4.009999999999999787e+00       2.255873836334858825e-03
4.019999999999999574e+00       2.243187700416732645e-03
4.030000000000000249e+00       2.230600076302096703e-03
4.040000000000000036e+00       2.218110011362771968e-03
4.049999999999999822e+00       2.205716564644091826e-03
4.059999999999999609e+00       2.193418806671525514e-03
4.070000000000000284e+00       2.181215819260627891e-03
4.080000000000000071e+00       2.169106695330748780e-03
4.089999999999999858e+00       2.157090538722527054e-03
4.099999999999999645e+00       2.145166464019049313e-03
4.110000000000000320e+00       2.133333596363199119e-03
4.120000000000000107e+00       2.121591071314701468e-03
4.129999999999999893e+00       2.109938034640901697e-03
4.139999999999999680e+00       2.098373642178830677e-03
4.150000000000000355e+00       2.086897059667744154e-03
4.160000000000000142e+00       2.075507462591477149e-03
4.169999999999999929e+00       2.064204036024125995e-03
4.179999999999999716e+00       2.052985974478995987e-03
4.190000000000000391e+00       2.041852481760746563e-03
4.200000000000000178e+00       2.030802770820674171e-03
4.209999999999999964e+00       2.019836063615052142e-03
4.219999999999999751e+00       2.008951590966488992e-03
4.230000000000000426e+00       1.998148592428215797e-03
4.240000000000000213e+00       1.987426316151246278e-03
4.250000000000000000e+00       1.976784018754337586e-03
4.259999999999999787e+00       1.966220965196703238e-03
4.269999999999999574e+00       1.955736428653398820e-03
4.280000000000000249e+00       1.945329690393311512e-03
4.290000000000000036e+00       1.935000039659719173e-03
4.299999999999999822e+00       1.924746773553316853e-03
4.309999999999999609e+00       1.914569196917695988e-03
4.320000000000000284e+00       1.904466622227162648e-03
4.330000000000000071e+00       1.894438369476896152e-03
4.339999999999999858e+00       1.884483766075323351e-03
4.349999999999999645e+00       1.874602146738730711e-03
4.360000000000000320e+00       1.864792853387967379e-03
4.370000000000000107e+00       1.855055235047277633e-03
4.379999999999999893e+00       1.845388647745132595e-03
4.389999999999999680e+00       1.835792454417056220e-03
4.400000000000000355e+00       1.826266024810377494e-03
4.410000000000000142e+00       1.816808735390860238e-03
4.419999999999999929e+00       1.807419969251167387e-03
4.429999999999999716e+00       1.798099116021097729e-03
4.440000000000000391e+00       1.788845571779583594e-03
4.450000000000000178e+00       1.779658738968347169e-03
4.459999999999999964e+00       1.770538026307239693e-03
4.469999999999999751e+00       1.761482848711163392e-03
4.480000000000000426e+00       1.752492627208567660e-03
4.490000000000000213e+00       1.743566788861472669e-03
4.500000000000000000e+00       1.734704766686933231e-03
4.509999999999999787e+00       1.725905999580143284e-03
4.519999999999999574e+00       1.717169932238573823e-03
4.530000000000000249e+00       1.708496015087858149e-03
4.540000000000000036e+00       1.699883704208833730e-03
4.549999999999999822e+00       1.691332461265923062e-03
4.559999999999999609e+00       1.682841753436785208e-03
4.570000000000000284e+00       1.674411053343210489e-03
4.580000000000000071e+00       1.666039838983225793e-03
4.589999999999999858e+00       1.657727593664375804e-03
4.599999999999999645e+00       1.649473805938151977e-03
4.610000000000000320e+00       1.641277969535547346e-03
4.620000000000000107e+00       1.633139583303706149e-03
4.629999999999999893e+00       1.625058151143625798e-03
4.639999999999999680e+00       1.617033181947448569e-03
4.650000000000000355e+00       1.609064189544143946e-03
4.660000000000000142e+00       1.601150692631358704e-03
4.669999999999999929e+00       1.593292214714923634e-03
4.679999999999999716e+00       1.585488284081410437e-03
4.690000000000000391e+00       1.577738433696276345e-03
4.700000000000000178e+00       1.570042201177709266e-03
4.709999999999999964e+00       1.562399128734859918e-03
4.719999999999999751e+00       1.554808763114063882e-03
4.730000000000000426e+00       1.547270655545909118e-03
4.740000000000000213e+00       1.539784361693224404e-03
4.750000000000000000e+00       1.532349441599303039e-03
4.759999999999999787e+00       1.524965459638048413e-03
4.769999999999999574e+00       1.517631984463744654e-03
4.780000000000000249e+00       1.510348588962922818e-03
4.790000000000000036e+00       1.503114850202132710e-03
4.799999999999999822e+00       1.495930349388282978e-03
4.809999999999999609e+00       1.488794671813661657e-03
4.820000000000000284e+00       1.481707406814204795e-03
4.830000000000000071e+00       1.474668147722491950e-03
4.839999999999999858e+00       1.467676491823428778e-03
4.849999999999999645e+00       1.460732040309410716e-03
4.860000000000000320e+00       1.453834398238204985e-03
4.870000000000000107e+00       1.446983174485737484e-03
4.879999999999999893e+00       1.440177981711223982e-03
4.889999999999999680e+00       1.433418436308021501e-03
4.900000000000000355e+00       1.426704158365872275e-03
4.910000000000000142e+00       1.420034771630219496e-03
4.919999999999999929e+00       1.413409903461062709e-03
4.929999999999999716e+00       1.406829184794082012e-03
4.940000000000000391e+00       1.400292250101440889e-03
4.950000000000000178e+00       1.393798737353283594e-03
4.959999999999999964e+00       1.387348287979733212e-03
4.969999999999999751e+00       1.380940546833410573e-03
4.980000000000000426e+00       1.374575162152431298e-03
4.990000000000000213e+00       1.368251785523892042e-03
5.000000000000000000e+00       1.361970071763206379e-03
5.009999999999999787e+00       1.355729679219642948e-03
5.019999999999999574e+00       1.349530269225510636e-03
5.030000000000000249e+00       1.343371506408090697e-03
5.040000000000000036e+00       1.337253058568033288e-03
5.049999999999999822e+00       1.331174596645565492e-03
5.059999999999999609e+00       1.325135794687133011e-03
5.070000000000000284e+00       1.319136329812454524e-03
5.080000000000000071e+00       1.313175882181981304e-03
5.089999999999999858e+00       1.307254134964779034e-03
5.099999999999999645e+00       1.301370774306784316e-03
5.110000000000000320e+00       1.295525489299472312e-03
5.120000000000000107e+00       1.289717971948895620e-03
5.129999999999999893e+00       1.283947917145103913e-03
5.139999999999999680e+00       1.278215022631938721e-03
5.150000000000000355e+00       1.272518988977189031e-03
5.160000000000000142e+00       1.266859519543110961e-03
5.169999999999999929e+00       1.261236320457299366e-03
5.179999999999999716e+00       1.255649100583904878e-03
5.190000000000000391e+00       1.250097571495197447e-03
5.200000000000000178e+00       1.244581447443470542e-03
5.209999999999999964e+00       1.239100445333273003e-03
5.219999999999999751e+00       1.233654284693948364e-03
5.230000000000000426e+00       1.228242687652553872e-03
5.240000000000000213e+00       1.222865378907032332e-03
5.250000000000000000e+00       1.217522085699728742e-03
5.259999999999999787e+00       1.212212537791216779e-03
5.269999999999999574e+00       1.206936467434413691e-03
5.280000000000000249e+00       1.201693609347432960e-03
5.290000000000000036e+00       1.196483700694613798e-03
5.299999999999999822e+00       1.191306481052024436e-03
5.309999999999999609e+00       1.186161692389110919e-03
5.320000000000000284e+00       1.181049079042684061e-03
5.330000000000000071e+00       1.175968387692760166e-03
5.339999999999999858e+00       1.170919367338699906e-03
5.349999999999999645e+00       1.165901769275598738e-03
5.360000000000000320e+00       1.160915347070955303e-03
5.370000000000000107e+00       1.155959856541694366e-03
5.379999999999999893e+00       1.151035055730958165e-03
5.389999999999999680e+00       1.146140704886106435e-03
5.400000000000000355e+00       1.141276566436164128e-03
5.410000000000000142e+00       1.136442404969642984e-03
5.419999999999999929e+00       1.131637987212873739e-03
5.429999999999999716e+00       1.126863082008149487e-03
5.440000000000000391e+00       1.122117460293685495e-03
5.450000000000000178e+00       1.117400895079926791e-03
5.459999999999999964e+00       1.112713161431343970e-03
5.469999999999999751e+00       1.108054036444339543e-03
5.480000000000000426e+00       1.103423299227326371e-03
5.490000000000000213e+00       1.098820730880366563e-03
5.500000000000000000e+00       1.094246114475406258e-03
5.509999999999999787e+00       1.089699235036304184e-03
5.519999999999999574e+00       1.085179879519221693e-03
5.530000000000000249e+00       1.080687836794469534e-03
5.540000000000000036e+00       1.076222897625032189e-03
5.549999999999999822e+00       1.071784854650036827e-03
5.559999999999999609e+00       1.067373502364892890e-03
5.570000000000000284e+00       1.062988637103097446e-03
5.580000000000000071e+00       1.058630057017722432e-03
5.589999999999999858e+00       1.054297562063670609e-03
5.599999999999999645e+00       1.049990953979556803e-03
5.610000000000000320e+00       1.045710036270064468e-03
5.620000000000000107e+00       1.041454614188440158e-03
5.629999999999999893e+00       1.037224494719168628e-03
5.639999999999999680e+00       1.033019486560845255e-03
5.650000000000000355e+00       1.028839400109222155e-03
5.660000000000000142e+00       1.024684047440439479e-03
5.669999999999999929e+00       1.020553242294438201e-03
5.679999999999999716e+00       1.016446799966886196e-03
5.690000000000000391e+00       1.012364537662056125e-03
5.700000000000000178e+00       1.008306273919262969e-03
5.709999999999999964e+00       1.004271828998035522e-03
5.719999999999999751e+00       1.000261024660885865e-03
5.730000000000000426e+00       9.962736843189474219e-04
5.740000000000000213e+00       9.923096329089019663e-04
5.750000000000000000e+00       9.883686969047226177e-04
5.759999999999999787e+00       9.844507043026162231e-04
5.769999999999999574e+00       9.805554846061108071e-04
5.780000000000000249e+00       9.766828688113073868e-04
5.790000000000000036e+00       9.728326893922873688e-04
5.799999999999999822e+00       9.690047802866726036e-04
5.809999999999999609e+00       9.651989768813400454e-04
5.820000000000000284e+00       9.614151159982834306e-04
5.830000000000000071e+00       9.576530358806260943e-04
5.839999999999999858e+00       9.539125761787801538e-04
5.849999999999999645e+00       9.501935779367554199e-04
5.860000000000000320e+00       9.464958835786037262e-04
5.870000000000000107e+00       9.428193368706410966e-04
5.879999999999999893e+00       9.391637830057395853e-04
5.889999999999999680e+00       9.355290684437369457e-04
5.900000000000000355e+00       9.319150409961699574e-04
5.910000000000000142e+00       9.283215497889683301e-04
5.919999999999999929e+00       9.247484452497309413e-04
5.929999999999999716e+00       9.211955790951391158e-04
5.940000000000000391e+00       9.176628043184983843e-04
5.950000000000000178e+00       9.141499751774144651e-04
5.959999999999999964e+00       9.106569471815893768e-04
5.969999999999999751e+00       9.071835770807563275e-04
5.980000000000000426e+00       9.037297228527329997e-04
5.990000000000000213e+00       9.002952436915971331e-04
6.000000000000000000e+00       8.968799999959916691e-04
6.009999999999999787e+00       8.934838533570336203e-04
6.019999999999999574e+00       8.901066665436557649e-04
6.030000000000000249e+00       8.867483034913969725e-04
6.040000000000000036e+00       8.834086292927462994e-04
6.049999999999999822e+00       8.800875101866497546e-04
6.059999999999999609e+00       8.767848135623161751e-04
6.070000000000000284e+00       8.735004078905055872e-04
6.080000000000000071e+00       8.702341628007589881e-04
6.089999999999999858e+00       8.669859490116232133e-04
6.099999999999999645e+00       8.637556383355208482e-04
6.110000000000000320e+00       8.605431036682348756e-04
6.120000000000000107e+00       8.573482189786872524e-04
6.129999999999999893e+00       8.541708592987796089e-04
6.139999999999999680e+00       8.510109007133501765e-04
6.150000000000000355e+00       8.478682203502042230e-04
6.160000000000000142e+00       8.447426963702781705e-04
6.169999999999999929e+00       8.416342079578620437e-04
6.179999999999999716e+00       8.385426353109355418e-04
6.190000000000000391e+00       8.354678596316025569e-04
6.200000000000000178e+00       8.324097631165975741e-04
6.209999999999999964e+00       8.293682289479272721e-04
6.219999999999999751e+00       8.263431412835649248e-04
6.230000000000000426e+00       8.233343852482613535e-04
6.240000000000000213e+00       8.203418469244375209e-04
6.250000000000000000e+00       8.173654133431743768e-04
6.259999999999999787e+00       8.144049724752951873e-04
6.269999999999999574e+00       8.114604132225149754e-04
6.280000000000000249e+00       8.085316254087201743e-04
6.290000000000000036e+00       8.056184997713042263e-04
6.299999999999999822e+00       8.027209279525956628e-04
6.309999999999999609e+00       7.998388024913804031e-04
6.320000000000000284e+00       7.969720168145038490e-04
6.330000000000000071e+00       7.941204652285626438e-04
6.339999999999999858e+00       7.912840429116727589e-04
6.349999999999999645e+00       7.884626459053278944e-04
6.360000000000000320e+00       7.856561711063373516e-04
6.370000000000000107e+00       7.828645162603219045e-04
6.379999999999999893e+00       7.800875799479419382e-04
6.389999999999999680e+00       7.773252615858266103e-04
6.400000000000000355e+00       7.745774614130371532e-04
6.410000000000000142e+00       7.718440804848444208e-04
6.419999999999999929e+00       7.691250206679070079e-04
6.429999999999999716e+00       7.664201846217818083e-04
6.440000000000000391e+00       7.637294758078426622e-04
6.450000000000000178e+00       7.610527984710953580e-04
6.459999999999999964e+00       7.583900576355856026e-04
6.469999999999999751e+00       7.557411590971787772e-04
6.480000000000000426e+00       7.531060094457009716e-04
6.490000000000000213e+00       7.504845159405821881e-04
6.500000000000000000e+00       7.478765866801024686e-04
6.509999999999999787e+00       7.452821304767606866e-04
6.519999999999999574e+00       7.427010568799016299e-04
6.530000000000000249e+00       7.401332761689259675e-04
6.540000000000000036e+00       7.375786993465771949e-04
6.549999999999999822e+00       7.350372381322868012e-04
6.559999999999999609e+00       7.325088049555929454e-04
6.570000000000000284e+00       7.299933129496226662e-04
6.580000000000000071e+00       7.274906759446384940e-04
6.589999999999999858e+00       7.250008084616525001e-04
6.599999999999999645e+00       7.225236257061011698e-04
6.610000000000000320e+00       7.200590435615881460e-04
6.620000000000000107e+00       7.176069785836835689e-04
6.629999999999999893e+00       7.151673479937911779e-04
6.639999999999999680e+00       7.127400696730747196e-04
6.650000000000000355e+00       7.103250621564418180e-04
6.660000000000000142e+00       7.079222445999547005e-04
6.669999999999999929e+00       7.055315368815771914e-04
6.679999999999999716e+00       7.031528594352473268e-04
6.690000000000000391e+00       7.007861333519200099e-04
6.700000000000000178e+00       6.984312803471216108e-04
6.709999999999999964e+00       6.960882227552845757e-04
6.719999999999999751e+00       6.937568835241471983e-04
6.730000000000000426e+00       6.914371862091975166e-04
6.740000000000000213e+00       6.891290549681862746e-04
6.750000000000000000e+00       6.868324145556813001e-04
6.759999999999999787e+00       6.845471903176869339e-04
6.769999999999999574e+00       6.822733081863076960e-04
6.780000000000000249e+00       6.800106946744723406e-04
6.790000000000000036e+00       6.777592768707198191e-04
6.799999999999999822e+00       6.755189824339554285e-04
6.809999999999999609e+00       6.732897395884651073e-04
6.820000000000000284e+00       6.710714771187063863e-04
6.830000000000000071e+00       6.688641243643667035e-04
6.839999999999999858e+00       6.666676112153037577e-04
6.849999999999999645e+00       6.644818681067737182e-04
6.860000000000000320e+00       6.623068260144009600e-04
6.870000000000000107e+00       6.601424164494314271e-04
6.879999999999999893e+00       6.579885714539343870e-04
6.889999999999999680e+00       6.558452236115842795e-04
6.900000000000000355e+00       6.537123059807819223e-04
6.910000000000000142e+00       6.515897521835274306e-04
6.919999999999999929e+00       6.494774963383339065e-04
6.929999999999999716e+00       6.473754730713408368e-04
6.940000000000000391e+00       6.452836175118092325e-04
6.950000000000000178e+00       6.432018652876621972e-04
6.959999999999999964e+00       6.411301525210699476e-04
6.969999999999999751e+00       6.390684158240760330e-04
6.980000000000000426e+00       6.370165922942710437e-04
6.990000000000000213e+00       6.349746195104998209e-04
7.000000000000000000e+00       6.329424355286211419e-04
7.009999999999999787e+00       6.309199788674998283e-04
7.019999999999999574e+00       6.289071885440869741e-04
7.030000000000000249e+00       6.269040040103773847e-04
7.040000000000000036e+00       6.249103651886482071e-04
7.049999999999999822e+00       6.229262124575777812e-04
7.059999999999999609e+00       6.209514866482403802e-04
7.070000000000000284e+00       6.189861290401452946e-04
7.080000000000000071e+00       6.170300813573111531e-04
7.089999999999999858e+00       6.150832857643772147e-04
7.099999999999999645e+00       6.131456848627553184e-04
7.110000000000000320e+00       6.112172216868214060e-04
7.120000000000000107e+00       6.092978397001348008e-04
7.129999999999999893e+00       6.073874827917054081e-04
7.139999999999999680e+00       6.054860952722904057e-04
7.150000000000000355e+00       6.035936218707255206e-04
7.160000000000000142e+00       6.017100077302986981e-04
7.169999999999999929e+00       5.998351984051508755e-04
7.179999999999999716e+00       5.979691398567190406e-04
7.190000000000000391e+00       5.961117784502066108e-04
7.200000000000000178e+00       5.942630609510925199e-04
7.209999999999999964e+00       5.924229345216735880e-04
7.219999999999999751e+00       5.905913467176359495e-04
7.230000000000000426e+00       5.887682454846673548e-04
7.240000000000000213e+00       5.869535791567242903e-04
7.250000000000000000e+00       5.851472964462213575e-04
7.259999999999999787e+00       5.833493464504044311e-04
7.269999999999999574e+00       5.815596786416808760e-04
7.280000000000000249e+00       5.797782428659778485e-04
7.290000000000000036e+00       5.780049893395388045e-04
7.299999999999999822e+00       5.762398686448269493e-04
7.309999999999999609e+00       5.744828317310766638e-04
7.320000000000000284e+00       5.727338299056742047e-04
7.330000000000000071e+00       5.709928148347305976e-04
7.339999999999999858e+00       5.692597385391182270e-04
7.349999999999999645e+00       5.675345533914514422e-04
7.360000000000000320e+00       5.658172121130910148e-04
7.370000000000000107e+00       5.641076677711817731e-04
7.379999999999999893e+00       5.624058737757114870e-04
7.389999999999999680e+00       5.607117838766057481e-04
7.400000000000000355e+00       5.590253521608441007e-04
7.410000000000000142e+00       5.573465330496063129e-04
7.419999999999999929e+00       5.556752812954472709e-04
7.429999999999999716e+00       5.540115519794936664e-04
7.440000000000000391e+00       5.523553005086732090e-04
7.450000000000000178e+00       5.507064826129650899e-04
7.459999999999999964e+00       5.490650543426785256e-04
7.469999999999999751e+00       5.474309720657581906e-04
7.480000000000000426e+00       5.458041924651131768e-04
7.490000000000000213e+00       5.441846725359709980e-04
7.500000000000000000e+00       5.425723695832581576e-04
7.509999999999999787e+00       5.409672412190039180e-04
7.519999999999999574e+00       5.393692453597708500e-04
7.530000000000000249e+00       5.377783402241028375e-04
7.540000000000000036e+00       5.361944843300083191e-04
7.549999999999999822e+00       5.346176364924565402e-04
7.559999999999999609e+00       5.330477558209018854e-04
7.570000000000000284e+00       5.314848017168320640e-04
7.580000000000000071e+00       5.299287338713384128e-04
7.589999999999999858e+00       5.283795122627060400e-04
7.599999999999999645e+00       5.268370971540321584e-04
7.610000000000000320e+00       5.253014490908616569e-04
7.620000000000000107e+00       5.237725288988473926e-04
7.629999999999999893e+00       5.222502976814309738e-04
7.639999999999999680e+00       5.207347168175459860e-04
7.650000000000000355e+00       5.192257479593416014e-04
7.660000000000000142e+00       5.177233530299294980e-04
7.669999999999999929e+00       5.162274942211474756e-04
7.679999999999999716e+00       5.147381339913505030e-04
7.690000000000000391e+00       5.132552350632135817e-04
7.700000000000000178e+00       5.117787604215632332e-04
7.709999999999999964e+00       5.103086733112234064e-04
7.719999999999999751e+00       5.088449372348850201e-04
7.730000000000000426e+00       5.073875159509909014e-04
7.740000000000000213e+00       5.059363734716453356e-04
7.750000000000000000e+00       5.044914740605390118e-04
7.759999999999999787e+00       5.030527822308905562e-04
7.769999999999999574e+00       5.016202627434341449e-04
7.780000000000000249e+00       5.001938806043540985e-04
7.790000000000000036e+00       4.987736010633351614e-04
7.799999999999999822e+00       4.973593896115585710e-04
7.809999999999999609e+00       4.959512119797458317e-04
7.820000000000000284e+00       4.945490341362105118e-04
7.830000000000000071e+00       4.931528222849382304e-04
7.839999999999999858e+00       4.917625428636735819e-04
7.849999999999999645e+00       4.903781625420305891e-04
7.860000000000000320e+00       4.889996482196190932e-04
7.870000000000000107e+00       4.876269670241880575e-04
7.879999999999999893e+00       4.862600863097837792e-04
7.889999999999999680e+00       4.848989736549301640e-04
7.900000000000000355e+00       4.835435968608207654e-04
7.910000000000000142e+00       4.821939239495264353e-04
7.919999999999999929e+00       4.808499231622254729e-04
7.929999999999999716e+00       4.795115629574438014e-04
7.940000000000000391e+00       4.781788120093126014e-04
7.950000000000000178e+00       4.768516392058438328e-04
7.959999999999999964e+00       4.755300136363836846e-04
7.969999999999999751e+00       4.742139046332966251e-04
7.980000000000000426e+00       4.729032817051577854e-04
7.990000000000000213e+00       4.715981145785503085e-04
8.000000000000000000e+00       4.702983731855383143e-04
8.009999999999999787e+00       4.690040276620316526e-04
8.019999999999999574e+00       4.677150483461688145e-04
8.029999999999999361e+00       4.664314057767088989e-04
8.039999999999999147e+00       4.651530706914413582e-04
8.050000000000000711e+00       4.638800140256103821e-04
8.060000000000000497e+00       4.626122069103515318e-04
8.070000000000000284e+00       4.613496206711443126e-04
8.080000000000000071e+00       4.600922268262767271e-04
8.089999999999999858e+00       4.588399970853235428e-04
8.099999999999999645e+00       4.575929033476528037e-04
8.109999999999999432e+00       4.563509177008821436e-04
8.119999999999999218e+00       4.551140124194737136e-04
8.130000000000000782e+00       4.538821599632139690e-04
8.140000000000000568e+00       4.526553329757754198e-04
8.150000000000000355e+00       4.514335042832723658e-04
8.160000000000000142e+00       4.502166468928367428e-04
8.169999999999999929e+00       4.490047339911962449e-04
8.179999999999999716e+00       4.477977389432751627e-04
8.189999999999999503e+00       4.465956352908042183e-04
8.199999999999999289e+00       4.453983967509378829e-04
8.210000000000000853e+00       4.442059972148919679e-04
8.220000000000000639e+00       4.430184107465883728e-04
8.230000000000000426e+00       4.418356115813113242e-04
8.240000000000000213e+00       4.406575741243788495e-04
8.250000000000000000e+00       4.394842729498222179e-04
8.259999999999999787e+00       4.383156828004727314e-04
8.269999999999999574e+00       4.371517785810880453e-04
8.279999999999999361e+00       4.359925353654471331e-04
8.289999999999999147e+00       4.348379283894806733e-04
8.300000000000000711e+00       4.336879330514140009e-04
8.310000000000000497e+00       4.325425249105121985e-04
8.320000000000000284e+00       4.314016796858435084e-04
8.330000000000000071e+00       4.302653732550490353e-04
8.339999999999999858e+00       4.291335816531233432e-04
8.349999999999999645e+00       4.280062810712101785e-04
8.359999999999999432e+00       4.268834478554022578e-04
8.369999999999999218e+00       4.257650585055556386e-04
8.380000000000000782e+00       4.246510896741134146e-04
8.390000000000000568e+00       4.235415181649412279e-04
8.400000000000000355e+00       4.224363209321700457e-04
8.410000000000000142e+00       4.213354750790472862e-04
8.419999999999999929e+00       4.202389578568070791e-04
8.429999999999999716e+00       4.191467466635398226e-04
8.439999999999999503e+00       4.180588190430773528e-04
8.449999999999999289e+00       4.169751526838848341e-04
8.460000000000000853e+00       4.158957254179655532e-04
8.470000000000000639e+00       4.148205152197722710e-04
8.480000000000000426e+00       4.137495002051279000e-04
8.490000000000000213e+00       4.126826586301601124e-04
8.500000000000000000e+00       4.116199688902364372e-04
8.509999999999999787e+00       4.105614095189182760e-04
8.519999999999999574e+00       4.095069591869160029e-04
8.529999999999999361e+00       4.084565967010578345e-04
8.539999999999999147e+00       4.074103010032666138e-04
8.550000000000000711e+00       4.063680511695420155e-04
8.560000000000000497e+00       4.053298264089576046e-04
8.570000000000000284e+00       4.042956060626613107e-04
8.580000000000000071e+00       4.032653696028850633e-04
8.589999999999999858e+00       4.022390966319653780e-04
8.599999999999999645e+00       4.012167668813728326e-04
8.609999999999999432e+00       4.001983602107430076e-04
8.619999999999999218e+00       3.991838566069260200e-04
8.630000000000000782e+00       3.981732361830332928e-04
8.640000000000000568e+00       3.971664791775039488e-04
8.650000000000000355e+00       3.961635659531654034e-04
8.660000000000000142e+00       3.951644769963178101e-04
8.669999999999999929e+00       3.941691929158106997e-04
8.679999999999999716e+00       3.931776944421407072e-04
8.689999999999999503e+00       3.921899624265448537e-04
8.699999999999999289e+00       3.912059778401127475e-04
8.710000000000000853e+00       3.902257217728985678e-04
8.720000000000000639e+00       3.892491754330433497e-04
8.730000000000000426e+00       3.882763201459035014e-04
8.740000000000000213e+00       3.873071373531894067e-04
8.750000000000000000e+00       3.863416086121059228e-04
8.759999999999999787e+00       3.853797155945062154e-04
8.769999999999999574e+00       3.844214400860493873e-04
8.779999999999999361e+00       3.834667639853597885e-04
8.789999999999999147e+00       3.825156693032034016e-04
8.800000000000000711e+00       3.815681381616590779e-04
8.810000000000000497e+00       3.806241527932968205e-04
8.820000000000000284e+00       3.796836955403503754e-04
8.830000000000000071e+00       3.787467488538577847e-04
8.839999999999999858e+00       3.778132952926738404e-04
8.849999999999999645e+00       3.768833175216787664e-04
8.859999999999999432e+00       3.759567982968509765e-04
8.869999999999999218e+00       3.750337206071806284e-04
8.880000000000000782e+00       3.741140672610247559e-04
8.890000000000000568e+00       3.731978214474176536e-04
8.900000000000000355e+00       3.722849663449660849e-04
8.910000000000000142e+00       3.713754852465206055e-04
8.919999999999999929e+00       3.704693615480528419e-04
8.929999999999999716e+00       3.695665787470536908e-04
8.939999999999999503e+00       3.686671204416298538e-04
8.949999999999999289e+00       3.677709703297253260e-04
8.960000000000000853e+00       3.668781122083846261e-04
8.970000000000000639e+00       3.659885299730324527e-04
8.980000000000000426e+00       3.651022076167629899e-04
8.990000000000000213e+00       3.642191292296352296e-04
9.000000000000000000e+00       3.633392789979799503e-04
9.009999999999999787e+00       3.624626411972992220e-04
9.019999999999999574e+00       3.615892001517045061e-04
9.029999999999999361e+00       3.607189402338713356e-04
9.039999999999999147e+00       3.598518458830637424e-04
9.050000000000000711e+00       3.589879016116577395e-04
9.060000000000000497e+00       3.581270920086518589e-04
9.070000000000000284e+00       3.572694017420187862e-04
9.080000000000000071e+00       3.564148155598517958e-04
9.089999999999999858e+00       3.555633182920402233e-04
9.099999999999999645e+00       3.547148948504251563e-04
9.109999999999999432e+00       3.538695302298670484e-04
9.119999999999999218e+00       3.530272095084538864e-04
9.130000000000000782e+00       3.521879178475047678e-04
9.140000000000000568e+00       3.513516404921674589e-04
9.150000000000000355e+00       3.505183627712173838e-04
9.160000000000000142e+00       3.496880700971214838e-04
9.169999999999999929e+00       3.488607479659819473e-04
9.179999999999999716e+00       3.480363819575464559e-04
9.189999999999999503e+00       3.472149577346054215e-04
9.199999999999999289e+00       3.463964610434521222e-04
9.210000000000000853e+00       3.455808777132512088e-04
9.220000000000000639e+00       3.447681936558886508e-04
9.230000000000000426e+00       3.439583948657009031e-04
9.240000000000000213e+00       3.431514674191573971e-04
9.250000000000000000e+00       3.423473974747876826e-04
9.259999999999999787e+00       3.415461712721372866e-04
9.269999999999999574e+00       3.407477751323511228e-04
9.279999999999999361e+00       3.399521954572514316e-04
9.289999999999999147e+00       3.391594187290981172e-04
9.300000000000000711e+00       3.383694315102024467e-04
9.310000000000000497e+00       3.375822204425438385e-04
9.320000000000000284e+00       3.367977722473619313e-04
9.330000000000000071e+00       3.360160737247553210e-04
9.339999999999999858e+00       3.352371117534429278e-04
9.349999999999999645e+00       3.344608732896423887e-04
9.359999999999999432e+00       3.336873453676746635e-04
9.369999999999999218e+00       3.329165150988636231e-04
9.380000000000000782e+00       3.321483696728214259e-04
9.390000000000000568e+00       3.313828963507720548e-04
9.400000000000000355e+00       3.306200824744818362e-04
9.410000000000000142e+00       3.298599154595594505e-04
9.419999999999999929e+00       3.291023827965745027e-04
9.429999999999999716e+00       3.283474720506121872e-04
9.439999999999999503e+00       3.275951708608208497e-04
9.449999999999999289e+00       3.268454669399611760e-04
9.460000000000000853e+00       3.260983480739568447e-04
9.470000000000000639e+00       3.253538021214387823e-04
9.480000000000000426e+00       3.246118170132915337e-04
9.490000000000000213e+00       3.238723807522039680e-04
9.500000000000000000e+00       3.231354814122109871e-04
9.509999999999999787e+00       3.224011071382407081e-04
9.519999999999999574e+00       3.216692461456637604e-04
9.529999999999999361e+00       3.209398867198369996e-04
9.539999999999999147e+00       3.202130172156545393e-04
9.550000000000000711e+00       3.194886260570891875e-04
9.560000000000000497e+00       3.187667017367455387e-04
9.570000000000000284e+00       3.180472328153996758e-04
9.580000000000000071e+00       3.173302079215394142e-04
9.589999999999999858e+00       3.166156157508812899e-04
9.599999999999999645e+00       3.159034450658168569e-04
9.609999999999999432e+00       3.151936847035717430e-04
9.619999999999999218e+00       3.144863235456716970e-04
9.630000000000000782e+00       3.137813505587164513e-04
9.640000000000000568e+00       3.130787547683745904e-04
9.650000000000000355e+00       3.123785252649633436e-04
9.660000000000000142e+00       3.116806512089660350e-04
9.669999999999999929e+00       3.109851218052995755e-04
9.679999999999999716e+00       3.102919263436545896e-04
9.689999999999999503e+00       3.096010541683149133e-04
9.699999999999999289e+00       3.089124946862266061e-04
9.710000000000000853e+00       3.082262373664691312e-04
9.720000000000000639e+00       3.075422717397974974e-04
9.730000000000000426e+00       3.068605873982078731e-04
9.740000000000000213e+00       3.061811739945134465e-04
9.750000000000000000e+00       3.055040212419271161e-04
9.759999999999999787e+00       3.048291189136436937e-04
9.769999999999999574e+00       3.041564568424325152e-04
9.779999999999999361e+00       3.034860249202243052e-04
9.789999999999999147e+00       3.028178130977076375e-04
9.800000000000000711e+00       3.021518113839239306e-04
9.810000000000000497e+00       3.014880098458674862e-04
9.820000000000000284e+00       3.008263986080844969e-04
9.830000000000000071e+00       3.001669678522800224e-04
9.839999999999999858e+00       2.995097078169231238e-04
9.849999999999999645e+00       2.988546087968527013e-04
9.859999999999999432e+00       2.982016611428945545e-04
9.869999999999999218e+00       2.975508552614715570e-04
9.880000000000000782e+00       2.969021816142195240e-04
9.890000000000000568e+00       2.962556307176101808e-04
9.900000000000000355e+00       2.956111931425686561e-04
9.910000000000000142e+00       2.949688595140999205e-04
9.919999999999999929e+00       2.943286205109133815e-04
9.929999999999999716e+00       2.936904668650552300e-04
9.939999999999999503e+00       2.930543893615367764e-04
9.949999999999999289e+00       2.924203788379720558e-04
9.960000000000000853e+00       2.917884261842100123e-04
9.970000000000000639e+00       2.911585223419804530e-04
9.980000000000000426e+00       2.905306583045297558e-04
9.990000000000000213e+00       2.899048251162680162e-04
