1.000000000000000021e-02       0.000000000000000000e+00
2.000000000000000042e-02       0.000000000000000000e+00
2.999999999999999889e-02       0.000000000000000000e+00
4.000000000000000083e-02       0.000000000000000000e+00
5.000000000000000278e-02       0.000000000000000000e+00
5.999999999999999778e-02       0.000000000000000000e+00
7.000000000000000666e-02       0.000000000000000000e+00
8.000000000000000167e-02       0.000000000000000000e+00
8.999999999999999667e-02       0.000000000000000000e+00
1.000000000000000056e-01       0.000000000000000000e+00
1.100000000000000006e-01       0.000000000000000000e+00
1.199999999999999956e-01       0.000000000000000000e+00
1.300000000000000044e-01       0.000000000000000000e+00
1.400000000000000133e-01       0.000000000000000000e+00
1.499999999999999944e-01       0.000000000000000000e+00
1.600000000000000033e-01       0.000000000000000000e+00
1.700000000000000122e-01       0.000000000000000000e+00
1.799999999999999933e-01       0.000000000000000000e+00
1.900000000000000022e-01       0.000000000000000000e+00
2.000000000000000111e-01       0.000000000000000000e+00
2.099999999999999922e-01       0.000000000000000000e+00
2.200000000000000011e-01       0.000000000000000000e+00
2.300000000000000100e-01       0.000000000000000000e+00
2.399999999999999911e-01       0.000000000000000000e+00
2.500000000000000000e-01       0.000000000000000000e+00
2.600000000000000089e-01       0.000000000000000000e+00
2.700000000000000178e-01       0.000000000000000000e+00
2.800000000000000266e-01       0.000000000000000000e+00
2.899999999999999800e-01       0.000000000000000000e+00
2.999999999999999889e-01       0.000000000000000000e+00
3.099999999999999978e-01       0.000000000000000000e+00
3.200000000000000067e-01       0.000000000000000000e+00
3.300000000000000155e-01       0.000000000000000000e+00
3.400000000000000244e-01       0.000000000000000000e+00
3.499999999999999778e-01       0.000000000000000000e+00
3.599999999999999867e-01       0.000000000000000000e+00
3.699999999999999956e-01       0.000000000000000000e+00
3.800000000000000044e-01       0.000000000000000000e+00
3.900000000000000133e-01       0.000000000000000000e+00
4.000000000000000222e-01       0.000000000000000000e+00
4.099999999999999756e-01       0.000000000000000000e+00
4.199999999999999845e-01       0.000000000000000000e+00
4.299999999999999933e-01       0.000000000000000000e+00
4.400000000000000022e-01       0.000000000000000000e+00
4.500000000000000111e-01       0.000000000000000000e+00
4.600000000000000200e-01       0.000000000000000000e+00
4.699999999999999734e-01       0.000000000000000000e+00
4.799999999999999822e-01       0.000000000000000000e+00
4.899999999999999911e-01       0.000000000000000000e+00
5.000000000000000000e-01       1.338081027059955369e-05
5.100000000000000089e-01       3.326004744145297492e-04
5.200000000000000178e-01       1.005703504146767020e-03
5.300000000000000266e-01       1.951046527796982451e-03
5.400000000000000355e-01       3.101468186057546126e-03
5.500000000000000444e-01       4.401928705527193356e-03
5.600000000000000533e-01       5.806341453535698166e-03
5.699999999999999512e-01       7.277024993455314533e-03
5.799999999999999600e-01       8.783871152471580887e-03
5.899999999999999689e-01       1.030281178188343152e-02
5.999999999999999778e-01       1.181479394161859785e-02
6.099999999999999867e-01       1.330490573692819263e-02
6.199999999999999956e-01       1.476163772625322702e-02
6.300000000000000044e-01       1.617626349327667967e-02
6.400000000000000133e-01       1.754232319601202461e-02
6.500000000000000222e-01       1.885519498959832910e-02
6.600000000000000311e-01       2.011174072455760090e-02
6.700000000000000400e-01       2.131001397216641252e-02
6.800000000000000488e-01       2.244902005913339618e-02
6.899999999999999467e-01       2.352851931453664447e-02
6.999999999999999556e-01       2.454886609953443183e-02
7.099999999999999645e-01       2.551087739017517814e-02
7.199999999999999734e-01       2.641572571806551778e-02
7.299999999999999822e-01       2.726485215422480915e-02
7.399999999999999911e-01       2.805989576399401178e-02
7.500000000000000000e-01       2.880263658315950631e-02
7.600000000000000089e-01       2.949494968079639443e-02
7.700000000000000178e-01       3.013876831022262517e-02
7.800000000000000266e-01       3.072042363619238020e-02
7.900000000000000355e-01       3.114440713247037043e-02
8.000000000000000444e-01       3.141427974425108072e-02
8.100000000000000533e-01       3.155542977922248110e-02
8.199999999999999512e-01       3.159138523927192133e-02
8.299999999999999600e-01       3.154302891131433723e-02
8.399999999999999689e-01       3.142836019395689462e-02
8.499999999999999778e-01       3.126254443536492789e-02
8.599999999999999867e-01       3.105812970721855484e-02
8.699999999999999956e-01       3.082534522380023928e-02
8.800000000000000044e-01       3.057242502587156560e-02
8.900000000000000133e-01       3.030592295324600893e-02
9.000000000000000222e-01       3.002661119173681212e-02
9.100000000000000311e-01       2.973219478273321503e-02
9.200000000000000400e-01       2.942832541248616152e-02
9.300000000000000488e-01       2.911958404514162005e-02
9.399999999999999467e-01       2.880952144077398094e-02
9.499999999999999556e-01       2.850085291191284398e-02
9.599999999999999645e-01       2.781762816589946480e-02
9.699999999999999734e-01       2.763756275778959937e-02
9.799999999999999822e-01       2.744961956377285975e-02
9.899999999999999911e-01       2.725463717857925725e-02
1.000000000000000000e+00       2.705339174411404424e-02
1.010000000000000009e+00       2.684660124675382342e-02
1.020000000000000018e+00       2.663492954192942311e-02
1.030000000000000027e+00       2.641899012710638081e-02
1.040000000000000036e+00       2.619934966917358485e-02
1.050000000000000044e+00       2.597653130044224462e-02
1.060000000000000053e+00       2.575101769537953278e-02
1.070000000000000062e+00       2.552325394039376555e-02
1.080000000000000071e+00       2.529365020876860048e-02
1.090000000000000080e+00       2.506258425251479266e-02
1.100000000000000089e+00       2.483040372250005720e-02
1.110000000000000098e+00       2.459742832776816782e-02
1.120000000000000107e+00       2.436395184442953152e-02
1.129999999999999893e+00       2.413024398404837664e-02
1.139999999999999902e+00       2.389655213086839744e-02
1.149999999999999911e+00       2.366310295673734396e-02
1.159999999999999920e+00       2.343010392205271963e-02
1.169999999999999929e+00       2.319774467058600270e-02
1.179999999999999938e+00       2.296619832544247175e-02
1.189999999999999947e+00       2.273562269321128745e-02
1.199999999999999956e+00       2.250616138251858994e-02
1.209999999999999964e+00       2.227794484315646917e-02
1.219999999999999973e+00       2.205109133131998370e-02
1.229999999999999982e+00       2.182570780619351447e-02
1.239999999999999991e+00       2.160189076275033371e-02
1.250000000000000000e+00       2.137972700595501541e-02
1.260000000000000009e+00       2.115929436654577500e-02
1.270000000000000018e+00       2.094066237279431850e-02
1.280000000000000027e+00       2.072389286713613443e-02
1.290000000000000036e+00       2.050904058307102124e-02
1.300000000000000044e+00       2.029615367992961342e-02
1.310000000000000053e+00       2.008527423970953713e-02
1.320000000000000062e+00       1.987643872859170061e-02
1.330000000000000071e+00       1.966967842569308442e-02
1.340000000000000080e+00       1.946501982122521984e-02
1.350000000000000089e+00       1.926248498655693323e-02
1.360000000000000098e+00       1.906209191780785725e-02
1.370000000000000107e+00       1.886385485511035687e-02
1.379999999999999893e+00       1.866778457916300205e-02
1.389999999999999902e+00       1.847388868670618925e-02
1.399999999999999911e+00       1.828217184640331186e-02
1.409999999999999920e+00       1.809263603653158553e-02
1.419999999999999929e+00       1.790528076574215977e-02
1.429999999999999938e+00       1.772010327810173702e-02
1.439999999999999947e+00       1.753709874351557993e-02
1.449999999999999956e+00       1.735626043456106604e-02
1.459999999999999964e+00       1.717757988249560275e-02
1.469999999999999973e+00       1.700104706266212726e-02
1.479999999999999982e+00       1.682665048629096438e-02
1.489999999999999991e+00       1.665437736521119261e-02
1.500000000000000000e+00       1.648421372537787685e-02
1.510000000000000009e+00       1.631614451997865159e-02
1.520000000000000018e+00       1.615015373334893756e-02
1.530000000000000027e+00       1.598622447443476952e-02
1.540000000000000036e+00       1.582433906342921304e-02
1.550000000000000044e+00       1.566447911311159846e-02
1.560000000000000053e+00       1.550662560508796715e-02
1.570000000000000062e+00       1.535075896108966005e-02
1.580000000000000071e+00       1.519685910960938587e-02
1.590000000000000080e+00       1.504490554801461016e-02
1.600000000000000089e+00       1.489487736844721973e-02
1.610000000000000098e+00       1.474675275565350691e-02
1.620000000000000107e+00       1.460050870637599058e-02
1.629999999999999893e+00       1.445612146220986126e-02
1.639999999999999902e+00       1.431356672954730083e-02
1.649999999999999911e+00       1.417281982052807920e-02
1.659999999999999920e+00       1.403385576384885702e-02
1.669999999999999929e+00       1.389664939733735970e-02
1.679999999999999938e+00       1.376117544840104595e-02
1.689999999999999947e+00       1.362740860441779937e-02
1.699999999999999956e+00       1.349532357444058889e-02
1.709999999999999964e+00       1.336489514491442758e-02
1.719999999999999973e+00       1.323609822706700058e-02
1.729999999999999982e+00       1.310890790100653104e-02
1.739999999999999991e+00       1.298329945289020647e-02
1.750000000000000000e+00       1.285924840796657739e-02
1.760000000000000009e+00       1.273673055931022653e-02
1.770000000000000018e+00       1.261572199269084087e-02
1.780000000000000027e+00       1.249619910775269516e-02
1.790000000000000036e+00       1.237813863563647088e-02
1.800000000000000044e+00       1.226151764937599351e-02
1.810000000000000053e+00       1.214631356710135085e-02
1.820000000000000062e+00       1.203250415408612523e-02
1.830000000000000071e+00       1.192006752523348811e-02
1.840000000000000080e+00       1.180898214734596267e-02
1.850000000000000089e+00       1.169922684129989787e-02
1.860000000000000098e+00       1.159078078397408201e-02
1.870000000000000107e+00       1.148362350967016207e-02
1.879999999999999893e+00       1.137773491119506604e-02
1.889999999999999902e+00       1.127309524028683417e-02
1.899999999999999911e+00       1.116968510763208765e-02
1.909999999999999920e+00       1.106748548224752160e-02
1.919999999999999929e+00       1.096647769028679005e-02
1.929999999999999938e+00       1.086664341340974269e-02
1.939999999999999947e+00       1.076796468643787322e-02
1.949999999999999956e+00       1.067042389497444878e-02
1.959999999999999964e+00       1.057400377172114207e-02
1.969999999999999973e+00       1.047868739315397334e-02
1.979999999999999982e+00       1.038445817540641254e-02
1.989999999999999991e+00       1.029129986986916656e-02
2.000000000000000000e+00       1.019919655836211587e-02
2.009999999999999787e+00       1.010813264819962476e-02
2.020000000000000018e+00       1.001809286671622064e-02
2.029999999999999805e+00       9.929062255843357568e-03
2.040000000000000036e+00       9.841026166264888256e-03
2.049999999999999822e+00       9.753970251503455910e-03
2.060000000000000053e+00       9.667880461868403122e-03
2.069999999999999840e+00       9.582743038172259961e-03
2.080000000000000071e+00       9.498544505597839027e-03
2.089999999999999858e+00       9.415271667266614589e-03
2.100000000000000089e+00       9.332911597876481988e-03
2.109999999999999876e+00       9.251451637316479917e-03
2.120000000000000107e+00       9.170879384263884437e-03
2.129999999999999893e+00       9.091182689808503456e-03
2.140000000000000124e+00       9.012349651109448703e-03
2.149999999999999911e+00       8.934368605104072575e-03
2.160000000000000142e+00       8.857228122272221837e-03
2.169999999999999929e+00       8.780917000484235110e-03
2.180000000000000160e+00       8.705424258926569223e-03
2.189999999999999947e+00       8.630739132124242222e-03
2.200000000000000178e+00       8.556851064064910362e-03
2.209999999999999964e+00       8.483749702431955114e-03
2.220000000000000195e+00       8.411424892952823473e-03
2.229999999999999982e+00       8.339866673867383368e-03
2.240000000000000213e+00       8.269065270520771505e-03
2.250000000000000000e+00       8.199011090083934208e-03
2.259999999999999787e+00       8.129694716404688853e-03
2.270000000000000018e+00       8.061106904991168984e-03
2.279999999999999805e+00       7.993238578129084268e-03
2.290000000000000036e+00       7.926080820133664384e-03
2.299999999999999822e+00       7.859624872736448165e-03
2.310000000000000053e+00       7.793862130606971778e-03
2.319999999999999840e+00       7.728784137008189344e-03
2.330000000000000071e+00       7.664382579586004156e-03
2.339999999999999858e+00       7.600649286289896424e-03
2.350000000000000089e+00       7.537576221424270237e-03
2.359999999999999876e+00       7.475155640306281775e-03
2.370000000000000107e+00       7.413379293181126400e-03
2.379999999999999893e+00       7.352240006434936255e-03
2.390000000000000124e+00       7.291730094362901780e-03
2.399999999999999911e+00       7.231842148235278697e-03
2.410000000000000142e+00       7.172568874622024804e-03
2.419999999999999929e+00       7.113903092313496671e-03
2.430000000000000160e+00       7.055837729264427191e-03
2.439999999999999947e+00       6.998365819687877784e-03
2.450000000000000178e+00       6.941480501369536905e-03
2.459999999999999964e+00       6.885175012991198717e-03
2.470000000000000195e+00       6.829442691534355625e-03
2.479999999999999982e+00       6.774276969797610355e-03
2.490000000000000213e+00       6.719671374011460668e-03
2.500000000000000000e+00       6.665619521543023410e-03
2.509999999999999787e+00       6.612115118686989930e-03
2.520000000000000018e+00       6.559151958540068543e-03
2.529999999999999805e+00       6.506723918956005756e-03
2.540000000000000036e+00       6.454824960578313571e-03
2.549999999999999822e+00       6.403449124947986279e-03
2.560000000000000053e+00       6.352590532683225627e-03
2.569999999999999840e+00       6.302243381728598291e-03
2.580000000000000071e+00       6.252401945670906479e-03
2.589999999999999858e+00       6.203060572119066356e-03
2.600000000000000089e+00       6.154213681145558751e-03
2.609999999999999876e+00       6.105855763786883009e-03
2.620000000000000107e+00       6.057981380600598389e-03
2.629999999999999893e+00       6.010585160276653641e-03
2.640000000000000124e+00       5.963661798300661128e-03
2.649999999999999911e+00       5.917206055666928907e-03
2.660000000000000142e+00       5.871212757639114425e-03
2.669999999999999929e+00       5.825676792556463285e-03
2.680000000000000160e+00       5.780593290892972573e-03
2.689999999999999947e+00       5.735956723101690892e-03
2.700000000000000178e+00       5.691762700731928595e-03
2.709999999999999964e+00       5.648006172934332339e-03
2.720000000000000195e+00       5.604682327072010688e-03
2.729999999999999982e+00       5.561786406977882805e-03
2.740000000000000213e+00       5.519313712906380280e-03
2.750000000000000000e+00       5.477259599449130038e-03
2.759999999999999787e+00       5.435619475481706132e-03
2.770000000000000018e+00       5.394388803128484684e-03
2.779999999999999805e+00       5.353563096933265653e-03
2.790000000000000036e+00       5.313137923075197770e-03
2.799999999999999822e+00       5.273108898614477409e-03
2.810000000000000053e+00       5.233471690757792068e-03
2.819999999999999840e+00       5.194222016144688092e-03
2.830000000000000071e+00       5.155355640154975390e-03
2.839999999999999858e+00       5.116868376236391111e-03
2.850000000000000089e+00       5.078756085251510954e-03
2.859999999999999876e+00       5.041014674843049409e-03
2.870000000000000107e+00       5.003640098816488149e-03
2.879999999999999893e+00       4.966628356539288386e-03
2.890000000000000124e+00       4.929975492355860578e-03
2.899999999999999911e+00       4.893677595017415470e-03
2.910000000000000142e+00       4.857730797126122262e-03
2.919999999999999929e+00       4.822131274592697005e-03
2.930000000000000160e+00       4.786875246106911223e-03
2.939999999999999947e+00       4.751958972620301709e-03
2.950000000000000178e+00       4.717378756840495159e-03
2.959999999999999964e+00       4.683130942736626369e-03
2.970000000000000195e+00       4.649211915055238495e-03
2.979999999999999982e+00       4.615618098846234300e-03
2.990000000000000213e+00       4.582345958998344099e-03
3.000000000000000000e+00       4.549391999783678441e-03
3.009999999999999787e+00       4.516752761365031531e-03
3.020000000000000018e+00       4.484424800906871948e-03
3.029999999999999805e+00       4.452404694016756474e-03
3.040000000000000036e+00       4.420689044285120925e-03
3.049999999999999822e+00       4.389274486868816397e-03
3.060000000000000053e+00       4.358157690421228525e-03
3.069999999999999840e+00       4.327335357995106511e-03
3.080000000000000071e+00       4.296804228945952028e-03
3.089999999999999858e+00       4.266561077712900663e-03
3.100000000000000089e+00       4.236602715233257939e-03
3.109999999999999876e+00       4.206925988815676289e-03
3.120000000000000107e+00       4.177527782167702458e-03
3.129999999999999893e+00       4.148405015337108294e-03
3.140000000000000124e+00       4.119554644603074141e-03
3.149999999999999911e+00       4.090973662294141756e-03
3.160000000000000142e+00       4.062659082624268253e-03
3.169999999999999929e+00       4.034607997415952732e-03
3.180000000000000160e+00       4.006817491556800663e-03
3.189999999999999947e+00       3.979284699060036019e-03
3.200000000000000178e+00       3.952006788593259365e-03
3.209999999999999964e+00       3.924980963139061349e-03
3.220000000000000195e+00       3.898204459631347471e-03
3.229999999999999982e+00       3.871674548592813833e-03
3.240000000000000213e+00       3.845388533758840009e-03
3.250000000000000000e+00       3.819343751696410629e-03
3.259999999999999787e+00       3.793537571418377063e-03
3.270000000000000018e+00       3.767967393994987781e-03
3.279999999999999805e+00       3.742630652163103297e-03
3.290000000000000036e+00       3.717524809934705070e-03
3.299999999999999822e+00       3.692647362205309872e-03
3.310000000000000053e+00       3.667995834363129218e-03
3.319999999999999840e+00       3.643567781904499814e-03
3.330000000000000071e+00       3.619360790028327331e-03
3.339999999999999858e+00       3.595372473276293914e-03
3.350000000000000089e+00       3.571600475134559596e-03
3.359999999999999876e+00       3.548042467658426690e-03
3.370000000000000107e+00       3.524696151096645517e-03
3.379999999999999893e+00       3.501559253519471483e-03
3.390000000000000124e+00       3.478629530450574967e-03
3.399999999999999911e+00       3.455904764503110651e-03
3.410000000000000142e+00       3.433382765020267201e-03
3.419999999999999929e+00       3.411061367718466308e-03
3.430000000000000160e+00       3.388938434339306468e-03
3.439999999999999947e+00       3.367011852300259497e-03
3.450000000000000178e+00       3.345279534354258372e-03
3.459999999999999964e+00       3.323739418252149528e-03
3.470000000000000195e+00       3.302389466410042725e-03
3.479999999999999982e+00       3.281227665581295649e-03
3.490000000000000213e+00       3.260252026533106383e-03
3.500000000000000000e+00       3.239460583727736716e-03
3.509999999999999787e+00       3.218851395008288235e-03
3.520000000000000018e+00       3.198422541289068933e-03
3.529999999999999805e+00       3.178172126250462717e-03
3.540000000000000036e+00       3.158098276037074516e-03
3.549999999999999822e+00       3.138199138966631975e-03
3.560000000000000053e+00       3.118472884517597792e-03
3.569999999999999840e+00       3.098917687060626786e-03
3.580000000000000071e+00       3.079531713994684491e-03
3.589999999999999858e+00       3.060313139032107711e-03
3.600000000000000089e+00       3.041260148295875203e-03
3.609999999999999876e+00       3.022370943318892968e-03
3.620000000000000107e+00       3.003643742900786746e-03
3.629999999999999893e+00       2.985076784392862431e-03
3.640000000000000124e+00       2.966668324562864861e-03
3.649999999999999911e+00       2.948416640241281143e-03
3.660000000000000142e+00       2.930320028735940423e-03
3.669999999999999929e+00       2.912376808137662632e-03
3.680000000000000160e+00       2.894585317491980923e-03
3.689999999999999947e+00       2.876943916896195115e-03
3.700000000000000178e+00       2.859450987503638249e-03
3.709999999999999964e+00       2.842104931605902909e-03
3.720000000000000195e+00       2.824904172144270236e-03
3.729999999999999982e+00       2.807847153175991890e-03
3.740000000000000213e+00       2.790932339327282727e-03
3.750000000000000000e+00       2.774158215709890147e-03
3.759999999999999787e+00       2.757523287717751972e-03
3.770000000000000018e+00       2.741026080804289614e-03
3.779999999999999805e+00       2.724665140252393713e-03
3.790000000000000036e+00       2.708439030918748883e-03
3.799999999999999822e+00       2.692346336982029929e-03
3.810000000000000053e+00       2.676385661677266239e-03
3.819999999999999840e+00       2.660555627025815596e-03
3.830000000000000071e+00       2.644854873561087484e-03
3.839999999999999858e+00       2.629282060051450938e-03
3.850000000000000089e+00       2.613835863221276260e-03
3.859999999999999876e+00       2.598514977471206959e-03
3.870000000000000107e+00       2.583318114598303315e-03
3.879999999999999893e+00       2.568244003517379873e-03
3.890000000000000124e+00       2.553291389982802195e-03
3.899999999999999911e+00       2.538459036312628106e-03
3.910000000000000142e+00       2.523745721115507133e-03
3.919999999999999929e+00       2.509150239019419196e-03
3.930000000000000160e+00       2.494671400403917876e-03
3.939999999999999947e+00       2.480308031135558186e-03
3.950000000000000178e+00       2.466058972306865368e-03
3.959999999999999964e+00       2.451923079979134376e-03
3.970000000000000195e+00       2.437899224928536616e-03
3.979999999999999982e+00       2.423986292397393560e-03
3.990000000000000213e+00       2.410183181848403293e-03
4.000000000000000000e+00       2.396488806723628441e-03
4.009999999999999787e+00       2.382902094207623583e-03
4.019999999999999574e+00       2.369421984995250755e-03
4.030000000000000249e+00       2.356047433061675064e-03
4.040000000000000036e+00       2.342777405441082931e-03
4.049999999999999822e+00       2.329610882005126674e-03
4.059999999999999609e+00       2.316546855248050821e-03
4.070000000000000284e+00       2.303584330075583633e-03
4.080000000000000071e+00       2.290722323598062219e-03
4.089999999999999858e+00       2.277959864927762632e-03
4.099999999999999645e+00       2.265295994980359457e-03
4.110000000000000320e+00       2.252729766272563820e-03
4.120000000000000107e+00       2.240260242761923405e-03
4.129999999999999893e+00       2.227886499616837154e-03
4.139999999999999680e+00       2.215607623062070333e-03
4.150000000000000355e+00       2.203422710193297419e-03
4.160000000000000142e+00       2.191330868802187325e-03
4.169999999999999929e+00       2.179331217205219585e-03
4.179999999999999716e+00       2.167422884076116146e-03
4.190000000000000391e+00       2.155605008281844502e-03
4.200000000000000178e+00       2.143876738722111982e-03
4.209999999999999964e+00       2.132237234172255740e-03
4.219999999999999751e+00       2.120685663129489012e-03
4.230000000000000426e+00       2.109221203662417325e-03
4.240000000000000213e+00       2.097843043263727079e-03
4.250000000000000000e+00       2.086550378706011379e-03
4.259999999999999787e+00       2.075342415900642470e-03
4.269999999999999574e+00       2.064218369759609258e-03
4.280000000000000249e+00       2.053177464060266556e-03
4.290000000000000036e+00       2.042218931312921038e-03
4.299999999999999822e+00       2.031342012631178438e-03
4.309999999999999609e+00       2.020545957604990422e-03
4.320000000000000284e+00       2.009830024176334756e-03
4.330000000000000071e+00       1.999193478517462437e-03
4.339999999999999858e+00       1.988635594911638063e-03
4.349999999999999645e+00       1.978155655636331788e-03
4.360000000000000320e+00       1.967752950848779183e-03
4.370000000000000107e+00       1.957426778473865189e-03
4.379999999999999893e+00       1.947176444094257794e-03
4.389999999999999680e+00       1.937001260842746968e-03
4.400000000000000355e+00       1.926900549296731852e-03
4.410000000000000142e+00       1.916873637374791979e-03
4.419999999999999929e+00       1.906919860235285757e-03
4.429999999999999716e+00       1.897038560176949945e-03
4.440000000000000391e+00       1.887229086541428354e-03
4.450000000000000178e+00       1.877490795617659967e-03
4.459999999999999964e+00       1.867823050548133614e-03
4.469999999999999751e+00       1.858225221236907074e-03
4.480000000000000426e+00       1.848696684259377174e-03
4.490000000000000213e+00       1.839236822773748390e-03
4.500000000000000000e+00       1.829845026434102819e-03
4.509999999999999787e+00       1.820520691305295294e-03
4.519999999999999574e+00       1.811263219779008816e-03
4.530000000000000249e+00       1.802072020491743551e-03
4.540000000000000036e+00       1.792946508244099924e-03
4.549999999999999822e+00       1.783886103921546434e-03
4.559999999999999609e+00       1.774890234416614046e-03
4.570000000000000284e+00       1.765958332552465364e-03
4.580000000000000071e+00       1.757089837007814277e-03
4.589999999999999858e+00       1.748284192243162267e-03
4.599999999999999645e+00       1.739540848428303014e-03
4.610000000000000320e+00       1.730859261371093995e-03
4.620000000000000107e+00       1.722238892447433512e-03
4.629999999999999893e+00       1.713679208532427724e-03
4.639999999999999680e+00       1.705179681931175183e-03
4.650000000000000355e+00       1.696739790318467630e-03
4.660000000000000142e+00       1.688359016663960530e-03
4.669999999999999929e+00       1.680036849165480756e-03
4.679999999999999716e+00       1.671772781217240825e-03
4.690000000000000391e+00       1.663566311299636679e-03
4.700000000000000178e+00       1.655416942948938165e-03
4.709999999999999964e+00       1.647324184689466335e-03
4.719999999999999751e+00       1.639287549974260266e-03
4.730000000000000426e+00       1.631306557126678460e-03
4.740000000000000213e+00       1.623380729283021347e-03
4.750000000000000000e+00       1.615509594335464089e-03
4.759999999999999787e+00       1.607692684877043508e-03
4.769999999999999574e+00       1.599929538146315205e-03
4.780000000000000249e+00       1.592219695974254109e-03
4.790000000000000036e+00       1.584562704726892590e-03
4.799999999999999822e+00       1.576958115261247861e-03
4.809999999999999609e+00       1.569405482865139645e-03
4.820000000000000284e+00       1.561904367211025503e-03
4.830000000000000071e+00       1.554454332304313225e-03
4.839999999999999858e+00       1.547054946434544848e-03
4.849999999999999645e+00       1.539705782126077815e-03
4.860000000000000320e+00       1.532406416091667460e-03
4.870000000000000107e+00       1.525156429180723463e-03
4.879999999999999893e+00       1.517955406340603395e-03
4.889999999999999680e+00       1.510802936562903294e-03
4.900000000000000355e+00       1.503698612841789179e-03
4.910000000000000142e+00       1.496642032129271100e-03
4.919999999999999929e+00       1.489632795290033980e-03
4.929999999999999716e+00       1.482670507058693595e-03
4.940000000000000391e+00       1.475754775996740084e-03
4.950000000000000178e+00       1.468885214450251680e-03
4.959999999999999964e+00       1.462061438508170273e-03
4.969999999999999751e+00       1.455283067961149219e-03
4.980000000000000426e+00       1.448549726260938905e-03
4.990000000000000213e+00       1.441861040480323748e-03
5.000000000000000000e+00       1.435216641184401806e-03
5.009999999999999787e+00       1.428616162751029407e-03
5.019999999999999574e+00       1.422059242788872814e-03
5.030000000000000249e+00       1.415545522464642120e-03
5.040000000000000036e+00       1.409074646373497655e-03
5.049999999999999822e+00       1.402646262502020569e-03
5.059999999999999609e+00       1.396260022191662432e-03
5.070000000000000284e+00       1.389915580102653011e-03
5.080000000000000071e+00       1.383612594178370561e-03
5.089999999999999858e+00       1.377350725610166412e-03
5.099999999999999645e+00       1.371129638802624090e-03
5.110000000000000320e+00       1.364949001339260150e-03
5.120000000000000107e+00       1.358808483948653698e-03
5.129999999999999893e+00       1.352707760470990301e-03
5.139999999999999680e+00       1.346646507825022439e-03
5.150000000000000355e+00       1.340624405975440660e-03
5.160000000000000142e+00       1.334641137900643071e-03
5.169999999999999929e+00       1.328696389560893830e-03
5.179999999999999716e+00       1.322789849866875872e-03
5.190000000000000391e+00       1.316921210648621570e-03
5.200000000000000178e+00       1.311090166624821361e-03
5.209999999999999964e+00       1.305296415372502296e-03
5.219999999999999751e+00       1.299539657297045731e-03
5.230000000000000426e+00       1.293819595602623733e-03
5.240000000000000213e+00       1.288135936262922157e-03
5.250000000000000000e+00       1.282488387992243399e-03
5.259999999999999787e+00       1.276876662216952637e-03
5.269999999999999574e+00       1.271300473047248239e-03
5.280000000000000249e+00       1.265759537247614650e-03
5.290000000000000036e+00       1.260253574215911172e-03
5.299999999999999822e+00       1.254782305946116174e-03
5.309999999999999609e+00       1.249345457008099345e-03
5.320000000000000284e+00       1.243942754519334433e-03
5.330000000000000071e+00       1.238573928118586517e-03
5.339999999999999858e+00       1.233238709939920869e-03
5.349999999999999645e+00       1.227936834586998687e-03
5.360000000000000320e+00       1.222668039107672718e-03
5.370000000000000107e+00       1.217432062968979919e-03
5.379999999999999893e+00       1.212228648031894729e-03
5.389999999999999680e+00       1.207057538527376434e-03
5.400000000000000355e+00       1.201918481031843651e-03
5.410000000000000142e+00       1.196811224443059506e-03
5.419999999999999929e+00       1.191735519956564756e-03
5.429999999999999716e+00       1.186691121041924882e-03
5.440000000000000391e+00       1.181677783420907258e-03
5.450000000000000178e+00       1.176695265041818959e-03
5.459999999999999964e+00       1.171743326059637019e-03
5.469999999999999751e+00       1.166821728812056889e-03
5.480000000000000426e+00       1.161930237797842002e-03
5.490000000000000213e+00       1.157068619654715589e-03
5.500000000000000000e+00       1.152236643137897164e-03
5.509999999999999787e+00       1.147434079098428022e-03
5.519999999999999574e+00       1.142660700461892468e-03
5.530000000000000249e+00       1.137916282208681655e-03
5.540000000000000036e+00       1.133200601350770617e-03
5.549999999999999822e+00       1.128513436913710115e-03
5.559999999999999609e+00       1.123854569915122342e-03
5.570000000000000284e+00       1.119223783344966503e-03
5.580000000000000071e+00       1.114620862145471744e-03
5.589999999999999858e+00       1.110045593191892133e-03
5.599999999999999645e+00       1.105497765272879344e-03
5.610000000000000320e+00       1.100977169071358638e-03
5.620000000000000107e+00       1.096483597145565076e-03
5.629999999999999893e+00       1.092016843910276853e-03
5.639999999999999680e+00       1.087576705618261991e-03
5.650000000000000355e+00       1.083162980341923235e-03
5.660000000000000142e+00       1.078775467955139615e-03
5.669999999999999929e+00       1.074413970115311191e-03
5.679999999999999716e+00       1.070078290149096504e-03
5.690000000000000391e+00       1.065768233423434368e-03
5.700000000000000178e+00       1.061483606741242969e-03
5.709999999999999964e+00       1.057224218746458068e-03
5.719999999999999751e+00       1.052989879694883613e-03
5.730000000000000426e+00       1.048780401607067288e-03
5.740000000000000213e+00       1.044595598138294262e-03
5.750000000000000000e+00       1.040435284590517963e-03
5.759999999999999787e+00       1.036299277896081221e-03
5.769999999999999574e+00       1.032187396601598516e-03
5.780000000000000249e+00       1.028099460852020808e-03
5.790000000000000036e+00       1.024035292374863649e-03
5.799999999999999822e+00       1.019994714464611150e-03
5.809999999999999609e+00       1.015977551967280632e-03
5.820000000000000284e+00       1.011983631265158789e-03
5.830000000000000071e+00       1.008012780261690732e-03
5.839999999999999858e+00       1.004064828366539900e-03
5.849999999999999645e+00       1.000139606480806914e-03
5.860000000000000320e+00       9.962369469823963153e-04
5.870000000000000107e+00       9.923566836858958851e-04
5.879999999999999893e+00       9.884986519309460571e-04
5.889999999999999680e+00       9.846626884139151464e-04
5.900000000000000355e+00       9.808486312767453804e-04
5.910000000000000142e+00       9.770563200673498122e-04
5.919999999999999929e+00       9.732855957258907667e-04
5.929999999999999716e+00       9.695363005712032438e-04
5.940000000000000391e+00       9.658082782873666410e-04
5.950000000000000178e+00       9.621013739104135190e-04
5.959999999999999964e+00       9.584154338151793136e-04
5.969999999999999751e+00       9.547503057022938607e-04
5.980000000000000426e+00       9.511058385853085563e-04
5.990000000000000213e+00       9.474818827779563296e-04
6.000000000000000000e+00       9.438782898815497452e-04
6.009999999999999787e+00       9.402949127719688414e-04
6.019999999999999574e+00       9.367316055839515834e-04
6.030000000000000249e+00       9.331882236990187785e-04
6.040000000000000036e+00       9.296646237350371118e-04
6.049999999999999822e+00       9.261606635349043043e-04
6.059999999999999609e+00       9.226762021702931884e-04
6.070000000000000284e+00       9.192110998690730455e-04
6.080000000000000071e+00       9.157652180963300834e-04
6.089999999999999858e+00       9.123384194806832131e-04
6.099999999999999645e+00       9.089305678191580799e-04
6.110000000000000320e+00       9.055415280658756904e-04
6.120000000000000107e+00       9.021711663210540489e-04
6.129999999999999893e+00       8.988193498200750626e-04
6.139999999999999680e+00       8.954859469226854546e-04
6.150000000000000355e+00       8.921708271022689082e-04
6.160000000000000142e+00       8.888738609352703256e-04
6.169999999999999929e+00       8.855949200906822107e-04
6.179999999999999716e+00       8.823338773196507485e-04
6.190000000000000391e+00       8.790906064451965924e-04
6.200000000000000178e+00       8.758649823520061250e-04
6.209999999999999964e+00       8.726568809763740739e-04
6.219999999999999751e+00       8.694661792962031554e-04
6.230000000000000426e+00       8.662927553211290533e-04
6.240000000000000213e+00       8.631364880827338678e-04
6.250000000000000000e+00       8.599972576248690690e-04
6.259999999999999787e+00       8.568749449940703906e-04
6.269999999999999574e+00       8.537694322300580507e-04
6.280000000000000249e+00       8.506806023563665345e-04
6.290000000000000036e+00       8.476083393710394289e-04
6.299999999999999822e+00       8.445525282374282327e-04
6.309999999999999609e+00       8.415130548750870097e-04
6.320000000000000284e+00       8.384898061507598498e-04
6.330000000000000071e+00       8.354826698694576680e-04
6.339999999999999858e+00       8.324915347656272700e-04
6.349999999999999645e+00       8.295162904944107301e-04
6.360000000000000320e+00       8.265568276229940010e-04
6.370000000000000107e+00       8.236130376235971124e-04
6.379999999999999893e+00       8.206848128588206366e-04
6.389999999999999680e+00       8.177720465824587321e-04
6.400000000000000355e+00       8.148746329251012636e-04
6.410000000000000142e+00       8.119924668874258433e-04
6.419999999999999929e+00       8.091254443349738196e-04
6.429999999999999716e+00       8.062734619785411798e-04
6.440000000000000391e+00       8.034364173834135673e-04
6.450000000000000178e+00       8.006142089500853723e-04
6.459999999999999964e+00       7.978067359092810753e-04
6.469999999999999751e+00       7.950138983142162122e-04
6.480000000000000426e+00       7.922355970637470421e-04
6.490000000000000213e+00       7.894717337714100922e-04
6.500000000000000000e+00       7.867222109433241219e-04
6.509999999999999787e+00       7.839869318469461484e-04
6.519999999999999574e+00       7.812658005347407732e-04
6.530000000000000249e+00       7.785587218369060527e-04
6.540000000000000036e+00       7.758656013541756968e-04
6.549999999999999822e+00       7.731863454506961858e-04
6.559999999999999609e+00       7.705208612469733849e-04
6.570000000000000284e+00       7.678690566128912581e-04
6.580000000000000071e+00       7.652308401608010546e-04
6.589999999999999858e+00       7.626061212386805359e-04
6.599999999999999645e+00       7.599948099233633497e-04
6.610000000000000320e+00       7.573968170138364918e-04
6.620000000000000107e+00       7.548120540246018454e-04
6.629999999999999893e+00       7.522404331791104687e-04
6.639999999999999680e+00       7.496818674032613939e-04
6.650000000000000355e+00       7.471362703189601655e-04
6.660000000000000142e+00       7.446035562097316329e-04
6.669999999999999929e+00       7.420836401265781986e-04
6.679999999999999716e+00       7.395764377133474824e-04
6.690000000000000391e+00       7.370818653129043371e-04
6.700000000000000178e+00       7.345998399329011766e-04
6.709999999999999964e+00       7.321302792397156589e-04
6.719999999999999751e+00       7.296731015524581931e-04
6.730000000000000426e+00       7.272282258370310528e-04
6.740000000000000213e+00       7.247955717002546030e-04
6.750000000000000000e+00       7.223750593840456763e-04
6.759999999999999787e+00       7.199666097596610012e-04
6.769999999999999574e+00       7.175701443219921309e-04
6.780000000000000249e+00       7.151855851839193515e-04
6.790000000000000036e+00       7.128128550707407262e-04
6.799999999999999822e+00       7.104518773145621080e-04
6.809999999999999609e+00       7.081025758489670934e-04
6.820000000000000284e+00       7.057648752034475842e-04
6.830000000000000071e+00       7.034387004981226387e-04
6.839999999999999858e+00       7.011239774383291705e-04
6.849999999999999645e+00       6.988206323095190421e-04
6.860000000000000320e+00       6.965285919718858677e-04
6.870000000000000107e+00       6.942477838552899710e-04
6.879999999999999893e+00       6.919781359541329283e-04
6.889999999999999680e+00       6.897195768386123454e-04
6.900000000000000355e+00       6.874720355843124677e-04
6.910000000000000142e+00       6.852354418655898748e-04
6.919999999999999929e+00       6.830097258849428038e-04
6.929999999999999716e+00       6.807948183846241480e-04
6.940000000000000391e+00       6.785906506418284663e-04
6.950000000000000178e+00       6.763971544639297336e-04
6.959999999999999964e+00       6.742142621837638686e-04
6.969999999999999751e+00       6.720419066549585332e-04
6.980000000000000426e+00       6.698800212473111785e-04
6.990000000000000213e+00       6.677285398422067725e-04
7.000000000000000000e+00       6.655873968280884376e-04
7.009999999999999787e+00       6.634565270856583076e-04
7.019999999999999574e+00       6.613358660247013699e-04
7.030000000000000249e+00       6.592253495177234027e-04
7.040000000000000036e+00       6.571249139369429769e-04
7.049999999999999822e+00       6.550344961396295735e-04
7.059999999999999609e+00       6.529540334638273815e-04
7.070000000000000284e+00       6.508834637241278859e-04
7.080000000000000071e+00       6.488227252074799676e-04
7.089999999999999858e+00       6.467717566690382768e-04
7.099999999999999645e+00       6.447304973280599616e-04
7.110000000000000320e+00       6.426988868638345729e-04
7.120000000000000107e+00       6.406768654116554943e-04
7.129999999999999893e+00       6.386643735588332224e-04
7.139999999999999680e+00       6.366613523407443171e-04
7.150000000000000355e+00       6.346677432369202511e-04
7.160000000000000142e+00       6.326834881671737718e-04
7.169999999999999929e+00       6.307085294877634281e-04
7.179999999999999716e+00       6.287428099875956100e-04
7.190000000000000391e+00       6.267862728844634515e-04
7.200000000000000178e+00       6.248388618213195599e-04
7.209999999999999964e+00       6.229005208625908131e-04
7.219999999999999751e+00       6.209711944905205866e-04
7.230000000000000426e+00       6.190508276015553243e-04
7.240000000000000213e+00       6.171393655044739648e-04
7.250000000000000000e+00       6.152367539100209084e-04
7.259999999999999787e+00       6.133429389375605247e-04
7.269999999999999574e+00       6.114578671048587644e-04
7.280000000000000249e+00       6.095814853263111389e-04
7.290000000000000036e+00       6.077137409095288928e-04
7.299999999999999822e+00       6.058545815509814875e-04
7.309999999999999609e+00       6.040039553365327387e-04
7.320000000000000284e+00       6.021618107323346023e-04
7.330000000000000071e+00       6.003280965853815274e-04
7.339999999999999858e+00       5.985027621193015832e-04
7.349999999999999645e+00       5.966857569311374626e-04
7.360000000000000320e+00       5.948770309881544829e-04
7.370000000000000107e+00       5.930765346246818712e-04
7.379999999999999893e+00       5.912842185389819132e-04
7.389999999999999680e+00       5.895000337901503285e-04
7.400000000000000355e+00       5.877239317950463515e-04
7.410000000000000142e+00       5.859558643252511106e-04
7.419999999999999929e+00       5.841957835040573416e-04
7.429999999999999716e+00       5.824436418034825182e-04
7.440000000000000391e+00       5.806993920413176542e-04
7.450000000000000178e+00       5.789629873781981144e-04
7.459999999999999964e+00       5.772343813147051087e-04
7.469999999999999751e+00       5.755135276884936401e-04
7.480000000000000426e+00       5.738003806714492934e-04
7.490000000000000213e+00       5.720948947668699595e-04
7.500000000000000000e+00       5.703970248066734736e-04
7.509999999999999787e+00       5.687067259486372353e-04
7.519999999999999574e+00       5.670239536736563710e-04
7.530000000000000249e+00       5.653486637830312756e-04
7.540000000000000036e+00       5.636808123957842134e-04
7.549999999999999822e+00       5.620203559459933723e-04
7.559999999999999609e+00       5.603672511801595542e-04
7.570000000000000284e+00       5.587214551545931392e-04
7.580000000000000071e+00       5.570829252328276127e-04
7.589999999999999858e+00       5.554516190830548856e-04
7.599999999999999645e+00       5.538274946755899954e-04
7.610000000000000320e+00       5.522105102803519629e-04
7.620000000000000107e+00       5.506006244643760900e-04
7.629999999999999893e+00       5.489977960893427378e-04
7.639999999999999680e+00       5.474019843091346193e-04
7.650000000000000355e+00       5.458131485674127398e-04
7.660000000000000142e+00       5.442312485952187926e-04
7.669999999999999929e+00       5.426562444085949012e-04
7.679999999999999716e+00       5.410880963062328526e-04
7.690000000000000391e+00       5.395267648671366652e-04
7.700000000000000178e+00       5.379722109483133473e-04
7.709999999999999964e+00       5.364243956824828446e-04
7.719999999999999751e+00       5.348832804758084803e-04
7.730000000000000426e+00       5.333488270056500544e-04
7.740000000000000213e+00       5.318209972183362416e-04
7.750000000000000000e+00       5.302997533269588910e-04
7.759999999999999787e+00       5.287850578091827201e-04
7.769999999999999574e+00       5.272768734051034743e-04
7.780000000000000249e+00       5.257751631150524166e-04
7.790000000000000036e+00       5.242798901975214906e-04
7.799999999999999822e+00       5.227910181670309114e-04
7.809999999999999609e+00       5.213085107920496656e-04
7.820000000000000284e+00       5.198323320929233845e-04
7.830000000000000071e+00       5.183624463398300809e-04
7.839999999999999858e+00       5.168988180507491127e-04
7.849999999999999645e+00       5.154414119894478201e-04
7.860000000000000320e+00       5.139901931634922308e-04
7.870000000000000107e+00       5.125451268222701263e-04
7.879999999999999893e+00       5.111061784550341653e-04
7.889999999999999680e+00       5.096733137889659319e-04
7.900000000000000355e+00       5.082464987872544046e-04
7.910000000000000142e+00       5.068256996471889528e-04
7.919999999999999929e+00       5.054108827982784630e-04
7.929999999999999716e+00       5.040020149003803310e-04
7.940000000000000391e+00       5.025990628418474521e-04
7.950000000000000178e+00       5.012019937376959193e-04
7.959999999999999964e+00       4.998107749163959715e-04
7.969999999999999751e+00       4.984253739636648707e-04
7.980000000000000426e+00       4.970457586522283823e-04
7.990000000000000213e+00       4.956718969857316134e-04
8.000000000000000000e+00       4.943037571855532714e-04
8.009999999999999787e+00       4.929413076890673626e-04
8.019999999999999574e+00       4.915845171479251655e-04
8.029999999999999361e+00       4.902333544263451186e-04
8.039999999999999147e+00       4.888877885994231997e-04
8.050000000000000711e+00       4.875477889514587011e-04
8.060000000000000497e+00       4.862133249742922559e-04
8.070000000000000284e+00       4.848843663656620252e-04
8.080000000000000071e+00       4.835608830275721359e-04
8.089999999999999858e+00       4.822428450646740758e-04
8.099999999999999645e+00       4.809302227826827824e-04
8.109999999999999432e+00       4.796229866867334261e-04
8.119999999999999218e+00       4.783211074798901985e-04
8.130000000000000782e+00       4.770245560615309598e-04
8.140000000000000568e+00       4.757333035258186761e-04
8.150000000000000355e+00       4.744473211601672735e-04
8.160000000000000142e+00       4.731665804437287966e-04
8.169999999999999929e+00       4.718910530458833314e-04
8.179999999999999716e+00       4.706207108247515347e-04
8.189999999999999503e+00       4.693555258257193596e-04
8.199999999999999289e+00       4.680954702799682032e-04
8.210000000000000853e+00       4.668405166030278213e-04
8.220000000000000639e+00       4.655906373933378097e-04
8.230000000000000426e+00       4.643458054308193840e-04
8.240000000000000213e+00       4.631059936754652125e-04
8.250000000000000000e+00       4.618711752659356994e-04
8.259999999999999787e+00       4.606413235196371559e-04
8.269999999999999574e+00       4.594164119254827991e-04
8.279999999999999361e+00       4.581964141513346616e-04
8.289999999999999147e+00       4.569813040367713122e-04
8.300000000000000711e+00       4.557710555932232730e-04
8.310000000000000497e+00       4.545656430026404266e-04
8.320000000000000284e+00       4.533650406161797517e-04
8.330000000000000071e+00       4.521692229528979381e-04
8.339999999999999858e+00       4.509781646984584213e-04
8.349999999999999645e+00       4.497918407038502893e-04
8.359999999999999432e+00       4.486102259841159173e-04
8.369999999999999218e+00       4.474332957170923169e-04
8.380000000000000782e+00       4.462610252421607263e-04
8.390000000000000568e+00       4.450933900590119206e-04
8.400000000000000355e+00       4.439303658264166720e-04
8.410000000000000142e+00       4.427719283610066737e-04
8.419999999999999929e+00       4.416180536360758994e-04
8.429999999999999716e+00       4.404687177803793077e-04
8.439999999999999503e+00       4.393238970769507363e-04
8.449999999999999289e+00       4.381835679619256211e-04
8.460000000000000853e+00       4.370477070233800870e-04
8.470000000000000639e+00       4.359162910001736701e-04
8.480000000000000426e+00       4.347892967808048882e-04
8.490000000000000213e+00       4.336667014022803097e-04
8.500000000000000000e+00       4.325484820489854110e-04
8.509999999999999787e+00       4.314346160515716974e-04
8.519999999999999574e+00       4.303250808858513046e-04
8.529999999999999361e+00       4.292198541716999490e-04
8.539999999999999147e+00       4.281189136719738093e-04
8.550000000000000711e+00       4.270222372914267341e-04
8.560000000000000497e+00       4.259298030756476154e-04
8.570000000000000284e+00       4.248415892099996049e-04
8.580000000000000071e+00       4.237575740185700103e-04
8.589999999999999858e+00       4.226777359631294609e-04
8.599999999999999645e+00       4.216020536421029460e-04
8.609999999999999432e+00       4.205305057895425869e-04
8.619999999999999218e+00       4.194630712741180285e-04
8.630000000000000782e+00       4.183997290981058539e-04
8.640000000000000568e+00       4.173404583963984615e-04
8.650000000000000355e+00       4.162852384355087668e-04
8.660000000000000142e+00       4.152340486125970774e-04
8.669999999999999929e+00       4.141868684544941178e-04
8.679999999999999716e+00       4.131436776167406980e-04
8.689999999999999503e+00       4.121044558826294406e-04
8.699999999999999289e+00       4.110691831622600620e-04
8.710000000000000853e+00       4.100378394915998024e-04
8.720000000000000639e+00       4.090104050315509034e-04
8.730000000000000426e+00       4.079868600670267056e-04
8.740000000000000213e+00       4.069671850060382619e-04
8.750000000000000000e+00       4.059513603787831201e-04
8.759999999999999787e+00       4.049393668367471701e-04
8.769999999999999574e+00       4.039311851518113689e-04
8.779999999999999361e+00       4.029267962153612864e-04
8.789999999999999147e+00       4.019261810374117195e-04
8.800000000000000711e+00       4.009293207457302242e-04
8.810000000000000497e+00       3.999361965849635727e-04
8.820000000000000284e+00       3.989467899157624780e-04
8.830000000000000071e+00       3.979610822138696167e-04
8.839999999999999858e+00       3.969790550690752715e-04
8.849999999999999645e+00       3.960006901833264281e-04
8.859999999999999432e+00       3.950259693550355511e-04
8.869999999999999218e+00       3.940548746281857047e-04
8.880000000000000782e+00       3.930873878576955855e-04
8.890000000000000568e+00       3.921234912991959599e-04
8.900000000000000355e+00       3.911631671980774676e-04
8.910000000000000142e+00       3.902063979204806752e-04
8.919999999999999929e+00       3.892531659416002452e-04
8.929999999999999716e+00       3.883034538439971046e-04
8.939999999999999503e+00       3.873572443166403896e-04
8.949999999999999289e+00       3.864145201540836682e-04
8.960000000000000853e+00       3.854752642556840444e-04
8.970000000000000639e+00       3.845394596248385001e-04
8.980000000000000426e+00       3.836070893682301032e-04
8.990000000000000213e+00       3.826781366950824563e-04
9.000000000000000000e+00       3.817525849164239574e-04
9.009999999999999787e+00       3.808304174376212783e-04
9.019999999999999574e+00       3.799116177157560166e-04
9.029999999999999361e+00       3.789961692595715699e-04
9.039999999999999147e+00       3.780840556484062870e-04
9.050000000000000711e+00       3.771752605390391207e-04
9.060000000000000497e+00       3.762697676693753184e-04
9.070000000000000284e+00       3.753675608609088627e-04
9.080000000000000071e+00       3.744686240199233333e-04
9.089999999999999858e+00       3.735729411392449536e-04
9.099999999999999645e+00       3.726804962984011011e-04
9.109999999999999432e+00       3.717912736647364935e-04
9.119999999999999218e+00       3.709052574936261260e-04
9.130000000000000782e+00       3.700224321284728861e-04
9.140000000000000568e+00       3.691427820013310781e-04
9.150000000000000355e+00       3.682662916326889324e-04
9.160000000000000142e+00       3.673929456315300798e-04
9.169999999999999929e+00       3.665227286952695289e-04
9.179999999999999716e+00       3.656556256097587081e-04
9.189999999999999503e+00       3.647916212486477920e-04
9.199999999999999289e+00       3.639307005738625332e-04
9.210000000000000853e+00       3.630728486349365570e-04
9.220000000000000639e+00       3.622180505688485136e-04
9.230000000000000426e+00       3.613662915997318376e-04
9.240000000000000213e+00       3.605175570385366936e-04
9.250000000000000000e+00       3.596718322829481188e-04
9.259999999999999787e+00       3.588291028162845825e-04
9.269999999999999574e+00       3.579893542081054097e-04
9.279999999999999361e+00       3.571525721132370597e-04
9.289999999999999147e+00       3.563187422715174166e-04
9.300000000000000711e+00       3.554878505073845517e-04
9.310000000000000497e+00       3.546598827294694428e-04
9.320000000000000284e+00       3.538348249301627273e-04
9.330000000000000071e+00       3.530126631851886101e-04
9.339999999999999858e+00       3.521933836533494263e-04
9.349999999999999645e+00       3.513769725753428845e-04
9.359999999999999432e+00       3.505634162743931272e-04
9.369999999999999218e+00       3.497527011550892245e-04
9.380000000000000782e+00       3.489448137047318076e-04
9.390000000000000568e+00       3.481397404863154077e-04
9.400000000000000355e+00       3.473374681479039316e-04
9.410000000000000142e+00       3.465379834155902865e-04
9.419999999999999929e+00       3.457412730946652583e-04
9.429999999999999716e+00       3.449473240691468051e-04
9.439999999999999503e+00       3.441561233012991054e-04
9.449999999999999289e+00       3.433676578311568644e-04
9.460000000000000853e+00       3.425819147760470721e-04
9.470000000000000639e+00       3.417988813301080513e-04
9.480000000000000426e+00       3.410185447638075301e-04
9.490000000000000213e+00       3.402408924234666225e-04
9.500000000000000000e+00       3.394659117307762203e-04
9.509999999999999787e+00       3.386935901823150651e-04
9.519999999999999574e+00       3.379239153490740544e-04
9.529999999999999361e+00       3.371568748759725797e-04
9.539999999999999147e+00       3.363924564813831571e-04
9.550000000000000711e+00       3.356306479566458141e-04
9.560000000000000497e+00       3.348714371655947260e-04
9.570000000000000284e+00       3.341148120440716809e-04
9.580000000000000071e+00       3.333607605994390560e-04
9.589999999999999858e+00       3.326092709100687242e-04
9.599999999999999645e+00       3.318603311247568565e-04
9.609999999999999432e+00       3.311139294712917209e-04
9.619999999999999218e+00       3.303700542243742004e-04
9.630000000000000782e+00       3.296286937484470855e-04
9.640000000000000568e+00       3.288898364703735588e-04
9.650000000000000355e+00       3.281534708852949767e-04
9.660000000000000142e+00       3.274195855624239247e-04
9.669999999999999929e+00       3.266881691180092561e-04
9.679999999999999716e+00       3.259592102577093696e-04
9.689999999999999503e+00       3.252326977448846625e-04
9.699999999999999289e+00       3.245086204090706248e-04
9.710000000000000853e+00       3.237869671454199631e-04
9.720000000000000639e+00       3.230677269142172574e-04
9.730000000000000426e+00       3.223508887404204519e-04
9.740000000000000213e+00       3.216364417132115618e-04
9.750000000000000000e+00       3.209243749855558909e-04
9.759999999999999787e+00       3.202146777737596771e-04
9.769999999999999574e+00       3.195073393570387965e-04
9.779999999999999361e+00       3.188023490770831858e-04
9.789999999999999147e+00       3.180996963376278228e-04
9.800000000000000711e+00       3.173993706040265810e-04
9.810000000000000497e+00       3.167013614028274938e-04
9.820000000000000284e+00       3.160056583213500235e-04
9.830000000000000071e+00       3.153122510072682398e-04
9.839999999999999858e+00       3.146211291681935652e-04
9.849999999999999645e+00       3.139322825712587118e-04
9.859999999999999432e+00       3.132457010427114308e-04
9.869999999999999218e+00       3.125613744675031667e-04
9.880000000000000782e+00       3.118792927888825893e-04
9.890000000000000568e+00       3.111994460079966075e-04
9.900000000000000355e+00       3.105218241834866127e-04
9.910000000000000142e+00       3.098464174310926905e-04
9.919999999999999929e+00       3.091732159232571820e-04
9.929999999999999716e+00       3.085022098887355100e-04
9.939999999999999503e+00       3.078333896122036431e-04
9.949999999999999289e+00       3.071667454338749387e-04
9.960000000000000853e+00       3.065022677491102644e-04
9.970000000000000639e+00       3.058399470080455738e-04
9.980000000000000426e+00       3.051797737152045758e-04
9.990000000000000213e+00       3.045217384291271242e-04
