1.000000000000000021e-02       0.000000000000000000e+00
2.000000000000000042e-02       0.000000000000000000e+00
2.999999999999999889e-02       0.000000000000000000e+00
4.000000000000000083e-02       0.000000000000000000e+00
5.000000000000000278e-02       0.000000000000000000e+00
5.999999999999999778e-02       0.000000000000000000e+00
7.000000000000000666e-02       0.000000000000000000e+00
8.000000000000000167e-02       0.000000000000000000e+00
8.999999999999999667e-02       0.000000000000000000e+00
1.000000000000000056e-01       0.000000000000000000e+00
1.100000000000000006e-01       0.000000000000000000e+00
1.199999999999999956e-01       0.000000000000000000e+00
1.300000000000000044e-01       0.000000000000000000e+00
1.400000000000000133e-01       0.000000000000000000e+00
1.499999999999999944e-01       0.000000000000000000e+00
1.600000000000000033e-01       0.000000000000000000e+00
1.700000000000000122e-01       0.000000000000000000e+00
1.799999999999999933e-01       0.000000000000000000e+00
1.900000000000000022e-01       0.000000000000000000e+00
2.000000000000000111e-01       0.000000000000000000e+00
2.099999999999999922e-01       0.000000000000000000e+00
2.200000000000000011e-01       0.000000000000000000e+00
2.300000000000000100e-01       0.000000000000000000e+00
2.399999999999999911e-01       0.000000000000000000e+00
2.500000000000000000e-01       0.000000000000000000e+00
2.600000000000000089e-01       0.000000000000000000e+00
2.700000000000000178e-01       0.000000000000000000e+00
2.800000000000000266e-01       0.000000000000000000e+00
2.899999999999999800e-01       0.000000000000000000e+00
2.999999999999999889e-01       0.000000000000000000e+00
3.099999999999999978e-01       0.000000000000000000e+00
3.200000000000000067e-01       0.000000000000000000e+00
3.300000000000000155e-01       0.000000000000000000e+00
3.400000000000000244e-01       0.000000000000000000e+00
3.499999999999999778e-01       0.000000000000000000e+00
3.599999999999999867e-01       0.000000000000000000e+00
3.699999999999999956e-01       0.000000000000000000e+00
3.800000000000000044e-01       0.000000000000000000e+00
3.900000000000000133e-01       0.000000000000000000e+00
4.000000000000000222e-01       0.000000000000000000e+00
4.099999999999999756e-01       0.000000000000000000e+00
4.199999999999999845e-01       0.000000000000000000e+00
4.299999999999999933e-01       0.000000000000000000e+00
4.400000000000000022e-01       0.000000000000000000e+00
4.500000000000000111e-01       0.000000000000000000e+00
4.600000000000000200e-01       0.000000000000000000e+00
4.699999999999999734e-01       0.000000000000000000e+00
4.799999999999999822e-01       0.000000000000000000e+00
4.899999999999999911e-01       0.000000000000000000e+00
5.000000000000000000e-01       0.000000000000000000e+00
5.100000000000000089e-01       0.000000000000000000e+00
5.200000000000000178e-01       0.000000000000000000e+00
5.300000000000000266e-01       0.000000000000000000e+00
5.400000000000000355e-01       0.000000000000000000e+00
5.500000000000000444e-01       0.000000000000000000e+00
5.600000000000000533e-01       0.000000000000000000e+00
5.699999999999999512e-01       0.000000000000000000e+00
5.799999999999999600e-01       0.000000000000000000e+00
5.899999999999999689e-01       0.000000000000000000e+00
5.999999999999999778e-01       0.000000000000000000e+00
6.099999999999999867e-01       0.000000000000000000e+00
6.199999999999999956e-01       0.000000000000000000e+00
6.300000000000000044e-01       0.000000000000000000e+00
6.400000000000000133e-01       0.000000000000000000e+00
6.500000000000000222e-01       0.000000000000000000e+00
6.600000000000000311e-01       0.000000000000000000e+00
6.700000000000000400e-01       0.000000000000000000e+00
6.800000000000000488e-01       0.000000000000000000e+00
6.899999999999999467e-01       0.000000000000000000e+00
6.999999999999999556e-01       0.000000000000000000e+00
7.099999999999999645e-01       0.000000000000000000e+00
7.199999999999999734e-01       0.000000000000000000e+00
7.299999999999999822e-01       0.000000000000000000e+00
7.399999999999999911e-01       0.000000000000000000e+00
7.500000000000000000e-01       0.000000000000000000e+00
7.600000000000000089e-01       0.000000000000000000e+00
7.700000000000000178e-01       0.000000000000000000e+00
7.800000000000000266e-01       0.000000000000000000e+00
7.900000000000000355e-01       0.000000000000000000e+00
8.000000000000000444e-01       0.000000000000000000e+00
8.100000000000000533e-01       0.000000000000000000e+00
8.199999999999999512e-01       0.000000000000000000e+00
8.299999999999999600e-01       0.000000000000000000e+00
8.399999999999999689e-01       0.000000000000000000e+00
8.499999999999999778e-01       0.000000000000000000e+00
8.599999999999999867e-01       0.000000000000000000e+00
8.699999999999999956e-01       0.000000000000000000e+00
8.800000000000000044e-01       0.000000000000000000e+00
8.900000000000000133e-01       0.000000000000000000e+00
9.000000000000000222e-01       0.000000000000000000e+00
9.100000000000000311e-01       0.000000000000000000e+00
9.200000000000000400e-01       0.000000000000000000e+00
9.300000000000000488e-01       0.000000000000000000e+00
9.399999999999999467e-01       0.000000000000000000e+00
9.499999999999999556e-01       0.000000000000000000e+00
9.599999999999999645e-01       0.000000000000000000e+00
9.699999999999999734e-01       0.000000000000000000e+00
9.799999999999999822e-01       0.000000000000000000e+00
9.899999999999999911e-01       0.000000000000000000e+00
1.000000000000000000e+00       0.000000000000000000e+00
1.010000000000000009e+00       0.000000000000000000e+00
1.020000000000000018e+00       0.000000000000000000e+00
1.030000000000000027e+00       0.000000000000000000e+00
1.040000000000000036e+00       0.000000000000000000e+00
1.050000000000000044e+00       0.000000000000000000e+00
1.060000000000000053e+00       0.000000000000000000e+00
1.070000000000000062e+00       0.000000000000000000e+00
1.080000000000000071e+00       0.000000000000000000e+00
1.090000000000000080e+00       0.000000000000000000e+00
1.100000000000000089e+00       0.000000000000000000e+00
1.110000000000000098e+00       0.000000000000000000e+00
1.120000000000000107e+00       0.000000000000000000e+00
1.129999999999999893e+00       0.000000000000000000e+00
1.139999999999999902e+00       0.000000000000000000e+00
1.149999999999999911e+00       0.000000000000000000e+00
1.159999999999999920e+00       0.000000000000000000e+00
1.169999999999999929e+00       0.000000000000000000e+00
1.179999999999999938e+00       0.000000000000000000e+00
1.189999999999999947e+00       0.000000000000000000e+00
1.199999999999999956e+00       0.000000000000000000e+00
1.209999999999999964e+00       0.000000000000000000e+00
1.219999999999999973e+00       0.000000000000000000e+00
1.229999999999999982e+00       0.000000000000000000e+00
1.239999999999999991e+00       0.000000000000000000e+00
1.250000000000000000e+00       0.000000000000000000e+00
1.260000000000000009e+00       0.000000000000000000e+00
1.270000000000000018e+00       0.000000000000000000e+00
1.280000000000000027e+00       0.000000000000000000e+00
1.290000000000000036e+00       0.000000000000000000e+00
1.300000000000000044e+00       0.000000000000000000e+00
1.310000000000000053e+00       0.000000000000000000e+00
1.320000000000000062e+00       0.000000000000000000e+00
1.330000000000000071e+00       0.000000000000000000e+00
1.340000000000000080e+00       0.000000000000000000e+00
1.350000000000000089e+00       0.000000000000000000e+00
1.360000000000000098e+00       0.000000000000000000e+00
1.370000000000000107e+00       0.000000000000000000e+00
1.379999999999999893e+00       0.000000000000000000e+00
1.389999999999999902e+00       0.000000000000000000e+00
1.399999999999999911e+00       0.000000000000000000e+00
1.409999999999999920e+00       0.000000000000000000e+00
1.419999999999999929e+00       0.000000000000000000e+00
1.429999999999999938e+00       0.000000000000000000e+00
1.439999999999999947e+00       0.000000000000000000e+00
1.449999999999999956e+00       0.000000000000000000e+00
1.459999999999999964e+00       0.000000000000000000e+00
1.469999999999999973e+00       0.000000000000000000e+00
1.479999999999999982e+00       0.000000000000000000e+00
1.489999999999999991e+00       0.000000000000000000e+00
1.500000000000000000e+00       0.000000000000000000e+00
1.510000000000000009e+00       0.000000000000000000e+00
1.520000000000000018e+00       0.000000000000000000e+00
1.530000000000000027e+00       0.000000000000000000e+00
1.540000000000000036e+00       0.000000000000000000e+00
1.550000000000000044e+00       0.000000000000000000e+00
1.560000000000000053e+00       0.000000000000000000e+00
1.570000000000000062e+00       0.000000000000000000e+00
1.580000000000000071e+00       0.000000000000000000e+00
1.590000000000000080e+00       0.000000000000000000e+00
1.600000000000000089e+00       0.000000000000000000e+00
1.610000000000000098e+00       0.000000000000000000e+00
1.620000000000000107e+00       0.000000000000000000e+00
1.629999999999999893e+00       0.000000000000000000e+00
1.639999999999999902e+00       0.000000000000000000e+00
1.649999999999999911e+00       0.000000000000000000e+00
1.659999999999999920e+00       0.000000000000000000e+00
1.669999999999999929e+00       0.000000000000000000e+00
1.679999999999999938e+00       0.000000000000000000e+00
1.689999999999999947e+00       0.000000000000000000e+00
1.699999999999999956e+00       0.000000000000000000e+00
1.709999999999999964e+00       0.000000000000000000e+00
1.719999999999999973e+00       0.000000000000000000e+00
1.729999999999999982e+00       0.000000000000000000e+00
1.739999999999999991e+00       0.000000000000000000e+00
1.750000000000000000e+00       0.000000000000000000e+00
1.760000000000000009e+00       0.000000000000000000e+00
1.770000000000000018e+00       0.000000000000000000e+00
1.780000000000000027e+00       0.000000000000000000e+00
1.790000000000000036e+00       0.000000000000000000e+00
1.800000000000000044e+00       0.000000000000000000e+00
1.810000000000000053e+00       0.000000000000000000e+00
1.820000000000000062e+00       0.000000000000000000e+00
1.830000000000000071e+00       0.000000000000000000e+00
1.840000000000000080e+00       0.000000000000000000e+00
1.850000000000000089e+00       0.000000000000000000e+00
1.860000000000000098e+00       0.000000000000000000e+00
1.870000000000000107e+00       0.000000000000000000e+00
1.879999999999999893e+00       0.000000000000000000e+00
1.889999999999999902e+00       0.000000000000000000e+00
1.899999999999999911e+00       0.000000000000000000e+00
1.909999999999999920e+00       0.000000000000000000e+00
1.919999999999999929e+00       0.000000000000000000e+00
1.929999999999999938e+00       0.000000000000000000e+00
1.939999999999999947e+00       0.000000000000000000e+00
1.949999999999999956e+00       0.000000000000000000e+00
1.959999999999999964e+00       0.000000000000000000e+00
1.969999999999999973e+00       0.000000000000000000e+00
1.979999999999999982e+00       0.000000000000000000e+00
1.989999999999999991e+00       0.000000000000000000e+00
2.000000000000000000e+00       0.000000000000000000e+00
2.009999999999999787e+00       0.000000000000000000e+00
2.020000000000000018e+00       0.000000000000000000e+00
2.029999999999999805e+00       0.000000000000000000e+00
2.040000000000000036e+00       0.000000000000000000e+00
2.049999999999999822e+00       0.000000000000000000e+00
2.060000000000000053e+00       0.000000000000000000e+00
2.069999999999999840e+00       0.000000000000000000e+00
2.080000000000000071e+00       0.000000000000000000e+00
2.089999999999999858e+00       0.000000000000000000e+00
2.100000000000000089e+00       0.000000000000000000e+00
2.109999999999999876e+00       0.000000000000000000e+00
2.120000000000000107e+00       0.000000000000000000e+00
2.129999999999999893e+00       0.000000000000000000e+00
2.140000000000000124e+00       0.000000000000000000e+00
2.149999999999999911e+00       0.000000000000000000e+00
2.160000000000000142e+00       0.000000000000000000e+00
2.169999999999999929e+00       0.000000000000000000e+00
2.180000000000000160e+00       0.000000000000000000e+00
2.189999999999999947e+00       0.000000000000000000e+00
2.200000000000000178e+00       0.000000000000000000e+00
2.209999999999999964e+00       0.000000000000000000e+00
2.220000000000000195e+00       0.000000000000000000e+00
2.229999999999999982e+00       0.000000000000000000e+00
2.240000000000000213e+00       0.000000000000000000e+00
2.250000000000000000e+00       0.000000000000000000e+00
2.259999999999999787e+00       0.000000000000000000e+00
2.270000000000000018e+00       0.000000000000000000e+00
2.279999999999999805e+00       0.000000000000000000e+00
2.290000000000000036e+00       0.000000000000000000e+00
2.299999999999999822e+00       0.000000000000000000e+00
2.310000000000000053e+00       0.000000000000000000e+00
2.319999999999999840e+00       0.000000000000000000e+00
2.330000000000000071e+00       0.000000000000000000e+00
2.339999999999999858e+00       0.000000000000000000e+00
2.350000000000000089e+00       0.000000000000000000e+00
2.359999999999999876e+00       0.000000000000000000e+00
2.370000000000000107e+00       0.000000000000000000e+00
2.379999999999999893e+00       0.000000000000000000e+00
2.390000000000000124e+00       0.000000000000000000e+00
2.399999999999999911e+00       0.000000000000000000e+00
2.410000000000000142e+00       0.000000000000000000e+00
2.419999999999999929e+00       0.000000000000000000e+00
2.430000000000000160e+00       0.000000000000000000e+00
2.439999999999999947e+00       0.000000000000000000e+00
2.450000000000000178e+00       0.000000000000000000e+00
2.459999999999999964e+00       0.000000000000000000e+00
2.470000000000000195e+00       0.000000000000000000e+00
2.479999999999999982e+00       0.000000000000000000e+00
2.490000000000000213e+00       0.000000000000000000e+00
2.500000000000000000e+00       0.000000000000000000e+00
2.509999999999999787e+00       0.000000000000000000e+00
2.520000000000000018e+00       0.000000000000000000e+00
2.529999999999999805e+00       0.000000000000000000e+00
2.540000000000000036e+00       0.000000000000000000e+00
2.549999999999999822e+00       0.000000000000000000e+00
2.560000000000000053e+00       0.000000000000000000e+00
2.569999999999999840e+00       0.000000000000000000e+00
2.580000000000000071e+00       0.000000000000000000e+00
2.589999999999999858e+00       0.000000000000000000e+00
2.600000000000000089e+00       0.000000000000000000e+00
2.609999999999999876e+00       0.000000000000000000e+00
2.620000000000000107e+00       0.000000000000000000e+00
2.629999999999999893e+00       0.000000000000000000e+00
2.640000000000000124e+00       0.000000000000000000e+00
2.649999999999999911e+00       0.000000000000000000e+00
2.660000000000000142e+00       0.000000000000000000e+00
2.669999999999999929e+00       0.000000000000000000e+00
2.680000000000000160e+00       0.000000000000000000e+00
2.689999999999999947e+00       0.000000000000000000e+00
2.700000000000000178e+00       0.000000000000000000e+00
2.709999999999999964e+00       0.000000000000000000e+00
2.720000000000000195e+00       0.000000000000000000e+00
2.729999999999999982e+00       0.000000000000000000e+00
2.740000000000000213e+00       0.000000000000000000e+00
2.750000000000000000e+00       0.000000000000000000e+00
2.759999999999999787e+00       0.000000000000000000e+00
2.770000000000000018e+00       0.000000000000000000e+00
2.779999999999999805e+00       0.000000000000000000e+00
2.790000000000000036e+00       0.000000000000000000e+00
2.799999999999999822e+00       0.000000000000000000e+00
2.810000000000000053e+00       0.000000000000000000e+00
2.819999999999999840e+00       0.000000000000000000e+00
2.830000000000000071e+00       0.000000000000000000e+00
2.839999999999999858e+00       0.000000000000000000e+00
2.850000000000000089e+00       0.000000000000000000e+00
2.859999999999999876e+00       0.000000000000000000e+00
2.870000000000000107e+00       0.000000000000000000e+00
2.879999999999999893e+00       0.000000000000000000e+00
2.890000000000000124e+00       0.000000000000000000e+00
2.899999999999999911e+00       0.000000000000000000e+00
2.910000000000000142e+00       0.000000000000000000e+00
2.919999999999999929e+00       0.000000000000000000e+00
2.930000000000000160e+00       0.000000000000000000e+00
2.939999999999999947e+00       0.000000000000000000e+00
2.950000000000000178e+00       0.000000000000000000e+00
2.959999999999999964e+00       0.000000000000000000e+00
2.970000000000000195e+00       0.000000000000000000e+00
2.979999999999999982e+00       0.000000000000000000e+00
2.990000000000000213e+00       0.000000000000000000e+00
3.000000000000000000e+00       0.000000000000000000e+00
3.009999999999999787e+00       0.000000000000000000e+00
3.020000000000000018e+00       0.000000000000000000e+00
3.029999999999999805e+00       0.000000000000000000e+00
3.040000000000000036e+00       0.000000000000000000e+00
3.049999999999999822e+00       0.000000000000000000e+00
3.060000000000000053e+00       0.000000000000000000e+00
3.069999999999999840e+00       0.000000000000000000e+00
3.080000000000000071e+00       0.000000000000000000e+00
3.089999999999999858e+00       0.000000000000000000e+00
3.100000000000000089e+00       0.000000000000000000e+00
3.109999999999999876e+00       0.000000000000000000e+00
3.120000000000000107e+00       0.000000000000000000e+00
3.129999999999999893e+00       0.000000000000000000e+00
3.140000000000000124e+00       0.000000000000000000e+00
3.149999999999999911e+00       0.000000000000000000e+00
3.160000000000000142e+00       0.000000000000000000e+00
3.169999999999999929e+00       0.000000000000000000e+00
3.180000000000000160e+00       0.000000000000000000e+00
3.189999999999999947e+00       0.000000000000000000e+00
3.200000000000000178e+00       0.000000000000000000e+00
3.209999999999999964e+00       0.000000000000000000e+00
3.220000000000000195e+00       0.000000000000000000e+00
3.229999999999999982e+00       0.000000000000000000e+00
3.240000000000000213e+00       0.000000000000000000e+00
3.250000000000000000e+00       0.000000000000000000e+00
3.259999999999999787e+00       0.000000000000000000e+00
3.270000000000000018e+00       0.000000000000000000e+00
3.279999999999999805e+00       0.000000000000000000e+00
3.290000000000000036e+00       0.000000000000000000e+00
3.299999999999999822e+00       0.000000000000000000e+00
3.310000000000000053e+00       0.000000000000000000e+00
3.319999999999999840e+00       0.000000000000000000e+00
3.330000000000000071e+00       0.000000000000000000e+00
3.339999999999999858e+00       0.000000000000000000e+00
3.350000000000000089e+00       0.000000000000000000e+00
3.359999999999999876e+00       0.000000000000000000e+00
3.370000000000000107e+00       0.000000000000000000e+00
3.379999999999999893e+00       0.000000000000000000e+00
3.390000000000000124e+00       0.000000000000000000e+00
3.399999999999999911e+00       0.000000000000000000e+00
3.410000000000000142e+00       0.000000000000000000e+00
3.419999999999999929e+00       0.000000000000000000e+00
3.430000000000000160e+00       0.000000000000000000e+00
3.439999999999999947e+00       0.000000000000000000e+00
3.450000000000000178e+00       0.000000000000000000e+00
3.459999999999999964e+00       0.000000000000000000e+00
3.470000000000000195e+00       0.000000000000000000e+00
3.479999999999999982e+00       0.000000000000000000e+00
3.490000000000000213e+00       0.000000000000000000e+00
3.500000000000000000e+00       0.000000000000000000e+00
3.509999999999999787e+00       0.000000000000000000e+00
3.520000000000000018e+00       0.000000000000000000e+00
3.529999999999999805e+00       0.000000000000000000e+00
3.540000000000000036e+00       0.000000000000000000e+00
3.549999999999999822e+00       0.000000000000000000e+00
3.560000000000000053e+00       0.000000000000000000e+00
3.569999999999999840e+00       0.000000000000000000e+00
3.580000000000000071e+00       0.000000000000000000e+00
3.589999999999999858e+00       0.000000000000000000e+00
3.600000000000000089e+00       0.000000000000000000e+00
3.609999999999999876e+00       0.000000000000000000e+00
3.620000000000000107e+00       0.000000000000000000e+00
3.629999999999999893e+00       0.000000000000000000e+00
3.640000000000000124e+00       0.000000000000000000e+00
3.649999999999999911e+00       0.000000000000000000e+00
3.660000000000000142e+00       0.000000000000000000e+00
3.669999999999999929e+00       0.000000000000000000e+00
3.680000000000000160e+00       0.000000000000000000e+00
3.689999999999999947e+00       0.000000000000000000e+00
3.700000000000000178e+00       0.000000000000000000e+00
3.709999999999999964e+00       0.000000000000000000e+00
3.720000000000000195e+00       0.000000000000000000e+00
3.729999999999999982e+00       0.000000000000000000e+00
3.740000000000000213e+00       0.000000000000000000e+00
3.750000000000000000e+00       0.000000000000000000e+00
3.759999999999999787e+00       0.000000000000000000e+00
3.770000000000000018e+00       0.000000000000000000e+00
3.779999999999999805e+00       0.000000000000000000e+00
3.790000000000000036e+00       0.000000000000000000e+00
3.799999999999999822e+00       0.000000000000000000e+00
3.810000000000000053e+00       0.000000000000000000e+00
3.819999999999999840e+00       0.000000000000000000e+00
3.830000000000000071e+00       0.000000000000000000e+00
3.839999999999999858e+00       0.000000000000000000e+00
3.850000000000000089e+00       0.000000000000000000e+00
3.859999999999999876e+00       0.000000000000000000e+00
3.870000000000000107e+00       0.000000000000000000e+00
3.879999999999999893e+00       0.000000000000000000e+00
3.890000000000000124e+00       0.000000000000000000e+00
3.899999999999999911e+00       0.000000000000000000e+00
3.910000000000000142e+00       0.000000000000000000e+00
3.919999999999999929e+00       0.000000000000000000e+00
3.930000000000000160e+00       0.000000000000000000e+00
3.939999999999999947e+00       0.000000000000000000e+00
3.950000000000000178e+00       0.000000000000000000e+00
3.959999999999999964e+00       0.000000000000000000e+00
3.970000000000000195e+00       0.000000000000000000e+00
3.979999999999999982e+00       0.000000000000000000e+00
3.990000000000000213e+00       0.000000000000000000e+00
4.000000000000000000e+00       0.000000000000000000e+00
4.009999999999999787e+00       0.000000000000000000e+00
4.019999999999999574e+00       0.000000000000000000e+00
4.030000000000000249e+00       0.000000000000000000e+00
4.040000000000000036e+00       0.000000000000000000e+00
4.049999999999999822e+00       0.000000000000000000e+00
4.059999999999999609e+00       0.000000000000000000e+00
4.070000000000000284e+00       0.000000000000000000e+00
4.080000000000000071e+00       0.000000000000000000e+00
4.089999999999999858e+00       0.000000000000000000e+00
4.099999999999999645e+00       0.000000000000000000e+00
4.110000000000000320e+00       0.000000000000000000e+00
4.120000000000000107e+00       0.000000000000000000e+00
4.129999999999999893e+00       0.000000000000000000e+00
4.139999999999999680e+00       0.000000000000000000e+00
4.150000000000000355e+00       0.000000000000000000e+00
4.160000000000000142e+00       0.000000000000000000e+00
4.169999999999999929e+00       0.000000000000000000e+00
4.179999999999999716e+00       0.000000000000000000e+00
4.190000000000000391e+00       0.000000000000000000e+00
4.200000000000000178e+00       0.000000000000000000e+00
4.209999999999999964e+00       0.000000000000000000e+00
4.219999999999999751e+00       0.000000000000000000e+00
4.230000000000000426e+00       0.000000000000000000e+00
4.240000000000000213e+00       0.000000000000000000e+00
4.250000000000000000e+00       0.000000000000000000e+00
4.259999999999999787e+00       0.000000000000000000e+00
4.269999999999999574e+00       0.000000000000000000e+00
4.280000000000000249e+00       0.000000000000000000e+00
4.290000000000000036e+00       0.000000000000000000e+00
4.299999999999999822e+00       0.000000000000000000e+00
4.309999999999999609e+00       0.000000000000000000e+00
4.320000000000000284e+00       0.000000000000000000e+00
4.330000000000000071e+00       0.000000000000000000e+00
4.339999999999999858e+00       0.000000000000000000e+00
4.349999999999999645e+00       0.000000000000000000e+00
4.360000000000000320e+00       0.000000000000000000e+00
4.370000000000000107e+00       0.000000000000000000e+00
4.379999999999999893e+00       0.000000000000000000e+00
4.389999999999999680e+00       0.000000000000000000e+00
4.400000000000000355e+00       0.000000000000000000e+00
4.410000000000000142e+00       0.000000000000000000e+00
4.419999999999999929e+00       0.000000000000000000e+00
4.429999999999999716e+00       0.000000000000000000e+00
4.440000000000000391e+00       0.000000000000000000e+00
4.450000000000000178e+00       0.000000000000000000e+00
4.459999999999999964e+00       0.000000000000000000e+00
4.469999999999999751e+00       0.000000000000000000e+00
4.480000000000000426e+00       0.000000000000000000e+00
4.490000000000000213e+00       0.000000000000000000e+00
4.500000000000000000e+00       0.000000000000000000e+00
4.509999999999999787e+00       0.000000000000000000e+00
4.519999999999999574e+00       0.000000000000000000e+00
4.530000000000000249e+00       0.000000000000000000e+00
4.540000000000000036e+00       0.000000000000000000e+00
4.549999999999999822e+00       0.000000000000000000e+00
4.559999999999999609e+00       0.000000000000000000e+00
4.570000000000000284e+00       0.000000000000000000e+00
4.580000000000000071e+00       0.000000000000000000e+00
4.589999999999999858e+00       0.000000000000000000e+00
4.599999999999999645e+00       0.000000000000000000e+00
4.610000000000000320e+00       0.000000000000000000e+00
4.620000000000000107e+00       0.000000000000000000e+00
4.629999999999999893e+00       0.000000000000000000e+00
4.639999999999999680e+00       0.000000000000000000e+00
4.650000000000000355e+00       0.000000000000000000e+00
4.660000000000000142e+00       0.000000000000000000e+00
4.669999999999999929e+00       0.000000000000000000e+00
4.679999999999999716e+00       0.000000000000000000e+00
4.690000000000000391e+00       0.000000000000000000e+00
4.700000000000000178e+00       0.000000000000000000e+00
4.709999999999999964e+00       0.000000000000000000e+00
4.719999999999999751e+00       0.000000000000000000e+00
4.730000000000000426e+00       0.000000000000000000e+00
4.740000000000000213e+00       0.000000000000000000e+00
4.750000000000000000e+00       0.000000000000000000e+00
4.759999999999999787e+00       0.000000000000000000e+00
4.769999999999999574e+00       0.000000000000000000e+00
4.780000000000000249e+00       0.000000000000000000e+00
4.790000000000000036e+00       0.000000000000000000e+00
4.799999999999999822e+00       0.000000000000000000e+00
4.809999999999999609e+00       0.000000000000000000e+00
4.820000000000000284e+00       0.000000000000000000e+00
4.830000000000000071e+00       0.000000000000000000e+00
4.839999999999999858e+00       0.000000000000000000e+00
4.849999999999999645e+00       0.000000000000000000e+00
4.860000000000000320e+00       0.000000000000000000e+00
4.870000000000000107e+00       0.000000000000000000e+00
4.879999999999999893e+00       0.000000000000000000e+00
4.889999999999999680e+00       0.000000000000000000e+00
4.900000000000000355e+00       0.000000000000000000e+00
4.910000000000000142e+00       0.000000000000000000e+00
4.919999999999999929e+00       0.000000000000000000e+00
4.929999999999999716e+00       0.000000000000000000e+00
4.940000000000000391e+00       0.000000000000000000e+00
4.950000000000000178e+00       0.000000000000000000e+00
4.959999999999999964e+00       0.000000000000000000e+00
4.969999999999999751e+00       0.000000000000000000e+00
4.980000000000000426e+00       0.000000000000000000e+00
4.990000000000000213e+00       0.000000000000000000e+00
5.000000000000000000e+00       0.000000000000000000e+00
5.009999999999999787e+00       0.000000000000000000e+00
5.019999999999999574e+00       0.000000000000000000e+00
5.030000000000000249e+00       0.000000000000000000e+00
5.040000000000000036e+00       0.000000000000000000e+00
5.049999999999999822e+00       0.000000000000000000e+00
5.059999999999999609e+00       0.000000000000000000e+00
5.070000000000000284e+00       0.000000000000000000e+00
5.080000000000000071e+00       0.000000000000000000e+00
5.089999999999999858e+00       0.000000000000000000e+00
5.099999999999999645e+00       0.000000000000000000e+00
5.110000000000000320e+00       0.000000000000000000e+00
5.120000000000000107e+00       0.000000000000000000e+00
5.129999999999999893e+00       0.000000000000000000e+00
5.139999999999999680e+00       0.000000000000000000e+00
5.150000000000000355e+00       0.000000000000000000e+00
5.160000000000000142e+00       0.000000000000000000e+00
5.169999999999999929e+00       0.000000000000000000e+00
5.179999999999999716e+00       0.000000000000000000e+00
5.190000000000000391e+00       0.000000000000000000e+00
5.200000000000000178e+00       0.000000000000000000e+00
5.209999999999999964e+00       0.000000000000000000e+00
5.219999999999999751e+00       0.000000000000000000e+00
5.230000000000000426e+00       0.000000000000000000e+00
5.240000000000000213e+00       0.000000000000000000e+00
5.250000000000000000e+00       0.000000000000000000e+00
5.259999999999999787e+00       0.000000000000000000e+00
5.269999999999999574e+00       0.000000000000000000e+00
5.280000000000000249e+00       0.000000000000000000e+00
5.290000000000000036e+00       0.000000000000000000e+00
5.299999999999999822e+00       0.000000000000000000e+00
5.309999999999999609e+00       0.000000000000000000e+00
5.320000000000000284e+00       0.000000000000000000e+00
5.330000000000000071e+00       0.000000000000000000e+00
5.339999999999999858e+00       0.000000000000000000e+00
5.349999999999999645e+00       0.000000000000000000e+00
5.360000000000000320e+00       0.000000000000000000e+00
5.370000000000000107e+00       0.000000000000000000e+00
5.379999999999999893e+00       0.000000000000000000e+00
5.389999999999999680e+00       0.000000000000000000e+00
5.400000000000000355e+00       0.000000000000000000e+00
5.410000000000000142e+00       0.000000000000000000e+00
5.419999999999999929e+00       0.000000000000000000e+00
5.429999999999999716e+00       0.000000000000000000e+00
5.440000000000000391e+00       0.000000000000000000e+00
5.450000000000000178e+00       0.000000000000000000e+00
5.459999999999999964e+00       0.000000000000000000e+00
5.469999999999999751e+00       0.000000000000000000e+00
5.480000000000000426e+00       0.000000000000000000e+00
5.490000000000000213e+00       0.000000000000000000e+00
5.500000000000000000e+00       0.000000000000000000e+00
5.509999999999999787e+00       0.000000000000000000e+00
5.519999999999999574e+00       0.000000000000000000e+00
5.530000000000000249e+00       0.000000000000000000e+00
5.540000000000000036e+00       0.000000000000000000e+00
5.549999999999999822e+00       0.000000000000000000e+00
5.559999999999999609e+00       0.000000000000000000e+00
5.570000000000000284e+00       0.000000000000000000e+00
5.580000000000000071e+00       0.000000000000000000e+00
5.589999999999999858e+00       0.000000000000000000e+00
5.599999999999999645e+00       0.000000000000000000e+00
5.610000000000000320e+00       0.000000000000000000e+00
5.620000000000000107e+00       0.000000000000000000e+00
5.629999999999999893e+00       0.000000000000000000e+00
5.639999999999999680e+00       0.000000000000000000e+00
5.650000000000000355e+00       0.000000000000000000e+00
5.660000000000000142e+00       0.000000000000000000e+00
5.669999999999999929e+00       0.000000000000000000e+00
5.679999999999999716e+00       0.000000000000000000e+00
5.690000000000000391e+00       0.000000000000000000e+00
5.700000000000000178e+00       0.000000000000000000e+00
5.709999999999999964e+00       0.000000000000000000e+00
5.719999999999999751e+00       0.000000000000000000e+00
5.730000000000000426e+00       0.000000000000000000e+00
5.740000000000000213e+00       0.000000000000000000e+00
5.750000000000000000e+00       0.000000000000000000e+00
5.759999999999999787e+00       0.000000000000000000e+00
5.769999999999999574e+00       0.000000000000000000e+00
5.780000000000000249e+00       0.000000000000000000e+00
5.790000000000000036e+00       0.000000000000000000e+00
5.799999999999999822e+00       0.000000000000000000e+00
5.809999999999999609e+00       0.000000000000000000e+00
5.820000000000000284e+00       0.000000000000000000e+00
5.830000000000000071e+00       0.000000000000000000e+00
5.839999999999999858e+00       0.000000000000000000e+00
5.849999999999999645e+00       0.000000000000000000e+00
5.860000000000000320e+00       0.000000000000000000e+00
5.870000000000000107e+00       0.000000000000000000e+00
5.879999999999999893e+00       0.000000000000000000e+00
5.889999999999999680e+00       0.000000000000000000e+00
5.900000000000000355e+00       0.000000000000000000e+00
5.910000000000000142e+00       0.000000000000000000e+00
5.919999999999999929e+00       0.000000000000000000e+00
5.929999999999999716e+00       0.000000000000000000e+00
5.940000000000000391e+00       0.000000000000000000e+00
5.950000000000000178e+00       0.000000000000000000e+00
5.959999999999999964e+00       0.000000000000000000e+00
5.969999999999999751e+00       0.000000000000000000e+00
5.980000000000000426e+00       0.000000000000000000e+00
5.990000000000000213e+00       0.000000000000000000e+00
6.000000000000000000e+00       0.000000000000000000e+00
6.009999999999999787e+00       5.754576117503161626e-13
6.019999999999999574e+00       6.484387968677871141e-12
6.030000000000000249e+00       2.660283294671415036e-11
6.040000000000000036e+00       7.223297611002122973e-11
6.049999999999999822e+00       1.564501897361260046e-10
6.059999999999999609e+00       2.937351448315965161e-10
6.070000000000000284e+00       4.996972977483092263e-10
6.080000000000000071e+00       7.908964430140584763e-10
6.089999999999999858e+00       1.184670057049057218e-09
6.099999999999999645e+00       1.699010614217965932e-09
6.110000000000000320e+00       2.352471322954967423e-09
6.120000000000000107e+00       3.164054411952549959e-09
6.129999999999999893e+00       4.153144428863697937e-09
6.139999999999999680e+00       5.339431677342048325e-09
6.150000000000000355e+00       6.742867969735851613e-09
6.160000000000000142e+00       8.383588759344817798e-09
6.169999999999999929e+00       1.028187956189227922e-08
6.179999999999999716e+00       1.245812900578049152e-08
6.190000000000000391e+00       1.493278534763176107e-08
6.200000000000000178e+00       1.772633776829141544e-08
6.209999999999999964e+00       2.085926050648887492e-08
6.219999999999999751e+00       2.435199903727294861e-08
6.230000000000000426e+00       2.822494001792411749e-08
6.240000000000000213e+00       3.249838725697313200e-08
6.250000000000000000e+00       3.719253982283740765e-08
6.259999999999999787e+00       4.232746549642136547e-08
6.269999999999999574e+00       4.792310810165479940e-08
6.280000000000000249e+00       5.399923382624039687e-08
6.290000000000000036e+00       6.057544006441289121e-08
6.299999999999999822e+00       6.767113582118703153e-08
6.309999999999999609e+00       7.530552916323922168e-08
6.320000000000000284e+00       8.349761580509486770e-08
6.330000000000000071e+00       9.226616874214786280e-08
6.339999999999999858e+00       1.016297288506059937e-07
6.349999999999999645e+00       1.116065963818777683e-07
6.360000000000000320e+00       1.222148232855085280e-07
6.370000000000000107e+00       1.334722063008046915e-07
6.379999999999999893e+00       1.453962807607233575e-07
6.389999999999999680e+00       1.580043150612555643e-07
6.400000000000000355e+00       1.713133057453112400e-07
6.410000000000000142e+00       1.853399731619572245e-07
6.419999999999999929e+00       2.001007576611067717e-07
6.429999999999999716e+00       2.156118162832839285e-07
6.440000000000000391e+00       2.318890199212812966e-07
6.450000000000000178e+00       2.489479509089224592e-07
6.459999999999999964e+00       2.668039010180405275e-07
6.469999999999999751e+00       2.854718698327943017e-07
6.480000000000000426e+00       3.049665634888236503e-07
6.490000000000000213e+00       3.253023936835137460e-07
6.500000000000000000e+00       3.464934771096583554e-07
6.509999999999999787e+00       3.685536350625240071e-07
6.519999999999999574e+00       3.914963933717212792e-07
6.530000000000000249e+00       4.153349825726870430e-07
6.540000000000000036e+00       4.400823383121163066e-07
6.549999999999999822e+00       4.657511019718547616e-07
6.559999999999999609e+00       4.923536214964623598e-07
6.570000000000000284e+00       5.199019524107707225e-07
6.580000000000000071e+00       5.484078590145032565e-07
6.589999999999999858e+00       5.778828157417814053e-07
6.599999999999999645e+00       6.083380086740687997e-07
6.610000000000000320e+00       6.397843371959107119e-07
6.620000000000000107e+00       6.722324157832176476e-07
6.629999999999999893e+00       7.056925759146600958e-07
6.639999999999999680e+00       7.401748680971662395e-07
6.650000000000000355e+00       7.756890639970359925e-07
6.660000000000000142e+00       8.122446586381972208e-07
6.669999999999999929e+00       8.498508728419597393e-07
6.679999999999999716e+00       8.885166554498696875e-07
6.690000000000000391e+00       9.282506859201434451e-07
6.700000000000000178e+00       9.690613768468311799e-07
6.709999999999999964e+00       1.010956876572327448e-06
6.719999999999999751e+00       1.053945071858293931e-06
6.730000000000000426e+00       1.098033590609653438e-06
6.740000000000000213e+00       1.143229804646805824e-06
6.750000000000000000e+00       1.189540832521156393e-06
6.759999999999999787e+00       1.236973542369560610e-06
6.769999999999999574e+00       1.285534554803467078e-06
6.780000000000000249e+00       1.335230245828716774e-06
6.790000000000000036e+00       1.386066749792330007e-06
6.799999999999999822e+00       1.438049962352456137e-06
6.809999999999999609e+00       1.491185543468806670e-06
6.820000000000000284e+00       1.545478920409324058e-06
6.830000000000000071e+00       1.600935290771150761e-06
6.839999999999999858e+00       1.657559625512270906e-06
6.849999999999999645e+00       1.715356671992111027e-06
6.860000000000000320e+00       1.774330957017206268e-06
6.870000000000000107e+00       1.834486789890938275e-06
6.879999999999999893e+00       1.895828265464342253e-06
6.889999999999999680e+00       1.958359267232353746e-06
6.900000000000000355e+00       2.022083470196945801e-06
6.910000000000000142e+00       2.087004344183829624e-06
6.919999999999999929e+00       2.153125156696900555e-06
6.929999999999999716e+00       2.220448975991204144e-06
6.940000000000000391e+00       2.288978674091335093e-06
6.950000000000000178e+00       2.358716929798641390e-06
6.959999999999999964e+00       2.429666231685981713e-06
6.969999999999999751e+00       2.501828881078832900e-06
6.980000000000000426e+00       2.575206995021376988e-06
6.990000000000000213e+00       2.649802509226574239e-06
7.000000000000000000e+00       2.725617181009184976e-06
7.009999999999999787e+00       2.802652592157126569e-06
7.019999999999999574e+00       2.880910152000336910e-06
7.030000000000000249e+00       2.960391100029204394e-06
7.040000000000000036e+00       3.041096508920613455e-06
7.049999999999999822e+00       3.123027287329738477e-06
7.059999999999999609e+00       3.206184182701993282e-06
7.070000000000000284e+00       3.290567784062491463e-06
7.080000000000000071e+00       3.376178524782093036e-06
7.089999999999999858e+00       3.463016685319790501e-06
7.099999999999999645e+00       3.551082395940726184e-06
7.110000000000000320e+00       3.640375639409497390e-06
7.120000000000000107e+00       3.730896253658354237e-06
7.129999999999999893e+00       3.822643934429836146e-06
7.139999999999999680e+00       3.915618237893642017e-06
7.150000000000000355e+00       4.009818583237188168e-06
7.160000000000000142e+00       4.105244255229960355e-06
7.169999999999999929e+00       4.201894406760921661e-06
7.179999999999999716e+00       4.299768061349430712e-06
7.190000000000000391e+00       4.398864115628665195e-06
7.200000000000000178e+00       4.499181341802121592e-06
7.209999999999999964e+00       4.600718390072725252e-06
7.219999999999999751e+00       4.703473791044339902e-06
7.230000000000000426e+00       4.807445958095912056e-06
7.240000000000000213e+00       4.912633189741482681e-06
7.250000000000000000e+00       5.019033671895112648e-06
7.259999999999999787e+00       5.126645480241832128e-06
7.269999999999999574e+00       5.235466582448438093e-06
7.280000000000000249e+00       5.345494840412199927e-06
7.290000000000000036e+00       5.456728012468831215e-06
7.299999999999999822e+00       5.569163755564043366e-06
7.309999999999999609e+00       5.682799627441735790e-06
7.320000000000000284e+00       5.797633088716806654e-06
7.330000000000000071e+00       5.913661505007687071e-06
7.339999999999999858e+00       6.030882148998286111e-06
7.349999999999999645e+00       6.149292202481383246e-06
7.360000000000000320e+00       6.268888758374670104e-06
7.370000000000000107e+00       6.389668822710151340e-06
7.379999999999999893e+00       6.511629316596251568e-06
7.389999999999999680e+00       6.634767078153557538e-06
7.400000000000000355e+00       6.759078864423667027e-06
7.410000000000000142e+00       6.884561353251967743e-06
7.419999999999999929e+00       7.011211145143797373e-06
7.429999999999999716e+00       7.139024765094800468e-06
7.440000000000000391e+00       7.267998664395138265e-06
7.450000000000000178e+00       7.398129222408174024e-06
7.459999999999999964e+00       7.529412748323506808e-06
7.469999999999999751e+00       7.661845482884748450e-06
7.480000000000000426e+00       7.795423600092012337e-06
7.490000000000000213e+00       7.930143208879617174e-06
7.500000000000000000e+00       8.066000354768876110e-06
7.509999999999999787e+00       8.202991021496631934e-06
7.519999999999999574e+00       8.341111132619220684e-06
7.530000000000000249e+00       8.480356553092415099e-06
7.540000000000000036e+00       8.620723090827624044e-06
7.549999999999999822e+00       8.762206498224300470e-06
7.559999999999999609e+00       8.904802473678801863e-06
7.570000000000000284e+00       9.048506663070451949e-06
7.580000000000000071e+00       9.193314661224309000e-06
7.589999999999999858e+00       9.339222013351201462e-06
7.599999999999999645e+00       9.486224216465383280e-06
7.610000000000000320e+00       9.634316720779880077e-06
7.620000000000000107e+00       9.783494931079712517e-06
7.629999999999999893e+00       9.933754208073372946e-06
7.639999999999999680e+00       1.008508986972291615e-05
7.650000000000000355e+00       1.023749719255208824e-05
7.660000000000000142e+00       1.039097141293426228e-05
7.669999999999999929e+00       1.054550772835874742e-05
7.679999999999999716e+00       1.070110129867684557e-05
7.690000000000000391e+00       1.085774724732736236e-05
7.700000000000000178e+00       1.101544066254212812e-05
7.709999999999999964e+00       1.117417659853139513e-05
7.719999999999999751e+00       1.133395007664964630e-05
7.730000000000000426e+00       1.149475608654200006e-05
7.740000000000000213e+00       1.165658958727131645e-05
7.750000000000000000e+00       1.181944550842625682e-05
7.759999999999999787e+00       1.198331875121070373e-05
7.769999999999999574e+00       1.214820418951515427e-05
7.780000000000000249e+00       1.231409667096799980e-05
7.790000000000000036e+00       1.248099101797143365e-05
7.799999999999999822e+00       1.264888202871730451e-05
7.809999999999999609e+00       1.281776447818649846e-05
7.820000000000000284e+00       1.298763311913043496e-05
7.830000000000000071e+00       1.315848268303571712e-05
7.839999999999999858e+00       1.333030788107161937e-05
7.849999999999999645e+00       1.350310340502106307e-05
7.860000000000000320e+00       1.367686392819483101e-05
7.870000000000000107e+00       1.385158410632982385e-05
7.879999999999999893e+00       1.402725857847090947e-05
7.889999999999999680e+00       1.420388196783720227e-05
7.900000000000000355e+00       1.438144888267269423e-05
7.910000000000000142e+00       1.455995391708106693e-05
7.919999999999999929e+00       1.473939165184604633e-05
7.929999999999999716e+00       1.491975665523585025e-05
7.940000000000000391e+00       1.510104348379362604e-05
7.950000000000000178e+00       1.528324668311281261e-05
7.959999999999999964e+00       1.546636078824579658e-05
7.969999999999999751e+00       1.565038032585680072e-05
7.980000000000000426e+00       1.583529981285167933e-05
7.990000000000000213e+00       1.602111375849546679e-05
8.000000000000000000e+00       1.620781666476918168e-05
8.009999999999999787e+00       1.639540302706182223e-05
8.019999999999999574e+00       1.658386733484964269e-05
8.029999999999999361e+00       1.677320407236170438e-05
8.039999999999999147e+00       1.696340771923316511e-05
8.050000000000000711e+00       1.715447275114550054e-05
8.060000000000000497e+00       1.734639364045460625e-05
8.070000000000000284e+00       1.753916485680648562e-05
8.080000000000000071e+00       1.773278086774051688e-05
8.089999999999999858e+00       1.792723613928139703e-05
8.099999999999999645e+00       1.812252513651936274e-05
8.109999999999999432e+00       1.831864232417638110e-05
8.119999999999999218e+00       1.851558216716629249e-05
8.130000000000000782e+00       1.871333913113816866e-05
8.140000000000000568e+00       1.891190768301163078e-05
8.150000000000000355e+00       1.911128229150022771e-05
8.160000000000000142e+00       1.931145742762477863e-05
8.169999999999999929e+00       1.951242756521535864e-05
8.179999999999999716e+00       1.971418718140342829e-05
8.189999999999999503e+00       1.991673075710355476e-05
8.199999999999999289e+00       2.012005277748471458e-05
8.210000000000000853e+00       2.032414773243235005e-05
8.220000000000000639e+00       2.052901011700004790e-05
8.230000000000000426e+00       2.073463443185155497e-05
8.240000000000000213e+00       2.094101518369371028e-05
8.250000000000000000e+00       2.114814688569987679e-05
8.259999999999999787e+00       2.135602405799164570e-05
8.269999999999999574e+00       2.156464122777349430e-05
8.279999999999999361e+00       2.177399293013419098e-05
8.289999999999999147e+00       2.198407370816461752e-05
8.300000000000000711e+00       2.219487811340381322e-05
8.310000000000000497e+00       2.240640070620901990e-05
8.320000000000000284e+00       2.261863605611818151e-05
8.330000000000000071e+00       2.283157874220305861e-05
8.339999999999999858e+00       2.304522335341518710e-05
8.349999999999999645e+00       2.325956448892347510e-05
8.359999999999999432e+00       2.347459675844384101e-05
8.369999999999999218e+00       2.369031478256142831e-05
8.380000000000000782e+00       2.390671319304507830e-05
8.390000000000000568e+00       2.412378663315426107e-05
8.400000000000000355e+00       2.434152975793897250e-05
8.410000000000000142e+00       2.455993723453160494e-05
8.419999999999999929e+00       2.477900374243316637e-05
8.429999999999999716e+00       2.499872397379088025e-05
8.439999999999999503e+00       2.521909263366996784e-05
8.449999999999999289e+00       2.544010444031826138e-05
8.460000000000000853e+00       2.566175412542434913e-05
8.470000000000000639e+00       2.588403643436888336e-05
8.480000000000000426e+00       2.610694612646982345e-05
8.490000000000000213e+00       2.633047797522118061e-05
8.500000000000000000e+00       2.655462676852536917e-05
8.509999999999999787e+00       2.677938730891972014e-05
8.519999999999999574e+00       2.700475441379690289e-05
8.529999999999999361e+00       2.723072291561922452e-05
8.539999999999999147e+00       2.745728766212766737e-05
8.550000000000000711e+00       2.768444351654419442e-05
8.560000000000000497e+00       2.791218535776973474e-05
8.570000000000000284e+00       2.814050808057567393e-05
8.580000000000000071e+00       2.836940659579002182e-05
8.589999999999999858e+00       2.859887583047884688e-05
8.599999999999999645e+00       2.882891072812193058e-05
8.609999999999999432e+00       2.905950624878323780e-05
8.619999999999999218e+00       2.929065736927674560e-05
8.630000000000000782e+00       2.952235908332680346e-05
8.640000000000000568e+00       2.975460640172408223e-05
8.650000000000000355e+00       2.998739435247603429e-05
8.660000000000000142e+00       3.022071798095380969e-05
8.669999999999999929e+00       3.045457235003302628e-05
8.679999999999999716e+00       3.068895254023125673e-05
8.689999999999999503e+00       3.092385364984029096e-05
8.699999999999999289e+00       3.115927079505421098e-05
8.710000000000000853e+00       3.139519911009356587e-05
8.720000000000000639e+00       3.163163374732434947e-05
8.730000000000000426e+00       3.186856987737369146e-05
8.740000000000000213e+00       3.210600268924121854e-05
8.750000000000000000e+00       3.234392739040575342e-05
8.759999999999999787e+00       3.258233920692933053e-05
8.769999999999999574e+00       3.282123338355627171e-05
8.779999999999999361e+00       3.306060518380829109e-05
8.789999999999999147e+00       3.330044989007688267e-05
8.800000000000000711e+00       3.354076280371063928e-05
8.810000000000000497e+00       3.378153924509923076e-05
8.820000000000000284e+00       3.402277455375266594e-05
8.830000000000000071e+00       3.426446408837329047e-05
8.839999999999999858e+00       3.450660322691193488e-05
8.849999999999999645e+00       3.474918736654482792e-05
8.859999999999999432e+00       3.499221192241901195e-05
8.869999999999999218e+00       3.523567234105443030e-05
8.880000000000000782e+00       3.547956406181068412e-05
8.890000000000000568e+00       3.572388256948609786e-05
8.900000000000000355e+00       3.596862335788385745e-05
8.910000000000000142e+00       3.621378194158808572e-05
8.919999999999999929e+00       3.645935385504258910e-05
8.929999999999999716e+00       3.670533465251622405e-05
8.939999999999999503e+00       3.695171990813037489e-05
8.949999999999999289e+00       3.719850521589437327e-05
8.960000000000000853e+00       3.744568618974163603e-05
8.970000000000000639e+00       3.769325846356469167e-05
8.980000000000000426e+00       3.794121769124708980e-05
8.990000000000000213e+00       3.818955954669325055e-05
9.000000000000000000e+00       3.843827972385659289e-05
9.009999999999999787e+00       3.868737393608012959e-05
9.019999999999999574e+00       3.893683791179486804e-05
9.029999999999999361e+00       3.918666739438816097e-05
9.039999999999999147e+00       3.943685814405011633e-05
9.050000000000000711e+00       3.968740593844999033e-05
9.060000000000000497e+00       3.993830657311377445e-05
9.070000000000000284e+00       4.018955586169168162e-05
9.080000000000000071e+00       4.044114963610237902e-05
9.089999999999999858e+00       4.069308374674490892e-05
9.099999999999999645e+00       4.094535406254536363e-05
9.109999999999999432e+00       4.119795647111158078e-05
9.119999999999999218e+00       4.145088687879343851e-05
9.130000000000000782e+00       4.170414121072148699e-05
9.140000000000000568e+00       4.195771541091719141e-05
9.150000000000000355e+00       4.221160544231160062e-05
9.160000000000000142e+00       4.246580728679621650e-05
9.169999999999999929e+00       4.272031694526054127e-05
9.179999999999999716e+00       4.297513043763846779e-05
9.189999999999999503e+00       4.323024380288062560e-05
9.199999999999999289e+00       4.348565309905637051e-05
9.210000000000000853e+00       4.374135440332306774e-05
9.220000000000000639e+00       4.399734381195378655e-05
9.230000000000000426e+00       4.425361744034979567e-05
9.240000000000000213e+00       4.451017142304744794e-05
9.250000000000000000e+00       4.476700191375597839e-05
9.259999999999999787e+00       4.502410508526905357e-05
9.269999999999999574e+00       4.528147712958697477e-05
9.279999999999999361e+00       4.553911425784283026e-05
9.289999999999999147e+00       4.579701270031722013e-05
9.300000000000000711e+00       4.605516870643209664e-05
9.310000000000000497e+00       4.631357854474512639e-05
9.320000000000000284e+00       4.657223850293974276e-05
9.330000000000000071e+00       4.683114488781525936e-05
9.339999999999999858e+00       4.709029402529910113e-05
9.349999999999999645e+00       4.734968226033404738e-05
9.359999999999999432e+00       4.760930595700710273e-05
9.369999999999999218e+00       4.786916149843785140e-05
9.380000000000000782e+00       4.812924528700852493e-05
9.390000000000000568e+00       4.838955374344089887e-05
9.400000000000000355e+00       4.865008330812742201e-05
9.410000000000000142e+00       4.891083044020698824e-05
9.419999999999999929e+00       4.917179161776511414e-05
9.429999999999999716e+00       4.943296333780889393e-05
9.439999999999999503e+00       4.969434211623910159e-05
9.449999999999999289e+00       4.995592448782258432e-05
9.460000000000000853e+00       5.021770700616302982e-05
9.470000000000000639e+00       5.047968624366935494e-05
9.480000000000000426e+00       5.074185879152519221e-05
9.490000000000000213e+00       5.100422125965558450e-05
9.500000000000000000e+00       5.126677027669333407e-05
9.509999999999999787e+00       5.152950248994358985e-05
9.519999999999999574e+00       5.179241456534897000e-05
9.529999999999999361e+00       5.205550318745195363e-05
9.539999999999999147e+00       5.231876505935748262e-05
9.550000000000000711e+00       5.258219690269346955e-05
9.560000000000000497e+00       5.284579545757142084e-05
9.570000000000000284e+00       5.310955748254428161e-05
9.580000000000000071e+00       5.337347975456307433e-05
9.589999999999999858e+00       5.363755906892903817e-05
9.599999999999999645e+00       5.390179223923087390e-05
9.609999999999999432e+00       5.416617609877928576e-05
9.619999999999999218e+00       5.443070749540575190e-05
9.630000000000000782e+00       5.469538329846878786e-05
9.640000000000000568e+00       5.496020039443955650e-05
9.650000000000000355e+00       5.522515568788263047e-05
9.660000000000000142e+00       5.549024610246850830e-05
9.669999999999999929e+00       5.575546857642672122e-05
9.679999999999999716e+00       5.602082006973759686e-05
9.689999999999999503e+00       5.628629755880828453e-05
9.699999999999999289e+00       5.655189803792630437e-05
9.710000000000000853e+00       5.681761851919077508e-05
9.720000000000000639e+00       5.708345603245589309e-05
9.730000000000000426e+00       5.734940762527668181e-05
9.740000000000000213e+00       5.761547036285600800e-05
9.750000000000000000e+00       5.788164132799205220e-05
9.759999999999999787e+00       5.814791762102422058e-05
9.769999999999999574e+00       5.841429635978066277e-05
9.779999999999999361e+00       5.868077467952318766e-05
9.789999999999999147e+00       5.894734973289366987e-05
9.800000000000000711e+00       5.921401868985838276e-05
9.810000000000000497e+00       5.948077873765391033e-05
9.820000000000000284e+00       5.974762708072988099e-05
9.830000000000000071e+00       6.001456094069467612e-05
9.839999999999999858e+00       6.028157755625720168e-05
9.849999999999999645e+00       6.054867418317130926e-05
9.859999999999999432e+00       6.081584809417784547e-05
9.869999999999999218e+00       6.108309657894767715e-05
9.880000000000000782e+00       6.135041694402285984e-05
9.890000000000000568e+00       6.161780651275957483e-05
9.900000000000000355e+00       6.188526262526842354e-05
9.910000000000000142e+00       6.215278263835607032e-05
9.919999999999999929e+00       6.242036392546599082e-05
9.929999999999999716e+00       6.268800387661911189e-05
9.939999999999999503e+00       6.295569989835366549e-05
9.949999999999999289e+00       6.322344941366546270e-05
9.960000000000000853e+00       6.349124986194730035e-05
9.970000000000000639e+00       6.375909869892937060e-05
9.980000000000000426e+00       6.402699339661678372e-05
9.990000000000000213e+00       6.429493144323022167e-05
