 1.0000e-02  0.0000e+00
 2.0000e-02  0.0000e+00
 3.0000e-02  0.0000e+00
 4.0000e-02  0.0000e+00
 5.0000e-02  0.0000e+00
 6.0000e-02  0.0000e+00
 7.0000e-02  0.0000e+00
 8.0000e-02  0.0000e+00
 9.0000e-02  0.0000e+00
 1.0000e-01  0.0000e+00
 1.1000e-01  0.0000e+00
 1.2000e-01  0.0000e+00
 1.3000e-01  0.0000e+00
 1.4000e-01  0.0000e+00
 1.5000e-01  0.0000e+00
 1.6000e-01  0.0000e+00
 1.7000e-01  0.0000e+00
 1.8000e-01  0.0000e+00
 1.9000e-01  0.0000e+00
 2.0000e-01  0.0000e+00
 2.1000e-01  0.0000e+00
 2.2000e-01  0.0000e+00
 2.3000e-01  0.0000e+00
 2.4000e-01  0.0000e+00
 2.5000e-01  0.0000e+00
 2.6000e-01  0.0000e+00
 2.7000e-01  0.0000e+00
 2.8000e-01  0.0000e+00
 2.9000e-01  3.2676e-03
 3.0000e-01  8.9587e-03
 3.1000e-01  1.5899e-02
 3.2000e-01  2.3597e-02
 3.3000e-01  3.1759e-02
 3.4000e-01  4.0193e-02
 3.5000e-01  4.8779e-02
 3.6000e-01  5.7446e-02
 3.7000e-01  6.6161e-02
 3.8000e-01  7.4921e-02
 3.9000e-01  8.3738e-02
 4.0000e-01  9.2654e-02
 4.1000e-01  1.0172e-01
 4.2000e-01  1.1099e-01
 4.3000e-01  1.2055e-01
 4.4000e-01  1.3048e-01
 4.5000e-01  1.4087e-01
 4.6000e-01  1.5182e-01
 4.7000e-01  1.6340e-01
 4.8000e-01  1.7566e-01
 4.9000e-01  1.8868e-01
 5.0000e-01  2.0254e-01
 5.1000e-01  2.1728e-01
 5.2000e-01  2.3299e-01
 5.3000e-01  2.4973e-01
 5.4000e-01  2.6756e-01
 5.5000e-01  2.8655e-01
 5.6000e-01  3.0677e-01
 5.7000e-01  3.2829e-01
 5.8000e-01  3.5118e-01
 5.9000e-01  3.7552e-01
 6.0000e-01  4.0131e-01
 6.1000e-01  4.2858e-01
 6.2000e-01  4.5728e-01
 6.3000e-01  4.8731e-01
 6.4000e-01  5.1852e-01
 6.5000e-01  5.5069e-01
 6.6000e-01  5.8346e-01
 6.7000e-01  6.1635e-01
 6.8000e-01  6.4878e-01
 6.9000e-01  6.8012e-01
 7.0000e-01  7.0962e-01
 7.1000e-01  7.3651e-01
 7.2000e-01  7.5991e-01
 7.3000e-01  7.7886e-01
 7.4000e-01  7.9219e-01
 7.5000e-01  7.9800e-01
 7.6000e-01  7.9104e-01
 7.7000e-01  7.4446e-01
 7.8000e-01  4.4967e-01
 7.9000e-01  5.2521e-01
 8.0000e-01  6.6604e-01
 8.1000e-01  6.8227e-01
 8.2000e-01  6.7100e-01
 8.3000e-01  6.4984e-01
 8.4000e-01  6.2416e-01
 8.5000e-01  5.9622e-01
 8.6000e-01  5.6722e-01
 8.7000e-01  5.3787e-01
 8.8000e-01  5.0868e-01
 8.9000e-01  4.7997e-01
 9.0000e-01  4.5174e-01
 9.1000e-01  4.2437e-01
 9.2000e-01  3.9805e-01
 9.3000e-01  3.7290e-01
 9.4000e-01  3.4899e-01
 9.5000e-01  3.2633e-01
 9.6000e-01  3.0489e-01
 9.7000e-01  2.8451e-01
 9.8000e-01  2.6479e-01
 9.9000e-01  2.4474e-01
 1.0000e+00  2.1556e-01
 1.0100e+00  1.3203e-01
 1.0200e+00  1.2850e-02
 1.0300e+00  9.9132e-02
 1.0400e+00  1.3808e-01
 1.0500e+00  1.4728e-01
 1.0600e+00  1.4664e-01
 1.0700e+00  1.4233e-01
 1.0800e+00  1.3671e-01
 1.0900e+00  1.3093e-01
 1.1000e+00  1.2551e-01
 1.1100e+00  1.2049e-01
 1.1200e+00  1.1573e-01
 1.1300e+00  1.1108e-01
 1.1400e+00  1.0637e-01
 1.1500e+00  1.0151e-01
 1.1600e+00  9.6556e-02
 1.1700e+00  9.1606e-02
 1.1800e+00  8.6746e-02
 1.1900e+00  8.2056e-02
 1.2000e+00  7.7584e-02
 1.2100e+00  7.3311e-02
 1.2200e+00  6.9219e-02
 1.2300e+00  6.5289e-02
 1.2400e+00  6.1513e-02
 1.2500e+00  5.7890e-02
 1.2600e+00  5.4443e-02
 1.2700e+00  5.1165e-02
 1.2800e+00  4.8050e-02
 1.2900e+00  4.5082e-02
 1.3000e+00  4.2245e-02
 1.3100e+00  3.9504e-02
 1.3200e+00  3.6825e-02
 1.3300e+00  3.4190e-02
 1.3400e+00  3.1576e-02
 1.3500e+00  2.8976e-02
 1.3600e+00  2.6397e-02
 1.3700e+00  2.3861e-02
 1.3800e+00  2.1389e-02
 1.3900e+00  1.9000e-02
 1.4000e+00  1.6705e-02
 1.4100e+00  1.4492e-02
 1.4200e+00  1.2408e-02
 1.4300e+00  1.0469e-02
 1.4400e+00  8.6870e-03
 1.4500e+00  7.0695e-03
 1.4600e+00  5.6286e-03
 1.4700e+00  4.3830e-03
 1.4800e+00  3.3342e-03
 1.4900e+00  2.4084e-03
 1.5000e+00  1.7619e-03
 1.5100e+00  1.3199e-03
 1.5200e+00  1.0307e-03
 1.5300e+00  8.5155e-04
 1.5400e+00  7.4703e-04
 1.5500e+00  6.8847e-04
 1.5600e+00  6.5625e-04
 1.5700e+00  6.4337e-04
 1.5800e+00  6.5509e-04
 1.5900e+00  7.0418e-04
 1.6000e+00  8.0626e-04
 1.6100e+00  9.7589e-04
 1.6200e+00  1.2245e-03
 1.6300e+00  1.5588e-03
 1.6400e+00  1.9805e-03
 1.6500e+00  2.4871e-03
 1.6600e+00  3.0723e-03
 1.6700e+00  3.7292e-03
 1.6800e+00  4.4475e-03
 1.6900e+00  5.2102e-03
 1.7000e+00  5.9935e-03
 1.7100e+00  6.7699e-03
 1.7200e+00  7.5202e-03
 1.7300e+00  8.2311e-03
 1.7400e+00  8.8915e-03
 1.7500e+00  9.4936e-03
 1.7600e+00  1.0032e-02
 1.7700e+00  1.0508e-02
 1.7800e+00  1.0921e-02
 1.7900e+00  1.1275e-02
 1.8000e+00  1.1573e-02
 1.8100e+00  1.1818e-02
 1.8200e+00  1.2009e-02
 1.8300e+00  1.2141e-02
 1.8400e+00  1.2213e-02
 1.8500e+00  1.2219e-02
 1.8600e+00  1.2156e-02
 1.8700e+00  1.2018e-02
 1.8800e+00  1.1798e-02
 1.8900e+00  1.1491e-02
 1.9000e+00  1.1096e-02
 1.9100e+00  1.0615e-02
 1.9200e+00  1.0057e-02
 1.9300e+00  9.4351e-03
 1.9400e+00  8.7636e-03
 1.9500e+00  8.0583e-03
 1.9600e+00  7.3484e-03
 1.9700e+00  6.7098e-03
 1.9800e+00  6.2077e-03
 1.9900e+00  5.8910e-03
 2.0000e+00  5.8131e-03
 2.0100e+00  5.8130e-03
 2.0200e+00  5.8130e-03
 2.0300e+00  5.8130e-03
 2.0400e+00  5.8130e-03
 2.0500e+00  5.8130e-03
 2.0600e+00  5.8130e-03
 2.0700e+00  5.8130e-03
 2.0800e+00  5.8130e-03
 2.0900e+00  5.8130e-03
 2.1000e+00  5.8130e-03
 2.1100e+00  5.8130e-03
 2.1200e+00  5.8130e-03
 2.1300e+00  5.8130e-03
 2.1400e+00  5.8130e-03
 2.1500e+00  5.8130e-03
 2.1600e+00  5.8130e-03
 2.1700e+00  5.8130e-03
 2.1800e+00  5.8130e-03
 2.1900e+00  5.8130e-03
 2.2000e+00  5.8130e-03
 2.2100e+00  5.8130e-03
 2.2200e+00  5.8130e-03
 2.2300e+00  5.8130e-03
 2.2400e+00  5.8130e-03
 2.2500e+00  5.8130e-03
 2.2600e+00  5.8130e-03
 2.2700e+00  5.8130e-03
 2.2800e+00  5.8130e-03
 2.2900e+00  5.8130e-03
 2.3000e+00  5.8130e-03
 2.3100e+00  5.8130e-03
 2.3200e+00  5.8130e-03
 2.3300e+00  5.8130e-03
 2.3400e+00  5.8130e-03
 2.3500e+00  5.8130e-03
 2.3600e+00  5.8130e-03
 2.3700e+00  5.8130e-03
 2.3800e+00  5.8130e-03
 2.3900e+00  5.8130e-03
 2.4000e+00  5.8130e-03
 2.4100e+00  5.8130e-03
 2.4200e+00  5.8130e-03
 2.4300e+00  5.8130e-03
 2.4400e+00  5.8130e-03
 2.4500e+00  5.8130e-03
 2.4600e+00  5.8130e-03
 2.4700e+00  5.8130e-03
 2.4800e+00  5.8130e-03
 2.4900e+00  5.8130e-03
 2.5000e+00  5.8130e-03
 2.5100e+00  5.8130e-03
 2.5200e+00  5.8130e-03
 2.5300e+00  5.8130e-03
 2.5400e+00  5.8130e-03
 2.5500e+00  5.8130e-03
 2.5600e+00  5.8130e-03
 2.5700e+00  5.8130e-03
 2.5800e+00  5.8130e-03
 2.5900e+00  5.8130e-03
 2.6000e+00  5.8130e-03
 2.6100e+00  5.8130e-03
 2.6200e+00  5.8130e-03
 2.6300e+00  5.8130e-03
 2.6400e+00  5.8130e-03
 2.6500e+00  5.8130e-03
 2.6600e+00  5.8130e-03
 2.6700e+00  5.8130e-03
 2.6800e+00  5.8130e-03
 2.6900e+00  5.8130e-03
 2.7000e+00  5.8130e-03
 2.7100e+00  5.8130e-03
 2.7200e+00  5.8130e-03
 2.7300e+00  5.8130e-03
 2.7400e+00  5.8130e-03
 2.7500e+00  5.8130e-03
 2.7600e+00  5.8130e-03
 2.7700e+00  5.8130e-03
 2.7800e+00  5.8130e-03
 2.7900e+00  5.8130e-03
 2.8000e+00  5.8130e-03
 2.8100e+00  5.8130e-03
 2.8200e+00  5.8130e-03
 2.8300e+00  5.8130e-03
 2.8400e+00  5.8130e-03
 2.8500e+00  5.8130e-03
 2.8600e+00  5.8130e-03
 2.8700e+00  5.8130e-03
 2.8800e+00  5.8130e-03
 2.8900e+00  5.8130e-03
 2.9000e+00  5.8130e-03
 2.9100e+00  5.8130e-03
 2.9200e+00  5.8130e-03
 2.9300e+00  5.8130e-03
 2.9400e+00  5.8130e-03
 2.9500e+00  5.8130e-03
 2.9600e+00  5.8130e-03
 2.9700e+00  5.8130e-03
 2.9800e+00  5.8130e-03
 2.9900e+00  5.8130e-03
 3.0000e+00  5.8130e-03
 3.0100e+00  5.5954e-03
 3.0200e+00  5.5114e-03
 3.0300e+00  5.4494e-03
 3.0400e+00  5.3990e-03
 3.0500e+00  5.3559e-03
 3.0600e+00  5.3181e-03
 3.0700e+00  5.2842e-03
 3.0800e+00  5.2536e-03
 3.0900e+00  5.2254e-03
 3.1000e+00  5.1995e-03
 3.1100e+00  5.1754e-03
 3.1200e+00  5.1529e-03
 3.1300e+00  5.1317e-03
 3.1400e+00  5.1118e-03
 3.1500e+00  5.0930e-03
 3.1600e+00  5.0752e-03
 3.1700e+00  5.0583e-03
 3.1800e+00  5.0422e-03
 3.1900e+00  5.0268e-03
 3.2000e+00  5.0122e-03
 3.2100e+00  4.9981e-03
 3.2200e+00  4.9847e-03
 3.2300e+00  4.9718e-03
 3.2400e+00  4.9594e-03
 3.2500e+00  4.9475e-03
 3.2600e+00  4.9360e-03
 3.2700e+00  4.9249e-03
 3.2800e+00  4.9142e-03
 3.2900e+00  4.9039e-03
 3.3000e+00  4.8939e-03
 3.3100e+00  4.8843e-03
 3.3200e+00  4.8750e-03
 3.3300e+00  4.8660e-03
 3.3400e+00  4.8572e-03
 3.3500e+00  4.8487e-03
 3.3600e+00  4.8405e-03
 3.3700e+00  4.8325e-03
 3.3800e+00  4.8248e-03
 3.3900e+00  4.8173e-03
 3.4000e+00  4.8099e-03
 3.4100e+00  4.8028e-03
 3.4200e+00  4.7959e-03
 3.4300e+00  4.7892e-03
 3.4400e+00  4.7826e-03
 3.4500e+00  4.7762e-03
 3.4600e+00  4.7700e-03
 3.4700e+00  4.7640e-03
 3.4800e+00  4.7580e-03
 3.4900e+00  4.7523e-03
 3.5000e+00  4.7467e-03
 3.5100e+00  4.7412e-03
 3.5200e+00  4.7358e-03
 3.5300e+00  4.7306e-03
 3.5400e+00  4.7255e-03
 3.5500e+00  4.7205e-03
 3.5600e+00  4.6351e-03
 3.5700e+00  4.5838e-03
 3.5800e+00  4.5470e-03
 3.5900e+00  4.5168e-03
 3.6000e+00  4.4907e-03
 3.6100e+00  4.4674e-03
 3.6200e+00  4.4463e-03
 3.6300e+00  4.4269e-03
 3.6400e+00  4.4088e-03
 3.6500e+00  4.3920e-03
 3.6600e+00  4.3761e-03
 3.6700e+00  4.3612e-03
 3.6800e+00  4.3470e-03
 3.6900e+00  4.3335e-03
 3.7000e+00  4.3206e-03
 3.7100e+00  4.3083e-03
 3.7200e+00  4.2965e-03
 3.7300e+00  4.2852e-03
 3.7400e+00  4.2743e-03
 3.7500e+00  4.2638e-03
 3.7600e+00  4.2537e-03
 3.7700e+00  4.2440e-03
 3.7800e+00  4.2346e-03
 3.7900e+00  4.2255e-03
 3.8000e+00  4.2167e-03
 3.8100e+00  4.2081e-03
 3.8200e+00  4.1998e-03
 3.8300e+00  4.1918e-03
 3.8400e+00  4.1840e-03
 3.8500e+00  4.1764e-03
 3.8600e+00  4.1691e-03
 3.8700e+00  4.1619e-03
 3.8800e+00  4.1549e-03
 3.8900e+00  4.1481e-03
 3.9000e+00  4.1415e-03
 3.9100e+00  4.1351e-03
 3.9200e+00  4.1288e-03
 3.9300e+00  4.1227e-03
 3.9400e+00  4.1167e-03
 3.9500e+00  4.1109e-03
 3.9600e+00  4.1052e-03
 3.9700e+00  4.0996e-03
 3.9800e+00  4.0942e-03
 3.9900e+00  4.0889e-03
 4.0000e+00  4.0837e-03
 4.0100e+00  4.0786e-03
 4.0200e+00  4.0736e-03
 4.0300e+00  4.0688e-03
 4.0400e+00  4.0640e-03
 4.0500e+00  4.0594e-03
 4.0600e+00  4.0548e-03
 4.0700e+00  4.0503e-03
 4.0800e+00  4.0460e-03
 4.0900e+00  4.0417e-03
 4.1000e+00  4.0375e-03
 4.1100e+00  4.0334e-03
 4.1200e+00  4.0293e-03
 4.1300e+00  4.0254e-03
 4.1400e+00  4.0215e-03
 4.1500e+00  4.0177e-03
 4.1600e+00  4.0140e-03
 4.1700e+00  4.0103e-03
 4.1800e+00  4.0067e-03
 4.1900e+00  4.0032e-03
 4.2000e+00  3.9998e-03
 4.2100e+00  3.9964e-03
 4.2200e+00  3.9930e-03
 4.2300e+00  3.9898e-03
 4.2400e+00  3.9865e-03
 4.2500e+00  3.9834e-03
 4.2600e+00  3.9803e-03
 4.2700e+00  3.9772e-03
 4.2800e+00  3.9742e-03
 4.2900e+00  3.9713e-03
 4.3000e+00  3.9684e-03
 4.3100e+00  3.9655e-03
 4.3200e+00  3.9627e-03
 4.3300e+00  3.9600e-03
 4.3400e+00  3.9573e-03
 4.3500e+00  3.9546e-03
 4.3600e+00  3.9520e-03
 4.3700e+00  3.9494e-03
 4.3800e+00  3.9469e-03
 4.3900e+00  3.9444e-03
 4.4000e+00  3.9420e-03
 4.4100e+00  3.9396e-03
 4.4200e+00  3.9372e-03
 4.4300e+00  3.9348e-03
 4.4400e+00  3.9325e-03
 4.4500e+00  3.9303e-03
 4.4600e+00  3.9280e-03
 4.4700e+00  3.9259e-03
 4.4800e+00  3.9237e-03
 4.4900e+00  3.9216e-03
 4.5000e+00  3.9195e-03
 4.5100e+00  3.9174e-03
 4.5200e+00  3.9154e-03
 4.5300e+00  3.9134e-03
 4.5400e+00  3.9114e-03
 4.5500e+00  3.9094e-03
 4.5600e+00  3.9075e-03
 4.5700e+00  3.9056e-03
 4.5800e+00  3.9038e-03
 4.5900e+00  3.9019e-03
 4.6000e+00  3.9001e-03
 4.6100e+00  3.8984e-03
 4.6200e+00  3.8966e-03
 4.6300e+00  3.8949e-03
 4.6400e+00  3.8932e-03
 4.6500e+00  3.8915e-03
 4.6600e+00  3.8898e-03
 4.6700e+00  3.8882e-03
 4.6800e+00  3.8866e-03
 4.6900e+00  3.8850e-03
 4.7000e+00  3.8834e-03
 4.7100e+00  3.8819e-03
 4.7200e+00  3.8803e-03
 4.7300e+00  3.8788e-03
 4.7400e+00  3.8773e-03
 4.7500e+00  3.8759e-03
 4.7600e+00  3.8744e-03
 4.7700e+00  3.8730e-03
 4.7800e+00  3.8716e-03
 4.7900e+00  3.8702e-03
 4.8000e+00  3.8688e-03
 4.8100e+00  3.8675e-03
 4.8200e+00  3.8661e-03
 4.8300e+00  3.8648e-03
 4.8400e+00  3.8635e-03
 4.8500e+00  3.8622e-03
 4.8600e+00  3.8610e-03
 4.8700e+00  3.8597e-03
 4.8800e+00  3.8585e-03
 4.8900e+00  3.8573e-03
 4.9000e+00  3.8561e-03
 4.9100e+00  3.8549e-03
 4.9200e+00  3.8537e-03
 4.9300e+00  3.8525e-03
 4.9400e+00  3.8514e-03
 4.9500e+00  3.8503e-03
 4.9600e+00  3.8492e-03
 4.9700e+00  3.8480e-03
 4.9800e+00  3.8470e-03
 4.9900e+00  3.8459e-03
 5.0000e+00  3.8448e-03
 5.0100e+00  3.8438e-03
 5.0200e+00  3.8427e-03
 5.0300e+00  3.8417e-03
 5.0400e+00  3.8407e-03
 5.0500e+00  3.8397e-03
 5.0600e+00  3.8387e-03
 5.0700e+00  3.8377e-03
 5.0800e+00  3.8368e-03
 5.0900e+00  3.8358e-03
 5.1000e+00  3.8349e-03
 5.1100e+00  3.8339e-03
 5.1200e+00  3.8330e-03
 5.1300e+00  3.8321e-03
 5.1400e+00  3.8312e-03
 5.1500e+00  3.8303e-03
 5.1600e+00  3.8294e-03
 5.1700e+00  3.8286e-03
 5.1800e+00  3.8277e-03
 5.1900e+00  3.8269e-03
 5.2000e+00  3.8260e-03
 5.2100e+00  3.8252e-03
 5.2200e+00  3.8244e-03
 5.2300e+00  3.8236e-03
 5.2400e+00  3.8228e-03
 5.2500e+00  3.8220e-03
 5.2600e+00  3.8212e-03
 5.2700e+00  3.8204e-03
 5.2800e+00  3.8197e-03
 5.2900e+00  3.8189e-03
 5.3000e+00  3.8182e-03
 5.3100e+00  3.8174e-03
 5.3200e+00  3.8167e-03
 5.3300e+00  3.8160e-03
 5.3400e+00  3.8152e-03
 5.3500e+00  3.8145e-03
 5.3600e+00  3.8138e-03
 5.3700e+00  3.8131e-03
 5.3800e+00  3.8125e-03
 5.3900e+00  3.8118e-03
 5.4000e+00  3.8111e-03
 5.4100e+00  3.8104e-03
 5.4200e+00  3.8098e-03
 5.4300e+00  3.8091e-03
 5.4400e+00  3.8085e-03
 5.4500e+00  3.8079e-03
 5.4600e+00  3.8072e-03
 5.4700e+00  3.8066e-03
 5.4800e+00  3.8060e-03
 5.4900e+00  3.8054e-03
 5.5000e+00  3.8048e-03
 5.5100e+00  3.8042e-03
 5.5200e+00  3.8036e-03
 5.5300e+00  3.8030e-03
 5.5400e+00  3.8024e-03
 5.5500e+00  3.8019e-03
 5.5600e+00  3.8013e-03
 5.5700e+00  3.8007e-03
 5.5800e+00  3.8002e-03
 5.5900e+00  3.7996e-03
 5.6000e+00  3.7991e-03
 5.6100e+00  3.7985e-03
 5.6200e+00  3.7980e-03
 5.6300e+00  3.7975e-03
 5.6400e+00  3.7970e-03
 5.6500e+00  3.7964e-03
 5.6600e+00  3.7959e-03
 5.6700e+00  3.7954e-03
 5.6800e+00  3.7949e-03
 5.6900e+00  3.7944e-03
 5.7000e+00  3.7939e-03
 5.7100e+00  3.7935e-03
 5.7200e+00  3.7930e-03
 5.7300e+00  3.7925e-03
 5.7400e+00  3.7920e-03
 5.7500e+00  3.7916e-03
 5.7600e+00  3.7911e-03
 5.7700e+00  3.7906e-03
 5.7800e+00  3.7902e-03
 5.7900e+00  3.7897e-03
 5.8000e+00  3.7893e-03
 5.8100e+00  3.7888e-03
 5.8200e+00  3.7884e-03
 5.8300e+00  3.7880e-03
 5.8400e+00  3.7876e-03
 5.8500e+00  3.7871e-03
 5.8600e+00  3.7867e-03
 5.8700e+00  3.7863e-03
 5.8800e+00  3.7859e-03
 5.8900e+00  3.7855e-03
 5.9000e+00  3.7851e-03
 5.9100e+00  3.7847e-03
 5.9200e+00  3.7843e-03
 5.9300e+00  3.7839e-03
 5.9400e+00  3.7835e-03
 5.9500e+00  3.7831e-03
 5.9600e+00  3.7827e-03
 5.9700e+00  3.7823e-03
 5.9800e+00  3.7820e-03
 5.9900e+00  3.7816e-03
 6.0000e+00  3.7812e-03
 6.0100e+00  3.7809e-03
 6.0200e+00  3.7805e-03
 6.0300e+00  3.7801e-03
 6.0400e+00  3.7798e-03
 6.0500e+00  3.7794e-03
 6.0600e+00  3.7791e-03
 6.0700e+00  3.7787e-03
 6.0800e+00  3.7784e-03
 6.0900e+00  3.7781e-03
 6.1000e+00  3.7777e-03
 6.1100e+00  3.7774e-03
 6.1200e+00  3.7771e-03
 6.1300e+00  3.7767e-03
 6.1400e+00  3.7764e-03
 6.1500e+00  3.7761e-03
 6.1600e+00  3.7758e-03
 6.1700e+00  3.7755e-03
 6.1800e+00  3.7752e-03
 6.1900e+00  3.7748e-03
 6.2000e+00  3.7745e-03
 6.2100e+00  3.7742e-03
 6.2200e+00  3.7739e-03
 6.2300e+00  3.7736e-03
 6.2400e+00  3.7733e-03
 6.2500e+00  3.7730e-03
 6.2600e+00  3.7728e-03
 6.2700e+00  3.7725e-03
 6.2800e+00  3.7722e-03
 6.2900e+00  3.7719e-03
 6.3000e+00  3.7716e-03
 6.3100e+00  3.7713e-03
 6.3200e+00  3.7711e-03
 6.3300e+00  3.7708e-03
 6.3400e+00  3.7705e-03
 6.3500e+00  3.7702e-03
 6.3600e+00  3.7700e-03
 6.3700e+00  3.7697e-03
 6.3800e+00  3.7695e-03
 6.3900e+00  3.7692e-03
 6.4000e+00  3.7689e-03
 6.4100e+00  3.7687e-03
 6.4200e+00  3.7684e-03
 6.4300e+00  3.7682e-03
 6.4400e+00  3.7679e-03
 6.4500e+00  3.7677e-03
 6.4600e+00  3.7674e-03
 6.4700e+00  3.7672e-03
 6.4800e+00  3.7670e-03
 6.4900e+00  3.7667e-03
 6.5000e+00  3.7665e-03
 6.5100e+00  3.7662e-03
 6.5200e+00  3.7660e-03
 6.5300e+00  3.7658e-03
 6.5400e+00  3.7655e-03
 6.5500e+00  3.7653e-03
 6.5600e+00  3.7651e-03
 6.5700e+00  3.7649e-03
 6.5800e+00  3.7647e-03
 6.5900e+00  3.7644e-03
 6.6000e+00  3.7642e-03
 6.6100e+00  3.7640e-03
 6.6200e+00  3.7638e-03
 6.6300e+00  3.7636e-03
 6.6400e+00  3.7634e-03
 6.6500e+00  3.7632e-03
 6.6600e+00  3.7629e-03
 6.6700e+00  3.7627e-03
 6.6800e+00  3.7625e-03
 6.6900e+00  3.7623e-03
 6.7000e+00  3.7621e-03
 6.7100e+00  3.7619e-03
 6.7200e+00  3.7617e-03
 6.7300e+00  3.7615e-03
 6.7400e+00  3.7613e-03
 6.7500e+00  3.7612e-03
 6.7600e+00  3.7610e-03
 6.7700e+00  3.7608e-03
 6.7800e+00  3.7606e-03
 6.7900e+00  3.7604e-03
 6.8000e+00  3.7602e-03
 6.8100e+00  3.7600e-03
 6.8200e+00  3.7598e-03
 6.8300e+00  3.7597e-03
 6.8400e+00  3.7595e-03
 6.8500e+00  3.7593e-03
 6.8600e+00  3.7591e-03
 6.8700e+00  3.7590e-03
 6.8800e+00  3.7588e-03
 6.8900e+00  3.7586e-03
 6.9000e+00  3.7584e-03
 6.9100e+00  3.7583e-03
 6.9200e+00  3.7581e-03
 6.9300e+00  3.7579e-03
 6.9400e+00  3.7578e-03
 6.9500e+00  3.7576e-03
 6.9600e+00  3.7574e-03
 6.9700e+00  3.7573e-03
 6.9800e+00  3.7571e-03
 6.9900e+00  3.7570e-03
 7.0000e+00  3.7568e-03
 7.0100e+00  3.7566e-03
 7.0200e+00  3.7565e-03
 7.0300e+00  3.7563e-03
 7.0400e+00  3.7562e-03
 7.0500e+00  3.7560e-03
 7.0600e+00  3.7559e-03
 7.0700e+00  3.7557e-03
 7.0800e+00  3.7556e-03
 7.0900e+00  3.7554e-03
 7.1000e+00  3.7553e-03
 7.1100e+00  3.7551e-03
 7.1200e+00  3.7550e-03
 7.1300e+00  3.7548e-03
 7.1400e+00  3.7547e-03
 7.1500e+00  3.7546e-03
 7.1600e+00  3.7544e-03
 7.1700e+00  3.7543e-03
 7.1800e+00  3.7541e-03
 7.1900e+00  3.7540e-03
 7.2000e+00  3.7539e-03
 7.2100e+00  3.7537e-03
 7.2200e+00  3.7536e-03
 7.2300e+00  3.7535e-03
 7.2400e+00  3.7533e-03
 7.2500e+00  3.7532e-03
 7.2600e+00  3.7531e-03
 7.2700e+00  3.7529e-03
 7.2800e+00  3.7528e-03
 7.2900e+00  3.7527e-03
 7.3000e+00  3.7526e-03
 7.3100e+00  3.7524e-03
 7.3200e+00  3.7523e-03
 7.3300e+00  3.7522e-03
 7.3400e+00  3.7521e-03
 7.3500e+00  3.7519e-03
 7.3600e+00  3.7518e-03
 7.3700e+00  3.7517e-03
 7.3800e+00  3.7516e-03
 7.3900e+00  3.7515e-03
 7.4000e+00  3.7513e-03
 7.4100e+00  3.7512e-03
 7.4200e+00  3.7511e-03
 7.4300e+00  3.7510e-03
 7.4400e+00  3.7509e-03
 7.4500e+00  3.7508e-03
 7.4600e+00  3.7506e-03
 7.4700e+00  3.7505e-03
 7.4800e+00  3.7504e-03
 7.4900e+00  3.7503e-03
 7.5000e+00  3.7502e-03
 7.5100e+00  3.7501e-03
 7.5200e+00  3.7500e-03
 7.5300e+00  3.7499e-03
 7.5400e+00  3.7498e-03
 7.5500e+00  3.7497e-03
 7.5600e+00  3.7496e-03
 7.5700e+00  3.7495e-03
 7.5800e+00  3.7494e-03
 7.5900e+00  3.7493e-03
 7.6000e+00  3.7491e-03
 7.6100e+00  3.7490e-03
 7.6200e+00  3.7489e-03
 7.6300e+00  3.7488e-03
 7.6400e+00  3.7487e-03
 7.6500e+00  3.7486e-03
 7.6600e+00  3.7485e-03
 7.6700e+00  3.7485e-03
 7.6800e+00  3.7484e-03
 7.6900e+00  3.7483e-03
 7.7000e+00  3.7482e-03
 7.7100e+00  3.7481e-03
 7.7200e+00  3.7480e-03
 7.7300e+00  3.7479e-03
 7.7400e+00  3.7478e-03
 7.7500e+00  3.7477e-03
 7.7600e+00  3.7476e-03
 7.7700e+00  3.7475e-03
 7.7800e+00  3.7474e-03
 7.7900e+00  3.7473e-03
 7.8000e+00  3.7472e-03
 7.8100e+00  3.7472e-03
 7.8200e+00  3.7471e-03
 7.8300e+00  3.7470e-03
 7.8400e+00  3.7469e-03
 7.8500e+00  3.7468e-03
 7.8600e+00  3.7467e-03
 7.8700e+00  3.7466e-03
 7.8800e+00  3.7466e-03
 7.8900e+00  3.7465e-03
 7.9000e+00  3.7464e-03
 7.9100e+00  3.7463e-03
 7.9200e+00  3.7462e-03
 7.9300e+00  3.7461e-03
 7.9400e+00  3.7461e-03
 7.9500e+00  3.7460e-03
 7.9600e+00  3.7459e-03
 7.9700e+00  3.7458e-03
 7.9800e+00  3.7457e-03
 7.9900e+00  3.7457e-03
 8.0000e+00  3.7456e-03
 8.0100e+00  3.7455e-03
 8.0200e+00  3.7454e-03
 8.0300e+00  3.7453e-03
 8.0400e+00  3.7453e-03
 8.0500e+00  3.7452e-03
 8.0600e+00  3.7451e-03
 8.0700e+00  3.7450e-03
 8.0800e+00  3.7450e-03
 8.0900e+00  3.7449e-03
 8.1000e+00  3.7448e-03
 8.1100e+00  3.7448e-03
 8.1200e+00  3.7447e-03
 8.1300e+00  3.7446e-03
 8.1400e+00  3.7445e-03
 8.1500e+00  3.7445e-03
 8.1600e+00  3.7444e-03
 8.1700e+00  3.7443e-03
 8.1800e+00  3.7443e-03
 8.1900e+00  3.7442e-03
 8.2000e+00  3.7441e-03
 8.2100e+00  3.7441e-03
 8.2200e+00  3.7440e-03
 8.2300e+00  3.7439e-03
 8.2400e+00  3.7438e-03
 8.2500e+00  3.7438e-03
 8.2600e+00  3.7437e-03
 8.2700e+00  3.7437e-03
 8.2800e+00  3.7436e-03
 8.2900e+00  3.7435e-03
 8.3000e+00  3.7435e-03
 8.3100e+00  3.7434e-03
 8.3200e+00  3.7433e-03
 8.3300e+00  3.7433e-03
 8.3400e+00  3.7432e-03
 8.3500e+00  3.7431e-03
 8.3600e+00  3.7431e-03
 8.3700e+00  3.7430e-03
 8.3800e+00  3.7430e-03
 8.3900e+00  3.7429e-03
 8.4000e+00  3.7428e-03
 8.4100e+00  3.7428e-03
 8.4200e+00  3.7427e-03
 8.4300e+00  3.7427e-03
 8.4400e+00  3.7426e-03
 8.4500e+00  3.7425e-03
 8.4600e+00  3.7425e-03
 8.4700e+00  3.7424e-03
 8.4800e+00  3.7424e-03
 8.4900e+00  3.7423e-03
 8.5000e+00  3.7422e-03
 8.5100e+00  3.7422e-03
 8.5200e+00  3.7421e-03
 8.5300e+00  3.7421e-03
 8.5400e+00  3.7420e-03
 8.5500e+00  3.7420e-03
 8.5600e+00  3.7419e-03
 8.5700e+00  3.7419e-03
 8.5800e+00  3.7418e-03
 8.5900e+00  3.7418e-03
 8.6000e+00  3.7417e-03
 8.6100e+00  3.7416e-03
 8.6200e+00  3.7416e-03
 8.6300e+00  3.7415e-03
 8.6400e+00  3.7415e-03
 8.6500e+00  3.7414e-03
 8.6600e+00  3.7414e-03
 8.6700e+00  3.7413e-03
 8.6800e+00  3.7413e-03
 8.6900e+00  3.7412e-03
 8.7000e+00  3.7412e-03
 8.7100e+00  3.7411e-03
 8.7200e+00  3.7411e-03
 8.7300e+00  3.7410e-03
 8.7400e+00  3.7410e-03
 8.7500e+00  3.7409e-03
 8.7600e+00  3.7409e-03
 8.7700e+00  3.7408e-03
 8.7800e+00  3.7408e-03
 8.7900e+00  3.7407e-03
 8.8000e+00  3.7407e-03
 8.8100e+00  3.7406e-03
 8.8200e+00  3.7406e-03
 8.8300e+00  3.7406e-03
 8.8400e+00  3.7405e-03
 8.8500e+00  3.7405e-03
 8.8600e+00  3.7404e-03
 8.8700e+00  3.7404e-03
 8.8800e+00  3.7403e-03
 8.8900e+00  3.7403e-03
 8.9000e+00  3.7402e-03
 8.9100e+00  3.7402e-03
 8.9200e+00  3.7401e-03
 8.9300e+00  3.7401e-03
 8.9400e+00  3.7401e-03
 8.9500e+00  3.7400e-03
 8.9600e+00  3.7400e-03
 8.9700e+00  3.7399e-03
 8.9800e+00  3.7399e-03
 8.9900e+00  3.7398e-03
 9.0000e+00  3.7398e-03
 9.0100e+00  3.7398e-03
 9.0200e+00  3.7397e-03
 9.0300e+00  3.7397e-03
 9.0400e+00  3.7396e-03
 9.0500e+00  3.7396e-03
 9.0600e+00  3.7396e-03
 9.0700e+00  3.7395e-03
 9.0800e+00  3.7395e-03
 9.0900e+00  3.7394e-03
 9.1000e+00  3.7394e-03
 9.1100e+00  3.7394e-03
 9.1200e+00  3.7393e-03
 9.1300e+00  3.7393e-03
 9.1400e+00  3.7392e-03
 9.1500e+00  3.7392e-03
 9.1600e+00  3.7392e-03
 9.1700e+00  3.7391e-03
 9.1800e+00  3.7391e-03
 9.1900e+00  3.7390e-03
 9.2000e+00  3.7390e-03
 9.2100e+00  3.7390e-03
 9.2200e+00  3.7389e-03
 9.2300e+00  3.7389e-03
 9.2400e+00  3.7389e-03
 9.2500e+00  3.7388e-03
 9.2600e+00  3.7388e-03
 9.2700e+00  3.7387e-03
 9.2800e+00  3.7387e-03
 9.2900e+00  3.7387e-03
 9.3000e+00  3.7386e-03
 9.3100e+00  3.7386e-03
 9.3200e+00  3.7386e-03
 9.3300e+00  3.7385e-03
 9.3400e+00  3.7385e-03
 9.3500e+00  3.7385e-03
 9.3600e+00  3.7384e-03
 9.3700e+00  3.7384e-03
 9.3800e+00  3.7384e-03
 9.3900e+00  3.7383e-03
 9.4000e+00  3.7383e-03
 9.4100e+00  3.7383e-03
 9.4200e+00  3.7382e-03
 9.4300e+00  3.7382e-03
 9.4400e+00  3.7382e-03
 9.4500e+00  3.7381e-03
 9.4600e+00  3.7381e-03
 9.4700e+00  3.7381e-03
 9.4800e+00  3.7380e-03
 9.4900e+00  3.7380e-03
 9.5000e+00  3.7380e-03
 9.5100e+00  3.7379e-03
 9.5200e+00  3.7379e-03
 9.5300e+00  3.7379e-03
 9.5400e+00  3.7378e-03
 9.5500e+00  3.7378e-03
 9.5600e+00  3.7378e-03
 9.5700e+00  3.7377e-03
 9.5800e+00  3.7377e-03
 9.5900e+00  3.7377e-03
 9.6000e+00  3.7377e-03
 9.6100e+00  3.7246e-03
 9.6200e+00  3.7192e-03
 9.6300e+00  3.7151e-03
 9.6400e+00  3.7116e-03
 9.6500e+00  3.7086e-03
 9.6600e+00  3.7059e-03
 9.6700e+00  3.7034e-03
 9.6800e+00  3.7011e-03
 9.6900e+00  3.6989e-03
 9.7000e+00  3.6969e-03
 9.7100e+00  3.6950e-03
 9.7200e+00  3.6932e-03
 9.7300e+00  3.6914e-03
 9.7400e+00  3.6898e-03
 9.7500e+00  3.6882e-03
 9.7600e+00  3.6866e-03
 9.7700e+00  3.6851e-03
 9.7800e+00  3.6837e-03
 9.7900e+00  3.6823e-03
 9.8000e+00  3.6810e-03
 9.8100e+00  3.6796e-03
 9.8200e+00  3.6784e-03
 9.8300e+00  3.6771e-03
 9.8400e+00  3.6759e-03
 9.8500e+00  3.6747e-03
 9.8600e+00  3.6736e-03
 9.8700e+00  3.6725e-03
 9.8800e+00  3.6714e-03
 9.8900e+00  3.6703e-03
 9.9000e+00  3.6693e-03
 9.9100e+00  3.6682e-03
 9.9200e+00  3.6672e-03
 9.9300e+00  3.6662e-03
 9.9400e+00  3.6653e-03
 9.9500e+00  3.6643e-03
 9.9600e+00  3.6634e-03
 9.9700e+00  3.6625e-03
 9.9800e+00  3.6616e-03
 9.9900e+00  3.6607e-03
