0.0 0.0
0.99799 0.0
0.998 0.03211331731727447
0.999 0.0006794107987707054
0.9993666868381784 0.004063038569822228
1.004350964087258 0.10569210272237807
1.0077107371988365 0.1307340977185003
1.0127714820619829 0.1525983526528574
1.0195586986286882 0.18089514615068938
1.036726406004519 0.20952209923416182
1.054672786433583 0.23602185836626755
1.0834632272532525 0.28391392033553586
1.1130395890649616 0.31636319465772755
1.1434233259273539 0.3403818609860258
1.1746364775516223 0.3552567256972545
1.2067016852886427 0.3626557350750108
1.2396422085525243 0.3626557350750108
1.2734819416924894 0.35884469174215844
1.308245431325323 0.3547993321240225
1.3439578941409611 0.35206731097496824
1.3806452351941378 0.3478293791423204
1.4183340666953559 0.34320002028097196
1.4570517273148142 0.3396809444067516
1.4968263020132921 0.3379349610364731
1.5376866424143785 0.3295085049322478
1.5796623877328213 0.31279674119809986
1.6227839862741749 0.29305609431337254
1.6670827175213532 0.2724471092901751
1.7125907148240929 0.2526356420849737
1.7593409887077962 0.235353842062567
1.813859672031514 0.21526975012112018
1.8382527571338219 0.20314102638153744
1.8795741102507642 0.18838099581609394
1.9308826941863992 0.17240206027750285
1.9835918990239305 0.15491829219794506
2.0 0.14939097983690233
