0.0 0.0
0.99799 0.0
0.998 0.016056658658637236
0.999 0.0003397053993853527
0.9993666868381784 0.002031519284911114
1.004350964087258 0.052846051361189035
1.0077107371988365 0.06536704885925015
1.0127714820619829 0.0762991763264287
1.0195586986286882 0.09044757307534469
1.036726406004519 0.10476104961708091
1.054672786433583 0.11801092918313377
1.0834632272532525 0.14195696016776793
1.1130395890649616 0.15818159732886378
1.1434233259273539 0.1701909304930129
1.1746364775516223 0.17762836284862726
1.2067016852886427 0.1813278675375054
1.2396422085525243 0.1813278675375054
1.2734819416924894 0.17942234587107922
1.308245431325323 0.17739966606201124
1.3439578941409611 0.17603365548748412
1.3806452351941378 0.1739146895711602
1.4183340666953559 0.17160001014048598
1.4570517273148142 0.1698404722033758
1.4968263020132921 0.16896748051823654
1.5376866424143785 0.1647542524661239
1.5796623877328213 0.15639837059904993
1.6227839862741749 0.14652804715668627
1.6670827175213532 0.13622355464508756
1.7125907148240929 0.12631782104248684
1.7593409887077962 0.1176769210312835
1.813859672031514 0.10763487506056009
1.8382527571338219 0.10157051319076872
1.8795741102507642 0.09419049790804697
1.9308826941863992 0.08620103013875142
1.9835918990239305 0.07745914609897253
2.0 0.07469548991845117
