2 0
3.548020139213437 0
3.581208409122646 0.033369574612244185
3.59834710984062 0.06809311820612617
3.612585683465983 0.10179746048587779
3.627092395133291 0.16188993852763914
3.627497753813007 0.13563695865542635
3.648961760451819 0.20321065988844855
3.6845848054290586 0.26050332654131875
3.6857041177401406 0.3172269559440252
3.722816443503802 0.37663334041504165
3.793095756830807 0.4242088956495205
3.828731041684044 0.4409841223230929
3.889226370111066 0.454030330694866
3.9953944092254723 0.45508444694635986
4.104460621769953 0.45181298557339034
4.216504122036349 0.4492590583907082
4.313966594712137 0.4506503147171925
4.449850300159992 0.4404334653580459
4.571322242331141 0.4435082387465013
4.696110123632715 0.44305136587719224
4.824304462517946 0.44305136587719224
4.9559982484113565 0.44385120254806576
5.0912870091612845 0.44499633179981124
5.230268880333743 0.4455700038556705
5.373044676397853 0.44614441546735123
5.5197179638544975 0.4468346869575355
5.670395136361241 0.4481029596712106
5.825185491908004 0.45018608455334763
5.984201312099489 0.45111502359340205
6.14755794360184 0.45216237141471405
6.315373881812648 0.4539133574901728
6.487770856814964 0.45578855039013894
6.664873921677699 0.457082237291667
6.846811543166432 0.4583795961279064
7.033715694930451 0.4607478718152152
7.225721953233608 0.46181758409364015
7.4229695952984285 0.46277052421766424
7.6256017003348315 0.4638449324615884
7.833765253326712 0.46624144549469393
8.0476112516517 0.4672035140607207
8.26729481461142 0.4669628109678674
8.55101255053709 0.47057685287571527
8.972285636124978 0.4727650793978434
9.414313107417712 0.4727650793978434
10 0.47717210613491323
11.22 0.399780215556
12.589 0.268195932505
14.125 0.200799022973
15.849 0.164116923203
17.783 0.142140364624
19.953 0.127974734383
22.387 0.11835608211
25.119 0.111568546305
28.184 0.106646511301
31.623 0.103001908058
39.811 0.0981738087936
50.119 0.0953300371648
55.0 0.0945327035193
60.0 0.0939174907448
63.096 0.0936103659234
79.43 0.0925537839755
101 0.0918758987811
