0.03680567615047978 1.939923835130403e-7
0.045592530884602384 2.4329230016914537e-7
0.052211829016055526 2.909163405623895e-7
0.05894623235327031 3.3166827631781317e-7
0.0670256570576757 3.826623506419754e-7
0.07513159946883868 4.4149677570768944e-7
0.08302343830338357 5.093770072579106e-7
0.09373033160587499 5.947399639020448e-7
0.10506401707058395 7.027338770046069e-7
0.11444931457146248 8.503674444451287e-7
0.12556436974341917 0.0000010538391465954526
0.13387669796767931 0.0000013375006318512713
0.14376239524512263 0.000001697515172008768
0.1500301902716336 0.000002154434690031891
0.1554418295051186 0.0000031173733608717565
0.1576319402252255 0.0000046195138474927414
0.15873361110102086 0.000005862946645916414
0.15983305476911894 0.000008088490780797829
0.1644270887312712 0.0000110266366564607
0.16795384756336443 0.000014504096588315637
0.17156538362861165 0.000017761612937838083
0.1777727300319964 0.000022275429519995654
0.18955132796742377 0.00002632024060704883
0.20648565168643573 0.00003147238147200231
0.2331124474124133 0.00003718719102930627
0.27273088501598003 0.00004608515755701066
0.3259988714844327 0.00005576693957839371
0.3680404347471073 0.0000651125338584202
0.4275375016982516 0.00007785819798516786
0.49313146871809144 0.00008982891396343206
0.5607371180421513 0.0001000000000000003
0.6607506608330717 0.00012100846028226367
0.7786096108655285 0.00014469565382024295
0.9240838013166494 0.00016894419399315707
0.9924518866120342 0.00017931771181279674
