0.0103   3.2194e-13
0.0108   3.0607e-13
0.0114   2.8518e-13
0.0122   2.6569e-13
0.0132   2.4753e-13
0.0141   2.3062e-13
0.0150   2.1486e-13
0.0159   2.0222e-13
0.0171   1.9222e-13
0.0182   1.7730e-13
0.0195   1.6519e-13
0.0210   1.5389e-13
0.0224   1.4195e-13
0.0240   1.3630e-13
0.0257   1.2571e-13
0.0276   1.1712e-13
0.0295   1.1022e-13
0.0311   1.0270e-13
0.0336   9.7625e-14
0.0363   8.9141e-14
0.0392   8.3045e-14
0.0423   7.7367e-14
0.0455   7.1358e-14
0.0486   6.6484e-14
0.0523   6.2564e-14
0.0570   5.8283e-14
0.0608   5.4302e-14
0.0655   5.0084e-14
0.0708   4.6192e-14
0.0761   4.3035e-14
0.0812   4.0500e-14
0.0872   3.7732e-14
0.0934   3.4803e-14
0.0992   3.2426e-14
0.1063   3.0516e-14
0.1135   2.9008e-14
0.1219   2.7026e-14
0.1312   2.4926e-14
0.1412   2.3222e-14
0.1504   2.1636e-14
0.1615   2.0567e-14
0.1716   1.9551e-14
0.1837   1.8216e-14
0.1967   1.6971e-14
0.2075   1.4888e-14
0.2172   1.3460e-14
0.2274   1.1808e-14
0.2435   1.0675e-14
0.2621   9.6502e-15
0.2785   8.7242e-15
0.3028   7.9656e-15
0.3259   7.2734e-15
0.3534   6.6411e-15
0.3823   6.1869e-15
0.4178   5.6487e-15
0.4519   5.1577e-15
0.4876   4.7570e-15
0.5261   4.3436e-15
0.5720   4.0873e-15
0.6172   3.8078e-15
0.6609   3.4771e-15
0.7059   3.1433e-15
0.7315   2.7302e-15
0.7561   2.3009e-15
0.7736   1.9987e-15
0.7976   1.7187e-15
0.8159   1.9583e-15
0.8388   2.2312e-15
0.8559   2.4667e-15
0.8867   2.4415e-15
0.9234   2.3684e-15
0.9520   2.1850e-15
0.9643   1.8233e-15
0.9694   1.4913e-15
0.9844   1.2570e-15
0.9921   1.0810e-15
1.0100   9.5815e-16
1.0279   1.1139e-15
1.0407   1.3213e-15
1.0539   1.4756e-15
1.0726   1.6645e-15
1.1084   1.6810e-15
1.1571   1.6975e-15
1.2266   1.5501e-15
1.2969   1.4443e-15
1.3713   1.4013e-15
1.4572   1.3318e-15
1.5292   1.1801e-15
1.6088   1.0777e-15
1.7138   1.0773e-15
1.8398   1.0448e-15
1.9651   9.4460e-16
2.0990   8.4539e-16
2.2879   7.5651e-16
2.5191   6.9068e-16
2.7318   6.5649e-16
2.8883   6.3677e-16
3.0308   6.0539e-16
3.1733   5.7401e-16
3.3158   5.4263e-16
3.4583   5.1125e-16
3.6008   4.7987e-16
3.7433   4.4849e-16
3.8858   4.1711e-16
4.0283   3.8573e-16
4.1708   3.5435e-16
4.3133   3.2297e-16
4.4558   2.9159e-16
4.5983   2.6021e-16
4.7408   2.2883e-16
4.8833   1.9745e-16
5.0258   1.6607e-16
5.1683   1.3469e-16
5.3108   1.0331e-16
5.4533   7.1793e-17
5.5958   6.8655e-17
5.7383   6.5517e-17
5.8808   6.2379e-17
6.0233   5.9241e-17
6.1658   5.6103e-17
6.3083   5.2965e-17
6.4508   4.9827e-17
6.5933   4.6689e-17
6.7358   4.3551e-17
6.8783   4.0413e-17
7.0208   3.7275e-17
7.1633   3.4137e-17
7.3058   3.0999e-17
7.4483   2.7861e-17
7.5908   2.4723e-17
7.7333   2.1585e-17
7.8758   1.8447e-17
8.0183   1.5309e-17
8.1608   1.2171e-17
8.3033   1.0746e-17
8.4458   7.6080e-18
8.5883   7.2942e-18
8.7308   6.9804e-18
8.8733   6.6666e-18
9.0158   6.3528e-18
9.1583   6.0390e-18
9.3008   5.7252e-18
9.4433   5.4114e-18
9.5858   5.0976e-18
9.7283   4.7838e-18
9.8708   4.4700e-18
10.0133  4.1562e-18