   0.1 1
   0.1 2685.16
 0.105 1599.45
  0.11 7.06269
  0.11 44.0524
 0.115  163.67
  0.12 397.164
 0.125 636.752
  0.13 731.089
 0.135 731.089
  0.14 706.269
 0.145 517.571
  0.15 194.523
 0.155 11.8569
 0.155 23.6576
 0.155 1492.69
  0.16 3749.47
 0.165 5419.63
  0.17 5545.87
 0.175 5675.05
  0.18 4507.86
 0.185 4111.21
  0.19 4830.25
 0.195 5675.05
   0.2 6441.25
 0.205 6744.81
  0.21 6822.92
 0.215 6744.81
  0.22 6222.57
 0.225 4405.24
 0.235 6441.25
  0.24 4456.25
 0.245  5357.6
  0.25 5296.27
 0.255 4405.24
 0.255 1
