 0.01       0         
 0.02       0         
 0.03       0         
 0.04       0         
 0.05       0         
 0.06       0         
 0.07       0         
 0.08       0         
 0.09       0         
 0.10       0         
 0.11       0         
 0.12       0         
 0.13       0         
 0.14       0         
 0.15       0         
 0.16       0         
 0.17       0         
 0.18       0         
 0.19       0         
 0.20       0         
 0.21       0         
 0.22       0         
 0.23       0         
 0.24       0         
 0.25       0         
 0.26       0         
 0.27       0         
 0.28       0         
 0.29       0         
 0.30       0         
 0.31       0         
 0.32       0         
 0.33       0         
 0.34       0         
 0.35       0         
 0.36       0         
 0.37       0         
 0.38       0         
 0.39       0         
 0.40       0         
 0.41       0         
 0.42       0         
 0.43       0         
 0.44       0         
 0.45       0         
 0.46       0         
 0.47       0         
 0.48       0         
 0.49       0         
 0.50       0         
 0.51       0         
 0.52       0         
 0.53       0         
 0.54       0         
 0.55       0         
 0.56       0         
 0.57       0         
 0.58       0         
 0.59       0         
 0.60       0         
 0.61       0         
 0.62       0         
 0.63       0         
 0.64       0         
 0.65       0         
 0.66       0         
 0.67       0         
 0.68       0         
 0.69       0         
 0.70       0         
 0.71       0         
 0.72       0         
 0.73       0         
 0.74       0         
 0.75       0         
 0.76       0         
 0.77       0         
 0.78       0         
 0.79       0         
 0.80       0         
 0.81       0         
 0.82       0         
 0.83       0         
 0.84       0         
 0.85       0         
 0.86       0         
 0.87       0         
 0.88       0         
 0.89       0         
 0.90       0         
 0.91       0         
 0.92       0         
 0.93       0         
 0.94       0         
 0.95       0         
 0.96       0         
 0.97       0         
 0.98       0         
 0.99       0         
 1.00       0         
 1.01       0         
 1.02       0         
 1.03       0         
 1.04       0         
 1.05       0         
 1.06       0         
 1.07       0         
 1.08       0         
 1.09       0         
 1.10       0         
 1.11       0         
 1.12       0         
 1.13       0         
 1.14       0         
 1.15       0         
 1.16       0         
 1.17       0         
 1.18       0         
 1.19       0         
 1.20       0         
 1.21       0         
 1.22       0         
 1.23       0         
 1.24       0         
 1.25       0         
 1.26       0         
 1.27       0         
 1.28       0         
 1.29       0         
 1.30       0         
 1.31       0         
 1.32       0         
 1.33       0         
 1.34       0         
 1.35       0         
 1.36       0         
 1.37       0         
 1.38       0         
 1.39       0         
 1.40       0         
 1.41       0         
 1.42       0         
 1.43       0         
 1.44       0         
 1.45       0         
 1.46       0         
 1.47       0         
 1.48       0         
 1.49       0         
 1.50       0         
 1.51       0         
 1.52       0         
 1.53       0         
 1.54       0         
 1.55       0         
 1.56       0         
 1.57       0         
 1.58       0         
 1.59       0         
 1.60       0         
 1.61       0         
 1.62       0         
 1.63       0         
 1.64       0         
 1.65       0         
 1.66       0         
 1.67       0         
 1.68       0         
 1.69       0         
 1.70       0         
 1.71       0         
 1.72       0         
 1.73       0         
 1.74       0         
 1.75       0         
 1.76       0         
 1.77       0         
 1.78       0         
 1.79       0         
 1.80       0         
 1.81       0         
 1.82       0         
 1.83       0         
 1.84       0         
 1.85       0         
 1.86       0         
 1.87       0         
 1.88       0         
 1.89       0         
 1.90       0         
 1.91       0         
 1.92       0         
 1.93       0         
 1.94       0         
 1.95       0         
 1.96       0         
 1.97       0         
 1.98       0         
 1.99       0         
 2.00       0         
 2.01       0         
 2.02       0         
 2.03       0         
 2.04       0         
 2.05       0         
 2.06       0         
 2.07       0         
 2.08       0         
 2.09       0         
 2.10       0         
 2.11       0         
 2.12       0         
 2.13       0         
 2.14       0         
 2.15       0         
 2.16       0         
 2.17       0         
 2.18       0         
 2.19       0         
 2.20       0         
 2.21       0         
 2.22       0         
 2.23       0         
 2.24       0         
 2.25       0         
 2.26       0         
 2.27       0         
 2.28       0         
 2.29       0         
 2.30       0         
 2.31       0         
 2.32       0         
 2.33       0         
 2.34       0         
 2.35       0         
 2.36       0         
 2.37       0         
 2.38       0         
 2.39       0         
 2.40       0         
 2.41       0         
 2.42       0         
 2.43       0         
 2.44       0         
 2.45       0         
 2.46       0         
 2.47       0         
 2.48       0         
 2.49       0         
 2.50       0         
 2.51       0         
 2.52       0         
 2.53       0         
 2.54       0         
 2.55       0         
 2.56       0         
 2.57       0         
 2.58       0         
 2.59       0         
 2.60       0         
 2.61       0         
 2.62       0         
 2.63       0         
 2.64       0         
 2.65       0         
 2.66       0         
 2.67       0         
 2.68       0         
 2.69       0         
 2.70       0         
 2.71       0         
 2.72       0         
 2.73       0         
 2.74       0         
 2.75       0         
 2.76       0         
 2.77       0         
 2.78       0         
 2.79       0         
 2.80       0         
 2.81       0         
 2.82       0         
 2.83       0         
 2.84       0         
 2.85       0         
 2.86       0         
 2.87       0         
 2.88       0         
 2.89       0         
 2.90       0         
 2.91       0         
 2.92       0         
 2.93       0         
 2.94       0         
 2.95       0         
 2.96       0         
 2.97       0         
 2.98       0         
 2.99       0         
 3.00       0         
 3.01       0         
 3.02       0         
 3.03       0         
 3.04       0         
 3.05       0         
 3.06       0         
 3.07       0         
 3.08       0         
 3.09       0         
 3.10       0         
 3.11       0         
 3.12       0         
 3.13       0         
 3.14       0         
 3.15       0         
 3.16       0         
 3.17       0         
 3.18       0         
 3.19       0         
 3.20       0         
 3.21       0         
 3.22       0         
 3.23       0         
 3.24       0         
 3.25       0         
 3.26       0         
 3.27       0         
 3.28       0         
 3.29       0         
 3.30       0         
 3.31       0         
 3.32       0         
 3.33       0         
 3.34       0         
 3.35       0         
 3.36       0         
 3.37       0         
 3.38       0         
 3.39       0         
 3.40       0         
 3.41       0         
 3.42       0         
 3.43       0         
 3.44       0         
 3.45       0         
 3.46       0         
 3.47       0         
 3.48       0         
 3.49       0         
 3.50       0         
 3.51       0         
 3.52       0         
 3.53       0         
 3.54       0         
 3.55       0         
 3.56       0         
 3.57       0         
 3.58       0         
 3.59       0         
 3.60       0         
 3.61       0         
 3.62       0         
 3.63       0         
 3.64       0         
 3.65       0         
 3.66       0         
 3.67       0         
 3.68       0         
 3.69       0         
 3.70       0         
 3.71       0         
 3.72       0         
 3.73       0         
 3.74       0         
 3.75       0         
 3.76       0         
 3.77       0         
 3.78       0         
 3.79       0         
 3.80       0         
 3.81       0         
 3.82       0         
 3.83       0         
 3.84       0         
 3.85       0         
 3.86       0         
 3.87       0         
 3.88       0         
 3.89       0         
 3.90       0         
 3.91       0         
 3.92       0         
 3.93       0         
 3.94       0         
 3.95       0         
 3.96       0         
 3.97       0         
 3.98       0         
 3.99       0         
 4.00       0         
 4.01       0         
 4.02       0         
 4.03       0         
 4.04       0         
 4.05       0         
 4.06       0         
 4.07       0         
 4.08       0         
 4.09       0         
 4.10       0         
 4.11       0         
 4.12       0         
 4.13       0         
 4.14       0         
 4.15       0         
 4.16       0         
 4.17       0         
 4.18       0         
 4.19       0         
 4.20       0         
 4.21       0         
 4.22       0         
 4.23       0         
 4.24       0         
 4.25       0         
 4.26       0         
 4.27       0         
 4.28       0         
 4.29       0         
 4.30       0         
 4.31       0         
 4.32       0         
 4.33       0         
 4.34       0         
 4.35       0         
 4.36       0         
 4.37       0         
 4.38       0         
 4.39       0         
 4.40       0         
 4.41       0         
 4.42       0         
 4.43       0         
 4.44       0         
 4.45       0         
 4.46       0         
 4.47       0         
 4.48       0         
 4.49       0         
 4.50       0         
 4.51       0         
 4.52       0         
 4.53       0         
 4.54       0         
 4.55       0         
 4.56       0         
 4.57       0         
 4.58       0         
 4.59       0         
 4.60       0         
 4.61       0         
 4.62       0         
 4.63       0         
 4.64       0         
 4.65       0         
 4.66       0         
 4.67       0         
 4.68       0         
 4.69       0         
 4.70       0         
 4.71       0         
 4.72       0         
 4.73       0         
 4.74       0         
 4.75       0         
 4.76       0         
 4.77       0         
 4.78       0         
 4.79       0         
 4.80       0         
 4.81       0         
 4.82       0         
 4.83       0         
 4.84       0         
 4.85       0         
 4.86       0         
 4.87       0         
 4.88       0         
 4.89       0         
 4.90       0         
 4.91       0         
 4.92       0         
 4.93       0         
 4.94       0         
 4.95       0         
 4.96       0         
 4.97       0         
 4.98       0         
 4.99       0         
 5.00       0         
 5.01       0         
 5.02       0         
 5.03       0         
 5.04       0         
 5.05       0         
 5.06       0         
 5.07       0         
 5.08       0         
 5.09       0         
 5.10       0         
 5.11       0         
 5.12       0         
 5.13       0         
 5.14       0         
 5.15       0         
 5.16       0         
 5.17       0         
 5.18       0         
 5.19       0         
 5.20       0         
 5.21       0         
 5.22       0         
 5.23       0         
 5.24       0         
 5.25       0         
 5.26       0         
 5.27       0         
 5.28       0         
 5.29       0         
 5.30       0         
 5.31       0         
 5.32       0         
 5.33       0         
 5.34       0         
 5.35       0         
 5.36       0         
 5.37       0         
 5.38       0         
 5.39       0         
 5.40       0         
 5.41       0         
 5.42       0         
 5.43       0         
 5.44       0         
 5.45       0         
 5.46       0         
 5.47       0         
 5.48       0         
 5.49       0         
 5.50       0         
 5.51       0         
 5.52       0         
 5.53       0         
 5.54       0         
 5.55       0         
 5.56       0         
 5.57       0         
 5.58       0         
 5.59       0         
 5.60       0         
 5.61       0         
 5.62       0         
 5.63       0         
 5.64       0         
 5.65       0         
 5.66       0         
 5.67       0         
 5.68       0         
 5.69       0         
 5.70       0         
 5.71       0         
 5.72       0         
 5.73       0         
 5.74       0         
 5.75       0         
 5.76       0         
 5.77       0         
 5.78       0         
 5.79       0         
 5.80       0         
 5.81       0         
 5.82       0         
 5.83       0         
 5.84       0         
 5.85       0         
 5.86       0         
 5.87       0         
 5.88       0         
 5.89       0         
 5.90       0         
 5.91       0         
 5.92       0         
 5.93       0         
 5.94       0         
 5.95       0         
 5.96       0         
 5.97       0         
 5.98       0         
 5.99       0         
 6.00       0         
 6.01       0         
 6.02       0         
 6.03       0         
 6.04       0         
 6.05       0         
 6.06       0         
 6.07       0         
 6.08       0         
 6.09       0         
 6.10       0         
 6.11       0         
 6.12       0         
 6.13       0         
 6.14       0         
 6.15       0         
 6.16       0         
 6.17       0         
 6.18       0         
 6.19       0         
 6.20       0         
 6.21       0         
 6.22       0         
 6.23       0         
 6.24       0         
 6.25       0         
 6.26       0         
 6.27       0         
 6.28       1.0846513116053425e-25
 6.29       5.834475376458529e-23
 6.30       4.40400162439613e-22
 6.31       1.5637482172053706e-21
 6.32       3.951592309157888e-21
 6.33       8.214343621050719e-21
 6.34       1.5039026963344642e-20
 6.35       2.518144308892122e-20
 6.36       3.946046773308441e-20
 6.37       5.875369637114842e-20
 6.38       8.399433941306903e-20
 6.39       1.1616760593604182e-19
 6.40       1.5630861980566943e-19
 6.41       2.0550018262512849e-19
 6.42       2.6487068497822315e-19
 6.43       3.3559328456699354e-19
 6.44       4.1888328386253737e-19
 6.45       5.159975451818667e-19
 6.46       6.28233135651864e-19
 6.47       7.56926032563607e-19
 6.48       9.034509823849943e-19
 6.49       1.0692194007864825e-18
 6.50       1.2556793110745276e-18
 6.51       1.464314396560087e-18
 6.52       1.6966432919960088e-18
 6.53       1.9542189246978378e-18
 6.54       2.2386275503677683e-18
 6.55       2.5514895301521023e-18
 6.56       2.8944568326959603e-18
 6.57       3.2692137932220843e-18
 6.58       3.677476331923472e-18
 6.59       4.120991505856336e-18
 6.60       4.6015370858647695e-18
 6.61       5.1209211565122585e-18
 6.62       5.680981737217664e-18
 6.63       6.283586422984092e-18
 6.64       6.930632043275097e-18
 6.65       7.624044337736015e-18
 6.66       8.365777647586275e-18
 6.67       9.157814621618332e-18
 6.68       1.0002165935837402e-17
 6.69       1.0900870025862071e-17
 6.70       1.18559928312829e-17
 6.71       1.2869627551245923e-17
 6.72       1.3943894410586923e-17
 6.73       1.5080940435897718e-17
 6.74       1.6282939240956524e-17
 6.75       1.7552090820995218e-17
 6.76       1.8890621355320816e-17
 6.77       2.03007830178395e-17
 6.78       2.1784853795068062e-17
 6.79       2.334513731124551e-17
 6.80       2.4983962660185553e-17
 6.81       2.6703684243534725e-17
 6.82       2.850668161512289e-17
 6.83       3.03953593311137e-17
 6.84       3.2372146805684837e-17
 6.85       3.4439498171978395e-17
 6.86       3.659989214808421e-17
 6.87       3.885583190782959e-17
 6.88       4.1209844956165346e-17
 6.89       4.366448300894666e-17
 6.90       4.622232187692638e-17
 6.91       4.8885961353774804e-17
 6.92       5.1658025107972195e-17
 6.93       5.45411605784036e-17
 6.94       5.7538038873515e-17
 6.95       6.065135467388976e-17
 6.96       6.38838261381066e-17
 6.97       6.723819481175859e-17
 6.98       7.071722553951015e-17
 6.99       7.432370638007799e-17
 7.00       7.806044852403164e-17
 7.01       8.193028621430293e-17
 7.02       8.593607666931635e-17
 7.03       9.008070000864033e-17
 7.04       9.43670591810709e-17
 7.05       9.879807989507018e-17
 7.06       1.033767105514663e-16
 7.07       1.0810592217835363e-16
 7.08       1.1298870836810472e-16
 7.09       1.180280852164348e-16
 7.10       1.2322709126344504e-16
 7.11       1.2858878743658343e-16
 7.12       1.3411625699546084e-16
 7.13       1.3981260547846332e-16
 7.14       1.4568096065110388e-16
 7.15       1.517244724560632e-16
 7.16       1.5794631296485915e-16
 7.17       1.6434967633110228e-16
 7.18       1.7093777874529314e-16
 7.19       1.7771385839109837e-16
 7.20       1.8468117540308826e-16
 7.21       1.9184301182586257e-16
 7.22       1.9920267157455323e-16
 7.23       2.0676348039663854e-16
 7.24       2.1452878583505843e-16
 7.25       2.225019571925612e-16
 7.26       2.3068638549728354e-16
 7.27       2.3908548346949687e-16
 7.28       2.477026854895154e-16
 7.29       2.5654144756670397e-16
 7.30       2.656052473095965e-16
 7.31       2.748975838970494e-16
 7.32       2.844219780504401e-16
 7.33       2.941819720068605e-16
 7.34       3.041811294932897e-16
 7.35       3.144230357017172e-16
 7.36       3.249112972651908e-16
 7.37       3.356495422347711e-16
 7.38       3.4664142005735954e-16
 7.39       3.578906015543943e-16
 7.40       3.694007789013653e-16
 7.41       3.8117566560816616e-16
 7.42       3.932189965002252e-16
 7.43       4.055345277004168e-16
 7.44       4.181260366117325e-16
 7.45       4.309973219006893e-16
 7.46       4.441522034814551e-16
 7.47       4.575945225006876e-16
 7.48       4.713281413230471e-16
 7.49       4.853569435173975e-16
 7.50       4.996848338436358e-16
 7.51       5.14315738240202e-16
 7.52       5.292536038121737e-16
 7.53       5.445023988199992e-16
 7.54       5.600661126688145e-16
 7.55       5.759487558983515e-16
 7.56       5.921543601734086e-16
 7.57       6.086869782748941e-16
 7.58       6.255506840913959e-16
 7.59       6.427495726113038e-16
 7.60       6.602877599154357e-16
 7.61       6.781693831701972e-16
 7.62       6.963986006212137e-16
 7.63       7.149795915874699e-16
 7.64       7.339165564559353e-16
 7.65       7.532137166766174e-16
 7.66       7.728753147581344e-16
 7.67       7.929056142636834e-16
 7.68       8.13308899807472e-16
 7.69       8.340894770515779e-16
 7.70       8.552516727032331e-16
 7.71       8.767998345125121e-16
 7.72       8.987383312704273e-16
 7.73       9.210715528074176e-16
 7.74       9.438039099922478e-16
 7.75       9.669398347312496e-16
 7.76       9.904837799679622e-16
 7.77       1.0144402196831325e-15
 7.78       1.0388136488950738e-15
 7.79       1.0636085836603678e-15
 7.80       1.088829561074924e-15
 7.81       1.114481139275363e-15
 7.82       1.1405678974407361e-15
 7.83       1.1670944357945758e-15
 7.84       1.1940653756072526e-15
 7.85       1.2214853591986574e-15
 7.86       1.24935904994117e-15
 7.87       1.2776911322629517e-15
 7.88       1.306486311651519e-15
 7.89       1.3357493146576058e-15
 7.90       1.365484888899315e-15
 7.91       1.3956978030665376e-15
 7.92       1.426392846925677e-15
 7.93       1.4575748313245847e-15
 7.94       1.4892485881978204e-15
 7.95       1.5214189705721334e-15
 7.96       1.5540908525722001e-15
 7.97       1.5872691294266384e-15
 7.98       1.6209587174742222e-15
 7.99       1.6551645541703846e-15
 8.00       1.6898915980939092e-15
 8.01       1.7251448289539083e-15
 8.02       1.7609292475969683e-15
 8.03       1.797249876014565e-15
 8.04       1.8341117573506917e-15
 8.05       1.8715199559096683e-15
 8.06       1.9094795571642183e-15
 8.07       1.947995667763703e-15
 8.08       1.9870734155425927e-15
 8.09       2.0267179495291383e-15
 8.10       2.066934439954212e-15
 8.11       2.1077280782603803e-15
 8.12       2.149104077111146e-15
 8.13       2.191067670400385e-15
 8.14       2.233624113261961e-15
 8.15       2.2767786820795294e-15
 8.16       2.320536674496537e-15
 8.17       2.364903409426342e-15
 8.18       2.4098842270625865e-15
 8.19       2.4554844888896662e-15
 8.20       2.501709577693404e-15
 8.21       2.5485648975718933e-15
 8.22       2.5960558739464993e-15
 8.23       2.6441879535729728e-15
 8.24       2.6929666045527927e-15
 8.25       2.7423973163446456e-15
 8.26       2.7924855997760055e-15
 8.27       2.843236987054906e-15
 8.28       2.894657031781888e-15
 8.29       2.946751308961999e-15
 8.30       2.9995254150170525e-15
 8.31       3.052984967797916e-15
 8.32       3.107135606597033e-15
 8.33       3.161982992160999e-15
 8.34       3.21753280670332e-15
 8.35       3.2737907539173217e-15
 8.36       3.330762558989079e-15
 8.37       3.388453968610654e-15
 8.38       3.446870750993283e-15
 8.39       3.506018695880779e-15
 8.40       3.565903614563034e-15
 8.41       3.626531339889659e-15
 8.42       3.687907726283728e-15
 8.43       3.750038649755625e-15
 8.44       3.812930007917016e-15
 8.45       3.8765877199949645e-15
 8.46       3.94101772684608e-15
 8.47       4.006225990970883e-15
 8.48       4.072218496528186e-15
 8.49       4.139001249349623e-15
 8.50       4.206580276954283e-15
 8.51       4.274961628563424e-15
 8.52       4.344151375115321e-15
 8.53       4.414155609280196e-15
 8.54       4.484980445475256e-15
 8.55       4.556632019879782e-15
 8.56       4.629116490450401e-15
 8.57       4.7024400369363916e-15
 8.58       4.776608860895058e-15
 8.59       4.851629185707306e-15
 8.60       4.927507256593154e-15
 8.61       5.004249340627484e-15
 8.62       5.0818617267557715e-15
 8.63       5.1603507258099655e-15
 8.64       5.239722670524422e-15
 8.65       5.319983915551922e-15
 8.66       5.401140837479808e-15
 8.67       5.4831998348461615e-15
 8.68       5.566167328156056e-15
 8.69       5.650049759897952e-15
 8.70       5.734853594560108e-15
 8.71       5.8205853186470714e-15
 8.72       5.907251440696302e-15
 8.73       5.994858491294811e-15
 8.74       6.083413023095887e-15
 8.75       6.172921610835924e-15
 8.76       6.263390851351304e-15
 8.77       6.354827363595327e-15
 8.78       6.447237788655279e-15
 8.79       6.540628789769469e-15
 8.80       6.635007052344424e-15
 8.81       6.730379283972091e-15
 8.82       6.82675221444721e-15
 8.83       6.924132595784562e-15
 8.84       7.0225272022364805e-15
 8.85       7.121942830310309e-15
 8.86       7.222386298785963e-15
 8.87       7.323864448733548e-15
 8.88       7.426384143531026e-15
 8.89       7.529952268881986e-15
 8.90       7.634575732833375e-15
 8.91       7.740261465793461e-15
 8.92       7.847016420549666e-15
 8.93       7.954847572286565e-15
 8.94       8.063761918603904e-15
 8.95       8.173766479534795e-15
 8.96       8.284868297563633e-15
 8.97       8.397074437644534e-15
 8.98       8.510391987219475e-15
 8.99       8.624828056236587e-15
 9.00       8.740389777168542e-15
 9.01       8.857084305030986e-15
 9.02       8.974918817400982e-15
 9.03       9.093900514435511e-15
 9.04       9.214036618890035e-15
 9.05       9.335334376137152e-15
 9.06       9.457801054185222e-15
 9.07       9.581443943697075e-15
 9.08       9.706270358008834e-15
 9.09       9.832287633148627e-15
 9.10       9.95950312785548e-15
 9.11       1.0087924223598265e-14
 9.12       1.0217558324594547e-14
 9.13       1.03484128578297e-14
 9.14       1.048049527307584e-14
 9.15       1.0613813042910882e-14
 9.16       1.0748373662737806e-14
 9.17       1.0884184650803672e-14
 9.18       1.1021253548218908e-14
 9.19       1.1159587918976552e-14
 9.20       1.1299195349971479e-14
 9.21       1.1440083451019827e-14
 9.22       1.1582259854878276e-14
 9.23       1.1725732217263572e-14
 9.24       1.187050821687185e-14
 9.25       1.2016595555398206e-14
 9.26       1.2164001957556206e-14
 9.27       1.2312735171097495e-14
 9.28       1.2462802966831244e-14
 9.29       1.2614213138644025e-14
 9.30       1.2766973503519294e-14
 9.31       1.2921091901557212e-14
 9.32       1.307657619599433e-14
 9.33       1.3233434273223465e-14
 9.34       1.3391674042813414e-14
 9.35       1.3551303437528857e-14
 9.36       1.3712330413350296e-14
 9.37       1.3874762949493874e-14
 9.38       1.4038609048431442e-14
 9.39       1.4203876735910442e-14
 9.40       1.4370574060974054e-14
 9.41       1.4538709095981113e-14
 9.42       1.4708289936626313e-14
 9.43       1.4879324701960273e-14
 9.44       1.5051821534409674e-14
 9.45       1.5225788599797486e-14
 9.46       1.5401234087363185e-14
 9.47       1.5578166209782857e-14
 9.48       1.575659320318973e-14
 9.49       1.5936523327194207e-14
 9.50       1.61179648649044e-14
 9.51       1.6300926122946356e-14
 9.52       1.648541543148451e-14
 9.53       1.6671441144242102e-14
 9.54       1.6859011638521664e-14
 9.55       1.7048135315225333e-14
 9.56       1.7238820598875553e-14
 9.57       1.743107593763551e-14
 9.58       1.7624909803329584e-14
 9.59       1.782033069146419e-14
 9.60       1.801734712124814e-14
 9.61       1.8215967635613397e-14
 9.62       1.8416200801235698e-14
 9.63       1.8618055208555247e-14
 9.64       1.882153947179751e-14
 9.65       1.902666222899368e-14
 9.66       1.9233432142001868e-14
 9.67       1.9441857896527416e-14
 9.68       1.965194820214416e-14
 9.69       1.986371179231488e-14
 9.70       2.0077157424412328e-14
 9.71       2.0292293879740192e-14
 9.72       2.0509129963553807e-14
 9.73       2.072767450508127e-14
 9.74       2.0947936357544242e-14
 9.75       2.116992439817893e-14
 9.76       2.1393647528257213e-14
 9.77       2.1619114673107614e-14
 9.78       2.1846334782136068e-14
 9.79       2.207531682884751e-14
 9.80       2.2306069810866372e-14
 9.81       2.25386027499582e-14
 9.82       2.2772924692050362e-14
 9.83       2.300904470725359e-14
 9.84       2.3246971889882595e-14
 9.85       2.3486715358477966e-14
 9.86       2.372828425582666e-14
 9.87       2.3971687748983775e-14
 9.88       2.421693502929348e-14
 9.89       2.4464035312410416e-14
 9.90       2.4712997838320925e-14
 9.91       2.4963831871364384e-14
 9.92       2.5216546700254384e-14
 9.93       2.547115163810047e-14
 9.94       2.5727656022428913e-14
 9.95       2.5986069215204608e-14
 9.96       2.624640060285217e-14
 9.97       2.6508659596277385e-14
 9.98       2.677285563088886e-14
 9.99       2.703899816661915e-14
