423	12	none
 0.01       0         
 0.02       0         
 0.03       0         
 0.04       0         
 0.05       0         
 0.06       0         
 0.07       0         
 0.08       0         
 0.09       0         
 0.10       0         
 0.11       0         
 0.12       0         
 0.13       0         
 0.14       0         
 0.15       0         
 0.16       0         
 0.17       0         
 0.18       0         
 0.19       0         
 0.20       0         
 0.21       0         
 0.22       0         
 0.23       0         
 0.24       0         
 0.25       0         
 0.26       0         
 0.27       0         
 0.28       0         
 0.29       0         
 0.30       0         
 0.31       0         
 0.32       0         
 0.33       0         
 0.34       0         
 0.35       0         
 0.36       0         
 0.37       0         
 0.38       0         
 0.39       0         
 0.40       0         
 0.41       0         
 0.42       0         
 0.43       0         
 0.44       0         
 0.45       0         
 0.46       0         
 0.47       0         
 0.48       0         
 0.49       0         
 0.50       0         
 0.51       0         
 0.52       0         
 0.53       0         
 0.54       0         
 0.55       0         
 0.56       0         
 0.57       0         
 0.58       0         
 0.59       0         
 0.60       0         
 0.61       0         
 0.62       0         
 0.63       0         
 0.64       0         
 0.65       0         
 0.66       0         
 0.67       0         
 0.68       0         
 0.69       0         
 0.70       0         
 0.71       0         
 0.72       0         
 0.73       0         
 0.74       0         
 0.75       0         
 0.76       0         
 0.77       0         
 0.78       0         
 0.79       0         
 0.80       0         
 0.81       0         
 0.82       0         
 0.83       0         
 0.84       0         
 0.85       0         
 0.86       0         
 0.87       0         
 0.88       0         
 0.89       0         
 0.90       0         
 0.91       0         
 0.92       0         
 0.93       0         
 0.94       0         
 0.95       0         
 0.96       0         
 0.97       0         
 0.98       0         
 0.99       0         
 1.00       0         
 1.01       0         
 1.02       0         
 1.03       0         
 1.04       0         
 1.05       0         
 1.06       0         
 1.07       0         
 1.08       0         
 1.09       0         
 1.10       0         
 1.11       0         
 1.12       0         
 1.13       0         
 1.14       0         
 1.15       0         
 1.16       0         
 1.17       0         
 1.18       0         
 1.19       0         
 1.20       0         
 1.21       0         
 1.22       0         
 1.23       0         
 1.24       0         
 1.25       0         
 1.26       0         
 1.27       0         
 1.28       0         
 1.29       0         
 1.30       0         
 1.31       0         
 1.32       0         
 1.33       0         
 1.34       0         
 1.35       0         
 1.36       0         
 1.37       0         
 1.38       0         
 1.39       0         
 1.40       0         
 1.41       0         
 1.42       0         
 1.43       0         
 1.44       0         
 1.45       0         
 1.46       0         
 1.47       0         
 1.48       0         
 1.49       0         
 1.50       0         
 1.51       0         
 1.52       0         
 1.53       0         
 1.54       0         
 1.55       0         
 1.56       0         
 1.57       0         
 1.58       0         
 1.59       0         
 1.60       0         
 1.61       0         
 1.62       0         
 1.63       0         
 1.64       0         
 1.65       0         
 1.66       0         
 1.67       0         
 1.68       0         
 1.69       0         
 1.70       0         
 1.71       0         
 1.72       0         
 1.73       0         
 1.74       0         
 1.75       0         
 1.76       0         
 1.77       0         
 1.78       0         
 1.79       0         
 1.80       0         
 1.81       0         
 1.82       0         
 1.83       0         
 1.84       0         
 1.85       0         
 1.86       0         
 1.87       0         
 1.88       0         
 1.89       0         
 1.90       0         
 1.91       0         
 1.92       0         
 1.93       0         
 1.94       0         
 1.95       0         
 1.96       0         
 1.97       0         
 1.98       0         
 1.99       0         
 2.00       0         
 2.01       2.5740187109649195e-18
 2.02       4.801689310599106e-17
 2.03       1.493241679987938e-16
 2.04       3.054203594963496e-16
 2.05       5.152653737903565e-16
 2.06       7.778532719425508e-16
 2.07       1.0922110831039831e-15
 2.08       1.4573976640560348e-15
 2.09       1.8725026030622656e-15
 2.10       2.3366451661165272e-15
 2.11       2.8489732837637903e-15
 2.12       3.408662576756449e-15
 2.13       4.014915418891032e-15
 2.14       4.666960035447736e-15
 2.15       5.364049635728876e-15
 2.16       6.10546157826268e-15
 2.17       6.890496567304607e-15
 2.18       7.718477879332258e-15
 2.19       8.58875061828881e-15
 2.20       9.500680998387899e-15
 2.21       1.0453655653345806e-14
 2.22       1.1447080970958966e-14
 2.23       1.2480382451993314e-14
 2.24       1.3553004092398267e-14
 2.25       1.4664407787902495e-14
 2.26       1.5814072760090567e-14
 2.27       1.7001495003099153e-14
 2.28       1.8226186750110203e-14
 2.29       1.948767595885385e-14
 2.30       2.078550581536896e-14
 2.31       2.2119234255301068e-14
 2.32       2.3488433502050137e-14
 2.33       2.4892689621108858e-14
 2.34       2.6331602089961283e-14
 2.35       2.7804783382938686e-14
 2.36       2.9311858570455004e-14
 2.37       3.0852464932068455e-14
 2.38       3.2426251582840653e-14
 2.39       3.4032879112484743e-14
 2.40       3.567201923681784e-14
 2.41       3.7343354461051066e-14
 2.42       3.90465777544714e-14
 2.43       4.0781392236087944e-14
 2.44       4.2547510870831586e-14
 2.45       4.434465617591594e-14
 2.46       4.617255993698175e-14
 2.47       4.8030962933663445e-14
 2.48       4.991961467423077e-14
 2.49       5.183827313897222e-14
 2.50       5.378670453200213e-14
 2.51       5.576468304118275e-14
 2.52       5.777199060586875e-14
 2.53       5.98084166921908e-14
 2.54       6.187375807560669e-14
 2.55       6.396781863045975e-14
 2.56       6.609040912629435e-14
 2.57       6.82413470306872e-14
 2.58       7.042045631836437e-14
 2.59       7.26275672863811e-14
 2.60       7.486251637515146e-14
 2.61       7.712514599512297e-14
 2.62       7.941530435889752e-14
 2.63       8.173284531861073e-14
 2.64       8.40776282083862e-14
 2.65       8.644951769168934e-14
 2.66       8.884838361341225e-14
 2.67       9.127410085652708e-14
 2.68       9.372654920315144e-14
 2.69       9.620561319987604e-14
 2.70       9.871118202720899e-14
 2.71       1.0124314937299801e-13
 2.72       1.0380141330969671e-13
 2.73       1.0638587617534389e-13
 2.74       1.0899644445813418e-13
 2.75       1.1163302868445847e-13
 2.76       1.1429554331029825e-13
 2.77       1.1698390661586433e-13
 2.78       1.1969804060337094e-13
 2.79       1.224378708978442e-13
 2.80       1.2520332665086193e-13
 2.81       1.2799434044713337e-13
 2.82       1.3081084821382185e-13
 2.83       1.3365278913252453e-13
 2.84       1.3652010555382113e-13
 2.85       1.394127429143104e-13
 2.86       1.4233064965605236e-13
 2.87       1.4527377714834098e-13
 2.88       1.4824207961173201e-13
 2.89       1.5123551404425351e-13
 2.90       1.5425404014973108e-13
 2.91       1.5729762026816002e-13
 2.92       1.603662193080596e-13
 2.93       1.634598046807482e-13
 2.94       1.6657834623647775e-13
 2.95       1.6972181620237022e-13
 2.96       1.7289018912209999e-13
 2.97       1.7608344179726738e-13
 2.98       1.7930155323041157e-13
 2.99       1.82544504569612e-13
 3.00       1.8581227905462903e-13
 3.01       1.8910486196453775e-13
 3.02       1.9242224056680797e-13
 3.03       1.957644040677874e-13
 3.04       1.9913134356454423e-13
 3.05       2.0252305199802935e-13
 3.06       2.0593952410751709e-13
 3.07       2.0938075638628699e-13
 3.08       2.128467470385078e-13
 3.09       2.1633749593729e-13
 3.10       2.198530045838702e-13
 3.11       2.2339327606789377e-13
 3.12       2.269583150287646e-13
 3.13       2.305481276180286e-13
 3.14       2.3416272146276183e-13
 3.15       2.3780210562993297e-13
 3.16       2.4146629059171185e-13
 3.17       2.4515528819169575e-13
 3.18       2.488691116120289e-13
 3.19       2.5260777534138563e-13
 3.20       2.5637129514379533e-13
 3.21       2.601596880282832e-13
 3.22       2.6397297221930417e-13
 3.23       2.678111671279466e-13
 3.24       2.716742933238832e-13
 3.25       2.7556237250805014e-13
 3.26       2.794754274860303e-13
 3.27       2.834134821421234e-13
 3.28       2.873765614140818e-13
 3.29       2.9136469126849483e-13
 3.30       2.95377898676801e-13
 3.31       2.9941621159191304e-13
 3.32       3.0347965892543727e-13
 3.33       3.075682705254695e-13
 3.34       3.116820771549555e-13
 3.35       3.158211104705939e-13
 3.36       3.1998540300227385e-13
 3.37       3.2417498813302584e-13
 3.38       3.2838990007947716e-13
 3.39       3.3263017387279367e-13
 3.40       3.3689584534009825e-13
 3.41       3.4118695108634986e-13
 3.42       3.45503528476672e-13
 3.43       3.498456156191195e-13
 3.44       3.5421325134786907e-13
 3.45       3.586064752068246e-13
 3.46       3.630253274336248e-13
 3.47       3.674698489440416e-13
 3.48       3.719400813167621e-13
 3.49       3.7643606677853897e-13
 3.50       3.809578481897035e-13
 3.51       3.8550546903002936e-13
 3.52       3.9007897338493985e-13
 3.53       3.9467840593204587e-13
 3.54       3.99303811928011e-13
 3.55       4.039552371957296e-13
 3.56       4.086327281118144e-13
 3.57       4.1333633159438187e-13
 3.58       4.1806609509113086e-13
 3.59       4.2282206656770357e-13
 3.60       4.276042944963235e-13
 3.61       4.324128278447029e-13
 3.62       4.372477160652132e-13
 3.63       4.4210900908430893e-13
 3.64       4.4699675729220366e-13
 3.65       4.5191101153278567e-13
 3.66       4.568518230937713e-13
 3.67       4.618192436970895e-13
 3.68       4.668133254894882e-13
 3.69       4.718341210333621e-13
 3.70       4.768816832977922e-13
 3.71       4.81956065649793e-13
 3.72       4.870573218457628e-13
 3.73       4.921855060231307e-13
 3.74       4.97340672692197e-13
 3.75       5.025228767281598e-13
 3.76       5.077321733633261e-13
 3.77       5.129686181794993e-13
 3.78       5.182322671005421e-13
 3.79       5.235231763851087e-13
 3.80       5.288414026195413e-13
 3.81       5.34187002710929e-13
 3.82       5.395600338803237e-13
 3.83       5.44960553656108e-13
 3.84       5.503886198675154e-13
 3.85       5.558442906382934e-13
 3.86       5.613276243805117e-13
 3.87       5.668386797885072e-13
 3.88       5.723775158329643e-13
 3.89       5.779441917551305e-13
 3.90       5.835387670611576e-13
 3.91       5.891613015165688e-13
 3.92       5.948118551408522e-13
 3.93       6.004904882021699e-13
 3.94       6.061972612121865e-13
 3.95       6.11932234921011e-13
 3.96       6.176954703122503e-13
 3.97       6.234870285981717e-13
 3.98       6.29306971214971e-13
 3.99       6.351553598181443e-13
 4.00       6.410322562779618e-13
 4.01       6.469377226750401e-13
 4.02       6.528718212960086e-13
 4.03       6.58834614629275e-13
 4.04       6.648261653608785e-13
 4.05       6.708465363704333e-13
 4.06       6.768957907271619e-13
 4.07       6.82973991686014e-13
 4.08       6.890812026838635e-13
 4.09       6.952174873357969e-13
 4.10       7.013829094314724e-13
 4.11       7.075775329315619e-13
 4.12       7.138014219642685e-13
 4.13       7.200546408219169e-13
 4.14       7.263372539576167e-13
 4.15       7.326493259819998e-13
 4.16       7.389909216600214e-13
 4.17       7.453621059078355e-13
 4.18       7.517629437897298e-13
 4.19       7.581935005151314e-13
 4.20       7.646538414356705e-13
 4.21       7.71144032042312e-13
 4.22       7.776641379625393e-13
 4.23       7.842142249576048e-13
 4.24       7.907943589198352e-13
 4.25       7.974046058699904e-13
 4.26       8.04045031954683e-13
 4.27       8.107157034438463e-13
 4.28       8.174166867282591e-13
 4.29       8.241480483171204e-13
 4.30       8.309098548356724e-13
 4.31       8.377021730228771e-13
 4.32       8.445250697291376e-13
 4.33       8.513786119140664e-13
 4.34       8.582628666443032e-13
 4.35       8.65177901091372e-13
 4.36       8.721237825295888e-13
 4.37       8.79100578334007e-13
 4.38       8.861083559784069e-13
 4.39       8.93147183033327e-13
 4.40       9.002171271641349e-13
 4.41       9.073182561291363e-13
 4.42       9.144506377777255e-13
 4.43       9.216143400485704e-13
 4.44       9.288094309678367e-13
 4.45       9.360359786474463e-13
 4.46       9.432940512833728e-13
 4.47       9.505837171539699e-13
 4.48       9.579050446183343e-13
 4.49       9.652581021147032e-13
 4.50       9.726429581588789e-13
 4.51       9.80059681342692e-13
 4.52       9.875083403324911e-13
 4.53       9.949890038676627e-13
 4.54       1.002501740759185e-12
 4.55       1.0100466198882017e-12
 4.56       1.0176237102046374e-12
 4.57       1.025233080725828e-12
 4.58       1.0328748005351858e-12
 4.59       1.0405489387808888e-12
 4.60       1.048255564674597e-12
 4.61       1.0559947474901922e-12
 4.62       1.0637665565625455e-12
 4.63       1.0715710612863074e-12
 4.64       1.0794083311147222e-12
 4.65       1.0872784355584656e-12
 4.66       1.0951814441845067e-12
 4.67       1.10311742661499e-12
 4.68       1.1110864525261414e-12
 4.69       1.1190885916471948e-12
 4.70       1.1271239137593399e-12
 4.71       1.135192488694691e-12
 4.72       1.1432943863352756e-12
 4.73       1.1514296766120432e-12
 4.74       1.1595984295038911e-12
 4.75       1.1678007150367153e-12
 4.76       1.1760366032824726e-12
 4.77       1.1843061643582643e-12
 4.78       1.1926094684254407e-12
 4.79       1.200946585688717e-12
 4.80       1.2093175863953101e-12
 4.81       1.2177225408340927e-12
 4.82       1.2261615193347603e-12
 4.83       1.2346345922670192e-12
 4.84       1.2431418300397846e-12
 4.85       1.2516833031003998e-12
 4.86       1.2602590819338665e-12
 4.87       1.2688692370620907e-12
 4.88       1.277513839043146e-12
 4.89       1.2861929584705444e-12
 4.90       1.2949066659725305e-12
 4.91       1.30365503221138e-12
 4.92       1.31243812788272e-12
 4.93       1.321256023714853e-12
 4.94       1.330108790468104e-12
 4.95       1.3389964989341724e-12
 4.96       1.3479192199354986e-12
 4.97       1.356877024324645e-12
 4.98       1.3658699829836867e-12
 4.99       1.3748981668236122e-12
 5.00       1.383961646783739e-12
 5.01       1.3930604938311378e-12
 5.02       1.4021947789600689e-12
 5.03       1.4113645731914301e-12
 5.04       1.420569947572211e-12
 5.05       1.4298109731749622e-12
 5.06       1.439087721097276e-12
 5.07       1.4484002624612678e-12
 5.08       1.4577486684130771e-12
 5.09       1.4671330101223753e-12
 5.10       1.4765533587818776e-12
 5.11       1.4860097856068723e-12
 5.12       1.4955023618347537e-12
 5.13       1.5050311587245629e-12
 5.14       1.5145962475565425e-12
 5.15       1.5241976996316954e-12
 5.16       1.5338355862713522e-12
 5.17       1.543509978816749e-12
 5.18       1.5532209486286115e-12
 5.19       1.5629685670867453e-12
 5.20       1.5727529055896393e-12
 5.21       1.5825740355540704e-12
 5.22       1.5924320284147178e-12
 5.23       1.6023269556237877e-12
 5.24       1.612258888650641e-12
 5.25       1.6222278989814265e-12
 5.26       1.6322340581187288e-12
 5.27       1.6422774375812144e-12
 5.28       1.6523581089032886e-12
 5.29       1.6624761436347575e-12
 5.30       1.672631613340498e-12
 5.31       1.6828245896001313e-12
 5.32       1.6930551440077048e-12
 5.33       1.7033233481713797e-12
 5.34       1.713629273713121e-12
 5.35       1.7239729922684013e-12
 5.36       1.7343545754858977e-12
 5.37       1.7447740950272097e-12
 5.38       1.755231622566568e-12
 5.39       1.765727229790556e-12
 5.40       1.7762609883978394e-12
 5.41       1.7868329700988915e-12
 5.42       1.7974432466157332e-12
 5.43       1.8080918896816706e-12
 5.44       1.8187789710410418e-12
 5.45       1.829504562448968e-12
 5.46       1.840268735671107e-12
 5.47       1.851071562483412e-12
 5.48       1.861913114671898e-12
 5.49       1.8727934640324075e-12
 5.50       1.8837126823703854e-12
 5.51       1.8946708415006523e-12
 5.52       1.9056680132471912e-12
 5.53       1.9167042694429245e-12
 5.54       1.927779681929511e-12
 5.55       1.9388943225571342e-12
 5.56       1.9500482631842997e-12
 5.57       1.9612415756776374e-12
 5.58       1.9724743319117035e-12
 5.59       1.9837466037687907e-12
 5.60       1.995058463138737e-12
 5.61       2.006409981918743e-12
 5.62       2.01780123201319e-12
 5.63       2.0292322853334604e-12
 5.64       2.0407032137977626e-12
 5.65       2.0522140893309632e-12
 5.66       2.0637649838644133e-12
 5.67       2.075355969335786e-12
 5.68       2.0869871176889146e-12
 5.69       2.0986585008736326e-12
 5.70       2.110370190845615e-12
 5.71       2.12212225956623e-12
 5.72       2.133914779002384e-12
 5.73       2.1457478211263768e-12
 5.74       2.1576214579157544e-12
 5.75       2.169535761353169e-12
 5.76       2.181490803426236e-12
 5.77       2.1934866561274024e-12
 5.78       2.205523391453807e-12
 5.79       2.2176010814071516e-12
 5.80       2.2297197979935694e-12
 5.81       2.2418796132235e-12
 5.82       2.254080599111565e-12
 5.83       2.266322827676444e-12
 5.84       2.2786063709407534e-12
 5.85       2.290931300930931e-12
 5.86       2.303297689677122e-12
 5.87       2.3157056092130604e-12
 5.88       2.3281551315759644e-12
 5.89       2.3406463288064182e-12
 5.90       2.3531792729482757e-12
 5.91       2.365754036048545e-12
 5.92       2.378370690157294e-12
 5.93       2.3910293073275425e-12
 5.94       2.403729959615167e-12
 5.95       2.4164727190788017e-12
 5.96       2.4292576577797435e-12
 5.97       2.4420848477818566e-12
 5.98       2.454954361151484e-12
 5.99       2.4678662699573526e-12
 6.00       2.4808206462704893e-12
 6.01       2.493817562164131e-12
 6.02       2.50685708971364e-12
 6.03       2.519939300996421e-12
 6.04       2.5330642680918417e-12
 6.05       2.546232063081142e-12
 6.06       2.5594427580473726e-12
 6.07       2.572696425075301e-12
 6.08       2.5859931362513428e-12
 6.09       2.5993329636634894e-12
 6.10       2.6127159794012312e-12
 6.11       2.626142255555487e-12
 6.12       2.6396118642185325e-12
 6.13       2.6531248774839352e-12
 6.14       2.6666813674464836e-12
 6.15       2.6802814062021206e-12
 6.16       2.6939250658478835e-12
 6.17       2.707612418481831e-12
 6.18       2.721343536202991e-12
 6.19       2.735118491111292e-12
 6.20       2.7489373553075073e-12
 6.21       2.762800200893195e-12
 6.22       2.776707099970638e-12
 6.23       2.79065812464279e-12
 6.24       2.80465334701322e-12
 6.25       2.818692839186056e-12
 6.26       2.8327766732659343e-12
 6.27       2.8469049213579455e-12
 6.28       2.861077655567582e-12
 6.29       2.875294948000692e-12
 6.30       2.889556870763425e-12
 6.31       2.903863495962189e-12
 6.32       2.9182148957035992e-12
 6.33       2.9326111420944324e-12
 6.34       2.947052307241584e-12
 6.35       2.9615384632520185e-12
 6.36       2.9760696822327337e-12
 6.37       2.9906460362907105e-12
 6.38       3.0052675975328745e-12
 6.39       3.0199344380660563e-12
 6.40       3.034646629996946e-12
 6.41       3.0494042454320622e-12
 6.42       3.064207356477704e-12
 6.43       3.0790560352399234e-12
 6.44       3.0939503538244792e-12
 6.45       3.1088903843368067e-12
 6.46       3.1238761988819778e-12
 6.47       3.138907869564673e-12
 6.48       3.1539854684891392e-12
 6.49       3.169109067759163e-12
 6.50       3.1842787394780355e-12
 6.51       3.1994945557485187e-12
 6.52       3.2147565886728193e-12
 6.53       3.2300649103525508e-12
 6.54       3.2454195928887152e-12
 6.55       3.260820708381658e-12
 6.56       3.276268328931054e-12
 6.57       3.2917625266358696e-12
 6.58       3.307303373594344e-12
 6.59       3.3228909419039523e-12
 6.60       3.3385253036613902e-12
 6.61       3.354206530962539e-12
 6.62       3.369934695902443e-12
 6.63       3.3857098705752926e-12
 6.64       3.4015321270743884e-12
 6.65       3.4174015374921257e-12
 6.66       3.4333181739199706e-12
 6.67       3.449282108448434e-12
 6.68       3.4652934131670545e-12
 6.69       3.4813521601643747e-12
 6.70       3.4974584215279173e-12
 6.71       3.513612269344171e-12
 6.72       3.5298137756985674e-12
 6.73       3.5460630126754593e-12
 6.74       3.562360052358107e-12
 6.75       3.578704966828652e-12
 6.76       3.5950978281681093e-12
 6.77       3.611538708456338e-12
 6.78       3.628027679772036e-12
 6.79       3.644564814192713e-12
 6.80       3.661150183794677e-12
 6.81       3.677783860653027e-12
 6.82       3.694465916841622e-12
 6.83       3.711196424433077e-12
 6.84       3.727975455498742e-12
 6.85       3.744803082108697e-12
 6.86       3.761679376331723e-12
 6.87       3.778604410235302e-12
 6.88       3.7955782558855945e-12
 6.89       3.812600985347433e-12
 6.90       3.829672670684305e-12
 6.91       3.846793383958342e-12
 6.92       3.8639631972303055e-12
 6.93       3.88118218255958e-12
 6.94       3.898450412004157e-12
 6.95       3.915767957620625e-12
 6.96       3.933134891464163e-12
 6.97       3.950551285588522e-12
 6.98       3.968017212046019e-12
 6.99       3.985532742887532e-12
 7.00       4.003097950162483e-12
 7.01       4.020712905918828e-12
 7.02       4.0383776822030575e-12
 7.03       4.056092351060177e-12
 7.04       4.073856984533705e-12
 7.05       4.091671654665663e-12
 7.06       4.109536433496564e-12
 7.07       4.1274513930654155e-12
 7.08       4.145416605409694e-12
 7.09       4.163432142565356e-12
 7.10       4.181498076566821e-12
 7.11       4.199614479446968e-12
 7.12       4.217781423237126e-12
 7.13       4.2359989799670705e-12
 7.14       4.254267221665017e-12
 7.15       4.272586220357612e-12
 7.16       4.2909560480699355e-12
 7.17       4.309376776825484e-12
 7.18       4.327848478646174e-12
 7.19       4.346371225552333e-12
 7.20       4.364945089562699e-12
 7.21       4.383570142694408e-12
 7.22       4.402246456962997e-12
 7.23       4.420974104382395e-12
 7.24       4.439753156964922e-12
 7.25       4.458583686721284e-12
 7.26       4.47746576566057e-12
 7.27       4.496399465790244e-12
 7.28       4.5153848591161476e-12
 7.29       4.534422017642495e-12
 7.30       4.553511013371868e-12
 7.31       4.572651918305211e-12
 7.32       4.591844804441838e-12
 7.33       4.611089743779419e-12
 7.34       4.630386808313984e-12
 7.35       4.649736070039917e-12
 7.36       4.669137600949959e-12
 7.37       4.688591473035197e-12
 7.38       4.708097758285074e-12
 7.39       4.727656528687375e-12
 7.40       4.747267856228238e-12
 7.41       4.76693181289214e-12
 7.42       4.7866484706619065e-12
 7.43       4.8064179015187e-12
 7.44       4.826240177442028e-12
 7.45       4.84611537040974e-12
 7.46       4.866043552398022e-12
 7.47       4.886024795381399e-12
 7.48       4.9060591713327365e-12
 7.49       4.926146752223236e-12
 7.50       4.946287610022435e-12
 7.51       4.966481816698212e-12
 7.52       4.98672944421678e-12
 7.53       5.0070305645426905e-12
 7.54       5.02738524963883e-12
 7.55       5.047793571466426e-12
 7.56       5.068255601985034e-12
 7.57       5.088771413152562e-12
 7.58       5.109341076925245e-12
 7.59       5.129964665257659e-12
 7.60       5.1506422501027195e-12
 7.61       5.171373903411688e-12
 7.62       5.192159697134158e-12
 7.63       5.212999703218071e-12
 7.64       5.233893993609709e-12
 7.65       5.254842640253696e-12
 7.66       5.275845715093006e-12
 7.67       5.296903290068959e-12
 7.68       5.318015437121213e-12
 7.69       5.339182228187786e-12
 7.70       5.360403735205043e-12
 7.71       5.3816800301076995e-12
 7.72       5.403011184828824e-12
 7.73       5.424397271299845e-12
 7.74       5.4458383614505405e-12
 7.75       5.4673345272090546e-12
 7.76       5.488885840501888e-12
 7.77       5.5104923732539005e-12
 7.78       5.532154197388324e-12
 7.79       5.553871384826753e-12
 7.80       5.57564400748915e-12
 7.81       5.59747213729385e-12
 7.82       5.6193558461575575e-12
 7.83       5.641295205995358e-12
 7.84       5.663290288720711e-12
 7.85       5.685341166245457e-12
 7.86       5.7074479104798184e-12
 7.87       5.729610593332404e-12
 7.88       5.7518292867102074e-12
 7.89       5.774104062518616e-12
 7.90       5.7964349926614045e-12
 7.91       5.818822149040749e-12
 7.92       5.841265603557223e-12
 7.93       5.863765428109798e-12
 7.94       5.886321694595851e-12
 7.95       5.908934474911165e-12
 7.96       5.9316038409499325e-12
 7.97       5.9543298646047595e-12
 7.98       5.9771126177666695e-12
 7.99       5.999952172325097e-12
 8.00       6.022848600167908e-12
 8.01       6.0458019731813855e-12
 8.02       6.068812363250243e-12
 8.03       6.091879842257628e-12
 8.04       6.1150044820851144e-12
 8.05       6.138186354612721e-12
 8.06       6.161425531718908e-12
 8.07       6.184722085280571e-12
 8.08       6.208076087173063e-12
 8.09       6.2314876092701816e-12
 8.10       6.254956723444176e-12
 8.11       6.278483501565759e-12
 8.12       6.302068015504106e-12
 8.13       6.325710337126848e-12
 8.14       6.349410538300091e-12
 8.15       6.373168690888411e-12
 8.16       6.396984866754855e-12
 8.17       6.420859137760954e-12
 8.18       6.444791575766718e-12
 8.19       6.468782252630647e-12
 8.20       6.49283124020972e-12
 8.21       6.516938610359422e-12
 8.22       6.541104434933726e-12
 8.23       6.56532878578511e-12
 8.24       6.589611734764554e-12
 8.25       6.6139533537215425e-12
 8.26       6.6383537145040785e-12
 8.27       6.662812888958678e-12
 8.28       6.687330948930372e-12
 8.29       6.711907966262721e-12
 8.30       6.736544012797808e-12
 8.31       6.761239160376248e-12
 8.32       6.78599348083719e-12
 8.33       6.81080704601832e-12
 8.34       6.835679927755871e-12
 8.35       6.860612197884615e-12
 8.36       6.885603928237882e-12
 8.37       6.910655190647549e-12
 8.38       6.9357660569440554e-12
 8.39       6.960936598956401e-12
 8.40       6.986166888512148e-12
 8.41       7.011456997437435e-12
 8.42       7.036806997556967e-12
 8.43       7.0622169606940345e-12
 8.44       7.087686958670501e-12
 8.45       7.113217063306824e-12
 8.46       7.138807346422048e-12
 8.47       7.164457879833803e-12
 8.48       7.190168735358328e-12
 8.49       7.215939984810458e-12
 8.50       7.2417717000036374e-12
 8.51       7.267663952749915e-12
 8.52       7.293616814859956e-12
 8.53       7.319630358143044e-12
 8.54       7.345704654407089e-12
 8.55       7.371839775458614e-12
 8.56       7.398035793102786e-12
 8.57       7.424292779143395e-12
 8.58       7.450610805382879e-12
 8.59       7.47698994362231e-12
 8.60       7.503430265661414e-12
 8.61       7.52993184329856e-12
 8.62       7.556494748330776e-12
 8.63       7.583119052553744e-12
 8.64       7.609804827761815e-12
 8.65       7.636552145748003e-12
 8.66       7.663361078303989e-12
 8.67       7.690231697220141e-12
 8.68       7.717164074285491e-12
 8.69       7.744158281287764e-12
 8.70       7.771214390013367e-12
 8.71       7.798332472247406e-12
 8.72       7.825512599773667e-12
 8.73       7.852754844374653e-12
 8.74       7.880059277831558e-12
 8.75       7.90742597192429e-12
 8.76       7.93485499843147e-12
 8.77       7.962346429130425e-12
 8.78       7.98990033579721e-12
 8.79       8.017516790206605e-12
 8.80       8.045195864132112e-12
 8.81       8.07293762934597e-12
 8.82       8.100742157619148e-12
 8.83       8.128609520721366e-12
 8.84       8.156539790421074e-12
 8.85       8.184533038485483e-12
 8.86       8.212589336680552e-12
 8.87       8.240708756770988e-12
 8.88       8.268891370520272e-12
 8.89       8.297137249690644e-12
 8.90       8.325446466043108e-12
 8.91       8.353819091337446e-12
 8.92       8.382255197332216e-12
 8.93       8.410754855784755e-12
 8.94       8.439318138451182e-12
 8.95       8.467945117086413e-12
 8.96       8.496635863444147e-12
 8.97       8.525390449276888e-12
 8.98       8.554208946335936e-12
 8.99       8.583091426371392e-12
 9.00       8.612037961132174e-12
 9.01       8.64104862236601e-12
 9.02       8.670123481819439e-12
 9.03       8.699262611237829e-12
 9.04       8.728466082365367e-12
 9.05       8.757733966945069e-12
 9.06       8.787066336718786e-12
 9.07       8.816463263427203e-12
 9.08       8.845924818809843e-12
 9.09       8.87545107460508e-12
 9.10       8.90504210255013e-12
 9.11       8.934697974381069e-12
 9.12       8.964418761832814e-12
 9.13       8.99420453663916e-12
 9.14       9.024055370532755e-12
 9.15       9.053971335245116e-12
 9.16       9.083952502506628e-12
 9.17       9.113998944046564e-12
 9.18       9.144110731593065e-12
 9.19       9.174287936873155e-12
 9.20       9.204530631612752e-12
 9.21       9.234838887536665e-12
 9.22       9.26521277636858e-12
 9.23       9.295652369831113e-12
 9.24       9.326157739645749e-12
 9.25       9.356728957532904e-12
 9.26       9.387366095211888e-12
 9.27       9.41806922440094e-12
 9.28       9.448838416817198e-12
 9.29       9.479673744176739e-12
 9.30       9.510575278194549e-12
 9.31       9.541543090584556e-12
 9.32       9.572577253059614e-12
 9.33       9.603677837331514e-12
 9.34       9.634844915110987e-12
 9.35       9.666078558107706e-12
 9.36       9.697378838030296e-12
 9.37       9.728745826586328e-12
 9.38       9.760179595482331e-12
 9.39       9.791680216423794e-12
 9.40       9.82324776111516e-12
 9.41       9.854882301259846e-12
 9.42       9.886583908560235e-12
 9.43       9.918352654717686e-12
 9.44       9.95018861143253e-12
 9.45       9.982091850404082e-12
 9.46       1.0014062443330635e-11
 9.47       1.004610046190948e-11
 9.48       1.007820597783689e-11
 9.49       1.0110379062808136e-11
 9.50       1.0142619788517486e-11
 9.51       1.0174928226658212e-11
 9.52       1.0207304448922593e-11
 9.53       1.0239748527001907e-11
 9.54       1.0272260532586457e-11
 9.55       1.0304840537365556e-11
 9.56       1.0337488613027537e-11
 9.57       1.037020483125975e-11
 9.58       1.0402989263748586e-11
 9.59       1.0435841982179449e-11
 9.60       1.046876305823679e-11
 9.61       1.0501752563604091e-11
 9.62       1.0534810569963876e-11
 9.63       1.0567937148997711e-11
 9.64       1.0601132372386204e-11
 9.65       1.0634396311809027e-11
 9.66       1.0667729038944896e-11
 9.67       1.0701130625471582e-11
 9.68       1.0734601143065929e-11
 9.69       1.0768140663403833e-11
 9.70       1.0801749258160265e-11
 9.71       1.0835426999009265e-11
 9.72       1.0869173957623946e-11
 9.73       1.0902990205676495e-11
 9.74       1.093687581483819e-11
 9.75       1.0970830856779383e-11
 9.76       1.1004855403169521e-11
 9.77       1.103894952567714e-11
 9.78       1.1073113295969866e-11
 9.79       1.1107346785714425e-11
 9.80       1.1141650066576645e-11
 9.81       1.1176023210221457e-11
 9.82       1.1210466288312903e-11
 9.83       1.1244979372514124e-11
 9.84       1.1279562534487389e-11
 9.85       1.1314215845894076e-11
 9.86       1.1348939378394679e-11
 9.87       1.1383733203648825e-11
 9.88       1.1418597393315263e-11
 9.89       1.145353201905187e-11
 9.90       1.1488537152515658e-11
 9.91       1.152361286536277e-11
 9.92       1.15587592292485e-11
 9.93       1.159397631582727e-11
 9.94       1.1629264196752658e-11
 9.95       1.166462294367738e-11
 9.96       1.1700052628253314e-11
 9.97       1.1735553322131487e-11
 9.98       1.1771125096962086e-11
 9.99       1.1806768024394456e-11
