 0.01       0         
 0.02       0         
 0.03       0         
 0.04       0         
 0.05       0         
 0.06       0         
 0.07       0         
 0.08       0         
 0.09       0         
 0.10       0         
 0.11       0         
 0.12       0         
 0.13       0         
 0.14       0         
 0.15       0         
 0.16       0         
 0.17       0         
 0.18       0         
 0.19       0         
 0.20       0         
 0.21       0         
 0.22       0         
 0.23       0         
 0.24       0         
 0.25       0         
 0.26       0         
 0.27       0         
 0.28       0         
 0.29       0         
 0.30       0         
 0.31       0         
 0.32       0         
 0.33       0         
 0.34       0         
 0.35       0         
 0.36       0         
 0.37       0         
 0.38       0         
 0.39       0         
 0.40       0         
 0.41       0         
 0.42       0         
 0.43       0         
 0.44       0         
 0.45       0         
 0.46       0         
 0.47       0         
 0.48       0         
 0.49       0         
 0.50       0         
 0.51       0         
 0.52       0         
 0.53       0         
 0.54       0         
 0.55       0         
 0.56       0         
 0.57       0         
 0.58       0         
 0.59       0         
 0.60       0         
 0.61       0         
 0.62       0         
 0.63       0         
 0.64       0         
 0.65       0         
 0.66       0         
 0.67       0         
 0.68       0         
 0.69       0         
 0.70       0         
 0.71       0         
 0.72       0         
 0.73       0         
 0.74       0         
 0.75       0         
 0.76       0         
 0.77       0         
 0.78       0         
 0.79       0         
 0.80       0         
 0.81       0         
 0.82       0         
 0.83       0         
 0.84       0         
 0.85       0         
 0.86       0         
 0.87       0         
 0.88       0         
 0.89       0         
 0.90       0         
 0.91       0         
 0.92       0         
 0.93       0         
 0.94       0         
 0.95       0         
 0.96       0         
 0.97       0         
 0.98       0         
 0.99       0         
 1.00       0         
 1.01       0         
 1.02       0         
 1.03       0         
 1.04       0         
 1.05       0         
 1.06       0         
 1.07       0         
 1.08       0         
 1.09       0         
 1.10       0         
 1.11       0         
 1.12       0         
 1.13       0         
 1.14       0         
 1.15       0         
 1.16       0         
 1.17       0         
 1.18       0         
 1.19       0         
 1.20       0         
 1.21       0         
 1.22       0         
 1.23       0         
 1.24       0         
 1.25       0         
 1.26       0         
 1.27       0         
 1.28       0         
 1.29       0         
 1.30       0         
 1.31       0         
 1.32       0         
 1.33       0         
 1.34       0         
 1.35       0         
 1.36       0         
 1.37       0         
 1.38       0         
 1.39       0         
 1.40       0         
 1.41       0         
 1.42       0         
 1.43       0         
 1.44       0         
 1.45       0         
 1.46       0         
 1.47       0         
 1.48       0         
 1.49       0         
 1.50       0         
 1.51       0         
 1.52       0         
 1.53       0         
 1.54       0         
 1.55       0         
 1.56       0         
 1.57       0         
 1.58       0         
 1.59       0         
 1.60       0         
 1.61       0         
 1.62       0         
 1.63       0         
 1.64       0         
 1.65       0         
 1.66       0         
 1.67       0         
 1.68       0         
 1.69       0         
 1.70       0         
 1.71       0         
 1.72       0         
 1.73       0         
 1.74       0         
 1.75       0         
 1.76       0         
 1.77       0         
 1.78       0         
 1.79       0         
 1.80       0         
 1.81       0         
 1.82       0         
 1.83       0         
 1.84       0         
 1.85       0         
 1.86       0         
 1.87       0         
 1.88       0         
 1.89       0         
 1.90       0         
 1.91       0         
 1.92       0         
 1.93       0         
 1.94       0         
 1.95       0         
 1.96       0         
 1.97       0         
 1.98       0         
 1.99       0         
 2.00       0         
 2.01       0         
 2.02       0         
 2.03       0         
 2.04       0         
 2.05       0         
 2.06       0         
 2.07       0         
 2.08       0         
 2.09       0         
 2.10       0         
 2.11       0         
 2.12       0         
 2.13       0         
 2.14       0         
 2.15       0         
 2.16       0         
 2.17       0         
 2.18       0         
 2.19       0         
 2.20       0         
 2.21       0         
 2.22       0         
 2.23       0         
 2.24       0         
 2.25       0         
 2.26       0         
 2.27       0         
 2.28       0         
 2.29       0         
 2.30       0         
 2.31       0         
 2.32       0         
 2.33       0         
 2.34       0         
 2.35       0         
 2.36       0         
 2.37       0         
 2.38       0         
 2.39       0         
 2.40       0         
 2.41       0         
 2.42       0         
 2.43       0         
 2.44       0         
 2.45       0         
 2.46       0         
 2.47       0         
 2.48       0         
 2.49       0         
 2.50       0         
 2.51       0         
 2.52       0         
 2.53       0         
 2.54       0         
 2.55       0         
 2.56       0         
 2.57       0         
 2.58       0         
 2.59       0         
 2.60       0         
 2.61       0         
 2.62       0         
 2.63       0         
 2.64       0         
 2.65       0         
 2.66       0         
 2.67       0         
 2.68       0         
 2.69       0         
 2.70       0         
 2.71       0         
 2.72       0         
 2.73       0         
 2.74       0         
 2.75       0         
 2.76       0         
 2.77       0         
 2.78       0         
 2.79       0         
 2.80       0         
 2.81       0         
 2.82       0         
 2.83       0         
 2.84       0         
 2.85       0         
 2.86       0         
 2.87       0         
 2.88       0         
 2.89       0         
 2.90       0         
 2.91       0         
 2.92       0         
 2.93       0         
 2.94       0         
 2.95       0         
 2.96       0         
 2.97       0         
 2.98       0         
 2.99       0         
 3.00       0         
 3.01       0         
 3.02       0         
 3.03       0         
 3.04       0         
 3.05       0         
 3.06       0         
 3.07       0         
 3.08       0         
 3.09       0         
 3.10       0         
 3.11       0         
 3.12       0         
 3.13       0         
 3.14       0         
 3.15       0         
 3.16       0         
 3.17       0         
 3.18       0         
 3.19       0         
 3.20       0         
 3.21       0         
 3.22       0         
 3.23       0         
 3.24       0         
 3.25       0         
 3.26       0         
 3.27       0         
 3.28       0         
 3.29       0         
 3.30       0         
 3.31       0         
 3.32       0         
 3.33       0         
 3.34       0         
 3.35       0         
 3.36       0         
 3.37       0         
 3.38       0         
 3.39       0         
 3.40       0         
 3.41       0         
 3.42       0         
 3.43       0         
 3.44       0         
 3.45       0         
 3.46       0         
 3.47       0         
 3.48       0         
 3.49       0         
 3.50       0         
 3.51       0         
 3.52       0         
 3.53       0         
 3.54       0         
 3.55       0         
 3.56       0         
 3.57       0         
 3.58       0         
 3.59       0         
 3.60       0         
 3.61       0         
 3.62       0         
 3.63       0         
 3.64       0         
 3.65       0         
 3.66       0         
 3.67       0         
 3.68       0         
 3.69       0         
 3.70       0         
 3.71       0         
 3.72       0         
 3.73       0         
 3.74       0         
 3.75       0         
 3.76       0         
 3.77       0         
 3.78       0         
 3.79       0         
 3.80       0         
 3.81       0         
 3.82       0         
 3.83       0         
 3.84       0         
 3.85       0         
 3.86       0         
 3.87       0         
 3.88       0         
 3.89       0         
 3.90       0         
 3.91       0         
 3.92       0         
 3.93       0         
 3.94       0         
 3.95       0         
 3.96       0         
 3.97       0         
 3.98       0         
 3.99       0         
 4.00       0         
 4.01       0         
 4.02       0         
 4.03       0         
 4.04       0         
 4.05       0         
 4.06       0         
 4.07       0         
 4.08       0         
 4.09       0         
 4.10       0         
 4.11       0         
 4.12       0         
 4.13       0         
 4.14       0         
 4.15       0         
 4.16       0         
 4.17       0         
 4.18       0         
 4.19       0         
 4.20       0         
 4.21       0         
 4.22       0         
 4.23       0         
 4.24       0         
 4.25       0         
 4.26       0         
 4.27       0         
 4.28       0         
 4.29       0         
 4.30       0         
 4.31       0         
 4.32       0         
 4.33       0         
 4.34       0         
 4.35       0         
 4.36       0         
 4.37       0         
 4.38       0         
 4.39       0         
 4.40       0         
 4.41       0         
 4.42       0         
 4.43       0         
 4.44       0         
 4.45       0         
 4.46       0         
 4.47       0         
 4.48       0         
 4.49       0         
 4.50       0         
 4.51       0         
 4.52       0         
 4.53       0         
 4.54       0         
 4.55       0         
 4.56       0         
 4.57       0         
 4.58       0         
 4.59       0         
 4.60       0         
 4.61       1.639490007601672e-26
 4.62       1.9384700807256354e-24
 4.63       1.3214383689129039e-23
 4.64       4.5989627991165233e-23
 4.65       1.1666642027449753e-22
 4.66       2.4590365607297486e-22
 4.67       4.587244056980265e-22
 4.68       7.84667300490059e-22
 4.69       1.2579588565951997e-21
 4.70       1.9176963315171606e-21
 4.71       2.807995416443533e-21
 4.72       3.9783256192246915e-21
 4.73       5.4834756574775134e-21
 4.74       7.383963016172128e-21
 4.75       9.746057261507095e-21
 4.76       1.2642050881534817e-20
 4.77       1.6150423287924944e-20
 4.78       2.0356022056304578e-20
 4.79       2.5350199722472657e-20
 4.80       3.123114733176265e-20
 4.81       3.810384335166354e-20
 4.82       4.608036574958933e-20
 4.83       5.52800255531025e-20
 4.84       6.582953136687953e-20
 4.85       7.786315108340465e-20
 4.86       9.152281946298785e-20
 4.87       1.0695849130287404e-19
 4.88       1.2432801103325778e-19
 4.89       1.4379744563025876e-19
 4.90       1.6554118890913467e-19
 4.91       1.897421071056798e-19
 4.92       2.1659168191382884e-19
 4.93       2.462901510240878e-19
 4.94       2.790465923009986e-19
 4.95       3.150792682783631e-19
 4.96       3.546154558024147e-19
 4.97       3.978917734819327e-19
 4.98       4.451542626982122e-19
 4.99       4.96658514090103e-19
 5.00       5.5266979185139195e-19
 5.01       6.134631558833034e-19
 5.02       6.793235818444321e-19
 5.03       7.505460791397165e-19
 5.04       8.274358068894653e-19
 5.05       9.103080938374086e-19
 5.06       9.994889176628687e-19
 5.07       1.095314477162679e-18
 5.08       1.1981316509696388e-18
 5.09       1.3082980183614005e-18
 5.10       1.4261819639308667e-18
 5.11       1.5521627805039323e-18
 5.12       1.6866307703399165e-18
 5.13       1.8299873446492897e-18
 5.14       1.982645121462755e-18
 5.15       2.145028021885129e-18
 5.16       2.317571364766387e-18
 5.17       2.5007219598225265e-18
 5.18       2.6949381992367376e-18
 5.19       2.900690147772562e-18
 5.20       3.1184596314284143e-18
 5.21       3.3487403246636033e-18
 5.22       3.592037836224308e-18
 5.23       3.848869793598072e-18
 5.24       4.11976592612456e-18
 5.25       4.405268146789677e-18
 5.26       4.70593063273e-18
 5.27       5.022319904472922e-18
 5.28       5.3550149039389855e-18
 5.29       5.7046070519058305e-18
 5.30       6.07170039939018e-18
 5.31       6.4569115904858915e-18
 5.32       6.860870008780211e-18
 5.33       7.284217831545896e-18
 5.34       7.727610100822081e-18
 5.35       8.191714793421175e-18
 5.36       8.67721288988454e-18
 5.37       9.184798442407303e-18
 5.38       9.715178641753497e-18
 5.39       1.0269073883182022e-17
 5.40       1.0847217831402984e-17
 5.41       1.1450357484584335e-17
 5.42       1.2079253237427325e-17
 5.43       1.2734678943330784e-17
 5.44       1.3417421975661204e-17
 5.45       1.412828328814705e-17
 5.46       1.4868077474415805e-17
 5.47       1.5637632826689578e-17
 5.48       1.6437791393657135e-17
 5.49       1.7269409037539165e-17
 5.50       1.8133355490361906e-17
 5.51       1.903051440945614e-17
 5.52       1.996178343219646e-17
 5.53       2.0928074229996698e-17
 5.54       2.1930312561575538e-17
 5.55       2.29694383255085e-17
 5.56       2.4046405612078558e-17
 5.57       2.5162182754441554e-17
 5.58       2.631775237911916e-17
 5.59       2.7514111455832116e-17
 5.60       2.875227134668975e-17
 5.61       3.003325785474507e-17
 5.62       3.135811124461517e-17
 5.63       3.272788639760664e-17
 5.64       3.4143652698812103e-17
 5.65       3.5606494188394204e-17
 5.66       3.711750958118493e-17
 5.67       3.8677812311705164e-17
 5.68       4.0288530578634044e-17
 5.69       4.195080738874134e-17
 5.70       4.366580060029262e-17
 5.71       4.543468296593898e-17
 5.72       4.725864217510025e-17
 5.73       4.913888089585144e-17
 5.74       5.1076616816326555e-17
 5.75       5.3073082685643486e-17
 5.76       5.5129526354363254e-17
 5.77       5.724721081449408e-17
 5.78       5.942741423904512e-17
 5.79       6.167143002114417e-17
 5.80       6.398056681272317e-17
 5.81       6.635614856278425e-17
 5.82       6.879951455525258e-17
 5.83       7.13120194464245e-17
 5.84       7.3895033302021e-17
 5.85       7.654994163385008e-17
 5.86       7.927814543609371e-17
 5.87       8.208106122121641e-17
 5.88       8.49601210555139e-17
 5.89       8.791677259430092e-17
 5.90       9.095247911675075e-17
 5.91       9.406871956038955e-17
 5.92       9.726698855525616e-17
 5.93       1.0054879645773127e-16
 5.94       1.039156693840438e-16
 5.95       1.0736914924346268e-16
 5.96       1.1091079377117683e-16
 5.97       1.1454217656087119e-16
 5.98       1.1826488709700755e-16
 5.99       1.2208053078681293e-16
 6.00       1.2599072899197812e-16
 6.01       1.2999711906008603e-16
 6.02       1.3410135435575022e-16
 6.03       1.383051042914979e-16
 6.04       1.4261005435837585e-16
 6.05       1.4701790615629807e-16
 6.06       1.51530377424135e-16
 6.07       1.5614920206953222e-16
 6.08       1.6087613019846152e-16
 6.09       1.6571292814447998e-16
 6.10       1.7066137849764036e-16
 6.11       1.757232802046433e-16
 6.12       1.8090044833999816e-16
 6.13       1.8619471448995958e-16
 6.14       1.9160792655998622e-16
 6.15       1.9714194885379983e-16
 6.16       2.027986620995855e-16
 6.17       2.0857996347247455e-16
 6.18       2.1448776660014283e-16
 6.19       2.2052400141519847e-16
 6.20       2.2669062140306167e-16
 6.21       2.329895729079156e-16
 6.22       2.3942285049668776e-16
 6.23       2.4599244664587183e-16
 6.24       2.527003743513492e-16
 6.25       2.5954866338563697e-16
 6.26       2.665393602368735e-16
 6.27       2.7367452812078846e-16
 6.28       2.8095624700275964e-16
 6.29       2.8838661362213127e-16
 6.30       2.959677415171189e-16
 6.31       3.0370176104984544e-16
 6.32       3.115908194313445e-16
 6.33       3.1963708074648466e-16
 6.34       3.2784272597877825e-16
 6.35       3.3620995303506813e-16
 6.36       3.4474097677009287e-16
 6.37       3.534380290109266e-16
 6.38       3.6230335858129335e-16
 6.39       3.713392313257609e-16
 6.40       3.80547930133815e-16
 6.41       3.8993175496381154e-16
 6.42       3.9949302286681604e-16
 6.43       4.092340680103356e-16
 6.44       4.191572417019275e-16
 6.45       4.2926491241270786e-16
 6.46       4.395594658007574e-16
 6.47       4.500433047344132e-16
 6.48       4.607188493154648e-16
 6.49       4.71588536902259e-16
 6.50       4.826548221326886e-16
 6.51       4.939201769471073e-16
 6.52       5.053870906111358e-16
 6.53       5.170580697383938e-16
 6.54       5.289356383131205e-16
 6.55       5.410223377127359e-16
 6.56       5.533207267303003e-16
 6.57       5.658333815968875e-16
 6.58       5.785628960039009e-16
 6.59       5.915118811252853e-16
 6.60       6.046829656396754e-16
 6.61       6.180787957524697e-16
 6.62       6.317020352178258e-16
 6.63       6.455553653605857e-16
 6.64       6.596414850981399e-16
 6.65       6.7396311096221e-16
 6.66       6.885229771205754e-16
 6.67       7.033238353987279e-16
 6.68       7.183684553014734e-16
 6.69       7.336596240344645e-16
 6.70       7.49200146525665e-16
 6.71       7.649928454467789e-16
 6.72       7.810405612346031e-16
 6.73       7.973461521123298e-16
 6.74       8.13912494110795e-16
 6.75       8.307424810896762e-16
 6.76       8.478390247586373e-16
 6.77       8.652050546984242e-16
 6.78       8.82843518381906e-16
 6.79       9.007573811950793e-16
 6.80       9.189496264580145e-16
 6.81       9.374232554457681e-16
 6.82       9.561812874092481e-16
 6.83       9.75226759596025e-16
 6.84       9.945627272711197e-16
 6.85       1.0141922637377362e-15
 6.86       1.0341184602144373e-15
 6.87       1.0543444264246444e-15
 6.88       1.0748732897716846e-15
 6.89       1.0957081959181187e-15
 6.90       1.1168523086678366e-15
 6.91       1.1383088099865497e-15
 6.92       1.1600809000223034e-15
 6.93       1.182171797125914e-15
 6.94       1.2045847378714027e-15
 6.95       1.2273229770763849e-15
 6.96       1.2503897878224392e-15
 6.97       1.2737884614754383e-15
 6.98       1.2975223077058657e-15
 6.99       1.321594654509088e-15
 7.00       1.3460088482256232e-15
 7.01       1.37076825356137e-15
 7.02       1.395876253607807e-15
 7.03       1.4213362498621941e-15
 7.04       1.447151662247715e-15
 7.05       1.473325929133644e-15
 7.06       1.4998625073554365e-15
 7.07       1.5267648722348568e-15
 7.08       1.5540365176000316e-15
 7.09       1.5816809558055423e-15
 7.10       1.609701717752437e-15
 7.11       1.6381023529082857e-15
 7.12       1.6668864293271685e-15
 7.13       1.6960575336696723e-15
 7.14       1.7256192712228876e-15
 7.15       1.7555752651549756e-15
 7.16       1.785929159565639e-15
 7.17       1.8166846150053593e-15
 7.18       1.8478453114666256e-15
 7.19       1.8794149485660376e-15
 7.20       1.911397242009356e-15
 7.21       1.9437959288899044e-15
 7.22       1.976614764224261e-15
 7.23       2.0098575218346916e-15
 7.24       2.0435279943690354e-15
 7.25       2.0776299933205216e-15
 7.26       2.1121673490476333e-15
 7.27       2.1471439107939216e-15
 7.28       2.182563546707845e-15
 7.29       2.218430143862561e-15
 7.30       2.2547476082757645e-15
 7.31       2.291519864929465e-15
 7.32       2.3287508577898094e-15
 7.33       2.36644454982684e-15
 7.34       2.404604923034319e-15
 7.35       2.4432359784494858e-15
 7.36       2.4823417361728284e-15
 7.37       2.5219262353878922e-15
 7.38       2.561993534381011e-15
 7.39       2.602547710561102e-15
 7.40       2.6435928604794187e-15
 7.41       2.6851330998493214e-15
 7.42       2.7271725635660197e-15
 7.43       2.7697154057263808e-15
 7.44       2.812765799648605e-15
 7.45       2.8563279378920706e-15
 7.46       2.900406032277029e-15
 7.47       2.945004313904402e-15
 7.48       2.990127033175508e-15
 7.49       3.0357784598118343e-15
 7.50       3.0819628828748043e-15
 7.51       3.1286846107855167e-15
 7.52       3.1759479713445064e-15
 7.53       3.223757311751535e-15
 7.54       3.2721169986253276e-15
 7.55       3.3210314180233512e-15
 7.56       3.3705049754615587e-15
 7.57       3.4205420959342075e-15
 7.58       3.4711472239335994e-15
 7.59       3.5223248234698654e-15
 7.60       3.57407937809073e-15
 7.61       3.626415390901344e-15
 7.62       3.679337384584021e-15
 7.63       3.7328499014180594e-15
 7.64       3.786957503299559e-15
 7.65       3.841664771761155e-15
 7.66       3.896976307991888e-15
 7.67       3.9528967328570095e-15
 7.68       4.009430686917769e-15
 7.69       4.066582830451263e-15
 7.70       4.124357843470274e-15
 7.71       4.182760425743058e-15
 7.72       4.241795296813238e-15
 7.73       4.301467196019651e-15
 7.74       4.361780882516157e-15
 7.75       4.422741135291544e-15
 7.76       4.484352753189376e-15
 7.77       4.546620554927915e-15
 7.78       4.6095493791199415e-15
 7.79       4.673144084292693e-15
 7.80       4.737409548907746e-15
 7.81       4.802350671380967e-15
 7.82       4.867972370102361e-15
 7.83       4.934279583456094e-15
 7.84       5.001277269840366e-15
 7.85       5.0689704076873934e-15
 7.86       5.13736399548338e-15
 7.87       5.2064630517884866e-15
 7.88       5.276272615256795e-15
 7.89       5.346797744656395e-15
 7.90       5.418043518889361e-15
 7.91       5.490015037011722e-15
 7.92       5.562717418253665e-15
 7.93       5.636155802039547e-15
 7.94       5.7103353480079515e-15
 7.95       5.785261236031959e-15
 7.96       5.860938666239191e-15
 7.97       5.9373728590321244e-15
 7.98       6.0145690551082944e-15
 7.99       6.092532515480666e-15
 8.00       6.171268521497978e-15
 8.01       6.250782374865269e-15
 8.02       6.331079397664469e-15
 8.03       6.412164932375136e-15
 8.04       6.494044341895389e-15
 8.05       6.576723009563067e-15
 8.06       6.660206339177292e-15
 8.07       6.744499755020389e-15
 8.08       6.829608701880413e-15
 8.09       6.915538645074569e-15
 8.10       7.0022950704739006e-15
 8.11       7.08988348452975e-15
 8.12       7.178309414302631e-15
 8.13       7.267578407495601e-15
 8.14       7.357696032493565e-15
 8.15       7.448667878413131e-15
 8.16       7.540499555169931e-15
 8.17       7.633196693576667e-15
 8.18       7.726764945497894e-15
 8.19       7.821209984116488e-15
 8.20       7.916537504440775e-15
 8.21       8.012753224368581e-15
 8.22       8.109862887248137e-15
 8.23       8.207871812162795e-15
 8.24       8.306786528396709e-15
 8.25       8.406612489801082e-15
 8.26       8.507355513023519e-15
 8.27       8.60902144209123e-15
 8.28       8.711616129910033e-15
 8.29       8.815145456526902e-15
 8.30       8.919615323681856e-15
 8.31       9.025031653055768e-15
 8.32       9.131400387310469e-15
 8.33       9.238727229210393e-15
 8.34       9.347018714388163e-15
 8.35       9.456280551842343e-15
 8.36       9.56651877040692e-15
 8.37       9.677739419241833e-15
 8.38       9.78994856817396e-15
 8.39       9.903152307888572e-15
 8.40       1.0017356750045504e-14
 8.41       1.0132568027357502e-14
 8.42       1.0248792293646041e-14
 8.43       1.0366035723884566e-14
 8.44       1.0484304514234302e-14
 8.45       1.0603604882075207e-14
 8.46       1.0723943066033394e-14
 8.47       1.0845325326007021e-14
 8.48       1.0967757943190563e-14
 8.49       1.1091247220098023e-14
 8.50       1.1215799480585681e-14
 8.51       1.1341421069874161e-14
 8.52       1.1468118354570245e-14
 8.53       1.1595897722688469e-14
 8.54       1.1724765583672479e-14
 8.55       1.1854728368416196e-14
 8.56       1.1985792529284973e-14
 8.57       1.2117964540136673e-14
 8.58       1.2251250896342548e-14
 8.59       1.2385658114808319e-14
 8.60       1.2521192733994954e-14
 8.61       1.2657861313939628e-14
 8.62       1.2795670436276548e-14
 8.63       1.2934626704257896e-14
 8.64       1.3074736742774506e-14
 8.65       1.3216007198376918e-14
 8.66       1.3358444739296044e-14
 8.67       1.350205605546415e-14
 8.68       1.3646847858535582e-14
 8.69       1.3792826881907743e-14
 8.70       1.3939999880741821e-14
 8.71       1.4088373631983771e-14
 8.72       1.423795493438512e-14
 8.73       1.4388750608523806e-14
 8.74       1.45407674968252e-14
 8.75       1.469401246358283e-14
 8.76       1.4848492394979422e-14
 8.77       1.5004214199107733e-14
 8.78       1.5161184805991496e-14
 8.79       1.531941116760639e-14
 8.80       1.5478900257900863e-14
 8.81       1.563965907281723e-14
 8.82       1.5801694630312552e-14
 8.83       1.5965013970379603e-14
 8.84       1.6129624155067882e-14
 8.85       1.629553226850456e-14
 8.86       1.646274541691558e-14
 8.87       1.6631270728646533e-14
 8.88       1.6801115354183804e-14
 8.89       1.697228646617547e-14
 8.90       1.7144791259452517e-14
 8.91       1.7318636951049712e-14
 8.92       1.7493830780226837e-14
 8.93       1.767038000848962e-14
 8.94       1.784829191961091e-14
 8.95       1.802757381965176e-14
 8.96       1.820823303698246e-14
 8.97       1.8390276922303797e-14
 8.98       1.8573712848668036e-14
 8.99       1.8758548211500125e-14
 9.00       1.8944790428618865e-14
 9.01       1.9132446940258028e-14
 9.02       1.9321525209087564e-14
 9.03       1.9512032720234737e-14
 9.04       1.9703976981305316e-14
 9.05       1.9897365522404858e-14
 9.06       2.0092205896159793e-14
 9.07       2.0288505677738723e-14
 9.08       2.048627246487374e-14
 9.09       2.0685513877881427e-14
 9.10       2.0886237559684312e-14
 9.11       2.1088451175832138e-14
 9.12       2.1292162414522938e-14
 9.13       2.149737898662457e-14
 9.14       2.1704108625695857e-14
 9.15       2.191235908800787e-14
 9.16       2.2122138152565413e-14
 9.17       2.23334536211281e-14
 9.18       2.2546313318231926e-14
 9.19       2.276072509121046e-14
 9.20       2.297669681021624e-14
 9.21       2.3194236453898373e-14
 9.22       2.341335176755504e-14
 9.23       2.3634050774855717e-14
 9.24       2.3856341437443928e-14
 9.25       2.40802317398891e-14
 9.26       2.4305729689708197e-14
 9.27       2.4532843317386993e-14
 9.28       2.4761580676401494e-14
 9.29       2.4991949843239516e-14
 9.30       2.522395891742207e-14
 9.31       2.5457616021525007e-14
 9.32       2.5692929301200115e-14
 9.33       2.5929906925197105e-14
 9.34       2.6168557085384693e-14
 9.35       2.6408887996772413e-14
 9.36       2.6650907897532155e-14
 9.37       2.689462504901944e-14
 9.38       2.7140047735795263e-14
 9.39       2.7387184265647805e-14
 9.40       2.763604296961323e-14
 9.41       2.788663220199845e-14
 9.42       2.8138960340401816e-14
 9.43       2.8393035785735355e-14
 9.44       2.8648866962245974e-14
 9.45       2.890646231753749e-14
 9.46       2.91658303225924e-14
 9.47       2.942697947179311e-14
 9.48       2.9689918282944275e-14
 9.49       2.995465529729441e-14
 9.50       3.022119907955767e-14
 9.51       3.048955821793567e-14
 9.52       3.0759741324139856e-14
 9.53       3.1031757033413044e-14
 9.54       3.130561400455211e-14
 9.55       3.1581320919929146e-14
 9.56       3.1858886485515836e-14
 9.57       3.2138319430903666e-14
 9.58       3.24196285093284e-14
 9.59       3.2702822497692237e-14
 9.60       3.2987910196587695e-14
 9.61       3.327490043032182e-14
 9.62       3.356380204693989e-14
 9.63       3.385462391825229e-14
 9.64       3.414737493986002e-14
 9.65       3.44420640311853e-14
 9.66       3.473870013550067e-14
 9.67       3.503729221996834e-14
 9.68       3.533784927567725e-14
 9.69       3.564038031769821e-14
 9.70       3.594489438514919e-14
 9.71       3.6251400541285175e-14
 9.72       3.655990787364029e-14
 9.73       3.687042549423736e-14
 9.74       3.718296253996829e-14
 9.75       3.749752817328119e-14
 9.76       3.781413158360611e-14
 9.77       3.8132781990645354e-14
 9.78       3.8453488653143053e-14
 9.79       3.877625986018545e-14
 9.80       3.9101106528579135e-14
 9.81       3.942803722547863e-14
 9.82       3.975706128123187e-14
 9.83       4.008818804716004e-14
 9.84       4.042142689523157e-14
 9.85       4.075678640105468e-14
 9.86       4.1094277815974015e-14
 9.87       4.143390952200655e-14
 9.88       4.177569102152111e-14
 9.89       4.21196318251769e-14
 9.90       4.246574146141177e-14
 9.91       4.2814029479926973e-14
 9.92       4.3164505453191e-14
 9.93       4.3517178977163017e-14
 9.94       4.3872059671679576e-14
 9.95       4.4229157180682915e-14
 9.96       4.458848117235917e-14
 9.97       4.49500413392342e-14
 9.98       4.531384739824006e-14
 9.99       4.567990909076905e-14
