2	5	11
 0.01       0         
 0.02       0         
 0.03       0         
 0.04       0         
 0.05       0         
 0.06       0         
 0.07       0         
 0.08       0         
 0.09       0         
 0.10       0         
 0.11       0         
 0.12       0         
 0.13       0         
 0.14       0         
 0.15       0         
 0.16       0         
 0.17       0         
 0.18       0         
 0.19       0         
 0.20       0         
 0.21       0         
 0.22       0         
 0.23       0         
 0.24       0         
 0.25       0         
 0.26       0         
 0.27       0         
 0.28       0         
 0.29       0         
 0.30       0         
 0.31       0         
 0.32       0         
 0.33       0         
 0.34       0         
 0.35       0         
 0.36       0         
 0.37       0         
 0.38       0         
 0.39       0         
 0.40       0         
 0.41       0         
 0.42       0         
 0.43       0         
 0.44       0         
 0.45       0         
 0.46       0         
 0.47       0         
 0.48       0         
 0.49       0         
 0.50       0         
 0.51       0         
 0.52       0         
 0.53       0         
 0.54       0         
 0.55       0         
 0.56       0         
 0.57       0         
 0.58       0         
 0.59       0         
 0.60       0         
 0.61       0         
 0.62       0         
 0.63       0         
 0.64       0         
 0.65       0         
 0.66       0         
 0.67       0         
 0.68       0         
 0.69       0         
 0.70       0         
 0.71       0         
 0.72       0         
 0.73       0         
 0.74       0         
 0.75       0         
 0.76       0         
 0.77       0         
 0.78       0         
 0.79       0         
 0.80       0         
 0.81       0         
 0.82       0         
 0.83       0         
 0.84       0         
 0.85       0         
 0.86       0         
 0.87       0         
 0.88       0         
 0.89       0         
 0.90       0         
 0.91       0         
 0.92       0         
 0.93       0         
 0.94       0         
 0.95       0         
 0.96       0         
 0.97       0         
 0.98       0         
 0.99       0         
 1.00       0         
 1.01       0         
 1.02       0         
 1.03       0         
 1.04       0         
 1.05       0         
 1.06       0         
 1.07       0         
 1.08       0         
 1.09       0         
 1.10       0         
 1.11       0         
 1.12       0         
 1.13       0         
 1.14       0         
 1.15       0         
 1.16       0         
 1.17       0         
 1.18       0         
 1.19       0         
 1.20       0         
 1.21       0         
 1.22       0         
 1.23       0         
 1.24       0         
 1.25       0         
 1.26       0         
 1.27       0         
 1.28       0         
 1.29       0         
 1.30       0         
 1.31       0         
 1.32       0         
 1.33       0         
 1.34       0         
 1.35       0         
 1.36       0         
 1.37       0         
 1.38       0         
 1.39       0         
 1.40       0         
 1.41       0         
 1.42       0         
 1.43       0         
 1.44       0         
 1.45       0         
 1.46       0         
 1.47       0         
 1.48       0         
 1.49       0         
 1.50       0         
 1.51       0         
 1.52       0         
 1.53       0         
 1.54       0         
 1.55       0         
 1.56       0         
 1.57       0         
 1.58       0         
 1.59       0         
 1.60       0         
 1.61       0         
 1.62       0         
 1.63       0         
 1.64       0         
 1.65       0         
 1.66       0         
 1.67       0         
 1.68       0         
 1.69       0         
 1.70       0         
 1.71       0         
 1.72       0         
 1.73       0         
 1.74       0         
 1.75       0         
 1.76       0         
 1.77       0         
 1.78       0         
 1.79       0         
 1.80       0         
 1.81       0         
 1.82       0         
 1.83       0         
 1.84       0         
 1.85       0         
 1.86       0         
 1.87       0         
 1.88       0         
 1.89       0         
 1.90       0         
 1.91       0         
 1.92       0         
 1.93       0         
 1.94       0         
 1.95       0         
 1.96       0         
 1.97       0         
 1.98       0         
 1.99       0         
 2.00       0         
 2.01       0         
 2.02       0         
 2.03       0         
 2.04       0         
 2.05       0         
 2.06       0         
 2.07       0         
 2.08       0         
 2.09       0         
 2.10       0         
 2.11       0         
 2.12       0         
 2.13       0         
 2.14       0         
 2.15       0         
 2.16       0         
 2.17       0         
 2.18       0         
 2.19       0         
 2.20       0         
 2.21       0         
 2.22       0         
 2.23       0         
 2.24       0         
 2.25       0         
 2.26       0         
 2.27       0         
 2.28       0         
 2.29       0         
 2.30       0         
 2.31       0         
 2.32       0         
 2.33       0         
 2.34       0         
 2.35       0         
 2.36       0         
 2.37       0         
 2.38       0         
 2.39       0         
 2.40       0         
 2.41       0         
 2.42       0         
 2.43       0         
 2.44       0         
 2.45       0         
 2.46       0         
 2.47       0         
 2.48       0         
 2.49       0         
 2.50       0         
 2.51       0         
 2.52       0         
 2.53       0         
 2.54       0         
 2.55       0         
 2.56       0         
 2.57       0         
 2.58       0         
 2.59       0         
 2.60       0         
 2.61       0         
 2.62       0         
 2.63       0         
 2.64       0         
 2.65       0         
 2.66       0         
 2.67       0         
 2.68       0         
 2.69       0         
 2.70       0         
 2.71       0         
 2.72       0         
 2.73       0         
 2.74       0         
 2.75       0         
 2.76       0         
 2.77       0         
 2.78       0         
 2.79       0         
 2.80       0         
 2.81       0         
 2.82       0         
 2.83       0         
 2.84       0         
 2.85       0         
 2.86       0         
 2.87       0         
 2.88       0         
 2.89       0         
 2.90       0         
 2.91       0         
 2.92       0         
 2.93       0         
 2.94       0         
 2.95       0         
 2.96       0         
 2.97       0         
 2.98       0         
 2.99       0         
 3.00       0         
 3.01       0         
 3.02       0         
 3.03       0         
 3.04       0         
 3.05       0         
 3.06       0         
 3.07       0         
 3.08       0         
 3.09       0         
 3.10       0         
 3.11       0         
 3.12       0         
 3.13       0         
 3.14       0         
 3.15       0         
 3.16       0         
 3.17       0         
 3.18       0         
 3.19       0         
 3.20       0         
 3.21       0         
 3.22       0         
 3.23       0         
 3.24       0         
 3.25       0         
 3.26       0         
 3.27       0         
 3.28       0         
 3.29       0         
 3.30       0         
 3.31       0         
 3.32       0         
 3.33       0         
 3.34       0         
 3.35       0         
 3.36       0         
 3.37       0         
 3.38       0         
 3.39       0         
 3.40       0         
 3.41       0         
 3.42       0         
 3.43       0         
 3.44       0         
 3.45       0         
 3.46       0         
 3.47       0         
 3.48       0         
 3.49       0         
 3.50       0         
 3.51       0         
 3.52       0         
 3.53       0         
 3.54       0         
 3.55       0         
 3.56       0         
 3.57       0         
 3.58       0         
 3.59       0         
 3.60       0         
 3.61       0         
 3.62       0         
 3.63       0         
 3.64       0         
 3.65       0         
 3.66       0         
 3.67       0         
 3.68       0         
 3.69       0         
 3.70       0         
 3.71       0         
 3.72       0         
 3.73       0         
 3.74       0         
 3.75       0         
 3.76       0         
 3.77       0         
 3.78       0         
 3.79       0         
 3.80       0         
 3.81       0         
 3.82       0         
 3.83       0         
 3.84       0         
 3.85       0         
 3.86       0         
 3.87       0         
 3.88       0         
 3.89       0         
 3.90       0         
 3.91       0         
 3.92       0         
 3.93       0         
 3.94       0         
 3.95       0         
 3.96       0         
 3.97       0         
 3.98       0         
 3.99       0         
 4.00       0         
 4.01       0         
 4.02       0         
 4.03       0         
 4.04       0         
 4.05       0         
 4.06       0         
 4.07       0         
 4.08       0         
 4.09       0         
 4.10       0         
 4.11       0         
 4.12       0         
 4.13       0         
 4.14       0         
 4.15       0         
 4.16       0         
 4.17       0         
 4.18       0         
 4.19       0         
 4.20       0         
 4.21       0         
 4.22       0         
 4.23       0         
 4.24       0         
 4.25       0         
 4.26       0         
 4.27       0         
 4.28       0         
 4.29       0         
 4.30       0         
 4.31       0         
 4.32       0         
 4.33       0         
 4.34       0         
 4.35       0         
 4.36       0         
 4.37       0         
 4.38       0         
 4.39       0         
 4.40       0         
 4.41       0         
 4.42       0         
 4.43       0         
 4.44       0         
 4.45       0         
 4.46       0         
 4.47       0         
 4.48       0         
 4.49       0         
 4.50       0         
 4.51       2.009027445881329e-27
 4.52       7.66255849681518e-26
 4.53       5.997038334552527e-25
 4.54       2.548741345833949e-24
 4.55       7.795262370555348e-24
 4.56       1.9391471826226322e-23
 4.57       4.185128531568714e-23
 4.58       8.142585606870068e-23
 4.59       1.4637371861964864e-22
 4.60       2.472256665342892e-22
 4.61       3.9704447874062097e-22
 4.62       6.11679606323849e-22
 4.63       9.100169290506995e-22
 4.64       1.3142236883691226e-21
 4.65       1.8499887011816077e-21
 4.66       2.546728502273991e-21
 4.67       3.4379259042431365e-21
 4.68       4.561208241626204e-21
 4.69       5.9586614162263676e-21
 4.70       7.676995106107903e-21
 4.71       9.76787419044614e-21
 4.72       1.2287963560074213e-20
 4.73       1.5299237630177707e-20
 4.74       1.8869157935412083e-20
 4.75       2.3070871386720866e-20
 4.76       2.798336422287517e-20
 4.77       3.3691806986306236e-20
 4.78       4.028752187986987e-20
 4.79       4.786830657330938e-20
 4.80       5.653858118161366e-20
 4.81       6.640956536908013e-20
 4.82       7.759945218499999e-20
 4.83       9.02335324564029e-20
 4.84       1.0444453998879123e-19
 4.85       1.2037255950050816e-19
 4.86       1.3816535288109746e-19
 4.87       1.579784779193028e-19
 4.88       1.7997544392692429e-19
 4.89       2.0432786454695002e-19
 4.90       2.312156078050142e-19
 4.91       2.608269434619696e-19
 4.92       2.9335863461507485e-19
 4.93       3.2901628580746923e-19
 4.94       3.6801418270944946e-19
 4.95       4.105756234818316e-19
 4.96       4.569330062329957e-19
 4.97       5.073279613220502e-19
 4.98       5.620114813335497e-19
 4.99       6.212440487720947e-19
 5.00       6.852957615242358e-19
 5.01       7.544464561339325e-19
 5.02       8.2898582893692535e-19
 5.03       9.092135550983332e-19
 5.04       9.954393071681297e-19
 5.05       1.0879832546318663e-18
 5.06       1.1871756130999426e-18
 5.07       1.2933571229611521e-18
 5.08       1.4068790686551195e-18
 5.09       1.5281033860082328e-18
 5.10       1.657402767757553e-18
 5.11       1.795160767299873e-18
 5.12       1.941771900702562e-18
 5.13       2.097641747011722e-18
 5.14       2.263187046892559e-18
 5.15       2.4388357996365198e-18
 5.16       2.6250273585679455e-18
 5.17       2.822212524883839e-18
 5.18       3.030853639958004e-18
 5.19       3.2514246761416002e-18
 5.20       3.4844113260903305e-18
 5.21       3.730311090648531e-18
 5.22       3.989633365319794e-18
 5.23       4.262899525352365e-18
 5.24       4.5506430094681675e-18
 5.25       4.853409402262798e-18
 5.26       5.1717565153031005e-18
 5.27       5.506254466949831e-18
 5.28       5.857485760930051e-18
 5.29       6.22604536368578e-18
 5.30       6.6125407805228956e-18
 5.31       7.017592130585188e-18
 5.32       7.441832220676761e-18
 5.33       7.885906617957075e-18
 5.34       8.350473721530428e-18
 5.35       8.836204832952713e-18
 5.36       9.343784225677734e-18
 5.37       9.873909213463744e-18
 5.38       1.0427290217761822e-17
 5.39       1.1004650834106134e-17
 5.40       1.1606727897527422e-17
 5.41       1.2234271547007237e-17
 5.42       1.2888045288994848e-17
 5.43       1.3568826060003572e-17
 5.44       1.4277404288307145e-17
 5.45       1.5014583954751535e-17
 5.46       1.5781182652703106e-17
 5.47       1.6578031647148272e-17
 5.48       1.7405975932962678e-17
 5.49       1.826587429236656e-17
 5.50       1.9158599351582685e-17
 5.51       2.0085037636712285e-17
 5.52       2.104608962884588e-17
 5.53       2.2042669818423288e-17
 5.54       2.3075706758858625e-17
 5.55       2.4146143119444964e-17
 5.56       2.5254935737552254e-17
 5.57       2.64030556701346e-17
 5.58       2.759148824455875e-17
 5.59       2.882123310876831e-17
 5.60       3.0093304280798424e-17
 5.61       3.1408730197650476e-17
 5.62       3.2768553763543197e-17
 5.63       3.41738323975515e-17
 5.64       3.5625638080644196e-17
 5.65       3.7125057402134454e-17
 5.66       3.867319160555347e-17
 5.67       4.0271156633960013e-17
 5.68       4.1920083174695854e-17
 5.69       4.3621116703600675e-17
 5.70       4.5375417528693407e-17
 5.71       4.7184160833334147e-17
 5.72       4.904853671887672e-17
 5.73       5.096975024682007e-17
 5.74       5.2949021480470705e-17
 5.75       5.498758552612421e-17
 5.76       5.708669257377775e-17
 5.77       5.92476079373812e-17
 5.78       6.147161209463608e-17
 5.79       6.376000072635372e-17
 5.80       6.611408475537828e-17
 5.81       6.853519038508543e-17
 5.82       7.102465913746586e-17
 5.83       7.358384789079969e-17
 5.84       7.62141289169327e-17
 5.85       7.89168899181584e-17
 5.86       8.169353406372141e-17
 5.87       8.454548002593892e-17
 5.88       8.747416201595999e-17
 5.89       9.048102981915842e-17
 5.90       9.356754883017888e-17
 5.91       9.673520008762815e-17
 5.92       9.998548030843594e-17
 5.93       1.0331990192187821e-16
 5.94       1.0673999310327456e-16
 5.95       1.1024729780737075e-16
 5.96       1.1384337580140456e-16
 5.97       1.1752980269786754e-16
 5.98       1.2130816998696605e-16
 5.99       1.2518008506879144e-16
 6.00       1.2914717128519612e-16
 6.01       1.3321106795139605e-16
 6.02       1.3737343038728959e-16
 6.03       1.416359299485116e-16
 6.04       1.4600025405721817e-16
 6.05       1.5046810623261578e-16
 6.06       1.550412061212339e-16
 6.07       1.5972128952695004e-16
 6.08       1.6451010844076844e-16
 6.09       1.6940943107036474e-16
 6.10       1.744210418693922e-16
 6.11       1.795467415665618e-16
 6.12       1.8478834719449684e-16
 6.13       1.9014769211836927e-16
 6.14       1.956266260643183e-16
 6.15       2.012270151476624e-16
 6.16       2.0695074190090018e-16
 6.17       2.1279970530151743e-16
 6.18       2.1877582079958516e-16
 6.19       2.2488102034517524e-16
 6.20       2.311172524155795e-16
 6.21       2.374864820423443e-16
 6.22       2.439906908381295e-16
 6.23       2.506318770233804e-16
 6.24       2.574120554528333e-16
 6.25       2.643332576418463e-16
 6.26       2.7139753179256353e-16
 6.27       2.786069428199256e-16
 6.28       2.8596357237749894e-16
 6.29       2.934695188831751e-16
 6.30       3.0112689754469724e-16
 6.31       3.0893784038504734e-16
 6.32       3.1690449626768154e-16
 6.33       3.2502903092162595e-16
 6.34       3.3331362696643053e-16
 6.35       3.4176048393698574e-16
 6.36       3.503718183082061e-16
 6.37       3.5914986351957847e-16
 6.38       3.680968699995921e-16
 6.39       3.7721510519002603e-16
 6.40       3.865068535701335e-16
 6.41       3.9597441668069197e-16
 6.42       4.0562011314793594e-16
 6.43       4.1544627870738737e-16
 6.44       4.254552662275618e-16
 6.45       4.35649445733561e-16
 6.46       4.460312044305803e-16
 6.47       4.566029467272819e-16
 6.48       4.673670942590847e-16
 6.49       4.78326085911353e-16
 6.50       4.894823778424726e-16
 6.51       5.008384435068521e-16
 6.52       5.123967736778112e-16
 6.53       5.241598764703952e-16
 6.54       5.361302773640744e-16
 6.55       5.483105192253912e-16
 6.56       5.607031623304933e-16
 6.57       5.733107843875893e-16
 6.58       5.86135980559337e-16
 6.59       5.991813634851375e-16
 6.60       6.124495633033522e-16
 6.61       6.259432276734524e-16
 6.62       6.396650217980902e-16
 6.63       6.53617628445094e-16
 6.64       6.678037479694022e-16
 6.65       6.822260983349159e-16
 6.66       6.96887415136298e-16
 6.67       7.117904516206914e-16
 6.68       7.269379787093917e-16
 6.69       7.42332785019441e-16
 6.70       7.579776768851664e-16
 6.71       7.738754783796618e-16
 6.72       7.900290313362148e-16
 6.73       8.064411953696669e-16
 6.74       8.231148478977222e-16
 6.75       8.400528841622132e-16
 6.76       8.572582172502969e-16
 6.77       8.74733778115617e-16
 6.78       8.924825155994022e-16
 6.79       9.10507396451525e-16
 6.80       9.288114053515075e-16
 6.81       9.473975449294952e-16
 6.82       9.662688357871698e-16
 6.83       9.854283165186147e-16
 6.84       1.004879043731167e-15
 6.85       1.0246240920661964e-15
 6.86       1.0446665542198703e-15
 6.87       1.0650095409638514e-15
 6.88       1.0856561811659921e-15
 6.89       1.1066096218109502e-15
 6.90       1.1278730280208266e-15
 6.91       1.1494495830756981e-15
 6.92       1.17134248843418e-15
 6.93       1.1935549637539186e-15
 6.94       1.2160902469120637e-15
 6.95       1.2389515940257081e-15
 6.96       1.2621422794723043e-15
 6.97       1.2856655959100361e-15
 6.98       1.309524854298189e-15
 6.99       1.3337233839174615e-15
 7.00       1.3582645323902739e-15
 7.01       1.3831516657010462e-15
 7.02       1.4083881682164446e-15
 7.03       1.433977442705609e-15
 7.04       1.459922910360357e-15
 7.05       1.4862280108153791e-15
 7.06       1.5128962021683675e-15
 7.07       1.5399309610001936e-15
 7.08       1.567335782395004e-15
 7.09       1.595114179960331e-15
 7.10       1.6232696858471663e-15
 7.11       1.6518058507700415e-15
 7.12       1.680726244027061e-15
 7.13       1.7100344535199258e-15
 7.14       1.7397340857739745e-15
 7.15       1.7698287659581602e-15
 7.16       1.8003221379050497e-15
 7.17       1.831217864130771e-15
 7.18       1.8625196258550106e-15
 7.19       1.894231123020913e-15
 7.20       1.926356074315053e-15
 7.21       1.9588982171873293e-15
 7.22       1.9918613078708784e-15
 7.23       2.025249121401993e-15
 7.24       2.0590654516399824e-15
 7.25       2.0933141112870717e-15
 7.26       2.1279989319082716e-15
 7.27       2.163123763951217e-15
 7.28       2.1986924767660637e-15
 7.29       2.2347089586252815e-15
 7.30       2.2711771167435416e-15
 7.31       2.308100877297521e-15
 7.32       2.3454841854457277e-15
 7.33       2.3833310053483387e-15
 7.34       2.4216453201870005e-15
 7.35       2.4604311321846432e-15
 7.36       2.4996924626252823e-15
 7.37       2.5394333518738217e-15
 7.38       2.5796578593958653e-15
 7.39       2.620370063777486e-15
 7.40       2.6615740627450305e-15
 7.41       2.703273973184915e-15
 7.42       2.7454739311633885e-15
 7.43       2.7881780919463485e-15
 7.44       2.8313906300191014e-15
 7.45       2.875115739106146e-15
 7.46       2.9193576321909513e-15
 7.47       2.9641205415357718e-15
 7.48       3.00940871870137e-15
 7.49       3.0552264345668487e-15
 7.50       3.101577979349386e-15
 7.51       3.1484676626240635e-15
 7.52       3.195899813343612e-15
 7.53       3.2438787798582093e-15
 7.54       3.2924089299352696e-15
 7.55       3.34149465077923e-15
 7.56       3.3911403490513092e-15
 7.57       3.441350450889351e-15
 7.58       3.4921294019275827e-15
 7.59       3.5434816673164157e-15
 7.60       3.595411731742253e-15
 7.61       3.647924099447301e-15
 7.62       3.701023294249345e-15
 7.63       3.75471385956159e-15
 7.64       3.809000358412488e-15
 7.65       3.863887373465491e-15
 7.66       3.919379507038948e-15
 7.67       3.975481381125893e-15
 7.68       4.032197637413899e-15
 7.69       4.0895329373048814e-15
 7.70       4.1474919619349885e-15
 7.71       4.2060794121944265e-15
 7.72       4.265300008747281e-15
 7.73       4.325158492051438e-15
 7.74       4.385659622378433e-15
 7.75       4.4468081798332755e-15
 7.76       4.508608964374395e-15
 7.77       4.57106679583347e-15
 7.78       4.634186513935377e-15
 7.79       4.697972978318023e-15
 7.80       4.762431068552297e-15
 7.81       4.827565684161987e-15
 7.82       4.8933817446436474e-15
 7.83       4.959884189486596e-15
 7.84       5.027077978192791e-15
 7.85       5.094968090296812e-15
 7.86       5.16355952538577e-15
 7.87       5.232857303119323e-15
 7.88       5.302866463249594e-15
 7.89       5.373592065641161e-15
 7.90       5.445039190291031e-15
 7.91       5.517212937348626e-15
 7.92       5.590118427135849e-15
 7.93       5.663760800166974e-15
 7.94       5.738145217168764e-15
 7.95       5.813276859100448e-15
 7.96       5.889160927173758e-15
 7.97       5.965802642873001e-15
 7.98       6.043207247975074e-15
 7.99       6.121380004569547e-15
 8.00       6.200326195078713e-15
 8.01       6.280051122277726e-15
 8.02       6.360560109314613e-15
 8.03       6.44185849973041e-15
 8.04       6.523951657479304e-15
 8.05       6.606844966948662e-15
 8.06       6.69054383297926e-15
 8.07       6.775053680885368e-15
 8.08       6.8603799564748935e-15
 8.09       6.946528126069554e-15
 8.10       7.033503676525054e-15
 8.11       7.121312115251235e-15
 8.12       7.209958970232294e-15
 8.13       7.29944979004696e-15
 8.14       7.389790143888719e-15
 8.15       7.480985621585998e-15
 8.16       7.573041833622453e-15
 8.17       7.665964411157165e-15
 8.18       7.75975900604489e-15
 8.19       7.854431290856364e-15
 8.20       7.949986958898461e-15
 8.21       8.046431724234665e-15
 8.22       8.143771321705183e-15
 8.23       8.242011506947317e-15
 8.24       8.341158056415775e-15
 8.25       8.441216767403053e-15
 8.26       8.54219345805965e-15
 8.27       8.64409396741451e-15
 8.28       8.746924155395345e-15
 8.29       8.850689902849006e-15
 8.30       8.955397111561852e-15
 8.31       9.061051704280157e-15
 8.32       9.167659624730525e-15
 8.33       9.275226837640221e-15
 8.34       9.38375932875772e-15
 8.35       9.49326310487302e-15
 8.36       9.603744193838155e-15
 8.37       9.715208644587661e-15
 8.38       9.827662527159001e-15
 8.39       9.941111932713031e-15
 8.40       1.0055562973554554e-14
 8.41       1.0171021783152744e-14
 8.42       1.0287494516161741e-14
 8.43       1.0404987348441099e-14
 8.44       1.0523506477076357e-14
 8.45       1.0643058120399575e-14
 8.46       1.0763648518009897e-14
 8.47       1.0885283930794104e-14
 8.48       1.1007970640947185e-14
 8.49       1.1131714951992971e-14
 8.50       1.1256523188804695e-14
 8.51       1.1382401697625634e-14
 8.52       1.150935684608966e-14
 8.53       1.1637395023241968e-14
 8.54       1.1766522639559675e-14
 8.55       1.1896746126972507e-14
 8.56       1.202807193888341e-14
 8.57       1.2160506550189267e-14
 8.58       1.2294056457301585e-14
 8.59       1.2428728178167218e-14
 8.60       1.256452825228901e-14
 8.61       1.270146324074665e-14
 8.62       1.283953972621721e-14
 8.63       1.2978764312996151e-14
 8.64       1.3119143627017773e-14
 8.65       1.3260684315876256e-14
 8.66       1.3403393048846327e-14
 8.67       1.354727651690401e-14
 8.68       1.3692341432747468e-14
 8.69       1.3838594530817905e-14
 8.70       1.398604256732018e-14
 8.71       1.413469232024389e-14
 8.72       1.4284550589384016e-14
 8.73       1.4435624196361908e-14
 8.74       1.458791998464611e-14
 8.75       1.4741444819573167e-14
 8.76       1.489620558836868e-14
 8.77       1.505220920016805e-14
 8.78       1.520946258603751e-14
 8.79       1.536797269899495e-14
 8.80       1.552774651403094e-14
 8.81       1.568879102812954e-14
 8.82       1.5851113260289526e-14
 8.83       1.6014720251545e-14
 8.84       1.617961906498665e-14
 8.85       1.6345816785782628e-14
 8.86       1.6513320521199572e-14
 8.87       1.6682137400623593e-14
 8.88       1.6852274575581325e-14
 8.89       1.7023739219760942e-14
 8.90       1.7196538529033215e-14
 8.91       1.737067972147258e-14
 8.92       1.754617003737811e-14
 8.93       1.7723016739294798e-14
 8.94       1.7901227112034346e-14
 8.95       1.8080808462696626e-14
 8.96       1.826176812069038e-14
 8.97       1.84441134377547e-14
 8.98       1.8627851787980004e-14
 8.99       1.8812990567829074e-14
 9.00       1.8999537196158398e-14
 9.01       1.9187499114239246e-14
 9.02       1.9376883785778833e-14
 9.03       1.9567698696941482e-14
 9.04       1.9759951356369878e-14
 9.05       1.995364929520624e-14
 9.06       2.0148800067113528e-14
 9.07       2.0345411248296667e-14
 9.08       2.0543490437523822e-14
 9.09       2.0743045256147597e-14
 9.10       2.0944083348126217e-14
 9.11       2.1146612380045083e-14
 9.12       2.13506400411376e-14
 9.13       2.1556174043306908e-14
 9.14       2.1763222121146872e-14
 9.15       2.1971792031963536e-14
 9.16       2.218189155579636e-14
 9.17       2.2393528495439647e-14
 9.18       2.260671067646378e-14
 9.19       2.2821445947236634e-14
 9.20       2.3037742178944846e-14
 9.21       2.3255607265615313e-14
 9.22       2.3475049124136483e-14
 9.23       2.369607569427974e-14
 9.24       2.39186949387208e-14
 9.25       2.4142914843061204e-14
 9.26       2.436874341584963e-14
 9.27       2.4596188688603363e-14
 9.28       2.4825258715829692e-14
 9.29       2.5055961575047415e-14
 9.30       2.528830536680834e-14
 9.31       2.5522298214718577e-14
 9.32       2.5757948265460163e-14
 9.33       2.5995263688812476e-14
 9.34       2.6234252677673867e-14
 9.35       2.6474923448082846e-14
 9.36       2.6717284239239994e-14
 9.37       2.6961343313529136e-14
 9.38       2.720710895653925e-14
 9.39       2.7454589477085585e-14
 9.40       2.7703793207231523e-14
 9.41       2.7954728502309956e-14
 9.42       2.8207403740945056e-14
 9.43       2.846182732507364e-14
 9.44       2.871800767996688e-14
 9.45       2.897595325425192e-14
 9.46       2.923567251993345e-14
 9.47       2.949717397241514e-14
 9.48       2.976046613052171e-14
 9.49       3.00255575365201e-14
 9.50       3.0292456756141406e-14
 9.51       3.056117237860236e-14
 9.52       3.083171301662717e-14
 9.53       3.110408730646907e-14
 9.54       3.1378303907931965e-14
 9.55       3.165437150439218e-14
 9.56       3.19322988028203e-14
 9.57       3.221209453380255e-14
 9.58       3.2493767451562807e-14
 9.59       3.277732633398421e-14
 9.60       3.306277998263085e-14
 9.61       3.335013722276969e-14
 9.62       3.3639406903392075e-14
 9.63       3.393059789723556e-14
 9.64       3.422371910080599e-14
 9.65       3.4518779434398614e-14
 9.66       3.481578784212073e-14
 9.67       3.511475329191256e-14
 9.68       3.541568477556996e-14
 9.69       3.571859130876557e-14
 9.70       3.602348193107077e-14
 9.71       3.633036570597779e-14
 9.72       3.663925172092123e-14
 9.73       3.695014908730004e-14
 9.74       3.7263066940499536e-14
 9.75       3.757801443991279e-14
 9.76       3.789500076896304e-14
 9.77       3.821403513512534e-14
 9.78       3.853512676994821e-14
 9.79       3.885828492907604e-14
 9.80       3.9183518892270436e-14
 9.81       3.95108379634328e-14
 9.82       3.9840251470625445e-14
 9.83       4.0171768766094314e-14
 9.84       4.050539922629027e-14
 9.85       4.084115225189145e-14
 9.86       4.1179037267825e-14
 9.87       4.1519063723289254e-14
 9.88       4.186124109177554e-14
 9.89       4.22055788710901e-14
 9.90       4.25520865833762e-14
 9.91       4.2900773775136176e-14
 9.92       4.325165001725317e-14
 9.93       4.360472490501355e-14
 9.94       4.396000805812845e-14
 9.95       4.431750912075617e-14
 9.96       4.467723776152404e-14
 9.97       4.5039203673550533e-14
 9.98       4.54034165744672e-14
 9.99       4.5769886206440777e-14
