511	12	none
 0.01       0         
 0.02       0         
 0.03       0         
 0.04       0         
 0.05       0         
 0.06       0         
 0.07       0         
 0.08       0         
 0.09       0         
 0.10       0         
 0.11       0         
 0.12       0         
 0.13       0         
 0.14       0         
 0.15       0         
 0.16       0         
 0.17       0         
 0.18       0         
 0.19       0         
 0.20       0         
 0.21       0         
 0.22       0         
 0.23       0         
 0.24       0         
 0.25       0         
 0.26       0         
 0.27       0         
 0.28       0         
 0.29       0         
 0.30       0         
 0.31       0         
 0.32       0         
 0.33       0         
 0.34       0         
 0.35       0         
 0.36       0         
 0.37       0         
 0.38       0         
 0.39       0         
 0.40       0         
 0.41       0         
 0.42       0         
 0.43       0         
 0.44       0         
 0.45       0         
 0.46       0         
 0.47       0         
 0.48       0         
 0.49       0         
 0.50       0         
 0.51       0         
 0.52       0         
 0.53       0         
 0.54       0         
 0.55       0         
 0.56       0         
 0.57       0         
 0.58       0         
 0.59       0         
 0.60       0         
 0.61       0         
 0.62       0         
 0.63       0         
 0.64       0         
 0.65       0         
 0.66       0         
 0.67       0         
 0.68       0         
 0.69       0         
 0.70       0         
 0.71       0         
 0.72       0         
 0.73       0         
 0.74       0         
 0.75       0         
 0.76       0         
 0.77       0         
 0.78       0         
 0.79       0         
 0.80       0         
 0.81       0         
 0.82       0         
 0.83       0         
 0.84       0         
 0.85       0         
 0.86       0         
 0.87       0         
 0.88       0         
 0.89       0         
 0.90       0         
 0.91       0         
 0.92       0         
 0.93       0         
 0.94       0         
 0.95       0         
 0.96       0         
 0.97       0         
 0.98       0         
 0.99       0         
 1.00       0         
 1.01       0         
 1.02       0         
 1.03       0         
 1.04       0         
 1.05       0         
 1.06       0         
 1.07       0         
 1.08       0         
 1.09       0         
 1.10       0         
 1.11       0         
 1.12       0         
 1.13       0         
 1.14       0         
 1.15       0         
 1.16       0         
 1.17       0         
 1.18       0         
 1.19       0         
 1.20       0         
 1.21       0         
 1.22       0         
 1.23       0         
 1.24       0         
 1.25       0         
 1.26       0         
 1.27       0         
 1.28       0         
 1.29       0         
 1.30       0         
 1.31       0         
 1.32       0         
 1.33       0         
 1.34       0         
 1.35       0         
 1.36       0         
 1.37       0         
 1.38       0         
 1.39       0         
 1.40       0         
 1.41       0         
 1.42       0         
 1.43       0         
 1.44       0         
 1.45       0         
 1.46       0         
 1.47       0         
 1.48       0         
 1.49       0         
 1.50       0         
 1.51       0         
 1.52       0         
 1.53       0         
 1.54       0         
 1.55       0         
 1.56       0         
 1.57       0         
 1.58       0         
 1.59       0         
 1.60       0         
 1.61       0         
 1.62       0         
 1.63       0         
 1.64       0         
 1.65       0         
 1.66       0         
 1.67       0         
 1.68       0         
 1.69       0         
 1.70       0         
 1.71       0         
 1.72       0         
 1.73       0         
 1.74       0         
 1.75       0         
 1.76       0         
 1.77       0         
 1.78       0         
 1.79       0         
 1.80       0         
 1.81       0         
 1.82       0         
 1.83       0         
 1.84       0         
 1.85       0         
 1.86       0         
 1.87       0         
 1.88       0         
 1.89       0         
 1.90       0         
 1.91       0         
 1.92       0         
 1.93       0         
 1.94       0         
 1.95       0         
 1.96       0         
 1.97       0         
 1.98       0         
 1.99       0         
 2.00       0         
 2.01       0         
 2.02       0         
 2.03       0         
 2.04       0         
 2.05       0         
 2.06       0         
 2.07       0         
 2.08       0         
 2.09       0         
 2.10       0         
 2.11       0         
 2.12       0         
 2.13       0         
 2.14       0         
 2.15       0         
 2.16       0         
 2.17       0         
 2.18       0         
 2.19       0         
 2.20       0         
 2.21       0         
 2.22       0         
 2.23       0         
 2.24       0         
 2.25       0         
 2.26       0         
 2.27       0         
 2.28       0         
 2.29       0         
 2.30       0         
 2.31       0         
 2.32       0         
 2.33       0         
 2.34       0         
 2.35       0         
 2.36       0         
 2.37       0         
 2.38       0         
 2.39       0         
 2.40       0         
 2.41       0         
 2.42       0         
 2.43       0         
 2.44       0         
 2.45       0         
 2.46       0         
 2.47       0         
 2.48       0         
 2.49       0         
 2.50       0         
 2.51       0         
 2.52       0         
 2.53       0         
 2.54       0         
 2.55       0         
 2.56       0         
 2.57       0         
 2.58       0         
 2.59       0         
 2.60       0         
 2.61       0         
 2.62       0         
 2.63       0         
 2.64       0         
 2.65       0         
 2.66       0         
 2.67       0         
 2.68       0         
 2.69       0         
 2.70       0         
 2.71       0         
 2.72       0         
 2.73       0         
 2.74       0         
 2.75       0         
 2.76       0         
 2.77       0         
 2.78       0         
 2.79       0         
 2.80       0         
 2.81       0         
 2.82       0         
 2.83       0         
 2.84       0         
 2.85       0         
 2.86       0         
 2.87       0         
 2.88       0         
 2.89       0         
 2.90       0         
 2.91       0         
 2.92       0         
 2.93       0         
 2.94       0         
 2.95       0         
 2.96       0         
 2.97       0         
 2.98       0         
 2.99       0         
 3.00       0         
 3.01       0         
 3.02       0         
 3.03       0         
 3.04       0         
 3.05       0         
 3.06       0         
 3.07       0         
 3.08       0         
 3.09       0         
 3.10       0         
 3.11       0         
 3.12       0         
 3.13       0         
 3.14       0         
 3.15       0         
 3.16       0         
 3.17       0         
 3.18       0         
 3.19       0         
 3.20       0         
 3.21       0         
 3.22       0         
 3.23       0         
 3.24       0         
 3.25       0         
 3.26       0         
 3.27       0         
 3.28       0         
 3.29       0         
 3.30       0         
 3.31       0         
 3.32       0         
 3.33       0         
 3.34       0         
 3.35       0         
 3.36       0         
 3.37       0         
 3.38       0         
 3.39       0         
 3.40       0         
 3.41       0         
 3.42       0         
 3.43       0         
 3.44       0         
 3.45       0         
 3.46       0         
 3.47       0         
 3.48       0         
 3.49       0         
 3.50       0         
 3.51       0         
 3.52       0         
 3.53       0         
 3.54       0         
 3.55       0         
 3.56       0         
 3.57       0         
 3.58       0         
 3.59       0         
 3.60       0         
 3.61       0         
 3.62       0         
 3.63       0         
 3.64       0         
 3.65       0         
 3.66       0         
 3.67       0         
 3.68       0         
 3.69       0         
 3.70       0         
 3.71       0         
 3.72       0         
 3.73       0         
 3.74       0         
 3.75       0         
 3.76       0         
 3.77       0         
 3.78       0         
 3.79       0         
 3.80       0         
 3.81       0         
 3.82       0         
 3.83       0         
 3.84       0         
 3.85       0         
 3.86       0         
 3.87       0         
 3.88       0         
 3.89       0         
 3.90       0         
 3.91       0         
 3.92       0         
 3.93       0         
 3.94       0         
 3.95       0         
 3.96       0         
 3.97       0         
 3.98       0         
 3.99       0         
 4.00       0         
 4.01       0         
 4.02       0         
 4.03       0         
 4.04       0         
 4.05       0         
 4.06       0         
 4.07       0         
 4.08       0         
 4.09       0         
 4.10       0         
 4.11       0         
 4.12       0         
 4.13       0         
 4.14       0         
 4.15       0         
 4.16       0         
 4.17       0         
 4.18       0         
 4.19       0         
 4.20       0         
 4.21       0         
 4.22       0         
 4.23       0         
 4.24       0         
 4.25       0         
 4.26       0         
 4.27       0         
 4.28       0         
 4.29       0         
 4.30       0         
 4.31       0         
 4.32       0         
 4.33       0         
 4.34       0         
 4.35       0         
 4.36       0         
 4.37       0         
 4.38       0         
 4.39       0         
 4.40       0         
 4.41       0         
 4.42       0         
 4.43       0         
 4.44       0         
 4.45       0         
 4.46       0         
 4.47       0         
 4.48       0         
 4.49       0         
 4.50       0         
 4.51       0         
 4.52       0         
 4.53       0         
 4.54       0         
 4.55       0         
 4.56       0         
 4.57       0         
 4.58       0         
 4.59       0         
 4.60       0         
 4.61       0         
 4.62       0         
 4.63       0         
 4.64       0         
 4.65       0         
 4.66       0         
 4.67       0         
 4.68       0         
 4.69       0         
 4.70       0         
 4.71       0         
 4.72       0         
 4.73       0         
 4.74       0         
 4.75       0         
 4.76       0         
 4.77       0         
 4.78       0         
 4.79       0         
 4.80       0         
 4.81       0         
 4.82       0         
 4.83       0         
 4.84       0         
 4.85       0         
 4.86       0         
 4.87       0         
 4.88       0         
 4.89       0         
 4.90       0         
 4.91       0         
 4.92       0         
 4.93       0         
 4.94       0         
 4.95       0         
 4.96       0         
 4.97       0         
 4.98       0         
 4.99       0         
 5.00       0         
 5.01       0         
 5.02       0         
 5.03       0         
 5.04       0         
 5.05       0         
 5.06       0         
 5.07       0         
 5.08       0         
 5.09       0         
 5.10       0         
 5.11       0         
 5.12       0         
 5.13       0         
 5.14       0         
 5.15       0         
 5.16       0         
 5.17       0         
 5.18       0         
 5.19       0         
 5.20       0         
 5.21       0         
 5.22       0         
 5.23       0         
 5.24       0         
 5.25       0         
 5.26       0         
 5.27       0         
 5.28       7.845977218301717e-20
 5.29       5.568642569665187e-17
 5.30       2.1446374873484285e-16
 5.31       4.764121240643943e-16
 5.32       8.415343360512474e-16
 5.33       1.3098342480322242e-15
 5.34       1.8813167922121795e-15
 5.35       2.555987959674755e-15
 5.36       3.3338547905045955e-15
 5.37       4.2149253640201725e-15
 5.38       5.199208789115634e-15
 5.39       6.286715194709664e-15
 5.40       7.477455720301252e-15
 5.41       8.771442506629405e-15
 5.42       1.0168688686436749e-14
 5.43       1.1669208375335069e-14
 5.44       1.3273016662771482e-14
 5.45       1.498012960309457e-14
 5.46       1.6790564206717472e-14
 5.47       1.87043384313797e-14
 5.48       2.0721471173502875e-14
 5.49       2.2841982259641987e-14
 5.50       2.506589243802993e-14
 5.51       2.7393223370213323e-14
 5.52       2.982399762277989e-14
 5.53       3.2358238659175866e-14
 5.54       3.499597083161092e-14
 5.55       3.7737219373051566e-14
 5.56       4.058201038930123e-14
 5.57       4.353037085116386e-14
 5.58       4.658232858669449e-14
 5.59       4.9737912273530206e-14
 5.60       5.2997151431305544e-14
 5.61       5.6360076414147745e-14
 5.62       5.982671840325228e-14
 5.63       6.339710939953738e-14
 5.64       6.707128221637765e-14
 5.65       7.084927047241463e-14
 5.66       7.473110858444107e-14
 5.67       7.871683176036512e-14
 5.68       8.28064759922443e-14
 5.69       8.700007804939609e-14
 5.70       9.129767547157921e-14
 5.71       9.569930656224763e-14
 5.72       1.0020501038187451e-13
 5.73       1.0481482674134697e-13
 5.74       1.0952879619542877e-13
 5.75       1.1434696003629263e-13
 5.76       1.1926936028711767e-13
 5.77       1.2429603969575676e-13
 5.78       1.294270417284659e-13
 5.79       1.3466241056370227e-13
 5.80       1.4000219108598246e-13
 5.81       1.4544642887980843e-13
 5.82       1.5099517022365144e-13
 5.83       1.5664846208400314e-13
 5.84       1.62406352109482e-13
 5.85       1.682688886250062e-13
 5.86       1.742361206260205e-13
 5.87       1.8030809777278612e-13
 5.88       1.864848703847278e-13
 5.89       1.9276648943483716e-13
 5.90       1.991530065441354e-13
 5.91       2.056444739761885e-13
 5.92       2.1224094463168318e-13
 5.93       2.1894247204305306e-13
 5.94       2.257491103691611e-13
 5.95       2.326609143900357e-13
 5.96       2.3967793950165977e-13
 5.97       2.4680024171081254e-13
 5.98       2.540278776299606e-13
 5.99       2.6136090447220406e-13
 6.00       2.687993800462706e-13
 6.01       2.763433627515603e-13
 6.02       2.8399291157323843e-13
 6.03       2.9174808607738066e-13
 6.04       2.996089464061626e-13
 6.05       3.0757555327309945e-13
 6.06       3.1564796795833076e-13
 6.07       3.2382625230395433e-13
 6.08       3.3211046870940444e-13
 6.09       3.4050068012687543e-13
 6.10       3.4899695005679196e-13
 6.11       3.575993425433222e-13
 6.12       3.6630792216993466e-13
 6.13       3.7512275405500056e-13
 6.14       3.840439038474365e-13
 6.15       3.9307143772239444e-13
 6.16       4.0220542237698457e-13
 6.17       4.11445925026051e-13
 6.18       4.207930133979808e-13
 6.19       4.3024675573055436e-13
 6.20       4.3980722076684024e-13
 6.21       4.494744777511242e-13
 6.22       4.592485964248835e-13
 6.23       4.69129647022792e-13
 6.24       4.791177002687712e-13
 6.25       4.892128273720775e-13
 6.26       4.994151000234221e-13
 6.27       5.097245903911338e-13
 6.28       5.20141371117357e-13
 6.29       5.306655153142831e-13
 6.30       5.412970965604234e-13
 6.31       5.520361888969092e-13
 6.32       5.628828668238359e-13
 6.33       5.738372052966354e-13
 6.34       5.848992797224864e-13
 6.35       5.960691659567566e-13
 6.36       6.073469402994812e-13
 6.37       6.187326794918694e-13
 6.38       6.302264607128464e-13
 6.39       6.418283615756343e-13
 6.40       6.535384601243533e-13
 6.41       6.653568348306613e-13
 6.42       6.772835645904284e-13
 6.43       6.89318728720432e-13
 6.44       7.014624069550943e-13
 6.45       7.137146794432411e-13
 6.46       7.260756267448974e-13
 6.47       7.385453298281057e-13
 6.48       7.511238700657821e-13
 6.49       7.638113292325936e-13
 6.50       7.766077895018696e-13
 6.51       7.895133334425411e-13
 6.52       8.025280440161019e-13
 6.53       8.156520045736085e-13
 6.54       8.288852988526999e-13
 6.55       8.422280109746458e-13
 6.56       8.556802254414212e-13
 6.57       8.692420271328121e-13
 6.58       8.829135013035451e-13
 6.59       8.966947335804377e-13
 6.60       9.105858099595856e-13
 6.61       9.24586816803564e-13
 6.62       9.386978408386637e-13
 6.63       9.52918969152146e-13
 6.64       9.672502891895236e-13
 6.65       9.81691888751871e-13
 6.66       9.962438559931493e-13
 6.67       1.010906279417568e-12
 6.68       1.0256792478769556e-12
 6.69       1.0405628505681683e-12
 6.70       1.0555571770305115e-12
 6.71       1.0706623171431875e-12
 6.72       1.0858783611227696e-12
 6.73       1.1012053995206917e-12
 6.74       1.1166435232207696e-12
 6.75       1.132192823436732e-12
 6.76       1.147853391709787e-12
 6.77       1.1636253199061974e-12
 6.78       1.1795087002148892e-12
 6.79       1.1955036251450714e-12
 6.80       1.211610187523884e-12
 6.81       1.2278284804940597e-12
 6.82       1.2441585975116166e-12
 6.83       1.260600632343556e-12
 6.84       1.2771546790655973e-12
 6.85       1.2938208320599228e-12
 6.86       1.3105991860129373e-12
 6.87       1.3274898359130634e-12
 6.88       1.3444928770485412e-12
 6.89       1.3616084050052523e-12
 6.90       1.3788365156645658e-12
 6.91       1.3961773052011989e-12
 6.92       1.413630870081098e-12
 6.93       1.4311973070593319e-12
 6.94       1.4488767131780202e-12
 6.95       1.4666691857642584e-12
 6.96       1.4845748224280725e-12
 6.97       1.5025937210603929e-12
 6.98       1.5207259798310373e-12
 6.99       1.5389716971867216e-12
 7.00       1.5573309718490786e-12
 7.01       1.5758039028126952e-12
 7.02       1.5943905893431712e-12
 7.03       1.6130911309751919e-12
 7.04       1.6319056275106161e-12
 7.05       1.650834179016581e-12
 7.06       1.669876885823623e-12
 7.07       1.6890338485238184e-12
 7.08       1.70830516796893e-12
 7.09       1.727690945268581e-12
 7.10       1.7471912817884357e-12
 7.11       1.7668062791484052e-12
 7.12       1.7865360392208539e-12
 7.13       1.8063806641288347e-12
 7.14       1.826340256244327e-12
 7.15       1.846414918186505e-12
 7.16       1.8666047528200058e-12
 7.17       1.886909863253219e-12
 7.18       1.907330352836587e-12
 7.19       1.927866325160927e-12
 7.20       1.948517884055755e-12
 7.21       1.969285133587637e-12
 7.22       1.9901681780585402e-12
 7.23       2.0111671220042157e-12
 7.24       2.0322820701925724e-12
 7.25       2.0535131276220793e-12
 7.26       2.0748603995201877e-12
 7.27       2.0963239913417386e-12
 7.28       2.117904008767414e-12
 7.29       2.1396005577021875e-12
 7.30       2.161413744273778e-12
 7.31       2.1833436748311412e-12
 7.32       2.2053904559429413e-12
 7.33       2.2275541943960647e-12
 7.34       2.2498349971941363e-12
 7.35       2.272232971556027e-12
 7.36       2.294748224914413e-12
 7.37       2.3173808649143096e-12
 7.38       2.3401309994116405e-12
 7.39       2.362998736471811e-12
 7.40       2.3859841843682836e-12
 7.41       2.4090874515811888e-12
 7.42       2.4323086467959185e-12
 7.43       2.455647878901754e-12
 7.44       2.4791052569904937e-12
 7.45       2.5026808903550847e-12
 7.46       2.5263748884882933e-12
 7.47       2.550187361081349e-12
 7.48       2.5741184180226296e-12
 7.49       2.5981681693963402e-12
 7.50       2.6223367254812083e-12
 7.51       2.6466241967491878e-12
 7.52       2.671030693864181e-12
 7.53       2.6955563276807508e-12
 7.54       2.720201209242869e-12
 7.55       2.7449654497826575e-12
 7.56       2.7698491607191422e-12
 7.57       2.7948524536570186e-12
 7.58       2.8199754403854286e-12
 7.59       2.845218232876749e-12
 7.60       2.8705809432853773e-12
 7.61       2.8960636839465425e-12
 7.62       2.921666567375118e-12
 7.63       2.9473897062644373e-12
 7.64       2.9732332134851415e-12
 7.65       2.999197202084004e-12
 7.66       3.025281785282787e-12
 7.67       3.051487076477105e-12
 7.68       3.0778131892352864e-12
 7.69       3.104260237297253e-12
 7.70       3.1308283345734117e-12
 7.71       3.1575175951435365e-12
 7.72       3.1843281332556763e-12
 7.73       3.211260063325081e-12
 7.74       3.2383134999330987e-12
 7.75       3.2654885578261145e-12
 7.76       3.29278535191449e-12
 7.77       3.320203997271505e-12
 7.78       3.347744609132311e-12
 7.79       3.3754073028928854e-12
 7.80       3.4031921941090166e-12
 7.81       3.431099398495266e-12
 7.82       3.4591290319239548e-12
 7.83       3.487281210424169e-12
 7.84       3.51555605018074e-12
 7.85       3.543953667533269e-12
 7.86       3.572474178975136e-12
 7.87       3.601117701152527e-12
 7.88       3.629884350863448e-12
 7.89       3.658774245056789e-12
 7.90       3.687787500831351e-12
 7.91       3.7169242354349e-12
 7.92       3.7461845662632314e-12
 7.93       3.7755686108592415e-12
 7.94       3.805076486911981e-12
 7.95       3.834708312255764e-12
 7.96       3.864464204869229e-12
 7.97       3.894344282874454e-12
 7.98       3.924348664536043e-12
 7.99       3.954477468260239e-12
 8.00       3.984730812594048e-12
 8.01       4.01510881622435e-12
 8.02       4.04561159797702e-12
 8.03       4.076239276816079e-12
 8.04       4.106991971842833e-12
 8.05       4.137869802295004e-12
 8.06       4.168872887545904e-12
 8.07       4.200001347103578e-12
 8.08       4.231255300609982e-12
 8.09       4.262634867840154e-12
 8.10       4.294140168701382e-12
 8.11       4.3257713232324e-12
 8.12       4.357528451602579e-12
 8.13       4.3894116741111146e-12
 8.14       4.421421111186234e-12
 8.15       4.453556883384412e-12
 8.16       4.485819111389569e-12
 8.17       4.518207916012304e-12
 8.18       4.550723418189119e-12
 8.19       4.583365738981647e-12
 8.20       4.616134999575881e-12
 8.21       4.649031321281436e-12
 8.22       4.6820548255307856e-12
 8.23       4.715205633878512e-12
 8.24       4.7484838680005715e-12
 8.25       4.781889649693553e-12
 8.26       4.815423100873958e-12
 8.27       4.8490843435774654e-12
 8.28       4.882873499958219e-12
 8.29       4.916790692288107e-12
 8.30       4.950836042956053e-12
 8.31       4.9850096744673185e-12
 8.32       5.0193117094428e-12
 8.33       5.0537422706183305e-12
 8.34       5.088301480843994e-12
 8.35       5.1229894630834506e-12
 8.36       5.157806340413233e-12
 8.37       5.192752236022102e-12
 8.38       5.227827273210355e-12
 8.39       5.263031575389166e-12
 8.40       5.298365266079939e-12
 8.41       5.333828468913628e-12
 8.42       5.369421307630119e-12
 8.43       5.405143906077543e-12
 8.44       5.440996388211672e-12
 8.45       5.4769788780952655e-12
 8.46       5.513091499897435e-12
 8.47       5.5493343778930245e-12
 8.48       5.585707636461982e-12
 8.49       5.622211400088743e-12
 8.50       5.658845793361616e-12
 8.51       5.69561094097217e-12
 8.52       5.73250696771463e-12
 8.53       5.769533998485272e-12
 8.54       5.8066921582818314e-12
 8.55       5.8439815722029126e-12
 8.56       5.881402365447379e-12
 8.57       5.918954663313798e-12
 8.58       5.956638591199833e-12
 8.59       5.99445427460169e-12
 8.60       6.032401839113524e-12
 8.61       6.070481410426888e-12
 8.62       6.108693114330146e-12
 8.63       6.147037076707939e-12
 8.64       6.185513423540611e-12
 8.65       6.224122280903653e-12
 8.66       6.262863774967171e-12
 8.67       6.301738031995315e-12
 8.68       6.340745178345767e-12
 8.69       6.37988534046917e-12
 8.70       6.419158644908629e-12
 8.71       6.4585652182991505e-12
 8.72       6.498105187367133e-12
 8.73       6.537778678929835e-12
 8.74       6.577585819894854e-12
 8.75       6.617526737259626e-12
 8.76       6.657601558110892e-12
 8.77       6.697810409624199e-12
 8.78       6.7381534190634e-12
 8.79       6.778630713780132e-12
 8.80       6.819242421213335e-12
 8.81       6.859988668888766e-12
 8.82       6.9008695844184736e-12
 8.83       6.941885295500336e-12
 8.84       6.983035929917568e-12
 8.85       7.024321615538241e-12
 8.86       7.065742480314793e-12
 8.87       7.10729865228357e-12
 8.88       7.148990259564345e-12
 8.89       7.190817430359845e-12
 8.90       7.232780292955294e-12
 8.91       7.274878975717938e-12
 8.92       7.317113607096602e-12
 8.93       7.359484315621218e-12
 8.94       7.401991229902376e-12
 8.95       7.444634478630877e-12
 8.96       7.487414190577277e-12
 8.97       7.530330494591466e-12
 8.98       7.573383519602183e-12
 8.99       7.616573394616621e-12
 9.00       7.65990024871997e-12
 9.01       7.703364211074986e-12
 9.02       7.74696541092155e-12
 9.03       7.790703977576283e-12
 9.04       7.834580040432063e-12
 9.05       7.87859372895764e-12
 9.06       7.922745172697225e-12
 9.07       7.967034501270039e-12
 9.08       8.01146184436993e-12
 9.09       8.056027331764949e-12
 9.10       8.100731093296947e-12
 9.11       8.145573258881168e-12
 9.12       8.190553958505846e-12
 9.13       8.235673322231819e-12
 9.14       8.28093148019209e-12
 9.15       8.326328562591492e-12
 9.16       8.371864699706252e-12
 9.17       8.417540021883617e-12
 9.18       8.46335465954146e-12
 9.19       8.509308743167921e-12
 9.20       8.555402403320981e-12
 9.21       8.601635770628122e-12
 9.22       8.64800897578593e-12
 9.23       8.694522149559739e-12
 9.24       8.74117542278322e-12
 9.25       8.787968926358063e-12
 9.26       8.83490279125357e-12
 9.27       8.881977148506314e-12
 9.28       8.92919212921976e-12
 9.29       8.976547864563919e-12
 9.30       9.024044485774967e-12
 9.31       9.07168212415494e-12
 9.32       9.119460911071314e-12
 9.33       9.167380977956696e-12
 9.34       9.215442456308479e-12
 9.35       9.263645477688467e-12
 9.36       9.311990173722559e-12
 9.37       9.360476676100385e-12
 9.38       9.409105116574989e-12
 9.39       9.45787562696246e-12
 9.40       9.506788339141638e-12
 9.41       9.55584338505373e-12
 9.42       9.605040896702039e-12
 9.43       9.654381006151577e-12
 9.44       9.703863845528774e-12
 9.45       9.753489547021148e-12
 9.46       9.803258242876958e-12
 9.47       9.853170065404933e-12
 9.48       9.903225146973892e-12
 9.49       9.953423620012464e-12
 9.50       1.0003765617008792e-11
 9.51       1.0054251270510152e-11
 9.52       1.0104880713122727e-11
 9.53       1.015565407751123e-11
 9.54       1.0206571496398634e-11
 9.55       1.025763310256585e-11
 9.56       1.0308839028851438e-11
 9.57       1.0360189408151301e-11
 9.58       1.0411684373418361e-11
 9.59       1.0463324057662322e-11
 9.60       1.0515108593949295e-11
 9.61       1.0567038115401573e-11
 9.62       1.0619112755197303e-11
 9.63       1.0671332646570203e-11
 9.64       1.0723697922809271e-11
 9.65       1.0776208717258514e-11
 9.66       1.0828865163316645e-11
 9.67       1.0881667394436813e-11
 9.68       1.0934615544126305e-11
 9.69       1.0987709745946295e-11
 9.70       1.1040950133511527e-11
 9.71       1.1094336840490076e-11
 9.72       1.1147870000603061e-11
 9.73       1.1201549747624359e-11
 9.74       1.1255376215380354e-11
 9.75       1.1309349537749657e-11
 9.76       1.1363469848662832e-11
 9.77       1.141773728210216e-11
 9.78       1.1472151972101324e-11
 9.79       1.1526714052745208e-11
 9.80       1.1581423658169575e-11
 9.81       1.1636280922560853e-11
 9.82       1.1691285980155851e-11
 9.83       1.174643896524152e-11
 9.84       1.1801740012154678e-11
 9.85       1.1857189255281801e-11
 9.86       1.1912786829058689e-11
 9.87       1.1968532867970311e-11
 9.88       1.202442750655048e-11
 9.89       1.208047087938167e-11
 9.90       1.2136663121094696e-11
 9.91       1.219300436636855e-11
 9.92       1.2249494749930097e-11
 9.93       1.2306134406553872e-11
 9.94       1.236292347106182e-11
 9.95       1.2419862078323057e-11
 9.96       1.2476950363253643e-11
 9.97       1.2534188460816342e-11
 9.98       1.2591576506020391e-11
 9.99       1.2649114633921272e-11
