 0.01       0         
 0.02       0         
 0.03       0         
 0.04       0         
 0.05       0         
 0.06       0         
 0.07       0         
 0.08       0         
 0.09       0         
 0.10       0         
 0.11       0         
 0.12       0         
 0.13       0         
 0.14       0         
 0.15       0         
 0.16       0         
 0.17       0         
 0.18       0         
 0.19       0         
 0.20       0         
 0.21       0         
 0.22       0         
 0.23       0         
 0.24       0         
 0.25       0         
 0.26       0         
 0.27       0         
 0.28       0         
 0.29       0         
 0.30       0         
 0.31       0         
 0.32       0         
 0.33       0         
 0.34       0         
 0.35       0         
 0.36       0         
 0.37       0         
 0.38       0         
 0.39       0         
 0.40       0         
 0.41       0         
 0.42       0         
 0.43       0         
 0.44       0         
 0.45       0         
 0.46       0         
 0.47       0         
 0.48       0         
 0.49       0         
 0.50       0         
 0.51       0         
 0.52       0         
 0.53       0         
 0.54       0         
 0.55       0         
 0.56       0         
 0.57       0         
 0.58       0         
 0.59       0         
 0.60       0         
 0.61       0         
 0.62       0         
 0.63       0         
 0.64       0         
 0.65       0         
 0.66       0         
 0.67       0         
 0.68       0         
 0.69       0         
 0.70       0         
 0.71       0         
 0.72       0         
 0.73       0         
 0.74       0         
 0.75       0         
 0.76       0         
 0.77       0         
 0.78       0         
 0.79       0         
 0.80       0         
 0.81       0         
 0.82       0         
 0.83       0         
 0.84       0         
 0.85       0         
 0.86       0         
 0.87       0         
 0.88       0         
 0.89       0         
 0.90       0         
 0.91       0         
 0.92       0         
 0.93       0         
 0.94       0         
 0.95       0         
 0.96       0         
 0.97       0         
 0.98       0         
 0.99       0         
 1.00       0         
 1.01       0         
 1.02       0         
 1.03       0         
 1.04       0         
 1.05       0         
 1.06       0         
 1.07       0         
 1.08       0         
 1.09       0         
 1.10       0         
 1.11       0         
 1.12       0         
 1.13       0         
 1.14       0         
 1.15       0         
 1.16       0         
 1.17       0         
 1.18       0         
 1.19       0         
 1.20       0         
 1.21       0         
 1.22       0         
 1.23       0         
 1.24       0         
 1.25       0         
 1.26       0         
 1.27       0         
 1.28       0         
 1.29       0         
 1.30       0         
 1.31       0         
 1.32       0         
 1.33       0         
 1.34       0         
 1.35       0         
 1.36       0         
 1.37       0         
 1.38       0         
 1.39       0         
 1.40       0         
 1.41       0         
 1.42       0         
 1.43       0         
 1.44       0         
 1.45       0         
 1.46       0         
 1.47       0         
 1.48       0         
 1.49       0         
 1.50       0         
 1.51       0         
 1.52       0         
 1.53       0         
 1.54       0         
 1.55       0         
 1.56       0         
 1.57       0         
 1.58       0         
 1.59       0         
 1.60       0         
 1.61       0         
 1.62       0         
 1.63       0         
 1.64       0         
 1.65       0         
 1.66       0         
 1.67       0         
 1.68       0         
 1.69       0         
 1.70       0         
 1.71       0         
 1.72       0         
 1.73       0         
 1.74       0         
 1.75       0         
 1.76       0         
 1.77       0         
 1.78       0         
 1.79       0         
 1.80       0         
 1.81       0         
 1.82       0         
 1.83       0         
 1.84       0         
 1.85       0         
 1.86       0         
 1.87       0         
 1.88       1.4753829555851483e-21
 1.89       1.822205749715072e-20
 1.90       7.843455750662727e-20
 1.91       2.221552126447006e-19
 1.92       5.009604974150231e-19
 1.93       9.780879918793962e-19
 1.94       1.7287298125076944e-18
 1.95       2.8403720814288636e-18
 1.96       4.4131809988387025e-18
 1.97       6.560377700590825e-18
 1.98       9.408626167026469e-18
 1.99       1.3098406572743129e-17
 2.00       1.7784392529389103e-17
 2.01       2.3635795713970386e-17
 2.02       3.0836719915052485e-17
 2.03       3.9586489878480227e-17
 2.04       5.009998763493192e-17
 2.05       6.260794387038402e-17
 2.06       7.735724974233618e-17
 2.07       9.461124232503141e-17
 2.08       1.1464998225649686e-16
 2.09       1.3777052105031268e-16
 2.10       1.6428715848025387e-16
 2.11       1.945316904500067e-16
 2.12       2.2885364775789e-16
 2.13       2.6762052616001355e-16
 2.14       3.1121800812567e-16
 2.15       3.600501766675157e-16
 2.16       4.145397216161884e-16
 2.17       4.751281386957802e-16
 2.18       5.422759217427078e-16
 2.19       6.164627483965689e-16
 2.20       6.981876595778954e-16
 2.21       7.879692330540206e-16
 2.22       8.863457513808153e-16
 2.23       9.938753644955198e-16
 2.24       1.1111362472228322e-15
 2.25       1.2387267519447834e-15
 2.26       1.377265556673174e-15
 2.27       1.5273918087518515e-15
 2.28       1.689765264406089e-15
 2.29       1.8650664243452545e-15
 2.30       2.053996665615981e-15
 2.31       2.2572783698930156e-15
 2.32       2.4756550483863245e-15
 2.33       2.7098914635345276e-15
 2.34       2.96077374764659e-15
 2.35       3.2291095186455233e-15
 2.36       3.515727993061373e-15
 2.37       3.821480096412778e-15
 2.38       4.1472385711102785e-15
 2.39       4.4938980820080804e-15
 2.40       4.86237531972455e-15
 2.41       5.253609101846484e-15
 2.42       5.668560472126615e-15
 2.43       6.1082127977774335e-15
 2.44       6.573571864962004e-15
 2.45       7.065665972574252e-15
 2.46       7.585546024399832e-15
 2.47       8.134285619742862e-15
 2.48       8.712981142598837e-15
 2.49       9.322751849453048e-15
 2.50       9.964739955776583e-15
 2.51       1.0640110721291058e-14
 2.52       1.1350052534068867e-14
 2.53       1.2095776993532582e-14
 2.54       1.2878518992414038e-14
 2.55       1.3699536797730538e-14
 2.56       1.4560112130834397e-14
 2.57       1.5461550246586578e-14
 2.58       1.6405180011705096e-14
 2.59       1.7392353982335948e-14
 2.60       1.84244484808905e-14
 2.61       1.9502863672194055e-14
 2.62       2.0629023638985274e-14
 2.63       2.180437645680546e-14
 2.64       2.303039426831574e-14
 2.65       2.4308573357076555e-14
 2.66       2.5640434220823504e-14
 2.67       2.702752164427124e-14
 2.68       2.847140477147659e-14
 2.69       2.997367717778868e-14
 2.70       3.153595694141471e-14
 2.71       3.3159886714627796e-14
 2.72       3.4847133794639926e-14
 2.73       3.659939019416681e-14
 2.74       3.841837271170348e-14
 2.75       4.030582300153712e-14
 2.76       4.226350764351171e-14
 2.77       4.429321821256903e-14
 2.78       4.6396771348080675e-14
 2.79       4.8576008822991943e-14
 2.80       5.0832797612791346e-14
 2.81       5.316902996432363e-14
 2.82       5.5586623464460426e-14
 2.83       5.808752110864336e-14
 2.84       6.067369136931212e-14
 2.85       6.334712826423281e-14
 2.86       6.610985142473501e-14
 2.87       6.896390616387387e-14
 2.88       7.191136354452427e-14
 2.89       7.495432044741925e-14
 2.90       7.809489963914282e-14
 2.91       8.133524984008567e-14
 2.92       8.467754579237474e-14
 2.93       8.812398832778076e-14
 2.94       9.16768044356176e-14
 2.95       9.53382473306356e-14
 2.96       9.911059652092026e-14
 2.97       1.0299615787580021e-13
 2.98       1.0699726369377097e-13
 2.99       1.1111627277044449e-13
 3.00       1.1535557046652272e-13
 3.01       1.1971756877580961e-13
 3.02       1.2420470639325813e-13
 3.03       1.2881944878306387e-13
 3.04       1.3356428824680517e-13
 3.05       1.3844174399163575e-13
 3.06       1.4345436219853505e-13
 3.07       1.4860471609061727e-13
 3.08       1.5389540600150526e-13
 3.09       1.5932905944376984e-13
 3.10       1.649083311774413e-13
 3.11       1.7063590327859243e-13
 3.12       1.7651448520799732e-13
 3.13       1.8254681387986958e-13
 3.14       1.887356537306781e-13
 3.15       1.9508379678804964e-13
 3.16       2.015940627397522e-13
 3.17       2.0826929900276867e-13
 3.18       2.1511238079245496e-13
 3.19       2.221262111917915e-13
 3.20       2.293137212207235e-13
 3.21       2.366778699055954e-13
 3.22       2.4422164434867947e-13
 3.23       2.519480597977985e-13
 3.24       2.5986015971604414e-13
 3.25       2.6796101585159496e-13
 3.26       2.762537283076285e-13
 3.27       2.847414256123343e-13
 3.28       2.9342726478902663e-13
 3.29       3.023144314263543e-13
 3.30       3.114061397486122e-13
 3.31       3.207056326861559e-13
 3.32       3.3021618194591077e-13
 3.33       3.399410880819901e-13
 3.34       3.4988368056640734e-13
 3.35       3.6004731785989584e-13
 3.36       3.70435387482826e-13
 3.37       3.8105130608622685e-13
 3.38       3.918985195229074e-13
 3.39       4.029805029186805e-13
 3.40       4.143007607436887e-13
 3.41       4.258628268838294e-13
 3.42       4.376702647122812e-13
 3.43       4.497266671611383e-13
 3.44       4.620356567931308e-13
 3.45       4.746008858734605e-13
 3.46       4.874260364417301e-13
 3.47       5.005148203839664e-13
 3.48       5.138709795047544e-13
 3.49       5.274982855994622e-13
 3.50       5.414005405265647e-13
 3.51       5.555815762800682e-13
 3.52       5.700452550620317e-13
 3.53       5.847954693551805e-13
 3.54       5.998361419956242e-13
 3.55       6.151712262456657e-13
 3.56       6.308047058667012e-13
 3.57       6.467405951922217e-13
 3.58       6.629829392009109e-13
 3.59       6.795358135898237e-13
 3.60       6.964033248476732e-13
 3.61       7.135896103281938e-13
 3.62       7.310988383236145e-13
 3.63       7.489352081382022e-13
 3.64       7.671029501619154e-13
 3.65       7.856063259441307e-13
 3.66       8.044496282674645e-13
 3.67       8.236371812216916e-13
 3.68       8.431733402777347e-13
 3.69       8.630624923617529e-13
 3.70       8.833090559293116e-13
 3.71       9.03917481039636e-13
 3.72       9.248922494299593e-13
 3.73       9.462378745899395e-13
 3.74       9.679589018361655e-13
 3.75       9.900599083867566e-13
 3.76       1.0125455034360275e-12
 3.77       1.035420328229242e-12
 3.78       1.0586890561374441e-12
 3.79       1.0823563927323802e-12
 3.80       1.1064270758614792e-12
 3.81       1.1309058757229277e-12
 3.82       1.1557975949408158e-12
 3.83       1.1811070686403656e-12
 3.84       1.206839164523224e-12
 3.85       1.2329987829428415e-12
 3.86       1.2595908569799188e-12
 3.87       1.2866203525179423e-12
 3.88       1.3140922683187602e-12
 3.89       1.3420116360982708e-12
 3.90       1.3703835206021514e-12
 3.91       1.3992130196816754e-12
 3.92       1.4285052643695952e-12
 3.93       1.4582654189560865e-12
 3.94       1.4884986810647814e-12
 3.95       1.5192102817288468e-12
 3.96       1.550405485467142e-12
 3.97       1.5820895903604537e-12
 3.98       1.6142679281277702e-12
 3.99       1.6469458642026422e-12
 4.00       1.680128797809612e-12
 4.01       1.7138221620406816e-12
 4.02       1.7480314239318687e-12
 4.03       1.7827620845398271e-12
 4.04       1.8180196790185016e-12
 4.05       1.853809776695879e-12
 4.06       1.8901379811507687e-12
 4.07       1.927009930289673e-12
 4.08       1.9644312964236954e-12
 4.09       2.002407786345513e-12
 4.10       2.0409451414064207e-12
 4.11       2.080049137593408e-12
 4.12       2.119725585606321e-12
 4.13       2.1599803309350633e-12
 4.14       2.2008192539368452e-12
 4.15       2.2422482699135314e-12
 4.16       2.2842733291889652e-12
 4.17       2.326900417186447e-12
 4.18       2.3701355545061727e-12
 4.19       2.413984797002796e-12
 4.20       2.45845423586299e-12
 4.21       2.5035499976831093e-12
 4.22       2.54927824454685e-12
 4.23       2.5956451741030157e-12
 4.24       2.6426570196432954e-12
 4.25       2.6903200501801107e-12
 4.26       2.738640570524496e-12
 4.27       2.78762492136404e-12
 4.28       2.8372794793408846e-12
 4.29       2.8876106571297448e-12
 4.30       2.938624903515994e-12
 4.31       2.9903287034737946e-12
 4.32       3.042728578244279e-12
 4.33       3.0958310854137487e-12
 4.34       3.14964281899197e-12
 4.35       3.2041704094904676e-12
 4.36       3.2594205240008706e-12
 4.37       3.315399866273331e-12
 4.38       3.3721151767949618e-12
 4.39       3.429573232868306e-12
 4.40       3.487780848689881e-12
 4.41       3.5467448754287416e-12
 4.42       3.6064722013050904e-12
 4.43       3.666969751668937e-12
 4.44       3.728244489078771e-12
 4.45       3.79030341338032e-12
 4.46       3.853153561785301e-12
 4.47       3.9168020089502485e-12
 4.48       3.981255867055354e-12
 4.49       4.0465222858833604e-12
 4.50       4.112608452898483e-12
 4.51       4.179521593325387e-12
 4.52       4.247268970228175e-12
 4.53       4.315857884589439e-12
 4.54       4.3852956753893216e-12
 4.55       4.455589719684649e-12
 4.56       4.526747432688043e-12
 4.57       4.598776267847143e-12
 4.58       4.671683716923812e-12
 4.59       4.745477310073351e-12
 4.60       4.820164615923861e-12
 4.61       4.895753241655463e-12
 4.62       4.972250833079766e-12
 4.63       5.049665074719145e-12
 4.64       5.128003689886242e-12
 4.65       5.207274440763366e-12
 4.66       5.287485128482003e-12
 4.67       5.368643593202327e-12
 4.68       5.450757714192724e-12
 4.69       5.533835409909418e-12
 4.70       5.617884638076037e-12
 4.71       5.702913395763246e-12
 4.72       5.788929719468476e-12
 4.73       5.875941685195552e-12
 4.74       5.9639574085344445e-12
 4.75       6.052985044741061e-12
 4.76       6.143032788816969e-12
 4.77       6.23410887558928e-12
 4.78       6.3262215797904265e-12
 4.79       6.419379216138081e-12
 4.80       6.513590139415021e-12
 4.81       6.608862744549086e-12
 4.82       6.7052054666930864e-12
 4.83       6.802626781304834e-12
 4.84       6.9011352042271105e-12
 4.85       7.0007392917676905e-12
 4.86       7.1014476407794634e-12
 4.87       7.203268888740436e-12
 4.88       7.30621171383387e-12
 4.89       7.410284835028446e-12
 4.90       7.515497012158392e-12
 4.91       7.62185704600367e-12
 4.92       7.729373778370165e-12
 4.93       7.838056092169977e-12
 4.94       7.947912911501586e-12
 4.95       8.058953201730228e-12
 4.96       8.171185969568115e-12
 4.97       8.2846202631548e-12
 4.98       8.39926517213752e-12
 4.99       8.515129827751565e-12
 5.00       8.632223402900684e-12
 5.01       8.750555112237458e-12
 5.02       8.87013421224376e-12
 5.03       8.990970001311285e-12
 5.04       9.11307181982186e-12
 5.05       9.236449050228138e-12
 5.06       9.361111117133964e-12
 5.07       9.48706748737503e-12
 5.08       9.614327670099357e-12
 5.09       9.74290121684795e-12
 5.10       9.872797721635316e-12
 5.11       1.0004026821030186e-11
 5.12       1.0136598194236074e-11
 5.13       1.027052156317199e-11
 5.14       1.0405806692553118e-11
 5.15       1.0542463389971503e-11
 5.16       1.0680501505976738e-11
 5.17       1.0819930934156788e-11
 5.18       1.0960761611218715e-11
 5.19       1.1103003517069367e-11
 5.20       1.1246666674896314e-11
 5.21       1.1391761151248574e-11
 5.22       1.1538297056117457e-11
 5.23       1.1686284543017395e-11
 5.24       1.1835733809066881e-11
 5.25       1.1986655095069257e-11
 5.26       1.2139058685593684e-11
 5.27       1.2292954909056015e-11
 5.28       1.2448354137799756e-11
 5.29       1.260526678817698e-11
 5.30       1.2763703320629364e-11
 5.31       1.2923674239769117e-11
 5.32       1.3085190094459957e-11
 5.33       1.3248261477898178e-11
 5.34       1.3412899027693658e-11
 5.35       1.3579113425950936e-11
 5.36       1.3746915399350208e-11
 5.37       1.3916315719228466e-11
 5.38       1.4087325201660569e-11
 5.39       1.425995470754031e-11
 5.40       1.443421514266163e-11
 5.41       1.4610117457799644e-11
 5.42       1.4787672648791935e-11
 5.43       1.4966891756619547e-11
 5.44       1.514778586748832e-11
 5.45       1.5330366112909968e-11
 5.46       1.551464366978337e-11
 5.47       1.570062976047578e-11
 5.48       1.588833565290397e-11
 5.49       1.607777266061563e-11
 5.50       1.6268952142870517e-11
 5.51       1.646188550472179e-11
 5.52       1.6656584197097278e-11
 5.53       1.685305971688074e-11
 5.54       1.705132360699332e-11
 5.55       1.7251387456474688e-11
 5.56       1.7453262900564536e-11
 5.57       1.7656961620783838e-11
 5.58       1.7862495345016267e-11
 5.59       1.806987584758959e-11
 5.60       1.827911494935693e-11
 5.61       1.8490224517778395e-11
 5.62       1.870321646700225e-11
 5.63       1.891810275794654e-11
 5.64       1.913489539838041e-11
 5.65       1.9353606443005612e-11
 5.66       1.9574247993537968e-11
 5.67       1.979683219878875e-11
 5.68       2.0021371254746337e-11
 5.69       2.024787740465756e-11
 5.70       2.0476362939109255e-11
 5.71       2.070684019610984e-11
 5.72       2.093932156117077e-11
 5.73       2.1173819467388114e-11
 5.74       2.1410346395524048e-11
 5.75       2.164891487408857e-11
 5.76       2.1889537479420828e-11
 5.77       2.213222683577097e-11
 5.78       2.2376995615381484e-11
 5.79       2.2623856538569085e-11
 5.80       2.2872822373806032e-11
 5.81       2.3123905937801898e-11
 5.82       2.3377120095585278e-11
 5.83       2.3632477760585263e-11
 5.84       2.3889991894713233e-11
 5.85       2.4149675508444456e-11
 5.86       2.441154166089966e-11
 5.87       2.4675603459927058e-11
 5.88       2.4941874062183602e-11
 5.89       2.521036667321689e-11
 5.90       2.5481094547546995e-11
 5.91       2.5754070988747923e-11
 5.92       2.6029309349529593e-11
 5.93       2.630682303181938e-11
 5.94       2.6586625486843966e-11
 5.95       2.6868730215211044e-11
 5.96       2.715315076699116e-11
 5.97       2.743990074179933e-11
 5.98       2.772899378887705e-11
 5.99       2.802044360717385e-11
 6.00       2.8314263945429195e-11
 6.01       2.8610468602254362e-11
 6.02       2.8909071426214107e-11
 6.03       2.921008631590861e-11
 6.04       2.9513527220055256e-11
 6.05       2.981940813757043e-11
 6.06       3.0127743117651494e-11
 6.07       3.043854625985847e-11
 6.08       3.0751831714196e-11
 6.09       3.106761368119528e-11
 6.10       3.1385906411995725e-11
 6.11       3.170672420842713e-11
 6.12       3.203008142309134e-11
 6.13       3.235599245944426e-11
 6.14       3.2684471771877675e-11
 6.15       3.3015533865801364e-11
 6.16       3.3349193297724765e-11
 6.17       3.3685464675339004e-11
 6.18       3.4024362657598965e-11
 6.19       3.4365901954805e-11
 6.20       3.471009732868516e-11
 6.21       3.505696359247677e-11
 6.22       3.5406515611008807e-11
 6.23       3.5758768300783473e-11
 6.24       3.6113736630058694e-11
 6.25       3.6471435618929537e-11
 6.26       3.6831880339410516e-11
 6.27       3.719508591551748e-11
 6.28       3.7561067523349845e-11
 6.29       3.7929840391172216e-11
 6.30       3.830141979949682e-11
 6.31       3.867582108116509e-11
 6.32       3.9053059621430194e-11
 6.33       3.943315085803869e-11
 6.34       3.981611028131254e-11
 6.35       4.020195343231251e-11
 6.36       4.059069591059375e-11
 6.37       4.0982353362780716e-11
 6.38       4.137694149031813e-11
 6.39       4.17744760476369e-11
 6.40       4.217497284223552e-11
 6.41       4.257844773476291e-11
 6.42       4.298491663909976e-11
 6.43       4.3394395522441144e-11
 6.44       4.3806900405378486e-11
 6.45       4.422244736198149e-11
 6.46       4.464105251988058e-11
 6.47       4.5062732060348646e-11
 6.48       4.548750221838351e-11
 6.49       4.591537928278989e-11
 6.50       4.634637959626148e-11
 6.51       4.678051955546327e-11
 6.52       4.7217815611113396e-11
 6.53       4.7658284268065776e-11
 6.54       4.810194208539173e-11
 6.55       4.854880567646245e-11
 6.56       4.899889170903129e-11
 6.57       4.945221690531541e-11
 6.58       4.9908798042078525e-11
 6.59       5.036865195071294e-11
 6.60       5.0831795517321504e-11
 6.61       5.1298245682799863e-11
 6.62       5.1768019442918964e-11
 6.63       5.224113384840706e-11
 6.64       5.271760600503182e-11
 6.65       5.319745307368235e-11
 6.66       5.368069227045225e-11
 6.67       5.4167340866720804e-11
 6.68       5.4657416189235915e-11
 6.69       5.515093562019597e-11
 6.70       5.564791659733238e-11
 6.71       5.614837661399128e-11
 6.72       5.66523332192166e-11
 6.73       5.7159804017831496e-11
 6.74       5.7670831833344195e-11
 6.75       5.818535889391444e-11
 6.76       5.870347846066736e-11
 6.77       5.922518319954381e-11
 6.78       5.975049099549885e-11
 6.79       6.027941978976092e-11
 6.80       6.081198757991336e-11
 6.81       6.13482124199778e-11
 6.82       6.188811242049556e-11
 6.83       6.243170574861036e-11
 6.84       6.297901062815056e-11
 6.85       6.353004533971141e-11
 6.86       6.408482822073726e-11
 6.87       6.464337766560405e-11
 6.88       6.520571212570167e-11
 6.89       6.577185010951604e-11
 6.90       6.634181018271157e-11
 6.91       6.691561096821338e-11
 6.92       6.749327114628995e-11
 6.93       6.807480945463481e-11
 6.94       6.866024468844975e-11
 6.95       6.92495957005262e-11
 6.96       6.984288140132855e-11
 6.97       7.044012075907561e-11
 6.98       7.10413327998236e-11
 6.99       7.164653660754808e-11
 7.00       7.225575132422675e-11
 7.01       7.286899614992118e-11
 7.02       7.348629034285984e-11
 7.03       7.410765321952016e-11
 7.04       7.473310415471065e-11
 7.05       7.536266258165389e-11
 7.06       7.599634799206828e-11
 7.07       7.663417993625094e-11
 7.08       7.727617802315958e-11
 7.09       7.792236192049557e-11
 7.10       7.857275135478534e-11
 7.11       7.922736611146394e-11
 7.12       7.988622603495654e-11
 7.13       8.054935102876136e-11
 7.14       8.12167610555316e-11
 7.15       8.188847613715835e-11
 7.16       8.256451635485268e-11
 7.17       8.324490184922811e-11
 7.18       8.392965282038321e-11
 7.19       8.461878952798385e-11
 7.20       8.531233229134536e-11
 7.21       8.601030148951561e-11
 7.22       8.671271756135703e-11
 7.23       8.741960100562888e-11
 7.24       8.813097238107013e-11
 7.25       8.884685230648147e-11
 7.26       8.95672614608082e-11
 7.27       9.0292220583222e-11
 7.28       9.102175047320431e-11
 7.29       9.175587199062807e-11
 7.30       9.249460605584018e-11
 7.31       9.32379736497445e-11
 7.32       9.398599581388389e-11
 7.33       9.473869365052246e-11
 7.34       9.549608832272857e-11
 7.35       9.625820105445719e-11
 7.36       9.702505313063188e-11
 7.37       9.779666589722801e-11
 7.38       9.857306076135431e-11
 7.39       9.93542591913366e-11
 7.40       1.0014028271679899e-10
 7.41       1.0093115292874721e-10
 7.42       1.017268914796506e-10
 7.43       1.0252752008352514e-10
 7.44       1.0333306051601517e-10
 7.45       1.0414353461447665e-10
 7.46       1.0495896427805945e-10
 7.47       1.0577937146778952e-10
 7.48       1.0660477820665168e-10
 7.49       1.074352065796719e-10
 7.50       1.082706787340003e-10
 7.51       1.0911121687899309e-10
 7.52       1.0995684328629536e-10
 7.53       1.1080758028992354e-10
 7.54       1.11663450286348e-10
 7.55       1.1252447573457557e-10
 7.56       1.1339067915623172e-10
 7.57       1.1426208313564359e-10
 7.58       1.151387103199221e-10
 7.59       1.1602058341904502e-10
 7.60       1.1690772520593867e-10
 7.61       1.1780015851656144e-10
 7.62       1.1869790624998518e-10
 7.63       1.1960099136847884e-10
 7.64       1.205094368975906e-10
 7.65       1.2142326592623e-10
 7.66       1.2234250160675102e-10
 7.67       1.2326716715503461e-10
 7.68       1.2419728585057077e-10
 7.69       1.251328810365415e-10
 7.70       1.2607397611990327e-10
 7.71       1.2702059457146968e-10
 7.72       1.2797275992599377e-10
 7.73       1.28930495782251e-10
 7.74       1.2989382580312065e-10
 7.75       1.308627737156705e-10
 7.76       1.318373633112374e-10
 7.77       1.3281761844551045e-10
 7.78       1.338035630386143e-10
 7.79       1.3479522107519063e-10
 7.80       1.357926166044815e-10
 7.81       1.367957737404115e-10
 7.82       1.3780471666167042e-10
 7.83       1.3881946961179644e-10
 7.84       1.398400568992573e-10
 7.85       1.4086650289753438e-10
 7.86       1.418988320452043e-10
 7.87       1.4293706884602238e-10
 7.88       1.4398123786900373e-10
 7.89       1.4503136374850822e-10
 7.90       1.4608747118432012e-10
 7.91       1.4714958494173328e-10
 7.92       1.4821772985163262e-10
 7.93       1.4929193081057628e-10
 7.94       1.503722127808793e-10
 7.95       1.514586007906954e-10
 7.96       1.525511199340996e-10
 7.97       1.5364979537117173e-10
 7.98       1.5475465232807798e-10
 7.99       1.5586571609715364e-10
 8.00       1.5698301203698657e-10
 8.01       1.5810656557249864e-10
 8.02       1.5923640219502945e-10
 8.03       1.603725474624184e-10
 8.04       1.6151502699908662e-10
 8.05       1.6266386649612122e-10
 8.06       1.6381909171135665e-10
 8.07       1.6498072846945722e-10
 8.08       1.6614880266200087e-10
 8.09       1.6732334024756085e-10
 8.10       1.6850436725178807e-10
 8.11       1.6969190976749552e-10
 8.12       1.7088599395473812e-10
 8.13       1.7208664604089784e-10
 8.14       1.732938923207656e-10
 8.15       1.7450775915662236e-10
 8.16       1.757282729783242e-10
 8.17       1.769554602833841e-10
 8.18       1.7818934763705297e-10
 8.19       1.7942996167240482e-10
 8.20       1.8067732909041724e-10
 8.21       1.8193147666005646e-10
 8.22       1.8319243121835694e-10
 8.23       1.8446021967050664e-10
 8.24       1.8573486898992828e-10
 8.25       1.8701640621836242e-10
 8.26       1.8830485846594992e-10
 8.27       1.8960025291131541e-10
 8.28       1.909026168016485e-10
 8.29       1.9221197745278752e-10
 8.30       1.935283622493016e-10
 8.31       1.9485179864457415e-10
 8.32       1.9618231416088453e-10
 8.33       1.9751993638949125e-10
 8.34       1.988646929907147e-10
 8.35       2.0021661169401919e-10
 8.36       2.0157572029809682e-10
 8.37       2.0294204667094877e-10
 8.38       2.0431561874996851e-10
 8.39       2.0569646454202532e-10
 8.40       2.0708461212354573e-10
 8.41       2.0848008964059618e-10
 8.42       2.0988292530896714e-10
 8.43       2.1129314741425426e-10
 8.44       2.1271078431194167e-10
 8.45       2.1413586442748473e-10
 8.46       2.1556841625639246e-10
 8.47       2.1700846836431066e-10
 8.48       2.184560493871036e-10
 8.49       2.199111880309377e-10
 8.50       2.2137391307236454e-10
 8.51       2.2284425335840185e-10
 8.52       2.2432223780661817e-10
 8.53       2.258078954052138e-10
 8.54       2.2730125521310524e-10
 8.55       2.2880234636000554e-10
 8.56       2.3031119804650971e-10
 8.57       2.3182783954417585e-10
 8.58       2.333523001956077e-10
 8.59       2.348846094145381e-10
 8.60       2.3642479668591067e-10
 8.61       2.37972891565964e-10
 8.62       2.395289236823129e-10
 8.63       2.410929227340325e-10
 8.64       2.426649184917388e-10
 8.65       2.4424494079767395e-10
 8.66       2.4583301956578723e-10
 8.67       2.4742918478181817e-10
 8.68       2.4903346650337987e-10
 8.69       2.5064589486004034e-10
 8.70       2.5226650005340694e-10
 8.71       2.538953123572072e-10
 8.72       2.55532362117374e-10
 8.73       2.5717767975212477e-10
 8.74       2.588312957520481e-10
 8.75       2.60493240680184e-10
 8.76       2.6216354517210653e-10
 8.77       2.638422399360077e-10
 8.78       2.6552935575278035e-10
 8.79       2.6722492347609917e-10
 8.80       2.689289740325044e-10
 8.81       2.7064153842148606e-10
 8.82       2.723626477155632e-10
 8.83       2.740923330603701e-10
 8.84       2.758306256747366e-10
 8.85       2.775775568507726e-10
 8.86       2.793331579539494e-10
 8.87       2.8109746042318276e-10
 8.88       2.828704957709165e-10
 8.89       2.846522955832041e-10
 8.90       2.8644289151979134e-10
 8.91       2.882423153142011e-10
 8.92       2.900505987738129e-10
 8.93       2.9186777377994816e-10
 8.94       2.9369387228795187e-10
 8.95       2.9552892632727605e-10
 8.96       2.973729680015606e-10
 8.97       2.9922602948871853e-10
 8.98       3.0108814304101757e-10
 8.99       3.0295934098516246e-10
 9.00       3.04839655722378e-10
 9.01       3.067291197284921e-10
 9.02       3.0862776555401856e-10
 9.03       3.105356258242393e-10
 9.04       3.124527332392871e-10
 9.05       3.143791205742295e-10
 9.06       3.1631482067914985e-10
 9.07       3.182598664792311e-10
 9.08       3.202142909748382e-10
 9.09       3.2217812724160113e-10
 9.10       3.2415140843049757e-10
 9.11       3.261341677679357e-10
 9.12       3.281264385558357e-10
 9.13       3.3012825417171527e-10
 9.14       3.321396480687691e-10
 9.15       3.341606537759548e-10
 9.16       3.36191304898073e-10
 9.17       3.382316351158509e-10
 9.18       3.4028167818602624e-10
 9.19       3.4234146794142855e-10
 9.20       3.444110382910632e-10
 9.21       3.464904232201924e-10
 9.22       3.4857965679041937e-10
 9.23       3.506787731397717e-10
 9.24       3.5278780648278083e-10
 9.25       3.5490679111056963e-10
 9.26       3.5703576139093157e-10
 9.27       3.5917475176841395e-10
 9.28       3.61323796764402e-10
 9.29       3.6348293097720046e-10
 9.30       3.656521890821177e-10
 9.31       3.6783160583154696e-10
 9.32       3.7002121605504867e-10
 9.33       3.72221054659436e-10
 9.34       3.7443115662885526e-10
 9.35       3.766515570248684e-10
 9.36       3.788822909865384e-10
 9.37       3.8112339373050865e-10
 9.38       3.8337490055108887e-10
 9.39       3.856368468203351e-10
 9.40       3.8790926798813443e-10
 9.41       3.9019219958228656e-10
 9.42       3.924856772085886e-10
 9.43       3.947897365509143e-10
 9.44       3.9710441337130006e-10
 9.45       3.9942974351002617e-10
 9.46       4.01765762885701e-10
 9.47       4.041125074953408e-10
 9.48       4.064700134144558e-10
 9.49       4.0883831679713125e-10
 9.50       4.112174538761104e-10
 9.51       4.136074609628774e-10
 9.52       4.160083744477403e-10
 9.53       4.184202307999129e-10
 9.54       4.208430665676e-10
 9.55       4.2327691837807557e-10
 9.56       4.2572182293777134e-10
 9.57       4.281778170323549e-10
 9.58       4.306449375229224e-10
 9.59       4.331232213616398e-10
 9.60       4.3561270556850207e-10
 9.61       4.381134272469557e-10
 9.62       4.406254235800981e-10
 9.63       4.431487318307613e-10
 9.64       4.4568338934159397e-10
 9.65       4.482294335351455e-10
 9.66       4.507869019139469e-10
 9.67       4.533558320605964e-10
 9.68       4.55936261637838e-10
 9.69       4.5852822838864844e-10
 9.70       4.611317701363175e-10
 9.71       4.637469247845326e-10
 9.72       4.663737303174587e-10
 9.73       4.690122247998246e-10
 9.74       4.716624463770037e-10
 9.75       4.743244332750966e-10
 9.76       4.769982238010153e-10
 9.77       4.79683856342564e-10
 9.78       4.82381369368525e-10
 9.79       4.850908014287371e-10
 9.80       4.878121911541819e-10
 9.81       4.905455772570673e-10
 9.82       4.932909985309055e-10
 9.83       4.960484938506004e-10
 9.84       4.988181021725293e-10
 9.85       5.015998625346243e-10
 9.86       5.043938140564561e-10
 9.87       5.07199995939317e-10
 9.88       5.100184474663043e-10
 9.89       5.128492080024009e-10
 9.90       5.156923169945596e-10
 9.91       5.185478139717865e-10
 9.92       5.21415738545222e-10
 9.93       5.242961304082262e-10
 9.94       5.271890293364578e-10
 9.95       5.300944751879623e-10
 9.96       5.330125079032491e-10
 9.97       5.359431675053778e-10
 9.98       5.388864941000408e-10
 9.99       5.418425278756452e-10
