 0.01       0         
 0.02       0         
 0.03       0         
 0.04       0         
 0.05       0         
 0.06       0         
 0.07       0         
 0.08       0         
 0.09       0         
 0.10       0         
 0.11       0         
 0.12       0         
 0.13       0         
 0.14       0         
 0.15       0         
 0.16       0         
 0.17       0         
 0.18       0         
 0.19       0         
 0.20       0         
 0.21       0         
 0.22       0         
 0.23       0         
 0.24       0         
 0.25       0         
 0.26       0         
 0.27       0         
 0.28       0         
 0.29       0         
 0.30       0         
 0.31       0         
 0.32       0         
 0.33       0         
 0.34       0         
 0.35       0         
 0.36       0         
 0.37       0         
 0.38       0         
 0.39       0         
 0.40       0         
 0.41       0         
 0.42       0         
 0.43       0         
 0.44       0         
 0.45       0         
 0.46       0         
 0.47       0         
 0.48       0         
 0.49       0         
 0.50       0         
 0.51       0         
 0.52       0         
 0.53       0         
 0.54       0         
 0.55       0         
 0.56       0         
 0.57       0         
 0.58       0         
 0.59       0         
 0.60       0         
 0.61       0         
 0.62       0         
 0.63       0         
 0.64       0         
 0.65       0         
 0.66       0         
 0.67       0         
 0.68       0         
 0.69       0         
 0.70       0         
 0.71       0         
 0.72       0         
 0.73       0         
 0.74       0         
 0.75       0         
 0.76       0         
 0.77       0         
 0.78       0         
 0.79       0         
 0.80       0         
 0.81       0         
 0.82       0         
 0.83       0         
 0.84       0         
 0.85       0         
 0.86       0         
 0.87       0         
 0.88       0         
 0.89       0         
 0.90       0         
 0.91       0         
 0.92       0         
 0.93       0         
 0.94       0         
 0.95       0         
 0.96       0         
 0.97       0         
 0.98       0         
 0.99       0         
 1.00       0         
 1.01       0         
 1.02       0         
 1.03       0         
 1.04       0         
 1.05       0         
 1.06       0         
 1.07       0         
 1.08       0         
 1.09       0         
 1.10       0         
 1.11       0         
 1.12       0         
 1.13       0         
 1.14       0         
 1.15       0         
 1.16       0         
 1.17       0         
 1.18       0         
 1.19       0         
 1.20       0         
 1.21       0         
 1.22       0         
 1.23       0         
 1.24       0         
 1.25       0         
 1.26       0         
 1.27       0         
 1.28       0         
 1.29       0         
 1.30       0         
 1.31       0         
 1.32       0         
 1.33       0         
 1.34       0         
 1.35       0         
 1.36       0         
 1.37       0         
 1.38       0         
 1.39       0         
 1.40       0         
 1.41       0         
 1.42       0         
 1.43       0         
 1.44       0         
 1.45       0         
 1.46       0         
 1.47       0         
 1.48       0         
 1.49       0         
 1.50       0         
 1.51       0         
 1.52       0         
 1.53       0         
 1.54       0         
 1.55       0         
 1.56       0         
 1.57       0         
 1.58       0         
 1.59       0         
 1.60       0         
 1.61       0         
 1.62       0         
 1.63       0         
 1.64       0         
 1.65       0         
 1.66       0         
 1.67       0         
 1.68       0         
 1.69       0         
 1.70       0         
 1.71       0         
 1.72       0         
 1.73       0         
 1.74       0         
 1.75       0         
 1.76       0         
 1.77       0         
 1.78       0         
 1.79       0         
 1.80       0         
 1.81       0         
 1.82       0         
 1.83       0         
 1.84       0         
 1.85       0         
 1.86       0         
 1.87       0         
 1.88       0         
 1.89       0         
 1.90       0         
 1.91       0         
 1.92       0         
 1.93       0         
 1.94       0         
 1.95       0         
 1.96       0         
 1.97       0         
 1.98       0         
 1.99       0         
 2.00       0         
 2.01       0         
 2.02       0         
 2.03       0         
 2.04       0         
 2.05       0         
 2.06       0         
 2.07       0         
 2.08       0         
 2.09       0         
 2.10       0         
 2.11       0         
 2.12       0         
 2.13       0         
 2.14       0         
 2.15       0         
 2.16       0         
 2.17       0         
 2.18       0         
 2.19       0         
 2.20       0         
 2.21       0         
 2.22       0         
 2.23       0         
 2.24       0         
 2.25       0         
 2.26       0         
 2.27       0         
 2.28       0         
 2.29       0         
 2.30       0         
 2.31       0         
 2.32       0         
 2.33       0         
 2.34       0         
 2.35       0         
 2.36       0         
 2.37       0         
 2.38       0         
 2.39       0         
 2.40       0         
 2.41       0         
 2.42       0         
 2.43       0         
 2.44       0         
 2.45       0         
 2.46       0         
 2.47       0         
 2.48       0         
 2.49       0         
 2.50       0         
 2.51       0         
 2.52       0         
 2.53       0         
 2.54       0         
 2.55       0         
 2.56       0         
 2.57       0         
 2.58       0         
 2.59       0         
 2.60       0         
 2.61       0         
 2.62       0         
 2.63       0         
 2.64       0         
 2.65       0         
 2.66       0         
 2.67       0         
 2.68       0         
 2.69       0         
 2.70       0         
 2.71       0         
 2.72       0         
 2.73       0         
 2.74       0         
 2.75       0         
 2.76       0         
 2.77       0         
 2.78       0         
 2.79       0         
 2.80       0         
 2.81       0         
 2.82       0         
 2.83       0         
 2.84       0         
 2.85       0         
 2.86       0         
 2.87       0         
 2.88       0         
 2.89       0         
 2.90       0         
 2.91       0         
 2.92       0         
 2.93       0         
 2.94       0         
 2.95       0         
 2.96       0         
 2.97       0         
 2.98       0         
 2.99       0         
 3.00       0         
 3.01       6.655713599444759e-20
 3.02       7.543502394434835e-19
 3.03       3.1235661502109294e-18
 3.04       8.564494426220918e-18
 3.05       1.87348344461392e-17
 3.06       3.552577459300041e-17
 3.07       6.103988384014975e-17
 3.08       9.757502990365305e-17
 3.09       1.4761217974772043e-16
 3.10       2.1380610928194747e-16
 3.11       2.989772066425322e-16
 3.12       4.0610512043728946e-16
 3.13       5.383234421196286e-16
 3.14       6.989146582837224e-16
 3.15       8.913062465772059e-16
 3.16       1.1190670287597097e-15
 3.17       1.3859039862804287e-15
 3.18       1.6956594232609283e-15
 3.19       2.05230842315365e-15
 3.20       2.4599565561801486e-15
 3.21       2.9228378028473035e-15
 3.22       3.445312665135303e-15
 3.23       4.031866441861183e-15
 3.24       4.687107648597716e-15
 3.25       5.415766565625353e-15
 3.26       6.222693899895886e-15
 3.27       7.112859549023608e-15
 3.28       8.091351456994449e-15
 3.29       9.16337455267459e-15
 3.30       1.0334249763354691e-14
 3.31       1.1609413096544553e-14
 3.32       1.2994414784052283e-14
 3.33       1.4494918483084968e-14
 3.34       1.6116700529706945e-14
 3.35       1.7865649240505232e-14
 3.36       1.9747764258758023e-14
 3.37       2.1769155941786548e-14
 3.38       2.3936044786507508e-14
 3.39       2.6254760890496536e-14
 3.40       2.8731743446131736e-14
 3.41       3.1373540265612183e-14
 3.42       3.41868073348506e-14
 3.43       3.717830839440929e-14
 3.44       4.035491454582075e-14
 3.45       4.3723603881756815e-14
 3.46       4.729146113865574e-14
 3.47       5.1065677370514146e-14
 3.48       5.505354964266429e-14
 3.49       5.926248074443563e-14
 3.50       6.369997891970106e-14
 3.51       6.83736576143602e-14
 3.52       7.329123523990115e-14
 3.53       7.846053495222897e-14
 3.54       8.38894844450139e-14
 3.55       8.958611575685775e-14
 3.56       9.5558565091629e-14
 3.57       1.018150726513532e-13
 3.58       1.0836398248109455e-13
 3.59       1.152137423252886e-13
 3.60       1.2237290349503046e-13
 3.61       1.2985012074583805e-13
 3.62       1.3765415216546673e-13
 3.63       1.457938590713382e-13
 3.64       1.542782059171988e-13
 3.65       1.631162602086534e-13
 3.66       1.7231719242719374e-13
 3.67       1.8189027596241616e-13
 3.68       1.9184488705211218e-13
 3.69       2.021905047299246e-13
 3.70       2.1293671078030316e-13
 3.71       2.2409318970047974e-13
 3.72       2.356697286692297e-13
 3.73       2.4767621752215666e-13
 3.74       2.601226487332821e-13
 3.75       2.7301911740274263e-13
 3.76       2.863758212503483e-13
 3.77       3.0020306061483375e-13
 3.78       3.145112384586126e-13
 3.79       3.293108603778462e-13
 3.80       3.446125346176523e-13
 3.81       3.604269720923035e-13
 3.82       3.76764986410257e-13
 3.83       3.9363749390384514e-13
 3.84       4.110555136635103e-13
 3.85       4.2903016757643835e-13
 3.86       4.475726803694401e-13
 3.87       4.666943796559869e-13
 3.88       4.864066959872493e-13
 3.89       5.06721162907041e-13
 3.90       5.276494170105538e-13
 3.91       5.492031980067588e-13
 3.92       5.713943487843976e-13
 3.93       5.942348154814473e-13
 3.94       6.177366475579549e-13
 3.95       6.419119978721803e-13
 3.96       6.667731227599242e-13
 3.97       6.923323821169719e-13
 3.98       7.186022394845745e-13
 3.99       7.455952621378754e-13
 4.00       7.733241211772184e-13
 4.01       8.01801591622251e-13
 4.02       8.310405525087586e-13
 4.03       8.61053986988161e-13
 4.04       8.918549824295966e-13
 4.05       9.234567305245395e-13
 4.06       9.558725273938828e-13
 4.07       9.891157736974136e-13
 4.08       1.0231999747456649e-12
 4.09       1.0581387406140182e-12
 4.10       1.0939457862590716e-12
 4.11       1.1306349316371692e-12
 4.12       1.1682201018250834e-12
 4.13       1.2067153271427456e-12
 4.14       1.2461347432780464e-12
 4.15       1.2864925914135773e-12
 4.16       1.3278032183553507e-12
 4.17       1.370081076663396e-12
 4.18       1.4133407247841892e-12
 4.19       1.4575968271849458e-12
 4.20       1.5028641544896267e-12
 4.21       1.5491575836167033e-12
 4.22       1.5964920979186054e-12
 4.23       1.6448827873228326e-12
 4.24       1.6943448484746775e-12
 4.25       1.7448935848815425e-12
 4.26       1.7965444070587761e-12
 4.27       1.8493128326770656e-12
 4.28       1.903214486711297e-12
 4.29       1.9582651015908496e-12
 4.30       2.0144805173513444e-12
 4.31       2.0718766817877762e-12
 4.32       2.1304696506089787e-12
 4.33       2.190275587593452e-12
 4.34       2.2513107647465184e-12
 4.35       2.313591562458722e-12
 4.36       2.3771344696654877e-12
 4.37       2.441956084008014e-12
 4.38       2.5080731119953843e-12
 4.39       2.5755023691678624e-12
 4.40       2.644260780261295e-12
 4.41       2.7143653793727086e-12
 4.42       2.7858333101269876e-12
 4.43       2.858681825844648e-12
 4.44       2.9329282897106542e-12
 4.45       3.0085901749443542e-12
 4.46       3.085685064970349e-12
 4.47       3.1642306535904385e-12
 4.48       3.2442447451565197e-12
 4.49       3.325745254744482e-12
 4.50       3.4087502083290126e-12
 4.51       3.493277742959393e-12
 4.52       3.579346106936119e-12
 4.53       3.666973659988539e-12
 4.54       3.7561788734532656e-12
 4.55       3.8469803304535186e-12
 4.56       3.939396726079275e-12
 4.57       4.033446867568284e-12
 4.58       4.129149674487881e-12
 4.59       4.226524178917587e-12
 4.60       4.325589525632563e-12
 4.61       4.426364972287739e-12
 4.62       4.528869889602827e-12
 4.63       4.633123761547905e-12
 4.64       4.7391461855299166e-12
 4.65       4.846956872579807e-12
 4.66       4.9565756475403144e-12
 4.67       5.068022449254554e-12
 4.68       5.1813173307552315e-12
 4.69       5.296480459454537e-12
 4.70       5.413532117334646e-12
 4.71       5.532492701138982e-12
 4.72       5.653382722564013e-12
 4.73       5.776222808451693e-12
 4.74       5.901033700982538e-12
 4.75       6.027836257869319e-12
 4.76       6.156651452551292e-12
 4.77       6.2875003743890324e-12
 4.78       6.420404228859883e-12
 4.79       6.555384337753939e-12
 4.80       6.692462139370533e-12
 4.81       6.831659188715337e-12
 4.82       6.97299715769797e-12
 4.83       7.116497835330146e-12
 4.84       7.262183127924285e-12
 4.85       7.410075059292713e-12
 4.86       7.5601957709473e-12
 4.87       7.712567522299622e-12
 4.88       7.867212690861549e-12
 4.89       8.024153772446462e-12
 4.90       8.183413381370696e-12
 4.91       8.345014250655665e-12
 4.92       8.508979232230319e-12
 4.93       8.675331297134072e-12
 4.94       8.8440935357202e-12
 4.95       9.0152891578596e-12
 4.96       9.188941493145052e-12
 4.97       9.365073991095868e-12
 4.98       9.543710221362902e-12
 4.99       9.724873873934037e-12
 5.00       9.90858875934004e-12
 5.01       1.0094878808860765e-11
 5.02       1.0283768074731873e-11
 5.03       1.0475280730351746e-11
 5.04       1.0669441070488917e-11
 5.05       1.0866273511489814e-11
 5.06       1.1065802591486842e-11
 5.07       1.126805297060692e-11
 5.08       1.1473049431180201e-11
 5.09       1.168081687794926e-11
 5.10       1.1891380338278708e-11
 5.11       1.2104764962364817e-11
 5.12       1.2320996023445878e-11
 5.13       1.2540098918012514e-11
 5.14       1.2762099166018703e-11
 5.15       1.2987022411092649e-11
 5.16       1.3214894420748445e-11
 5.17       1.344574108659759e-11
 5.18       1.3679588424561215e-11
 5.19       1.3916462575082265e-11
 5.20       1.4156389803338244e-11
 5.21       1.4399396499453997e-11
 5.22       1.4645509178714996e-11
 5.23       1.4894754481780783e-11
 5.24       1.5147159174898702e-11
 5.25       1.540275015011795e-11
 5.26       1.5661554425503697e-11
 5.27       1.592359914535194e-11
 5.28       1.6188911580403942e-11
 5.29       1.6457519128061614e-11
 5.30       1.672944931260249e-11
 5.31       1.700472978539564e-11
 5.32       1.7283388325117147e-11
 5.33       1.7565452837966326e-11
 5.34       1.7850951357881955e-11
 5.35       1.8139912046758736e-11
 5.36       1.8432363194664125e-11
 5.37       1.8728333220055156e-11
 5.38       1.902785066999578e-11
 5.39       1.9330944220374093e-11
 5.40       1.9637642676120232e-11
 5.41       1.9947974971423857e-11
 5.42       2.0261970169952454e-11
 5.43       2.0579657465069527e-11
 5.44       2.0901066180053065e-11
 5.45       2.122622576831409e-11
 5.46       2.1555165813615715e-11
 5.47       2.1887916030292007e-11
 5.48       2.2224506263467425e-11
 5.49       2.2564966489275973e-11
 5.50       2.2909326815081358e-11
 5.51       2.32576174796961e-11
 5.52       2.36098688536021e-11
 5.53       2.3966111439170524e-11
 5.54       2.4326375870882406e-11
 5.55       2.4690692915548847e-11
 5.56       2.5059093472531964e-11
 5.57       2.543160857396576e-11
 5.58       2.580826938497703e-11
 5.59       2.6189107203906694e-11
 5.60       2.6574153462531147e-11
 5.61       2.696343972628373e-11
 5.62       2.7356997694476545e-11
 5.63       2.7754859200522195e-11
 5.64       2.8157056212155823e-11
 5.65       2.8563620831657393e-11
 5.66       2.8974585296073844e-11
 5.67       2.938998197744154e-11
 5.68       2.980984338300909e-11
 5.69       3.023420215545991e-11
 5.70       3.066309107313501e-11
 5.71       3.109654305025646e-11
 5.72       3.153459113715203e-11
 5.73       3.1977268520470535e-11
 5.74       3.2424608523419607e-11
 5.75       3.2876644605976686e-11
 5.76       3.333341036511822e-11
 5.77       3.379493953504248e-11
 5.78       3.426126598739362e-11
 5.79       3.473242373148584e-11
 5.80       3.520844691452765e-11
 5.81       3.568936982184607e-11
 5.82       3.617522687711115e-11
 5.83       3.666605264256061e-11
 5.84       3.7161881819224555e-11
 5.85       3.7662749247150425e-11
 5.86       3.8168689905627625e-11
 5.87       3.867973891341293e-11
 5.88       3.919593152895536e-11
 5.89       3.97173031506219e-11
 5.90       4.0243889316922585e-11
 5.91       4.077572570673583e-11
 5.92       4.131284813953449e-11
 5.93       4.18552925756114e-11
 5.94       4.2403095116305064e-11
 5.95       4.295629200422584e-11
 5.96       4.351491962348168e-11
 5.97       4.407901449990467e-11
 5.98       4.4648613301276895e-11
 5.99       4.522375283755681e-11
 6.00       4.580447006110603e-11
 6.01       4.639080206691541e-11
 6.02       4.6982786092831806e-11
 6.03       4.758045951978505e-11
 6.04       4.8183859872014474e-11
 6.05       4.879302481729583e-11
 6.06       4.940799216716845e-11
 6.07       5.0028799877162095e-11
 6.08       5.06554860470244e-11
 6.09       5.128808892094785e-11
 6.10       5.192664688779734e-11
 6.11       5.257119848133761e-11
 6.12       5.32217823804604e-11
 6.13       5.387843740941259e-11
 6.14       5.454120253802333e-11
 6.15       5.521011688193233e-11
 6.16       5.588521970281723e-11
 6.17       5.656655040862175e-11
 6.18       5.7254148553783726e-11
 6.19       5.794805383946304e-11
 6.20       5.864830611376984e-11
 6.21       5.935494537199284e-11
 6.22       6.006801175682752e-11
 6.23       6.07875455586042e-11
 6.24       6.151358721551722e-11
 6.25       6.224617731385289e-11
 6.26       6.298535658821807e-11
 6.27       6.373116592176904e-11
 6.28       6.448364634644027e-11
 6.29       6.524283904317304e-11
 6.30       6.600878534214435e-11
 6.31       6.678152672299574e-11
 6.32       6.756110481506272e-11
 6.33       6.834756139760324e-11
 6.34       6.914093840002704e-11
 6.35       6.994127790212513e-11
 6.36       7.074862213429872e-11
 6.37       7.156301347778875e-11
 6.38       7.23844944649047e-11
 6.39       7.32131077792549e-11
 6.40       7.404889625597557e-11
 6.41       7.489190288196007e-11
 6.42       7.574217079608927e-11
 6.43       7.659974328946034e-11
 6.44       7.746466380561734e-11
 6.45       7.833697594078051e-11
 6.46       7.921672344407595e-11
 6.47       8.010395021776617e-11
 6.48       8.099870031747959e-11
 6.49       8.190101795244037e-11
 6.50       8.281094748569894e-11
 6.51       8.372853343436195e-11
 6.52       8.46538204698222e-11
 6.53       8.558685341798922e-11
 6.54       8.652767725951943e-11
 6.55       8.747633713004639e-11
 6.56       8.843287832041083e-11
 6.57       8.939734627689221e-11
 6.58       9.036978660143767e-11
 6.59       9.135024505189392e-11
 6.60       9.233876754223683e-11
 6.61       9.333540014280263e-11
 6.62       9.434018908051822e-11
 6.63       9.535318073913216e-11
 6.64       9.637442165944519e-11
 6.65       9.740395853954134e-11
 6.66       9.844183823501853e-11
 6.67       9.948810775921927e-11
 6.68       1.0054281428346235e-10
 6.69       1.0160600513727303e-10
 6.70       1.0267772780861418e-10
 6.71       1.0375802994411772e-10
 6.72       1.0484695934931589e-10
 6.73       1.0594456398887143e-10
 6.74       1.0705089198680985e-10
 6.75       1.0816599162674979e-10
 6.76       1.0928991135213528e-10
 6.77       1.1042269976646631e-10
 6.78       1.1156440563352982e-10
 6.79       1.1271507787763236e-10
 6.80       1.1387476558383037e-10
 6.81       1.1504351799816233e-10
 6.82       1.1622138452787981e-10
 6.83       1.174084147416797e-10
 6.84       1.1860465836993442e-10
 6.85       1.198101653049253e-10
 6.86       1.2102498560107316e-10
 6.87       1.2224916947516984e-10
 6.88       1.234827673066109e-10
 6.89       1.247258296376264e-10
 6.90       1.2597840717351331e-10
 6.91       1.2724055078286683e-10
 6.92       1.2851231149781283e-10
 6.93       1.2979374051423954e-10
 6.94       1.3108488919202902e-10
 6.95       1.3238580905529033e-10
 6.96       1.3369655179258975e-10
 6.97       1.3501716925718418e-10
 6.98       1.363477134672535e-10
 6.99       1.3768823660613066e-10
 7.00       1.3903879102253664e-10
 7.01       1.4039942923081004e-10
 7.02       1.4177020391114062e-10
 7.03       1.4315116790980145e-10
 7.04       1.4454237423938065e-10
 7.05       1.4594387607901429e-10
 7.06       1.4735572677461824e-10
 7.07       1.4877797983912063e-10
 7.08       1.5021068895269441e-10
 7.09       1.5165390796298178e-10
 7.10       1.5310769088535718e-10
 7.11       1.5457209190311451e-10
 7.12       1.5604716536772992e-10
 7.13       1.5753296579908596e-10
 7.14       1.5902954788570467e-10
 7.15       1.6053696648498069e-10
 7.16       1.6205527662341275e-10
 7.17       1.635845334968372e-10
 7.18       1.6512479247066005e-10
 7.19       1.6667610908009017e-10
 7.20       1.682385390303711e-10
 7.21       1.698121381970153e-10
 7.22       1.7139696262603553e-10
 7.23       1.729930685341776e-10
 7.24       1.7460051230915457e-10
 7.25       1.7621935050987768e-10
 7.26       1.7784963986669117e-10
 7.27       1.7949143728160344e-10
 7.28       1.8114479982852087e-10
 7.29       1.828097847534804e-10
 7.30       1.8448644947488267e-10
 7.31       1.8617485158372513e-10
 7.32       1.8787504884383482e-10
 7.33       1.895870991921006e-10
 7.34       1.913110607387078e-10
 7.35       1.9304699176737023e-10
 7.36       1.9479495073556347e-10
 7.37       1.965549962747575e-10
 7.38       1.9832718719065082e-10
 7.39       2.0011158246340314e-10
 7.40       2.0190824124786781e-10
 7.41       2.0371722287382647e-10
 7.42       2.0553858684622018e-10
 7.43       2.0737239284538592e-10
 7.44       2.0921870072728566e-10
 7.45       2.110775705237434e-10
 7.46       2.129490624426759e-10
 7.47       2.1483323686832773e-10
 7.48       2.167301543615029e-10
 7.49       2.1863987565979932e-10
 7.50       2.205624616778431e-10
 7.51       2.2249797350751927e-10
 7.52       2.2444647241820746e-10
 7.53       2.264080198570146e-10
 7.54       2.2838267744900783e-10
 7.55       2.3037050699744943e-10
 7.56       2.3237157048402842e-10
 7.57       2.343859300690953e-10
 7.58       2.364136480918955e-10
 7.59       2.3845478707080247e-10
 7.60       2.4050940970355097e-10
 7.61       2.425775788674719e-10
 7.62       2.446593576197242e-10
 7.63       2.467548091975305e-10
 7.64       2.4886399701840824e-10
 7.65       2.509869846804054e-10
 7.66       2.531238359623335e-10
 7.67       2.552746148240004e-10
 7.68       2.574393854064458e-10
 7.69       2.596182120321728e-10
 7.70       2.6181115920538336e-10
 7.71       2.640182916122113e-10
 7.72       2.6623967412095667e-10
 7.73       2.684753717823176e-10
 7.74       2.7072544982962613e-10
 7.75       2.7298997367908205e-10
 7.76       2.7526900892998533e-10
 7.77       2.775626213649703e-10
 7.78       2.7987087695024017e-10
 7.79       2.82193841835801e-10
 7.80       2.8453158235569484e-10
 7.81       2.868841650282328e-10
 7.82       2.8925165655623195e-10
 7.83       2.9163412382724574e-10
 7.84       2.9403163391380004e-10
 7.85       2.9644425407362647e-10
 7.86       2.9887205174989754e-10
 7.87       3.013150945714572e-10
 7.88       3.037734503530594e-10
 7.89       3.0624718709559867e-10
 7.90       3.087363729863457e-10
 7.91       3.112410763991808e-10
 7.92       3.137613658948279e-10
 7.93       3.162973102210892e-10
 7.94       3.188489783130792e-10
 7.95       3.2141643929345745e-10
 7.96       3.2399976247266416e-10
 7.97       3.2659901734915447e-10
 7.98       3.292142736096299e-10
 7.99       3.3184560112927616e-10
 8.00       3.3449306997199536e-10
 8.01       3.371567503906405e-10
 8.02       3.398367128272487e-10
 8.03       3.4253302791327654e-10
 8.04       3.452457664698338e-10
 8.05       3.4797499950791866e-10
 8.06       3.507207982286501e-10
 8.07       3.534832340235033e-10
 8.08       3.562623784745435e-10
 8.09       3.590583033546609e-10
 8.10       3.6187108062780363e-10
 8.11       3.6470078244921335e-10
 8.12       3.675474811656589e-10
 8.13       3.7041124931567105e-10
 8.14       3.7329215962977517e-10
 8.15       3.761902850307282e-10
 8.16       3.7910569863375066e-10
 8.17       3.820384737467625e-10
 8.18       3.849886838706175e-10
 8.19       3.879564026993345e-10
 8.20       3.9094170412033653e-10
 8.21       3.9394466221468294e-10
 8.22       3.9696535125730284e-10
 8.23       4.0000384571723014e-10
 8.24       4.0306022025783887e-10
 8.25       4.0613454973707757e-10
 8.26       4.09226909207702e-10
 8.27       4.1233737391751204e-10
 8.28       4.154660193095824e-10
 8.29       4.1861292102250323e-10
 8.30       4.217781548906071e-10
 8.31       4.2496179694420943e-10
 8.32       4.281639234098411e-10
 8.33       4.3138461071047977e-10
 8.34       4.3462393546579067e-10
 8.35       4.3788197449235704e-10
 8.36       4.41158804803913e-10
 8.37       4.444545036115832e-10
 8.38       4.477691483241121e-10
 8.39       4.5110281654810336e-10
 8.40       4.544555860882504e-10
 8.41       4.578275349475736e-10
 8.42       4.612187413276535e-10
 8.43       4.646292836288648e-10
 8.44       4.680592404506145e-10
 8.45       4.71508690591571e-10
 8.46       4.74977713049903e-10
 8.47       4.784663870235137e-10
 8.48       4.819747919102725e-10
 8.49       4.85503007308254e-10
 8.50       4.890511130159679e-10
 8.51       4.926191890325984e-10
 8.52       4.962073155582338e-10
 8.53       4.99815572994107e-10
 8.54       5.03444041942824e-10
 8.55       5.070928032086047e-10
 8.56       5.107619377975117e-10
 8.57       5.144515269176899e-10
 8.58       5.181616519795988e-10
 8.59       5.218923945962472e-10
 8.60       5.256438365834279e-10
 8.61       5.294160599599537e-10
 8.62       5.332091469478916e-10
 8.63       5.370231799727959e-10
 8.64       5.408582416639451e-10
 8.65       5.447144148545759e-10
 8.66       5.485917825821185e-10
 8.67       5.524904280884297e-10
 8.68       5.564104348200294e-10
 8.69       5.603518864283352e-10
 8.70       5.643148667698959e-10
 8.71       5.682994599066277e-10
 8.72       5.723057501060487e-10
 8.73       5.763338218415127e-10
 8.74       5.803837597924472e-10
 8.75       5.84455648844583e-10
 8.76       5.885495740901929e-10
 8.77       5.926656208283276e-10
 8.78       5.96803874565046e-10
 8.79       6.009644210136528e-10
 8.80       6.051473460949349e-10
 8.81       6.093527359373935e-10
 8.82       6.135806768774797e-10
 8.83       6.17831255459831e-10
 8.84       6.221045584375031e-10
 8.85       6.264006727722081e-10
 8.86       6.307196856345478e-10
 8.87       6.350616844042487e-10
 8.88       6.394267566703949e-10
 8.89       6.438149902316691e-10
 8.90       6.482264730965816e-10
 8.91       6.526612934837036e-10
 8.92       6.57119539821913e-10
 8.93       6.616013007506151e-10
 8.94       6.661066651199896e-10
 8.95       6.706357219912177e-10
 8.96       6.751885606367195e-10
 8.97       6.797652705403918e-10
 8.98       6.843659413978382e-10
 8.99       6.889906631166072e-10
 9.00       6.936395258164277e-10
 9.01       6.98312619829441e-10
 9.02       7.030100357004378e-10
 9.03       7.077318641870953e-10
 9.04       7.124781962602058e-10
 9.05       7.172491231039191e-10
 9.06       7.220447361159733e-10
 9.07       7.268651269079301e-10
 9.08       7.317103873054114e-10
 9.09       7.365806093483333e-10
 9.10       7.414758852911409e-10
 9.11       7.463963076030433e-10
 9.12       7.513419689682503e-10
 9.13       7.563129622862033e-10
 9.14       7.613093806718183e-10
 9.15       7.663313174557119e-10
 9.16       7.713788661844418e-10
 9.17       7.764521206207408e-10
 9.18       7.815511747437503e-10
 9.19       7.866761227492595e-10
 9.20       7.918270590499339e-10
 9.21       7.970040782755562e-10
 9.22       8.022072752732591e-10
 9.23       8.074367451077647e-10
 9.24       8.126925830616061e-10
 9.25       8.179748846353821e-10
 9.26       8.232837455479756e-10
 9.27       8.286192617367994e-10
 9.28       8.339815293580235e-10
 9.29       8.393706447868175e-10
 9.30       8.447867046175826e-10
 9.31       8.502298056641807e-10
 9.32       8.557000449601835e-10
 9.33       8.611975197590942e-10
 9.34       8.667223275345875e-10
 9.35       8.722745659807491e-10
 9.36       8.778543330123032e-10
 9.37       8.834617267648533e-10
 9.38       8.890968455951149e-10
 9.39       8.94759788081153e-10
 9.40       9.004506530226123e-10
 9.41       9.06169539440956e-10
 9.42       9.11916546579705e-10
 9.43       9.176917739046651e-10
 9.44       9.234953211041654e-10
 9.45       9.293272880892957e-10
 9.46       9.351877749941411e-10
 9.47       9.410768821760105e-10
 9.48       9.469947102156846e-10
 9.49       9.529413599176385e-10
 9.50       9.589169323102875e-10
 9.51       9.649215286462108e-10
 9.52       9.70955250402397e-10
 9.53       9.770181992804776e-10
 9.54       9.83110477206955e-10
 9.55       9.892321863334468e-10
 9.56       9.953834290369117e-10
 9.57       1.0015643079199013e-09
 9.58       1.0077749258107704e-09
 9.59       1.014015385763935e-09
 9.60       1.0202857910600965e-09
 9.61       1.0265862452064798e-09
 9.62       1.0329168519370653e-09
 9.63       1.0392777152128299e-09
 9.64       1.045668939221977e-09
 9.65       1.052090628380174e-09
 9.66       1.0585428873307907e-09
 9.67       1.0650258209451252e-09
 9.68       1.0715395343226515e-09
 9.69       1.0780841327912474e-09
 9.70       1.0846597219074277e-09
 9.71       1.0912664074565849e-09
 9.72       1.097904295453225e-09
 9.73       1.1045734921411964e-09
 9.74       1.1112741039939319e-09
 9.75       1.11800623771468e-09
 9.76       1.124770000236742e-09
 9.77       1.1315654987237053e-09
 9.78       1.1383928405696847e-09
 9.79       1.1452521333995487e-09
 9.80       1.1521434850691567e-09
 9.81       1.159067003665606e-09
 9.82       1.1660227975074523e-09
 9.83       1.173010975144951e-09
 9.84       1.1800316453601953e-09
 9.85       1.1870849171677423e-09
 9.86       1.1941708998142619e-09
 9.87       1.2012897027791647e-09
 9.88       1.208441435774733e-09
 9.89       1.2156262087463645e-09
 9.90       1.2228441318728052e-09
 9.91       1.2300953155663789e-09
 9.92       1.23737987047323e-09
 9.93       1.244697907473557e-09
 9.94       1.2520495376818454e-09
 9.95       1.2594348724471055e-09
 9.96       1.2668540233531079e-09
 9.97       1.2743071022186171e-09
 9.98       1.2817942210976235e-09
 9.99       1.2893154922795913e-09
