521	11	none
 0.01       0         
 0.02       0         
 0.03       0         
 0.04       0         
 0.05       0         
 0.06       0         
 0.07       0         
 0.08       0         
 0.09       0         
 0.10       0         
 0.11       0         
 0.12       0         
 0.13       0         
 0.14       0         
 0.15       0         
 0.16       0         
 0.17       0         
 0.18       0         
 0.19       0         
 0.20       0         
 0.21       0         
 0.22       0         
 0.23       0         
 0.24       0         
 0.25       0         
 0.26       0         
 0.27       0         
 0.28       0         
 0.29       0         
 0.30       0         
 0.31       0         
 0.32       0         
 0.33       0         
 0.34       0         
 0.35       0         
 0.36       0         
 0.37       0         
 0.38       0         
 0.39       0         
 0.40       0         
 0.41       0         
 0.42       0         
 0.43       0         
 0.44       0         
 0.45       0         
 0.46       0         
 0.47       0         
 0.48       0         
 0.49       0         
 0.50       0         
 0.51       0         
 0.52       0         
 0.53       0         
 0.54       0         
 0.55       0         
 0.56       0         
 0.57       0         
 0.58       0         
 0.59       0         
 0.60       0         
 0.61       0         
 0.62       0         
 0.63       0         
 0.64       0         
 0.65       0         
 0.66       0         
 0.67       0         
 0.68       0         
 0.69       0         
 0.70       0         
 0.71       0         
 0.72       0         
 0.73       0         
 0.74       0         
 0.75       0         
 0.76       0         
 0.77       0         
 0.78       0         
 0.79       0         
 0.80       0         
 0.81       0         
 0.82       0         
 0.83       0         
 0.84       0         
 0.85       0         
 0.86       0         
 0.87       0         
 0.88       0         
 0.89       0         
 0.90       0         
 0.91       0         
 0.92       0         
 0.93       0         
 0.94       0         
 0.95       0         
 0.96       0         
 0.97       0         
 0.98       0         
 0.99       0         
 1.00       0         
 1.01       0         
 1.02       0         
 1.03       0         
 1.04       0         
 1.05       0         
 1.06       0         
 1.07       0         
 1.08       0         
 1.09       0         
 1.10       0         
 1.11       0         
 1.12       0         
 1.13       0         
 1.14       0         
 1.15       0         
 1.16       0         
 1.17       0         
 1.18       0         
 1.19       0         
 1.20       0         
 1.21       0         
 1.22       0         
 1.23       0         
 1.24       0         
 1.25       0         
 1.26       0         
 1.27       0         
 1.28       0         
 1.29       0         
 1.30       0         
 1.31       0         
 1.32       0         
 1.33       0         
 1.34       0         
 1.35       0         
 1.36       0         
 1.37       0         
 1.38       0         
 1.39       0         
 1.40       0         
 1.41       0         
 1.42       0         
 1.43       0         
 1.44       0         
 1.45       0         
 1.46       0         
 1.47       0         
 1.48       0         
 1.49       0         
 1.50       0         
 1.51       0         
 1.52       0         
 1.53       0         
 1.54       0         
 1.55       0         
 1.56       0         
 1.57       0         
 1.58       0         
 1.59       0         
 1.60       0         
 1.61       0         
 1.62       0         
 1.63       0         
 1.64       0         
 1.65       0         
 1.66       0         
 1.67       0         
 1.68       0         
 1.69       0         
 1.70       0         
 1.71       0         
 1.72       0         
 1.73       0         
 1.74       0         
 1.75       0         
 1.76       0         
 1.77       0         
 1.78       0         
 1.79       0         
 1.80       0         
 1.81       0         
 1.82       0         
 1.83       0         
 1.84       0         
 1.85       0         
 1.86       0         
 1.87       0         
 1.88       0         
 1.89       0         
 1.90       0         
 1.91       0         
 1.92       0         
 1.93       0         
 1.94       0         
 1.95       0         
 1.96       0         
 1.97       0         
 1.98       0         
 1.99       0         
 2.00       0         
 2.01       0         
 2.02       0         
 2.03       0         
 2.04       0         
 2.05       0         
 2.06       0         
 2.07       0         
 2.08       0         
 2.09       0         
 2.10       0         
 2.11       0         
 2.12       0         
 2.13       0         
 2.14       0         
 2.15       0         
 2.16       0         
 2.17       0         
 2.18       0         
 2.19       0         
 2.20       0         
 2.21       0         
 2.22       0         
 2.23       0         
 2.24       0         
 2.25       0         
 2.26       0         
 2.27       0         
 2.28       0         
 2.29       0         
 2.30       0         
 2.31       0         
 2.32       0         
 2.33       0         
 2.34       0         
 2.35       0         
 2.36       0         
 2.37       0         
 2.38       0         
 2.39       0         
 2.40       0         
 2.41       0         
 2.42       0         
 2.43       0         
 2.44       0         
 2.45       0         
 2.46       0         
 2.47       0         
 2.48       0         
 2.49       0         
 2.50       0         
 2.51       0         
 2.52       0         
 2.53       0         
 2.54       0         
 2.55       0         
 2.56       0         
 2.57       0         
 2.58       0         
 2.59       0         
 2.60       0         
 2.61       0         
 2.62       0         
 2.63       0         
 2.64       0         
 2.65       0         
 2.66       0         
 2.67       0         
 2.68       0         
 2.69       0         
 2.70       0         
 2.71       0         
 2.72       0         
 2.73       0         
 2.74       0         
 2.75       0         
 2.76       0         
 2.77       0         
 2.78       0         
 2.79       0         
 2.80       0         
 2.81       0         
 2.82       0         
 2.83       0         
 2.84       0         
 2.85       0         
 2.86       0         
 2.87       0         
 2.88       0         
 2.89       0         
 2.90       0         
 2.91       0         
 2.92       0         
 2.93       0         
 2.94       0         
 2.95       0         
 2.96       0         
 2.97       0         
 2.98       0         
 2.99       0         
 3.00       0         
 3.01       0         
 3.02       0         
 3.03       0         
 3.04       0         
 3.05       0         
 3.06       0         
 3.07       0         
 3.08       0         
 3.09       0         
 3.10       0         
 3.11       0         
 3.12       0         
 3.13       0         
 3.14       0         
 3.15       0         
 3.16       0         
 3.17       0         
 3.18       0         
 3.19       0         
 3.20       0         
 3.21       0         
 3.22       0         
 3.23       0         
 3.24       0         
 3.25       0         
 3.26       0         
 3.27       0         
 3.28       0         
 3.29       0         
 3.30       0         
 3.31       0         
 3.32       0         
 3.33       0         
 3.34       0         
 3.35       0         
 3.36       0         
 3.37       0         
 3.38       0         
 3.39       0         
 3.40       0         
 3.41       0         
 3.42       0         
 3.43       0         
 3.44       0         
 3.45       0         
 3.46       0         
 3.47       0         
 3.48       0         
 3.49       0         
 3.50       0         
 3.51       0         
 3.52       0         
 3.53       0         
 3.54       0         
 3.55       0         
 3.56       0         
 3.57       0         
 3.58       0         
 3.59       0         
 3.60       0         
 3.61       0         
 3.62       0         
 3.63       0         
 3.64       0         
 3.65       0         
 3.66       0         
 3.67       0         
 3.68       0         
 3.69       0         
 3.70       0         
 3.71       0         
 3.72       0         
 3.73       0         
 3.74       0         
 3.75       0         
 3.76       0         
 3.77       0         
 3.78       0         
 3.79       0         
 3.80       0         
 3.81       0         
 3.82       0         
 3.83       0         
 3.84       0         
 3.85       0         
 3.86       0         
 3.87       0         
 3.88       0         
 3.89       0         
 3.90       0         
 3.91       0         
 3.92       0         
 3.93       0         
 3.94       0         
 3.95       0         
 3.96       0         
 3.97       0         
 3.98       0         
 3.99       0         
 4.00       0         
 4.01       0         
 4.02       0         
 4.03       0         
 4.04       0         
 4.05       0         
 4.06       0         
 4.07       0         
 4.08       0         
 4.09       0         
 4.10       0         
 4.11       0         
 4.12       0         
 4.13       0         
 4.14       0         
 4.15       0         
 4.16       0         
 4.17       0         
 4.18       0         
 4.19       0         
 4.20       0         
 4.21       0         
 4.22       0         
 4.23       0         
 4.24       0         
 4.25       0         
 4.26       0         
 4.27       0         
 4.28       0         
 4.29       0         
 4.30       0         
 4.31       0         
 4.32       0         
 4.33       0         
 4.34       0         
 4.35       0         
 4.36       0         
 4.37       0         
 4.38       0         
 4.39       0         
 4.40       0         
 4.41       0         
 4.42       0         
 4.43       0         
 4.44       0         
 4.45       0         
 4.46       0         
 4.47       0         
 4.48       0         
 4.49       0         
 4.50       0         
 4.51       0         
 4.52       0         
 4.53       0         
 4.54       0         
 4.55       0         
 4.56       0         
 4.57       0         
 4.58       0         
 4.59       0         
 4.60       0         
 4.61       0         
 4.62       0         
 4.63       0         
 4.64       0         
 4.65       0         
 4.66       0         
 4.67       0         
 4.68       0         
 4.69       0         
 4.70       0         
 4.71       0         
 4.72       0         
 4.73       0         
 4.74       0         
 4.75       0         
 4.76       0         
 4.77       0         
 4.78       0         
 4.79       0         
 4.80       0         
 4.81       0         
 4.82       0         
 4.83       0         
 4.84       0         
 4.85       0         
 4.86       0         
 4.87       0         
 4.88       0         
 4.89       0         
 4.90       0         
 4.91       0         
 4.92       0         
 4.93       0         
 4.94       0         
 4.95       0         
 4.96       0         
 4.97       0         
 4.98       0         
 4.99       0         
 5.00       0         
 5.01       0         
 5.02       0         
 5.03       0         
 5.04       0         
 5.05       0         
 5.06       0         
 5.07       0         
 5.08       0         
 5.09       0         
 5.10       0         
 5.11       0         
 5.12       0         
 5.13       0         
 5.14       0         
 5.15       0         
 5.16       0         
 5.17       0         
 5.18       0         
 5.19       0         
 5.20       0         
 5.21       0         
 5.22       0         
 5.23       0         
 5.24       0         
 5.25       0         
 5.26       0         
 5.27       0         
 5.28       2.2416728945728422e-23
 5.29       7.33931333444621e-21
 5.30       2.7466416858294524e-20
 5.31       6.040543938752517e-20
 5.32       1.0615673337526859e-19
 5.33       1.6472078320859265e-19
 5.34       2.3609820575253127e-19
 5.35       3.202897492903108e-19
 5.36       4.1729629233159326e-19
 5.37       5.271188424103599e-19
 5.38       6.497585348884736e-19
 5.39       7.852166317717369e-19
 5.40       9.334945205373838e-19
 5.41       1.0945937129751972e-18
 5.42       1.2685158440404425e-18
 5.43       1.45526267072004e-18
 5.44       1.6548360709111879e-18
 5.45       1.867238042311609e-18
 5.46       2.0924707013230326e-18
 5.47       2.3305362819657036e-18
 5.48       2.581437134805658e-18
 5.49       2.845175725893077e-18
 5.50       3.1217546357120638e-18
 5.51       3.4111765581432063e-18
 5.52       3.713444299435329e-18
 5.53       4.028560777190214e-18
 5.54       4.356529019357405e-18
 5.55       4.697352163240035e-18
 5.56       5.051033454511519e-18
 5.57       5.4175762462425985e-18
 5.58       5.796983997939289e-18
 5.59       6.1892602745906514e-18
 5.60       6.5944087457268785e-18
 5.61       7.012433184487687e-18
 5.62       7.443337466700783e-18
 5.63       7.887125569969521e-18
 5.64       8.343801572770542e-18
 5.65       8.813369653561596e-18
 5.66       9.295834089897877e-18
 5.67       9.791199257558437e-18
 5.68       1.0299469629681034e-17
 5.69       1.0820649775907547e-17
 5.70       1.135474436153619e-17
 5.71       1.1901758146685223e-17
 5.72       1.2461695985463096e-17
 5.73       1.30345628251486e-17
 5.74       1.3620363705379573e-17
 5.75       1.4219103757349374e-17
 5.76       1.483078820301229e-17
 5.77       1.5455422354296982e-17
 5.78       1.6093011612328596e-17
 5.79       1.6743561466657636e-17
 5.80       1.7407077494498307e-17
 5.81       1.8083565359974335e-17
 5.82       1.877303081337133e-17
 5.83       1.9475479690398862e-17
 5.84       2.019091791145866e-17
 5.85       2.0919351480920442e-17
 5.86       2.1660786486406216e-17
 5.87       2.241522909808035e-17
 5.88       2.3182685567948392e-17
 5.89       2.396316222916146e-17
 5.90       2.4756665495329738e-17
 5.91       2.556320185984063e-17
 5.92       2.6382777895185552e-17
 5.93       2.721540025229305e-17
 5.94       2.806107565986815e-17
 5.95       2.8919810923739037e-17
 5.96       2.9791612926210224e-17
 5.97       3.0676488625421216e-17
 5.98       3.1574445054713687e-17
 5.99       3.248548932200288e-17
 6.00       3.3409628609156234e-17
 6.01       3.4346870171378364e-17
 6.02       3.529722133660203e-17
 6.03       3.626068950488476e-17
 6.04       3.723728214781203e-17
 6.05       3.822700680790573e-17
 6.06       3.9229871098039946e-17
 6.07       4.024588270086002e-17
 6.08       4.127504936820975e-17
 6.09       4.2317378920562877e-17
 6.10       4.3372879246460695e-17
 6.11       4.4441558301954965e-17
 6.12       4.552342411005649e-17
 6.13       4.661848476018847e-17
 6.14       4.772674840764647e-17
 6.15       4.8848223273062105e-17
 6.16       4.998291764187345e-17
 6.17       5.113083986379901e-17
 6.18       5.2291998352318644e-17
 6.19       5.346640158415764e-17
 6.20       5.4654058098777044e-17
 6.21       5.585497649786865e-17
 6.22       5.706916544485444e-17
 6.23       5.829663366439201e-17
 6.24       5.953738994188218e-17
 6.25       6.079144312298507e-17
 6.26       6.205880211313725e-17
 6.27       6.333947587707592e-17
 6.28       6.46334734383665e-17
 6.29       6.594080387893485e-17
 6.30       6.726147633860431e-17
 6.31       6.859550001463675e-17
 6.32       6.994288416127831e-17
 6.33       7.130363808930947e-17
 6.34       7.267777116559845e-17
 6.35       7.406529281266063e-17
 6.36       7.546621250821986e-17
 6.37       7.688053978477642e-17
 6.38       7.830828422917669e-17
 6.39       7.974945548218858e-17
 6.40       8.120406323807971e-17
 6.41       8.267211724420038e-17
 6.42       8.415362730057077e-17
 6.43       8.564860325946969e-17
 6.44       8.715705502503049e-17
 6.45       8.86789925528391e-17
 6.46       9.021442584953416e-17
 6.47       9.17633649724139e-17
 6.48       9.332582002904526e-17
 6.49       9.490180117687563e-17
 6.50       9.64913186228502e-17
 6.51       9.809438262303112e-17
 6.52       9.971100348222096e-17
 6.53       1.0134119155358997e-16
 6.54       1.029849572383057e-16
 6.55       1.0464231098516661e-16
 6.56       1.0631326329023975e-16
 6.57       1.0799782469650036e-16
 6.58       1.0969600579347531e-16
 6.59       1.1140781721689034e-16
 6.60       1.1313326964832041e-16
 6.61       1.1487237381484175e-16
 6.62       1.1662514048868873e-16
 6.63       1.1839158048691468e-16
 6.64       1.201717046710512e-16
 6.65       1.2196552394677702e-16
 6.66       1.2377304926358511e-16
 6.67       1.25594291614454e-16
 6.68       1.2742926203552249e-16
 6.69       1.2927797160576766e-16
 6.70       1.3114043144668466e-16
 6.71       1.3301665272196924e-16
 6.72       1.3490664663720576e-16
 6.73       1.3681042443955342e-16
 6.74       1.3872799741744011e-16
 6.75       1.4065937690025518e-16
 6.76       1.42604574258047e-16
 6.77       1.445636009012228e-16
 6.78       1.4653646828025163e-16
 6.79       1.4852318788536702e-16
 6.80       1.50523771246278e-16
 6.81       1.5253822993187617e-16
 6.82       1.5456657554995038e-16
 6.83       1.5660881974690138e-16
 6.84       1.5866497420745944e-16
 6.85       1.6073505065440465e-16
 6.86       1.6281906084828917e-16
 6.87       1.6491701658716395e-16
 6.88       1.6702892970630363e-16
 6.89       1.6915481207793885e-16
 6.90       1.712946756109869e-16
 6.91       1.7344853225078706e-16
 6.92       1.7561639397883685e-16
 6.93       1.777982728125316e-16
 6.94       1.799941808049058e-16
 6.95       1.8220413004437607e-16
 6.96       1.8442813265448853e-16
 6.97       1.866662007936645e-16
 6.98       1.8891834665495262e-16
 6.99       1.9118458246578015e-16
 7.00       1.9346492048770815e-16
 7.01       1.9575937301618735e-16
 7.02       1.9806795238031674e-16
 7.03       2.003906709426051e-16
 7.04       2.0272754109873224e-16
 7.05       2.0507857527731548e-16
 7.06       2.0744378593967512e-16
 7.07       2.09823185579604e-16
 7.08       2.122167867231371e-16
 7.09       2.1462460192832503e-16
 7.10       2.1704664378500894e-16
 7.11       2.1948292491459534e-16
 7.12       2.2193345796983632e-16
 7.13       2.2439825563460865e-16
 7.14       2.268773306236953e-16
 7.15       2.293706956825715e-16
 7.16       2.318783635871879e-16
 7.17       2.344003471437592e-16
 7.18       2.3693665918855383e-16
 7.19       2.394873125876838e-16
 7.20       2.420523202368986e-16
 7.21       2.4463169506137903e-16
 7.22       2.472254500155333e-16
 7.23       2.4983359808279496e-16
 7.24       2.5245615227542364e-16
 7.25       2.550931256343039e-16
 7.26       2.5774453122875015e-16
 7.27       2.6041038215631007e-16
 7.28       2.6309069154257152e-16
 7.29       2.6578547254096905e-16
 7.30       2.6849473833259386e-16
 7.31       2.7121850212600545e-16
 7.32       2.7395677715704174e-16
 7.33       2.76709576688636e-16
 7.34       2.794769140106289e-16
 7.35       2.8225880243958927e-16
 7.36       2.850552553186289e-16
 7.37       2.878662860172241e-16
 7.38       2.906919079310382e-16
 7.39       2.935321344817422e-16
 7.40       2.963869791168403e-16
 7.41       2.992564553094953e-16
 7.42       3.0214057655835627e-16
 7.43       3.050393563873854e-16
 7.44       3.079528083456907e-16
 7.45       3.108809460073531e-16
 7.46       3.13823782971264e-16
 7.47       3.1678133286095514e-16
 7.48       3.19753609324436e-16
 7.49       3.227406260340292e-16
 7.50       3.2574239668621006e-16
 7.51       3.2875893500144434e-16
 7.52       3.3179025472402945e-16
 7.53       3.348363696219352e-16
 7.54       3.378972934866481e-16
 7.55       3.4097304013301476e-16
 7.56       3.44063623399089e-16
 7.57       3.471690571459748e-16
 7.58       3.502893552576794e-16
 7.59       3.534245316409583e-16
 7.60       3.565746002251664e-16
 7.61       3.597395749621127e-16
 7.62       3.6291946982590726e-16
 7.63       3.661142988128205e-16
 7.64       3.693240759411351e-16
 7.65       3.7254881525100354e-16
 7.66       3.757885308043033e-16
 7.67       3.7904323668449803e-16
 7.68       3.823129469964958e-16
 7.69       3.8559767586650826e-16
 7.70       3.888974374419142e-16
 7.71       3.922122458911227e-16
 7.72       3.9554211540343385e-16
 7.73       3.988870601889076e-16
 7.74       4.022470944782261e-16
 7.75       4.0562223252256415e-16
 7.76       4.0901248859345273e-16
 7.77       4.1241787698265254e-16
 7.78       4.15838412002022e-16
 7.79       4.192741079833868e-16
 7.80       4.2272497927841496e-16
 7.81       4.261910402584871e-16
 7.82       4.2967230531457127e-16
 7.83       4.3316878885709893e-16
 7.84       4.366805053158405e-16
 7.85       4.402074691397803e-16
 7.86       4.4374969479699603e-16
 7.87       4.473071967745377e-16
 7.88       4.50879989578306e-16
 7.89       4.544680877329345e-16
 7.90       4.580715057816684e-16
 7.91       4.616902582862508e-16
 7.92       4.653243598268018e-16
 7.93       4.689738250017049e-16
 7.94       4.726386684274927e-16
 7.95       4.763189047387312e-16
 7.96       4.800145485879059e-16
 7.97       4.837256146453121e-16
 7.98       4.874521175989408e-16
 7.99       4.911940721543683e-16
 8.00       4.949514930346484e-16
 8.01       4.987243949802006e-16
 8.02       5.025127927487038e-16
 8.03       5.063167011149865e-16
 8.04       5.101361348709236e-16
 8.05       5.139711088253278e-16
 8.06       5.178216378038438e-16
 8.07       5.216877366488485e-16
 8.08       5.255694202193426e-16
 8.09       5.294667033908499e-16
 8.10       5.333796010553146e-16
 8.11       5.373081281210021e-16
 8.12       5.412522995123967e-16
 8.13       5.452121301701009e-16
 8.14       5.491876350507384e-16
 8.15       5.531788291268563e-16
 8.16       5.571857273868242e-16
 8.17       5.6120834483474e-16
 8.18       5.652466964903348e-16
 8.19       5.693007973888739e-16
 8.20       5.733706625810654e-16
 8.21       5.774563071329644e-16
 8.22       5.815577461258795e-16
 8.23       5.856749946562819e-16
 8.24       5.898080678357109e-16
 8.25       5.939569807906848e-16
 8.26       5.981217486626091e-16
 8.27       6.023023866076862e-16
 8.28       6.064989097968271e-16
 8.29       6.107113334155624e-16
 8.30       6.149396726639521e-16
 8.31       6.191839427565033e-16
 8.32       6.234441589220768e-16
 8.33       6.277203364038062e-16
 8.34       6.3201249045901e-16
 8.35       6.363206363591068e-16
 8.36       6.406447893895317e-16
 8.37       6.449849648496515e-16
 8.38       6.493411780526821e-16
 8.39       6.5371344432560705e-16
 8.40       6.581017790090924e-16
 8.41       6.625061974574104e-16
 8.42       6.669267150383548e-16
 8.43       6.713633471331605e-16
 8.44       6.758161091364254e-16
 8.45       6.802850164560326e-16
 8.46       6.847700845130686e-16
 8.47       6.892713287417479e-16
 8.48       6.937887645893354e-16
 8.49       6.983224075160676e-16
 8.50       7.028722729950773e-16
 8.51       7.074383765123206e-16
 8.52       7.120207335664967e-16
 8.53       7.166193596689765e-16
 8.54       7.212342703437287e-16
 8.55       7.258654811272428e-16
 8.56       7.305130075684602e-16
 8.57       7.35176865228698e-16
 8.58       7.398570696815797e-16
 8.59       7.445536365129617e-16
 8.60       7.4926658132086295e-16
 8.61       7.539959197153941e-16
 8.62       7.587416673186869e-16
 8.63       7.635038397648265e-16
 8.64       7.68282452699778e-16
 8.65       7.730775217813255e-16
 8.66       7.778890626789924e-16
 8.67       7.82717091073986e-16
 8.68       7.875616226591216e-16
 8.69       7.924226731387597e-16
 8.70       7.973002582287369e-16
 8.71       8.021943936563045e-16
 8.72       8.07105095160057e-16
 8.73       8.120323784898734e-16
 8.74       8.169762594068469e-16
 8.75       8.219367536832242e-16
 8.76       8.269138771023429e-16
 8.77       8.319076454585635e-16
 8.78       8.369180745572135e-16
 8.79       8.41945180214517e-16
 8.80       8.469889782575398e-16
 8.81       8.520494845241233e-16
 8.82       8.571267148628266e-16
 8.83       8.622206851328634e-16
 8.84       8.673314112040433e-16
 8.85       8.724589089567094e-16
 8.86       8.776031942816833e-16
 8.87       8.827642830802029e-16
 8.88       8.879421912638617e-16
 8.89       8.931369347545577e-16
 8.90       8.983485294844285e-16
 8.91       9.035769913957946e-16
 8.92       9.088223364411073e-16
 8.93       9.140845805828868e-16
 8.94       9.193637397936688e-16
 8.95       9.24659830055947e-16
 8.96       9.299728673621178e-16
 8.97       9.353028677144273e-16
 8.98       9.40649847124911e-16
 8.99       9.460138216153468e-16
 9.00       9.513948072171947e-16
 9.01       9.56792819971545e-16
 9.02       9.622078759290678e-16
 9.03       9.676399911499552e-16
 9.04       9.730891817038717e-16
 9.05       9.785554636698994e-16
 9.06       9.840388531364896e-16
 9.07       9.895393662014107e-16
 9.08       9.950570189716908e-16
 9.09       1.0005918275635757e-15
 9.10       1.0061438081024717e-15
 9.11       1.0117129767228968e-15
 9.12       1.0172993495684348e-15
 9.13       1.0229029427916791e-15
 9.14       1.028523772554188e-15
 9.15       1.0341618550264336e-15
 9.16       1.0398172063877561e-15
 9.17       1.0454898428263103e-15
 9.18       1.0511797805390232e-15
 9.19       1.0568870357315401e-15
 9.20       1.0626116246181862e-15
 9.21       1.0683535634219083e-15
 9.22       1.0741128683742368e-15
 9.23       1.0798895557152365e-15
 9.24       1.0856836416934582e-15
 9.25       1.0914951425658957e-15
 9.26       1.0973240745979416e-15
 9.27       1.103170454063335e-15
 9.28       1.1090342972441223e-15
 9.29       1.1149156204306159e-15
 9.30       1.1208144399213399e-15
 9.31       1.1267307720229929e-15
 9.32       1.1326646330504045e-15
 9.33       1.138616039326486e-15
 9.34       1.1445850071821938e-15
 9.35       1.1505715529564842e-15
 9.36       1.1565756929962668e-15
 9.37       1.1625974436563672e-15
 9.38       1.1686368212994825e-15
 9.39       1.1746938422961403e-15
 9.40       1.1807685230246553e-15
 9.41       1.186860879871089e-15
 9.42       1.1929709292292105e-15
 9.43       1.1990986875004524e-15
 9.44       1.2052441710938715e-15
 9.45       1.2114073964261082e-15
 9.46       1.2175883799213482e-15
 9.47       1.2237871380112797e-15
 9.48       1.2300036871350585e-15
 9.49       1.2362380437392592e-15
 9.50       1.2424902242778495e-15
 9.51       1.2487602452121394e-15
 9.52       1.25504812301075e-15
 9.53       1.2613538741495728e-15
 9.54       1.26767751511173e-15
 9.55       1.2740190623875381e-15
 9.56       1.2803785324744709e-15
 9.57       1.2867559418771243e-15
 9.58       1.2931513071071698e-15
 9.59       1.2995646446833322e-15
 9.60       1.3059959711313366e-15
 9.61       1.3124453029838876e-15
 9.62       1.3189126567806189e-15
 9.63       1.3253980490680697e-15
 9.64       1.3319014963996397e-15
 9.65       1.3384230153355582e-15
 9.66       1.344962622442848e-15
 9.67       1.3515203342952895e-15
 9.68       1.358096167473386e-15
 9.69       1.364690138564329e-15
 9.70       1.3713022641619653e-15
 9.71       1.3779325608667582e-15
 9.72       1.3845810452857612e-15
 9.73       1.391247734032576e-15
 9.74       1.3979326437273243e-15
 9.75       1.40463579099661e-15
 9.76       1.4113571924734912e-15
 9.77       1.4180968647974447e-15
 9.78       1.424854824614328e-15
 9.79       1.4316310885763594e-15
 9.80       1.4384256733420715e-15
 9.81       1.445238595576288e-15
 9.82       1.4520698719500894e-15
 9.83       1.4589195191407778e-15
 9.84       1.4657875538318525e-15
 9.85       1.4726739927129721e-15
 9.86       1.4795788524799238e-15
 9.87       1.4865021498345964e-15
 9.88       1.4934439014849478e-15
 9.89       1.5004041241449698e-15
 9.90       1.5073828345346645e-15
 9.91       1.5143800493800115e-15
 9.92       1.5213957854129322e-15
 9.93       1.5284300593712722e-15
 9.94       1.5354828879987586e-15
 9.95       1.5425542880449757e-15
 9.96       1.5496442762653397e-15
 9.97       1.556752869421061e-15
 9.98       1.5638800842791275e-15
 9.99       1.571025937612257e-15
