433	11	none
 0.01       0         
 0.02       0         
 0.03       0         
 0.04       0         
 0.05       0         
 0.06       0         
 0.07       0         
 0.08       0         
 0.09       0         
 0.10       0         
 0.11       0         
 0.12       0         
 0.13       0         
 0.14       0         
 0.15       0         
 0.16       0         
 0.17       0         
 0.18       0         
 0.19       0         
 0.20       0         
 0.21       0         
 0.22       0         
 0.23       0         
 0.24       0         
 0.25       0         
 0.26       0         
 0.27       0         
 0.28       0         
 0.29       0         
 0.30       0         
 0.31       0         
 0.32       0         
 0.33       0         
 0.34       0         
 0.35       0         
 0.36       0         
 0.37       0         
 0.38       0         
 0.39       0         
 0.40       0         
 0.41       0         
 0.42       0         
 0.43       0         
 0.44       0         
 0.45       0         
 0.46       0         
 0.47       0         
 0.48       0         
 0.49       0         
 0.50       0         
 0.51       0         
 0.52       0         
 0.53       0         
 0.54       0         
 0.55       0         
 0.56       0         
 0.57       0         
 0.58       0         
 0.59       0         
 0.60       0         
 0.61       0         
 0.62       0         
 0.63       0         
 0.64       0         
 0.65       0         
 0.66       0         
 0.67       0         
 0.68       0         
 0.69       0         
 0.70       0         
 0.71       0         
 0.72       0         
 0.73       0         
 0.74       0         
 0.75       0         
 0.76       0         
 0.77       0         
 0.78       0         
 0.79       0         
 0.80       0         
 0.81       0         
 0.82       0         
 0.83       0         
 0.84       0         
 0.85       0         
 0.86       0         
 0.87       0         
 0.88       0         
 0.89       0         
 0.90       0         
 0.91       0         
 0.92       0         
 0.93       0         
 0.94       0         
 0.95       0         
 0.96       0         
 0.97       0         
 0.98       0         
 0.99       0         
 1.00       0         
 1.01       0         
 1.02       0         
 1.03       0         
 1.04       0         
 1.05       0         
 1.06       0         
 1.07       0         
 1.08       0         
 1.09       0         
 1.10       0         
 1.11       0         
 1.12       0         
 1.13       0         
 1.14       0         
 1.15       0         
 1.16       0         
 1.17       0         
 1.18       0         
 1.19       0         
 1.20       0         
 1.21       0         
 1.22       0         
 1.23       0         
 1.24       0         
 1.25       0         
 1.26       0         
 1.27       0         
 1.28       0         
 1.29       0         
 1.30       0         
 1.31       0         
 1.32       0         
 1.33       0         
 1.34       0         
 1.35       0         
 1.36       0         
 1.37       0         
 1.38       0         
 1.39       0         
 1.40       0         
 1.41       0         
 1.42       0         
 1.43       0         
 1.44       0         
 1.45       0         
 1.46       0         
 1.47       0         
 1.48       0         
 1.49       0         
 1.50       0         
 1.51       0         
 1.52       0         
 1.53       0         
 1.54       0         
 1.55       0         
 1.56       0         
 1.57       0         
 1.58       0         
 1.59       0         
 1.60       0         
 1.61       0         
 1.62       0         
 1.63       0         
 1.64       0         
 1.65       0         
 1.66       0         
 1.67       0         
 1.68       0         
 1.69       0         
 1.70       0         
 1.71       0         
 1.72       0         
 1.73       0         
 1.74       0         
 1.75       0         
 1.76       0         
 1.77       0         
 1.78       0         
 1.79       0         
 1.80       0         
 1.81       0         
 1.82       0         
 1.83       0         
 1.84       0         
 1.85       0         
 1.86       0         
 1.87       0         
 1.88       0         
 1.89       0         
 1.90       0         
 1.91       0         
 1.92       0         
 1.93       0         
 1.94       0         
 1.95       0         
 1.96       0         
 1.97       2.5733200168420334e-17
 1.98       1.5385405375227163e-15
 1.99       5.332754861825425e-15
 2.00       1.1363574970925642e-14
 2.01       1.9587661101113256e-14
 2.02       2.996312404457823e-14
 2.03       4.244947400968105e-14
 2.04       5.7007571295105e-14
 2.05       7.359957889633645e-14
 2.06       9.218891697673743e-14
 2.07       1.1274021912425893e-13
 2.08       1.352192903166594e-13
 2.09       1.5959306652117164e-13
 2.10       1.8582957585799098e-13
 2.11       2.138979012603996e-13
 2.12       2.4376814456733873e-13
 2.13       2.7541139198737887e-13
 2.14       3.0879968087590386e-13
 2.15       3.439059677699327e-13
 2.16       3.807040976277715e-13
 2.17       4.191687742229063e-13
 2.18       4.592755316441149e-13
 2.19       5.010007068558142e-13
 2.20       5.443214132748101e-13
 2.21       5.892155153216389e-13
 2.22       6.356616039065729e-13
 2.23       6.836389728121254e-13
 2.24       7.331275959356549e-13
 2.25       7.841081053572645e-13
 2.26       8.36561770199771e-13
 2.27       8.904704762489416e-13
 2.28       9.458167063036718e-13
 2.29       1.0025835212270456e-12
 2.30       1.0607545416705211e-12
 2.31       1.1203139304446964e-12
 2.32       1.1812463755112662e-12
 2.33       1.2435370735718417e-12
 2.34       1.3071717142304333e-12
 2.35       1.3721364647072566e-12
 2.36       1.438417955082653e-12
 2.37       1.5060032640506532e-12
 2.38       1.57487990516266e-12
 2.39       1.645035813542583e-12
 2.40       1.7164593330554418e-12
 2.41       1.789139203912284e-12
 2.42       1.8630645506949732e-12
 2.43       1.9382248707850565e-12
 2.44       2.0146100231815836e-12
 2.45       2.0922102176933636e-12
 2.46       2.1710160044917974e-12
 2.47       2.251018264010918e-12
 2.48       2.332208197181803e-12
 2.49       2.4145773159891642e-12
 2.50       2.4981174343382774e-12
 2.51       2.582820659220955e-12
 2.52       2.668679382169706e-12
 2.53       2.755686270989694e-12
 2.54       2.8438342617584254e-12
 2.55       2.9331165510835912e-12
 2.56       3.023526588609876e-12
 2.57       3.11505806976578e-12
 2.58       3.2077049287419924e-12
 2.59       3.301461331693104e-12
 2.60       3.3963216701547976e-12
 2.61       3.492280554668988e-12
 2.62       3.589332808609519e-12
 2.63       3.687473462201596e-12
 2.64       3.786697746728088e-12
 2.65       3.887001088916309e-12
 2.66       3.988379105498996e-12
 2.67       4.090827597943564e-12
 2.68       4.194342547343844e-12
 2.69       4.2989201094687406e-12
 2.70       4.404556609962505e-12
 2.71       4.5112485396914815e-12
 2.72       4.618992550232358e-12
 2.73       4.727785449497203e-12
 2.74       4.83762419749065e-12
 2.75       4.948505902194885e-12
 2.76       5.060427815578063e-12
 2.77       5.173387329722199e-12
 2.78       5.287381973066487e-12
 2.79       5.402409406762266e-12
 2.80       5.518467421135966e-12
 2.81       5.63555393225651e-12
 2.82       5.753666978603742e-12
 2.83       5.872804717834601e-12
 2.84       5.992965423643894e-12
 2.85       6.114147482716578e-12
 2.86       6.236349391768603e-12
 2.87       6.35956975467355e-12
 2.88       6.483807279672169e-12
 2.89       6.609060776662346e-12
 2.90       6.735329154566781e-12
 2.91       6.862611418776054e-12
 2.92       6.9909066686646025e-12
 2.93       7.120214095177331e-12
 2.94       7.250532978484698e-12
 2.95       7.381862685704038e-12
 2.96       7.514202668685147e-12
 2.97       7.647552461858052e-12
 2.98       7.781911680141117e-12
 2.99       7.917280016907537e-12
 3.00       8.053657242008508e-12
 3.01       8.191043199851255e-12
 3.02       8.329437807530286e-12
 3.03       8.46884105301024e-12
 3.04       8.609252993358735e-12
 3.05       8.75067375302773e-12
 3.06       8.89310352218193e-12
 3.07       9.03654255507278e-12
 3.08       9.180991168456725e-12
 3.09       9.326449740056388e-12
 3.10       9.472918707063362e-12
 3.11       9.620398564681434e-12
 3.12       9.768889864708957e-12
 3.13       9.918393214159304e-12
 3.14       1.0068909273918197e-11
 3.15       1.0220438757436886e-11
 3.16       1.0372982429460076e-11
 3.17       1.0526541104787621e-11
 3.18       1.0681115647068987e-11
 3.19       1.0836706967629538e-11
 3.20       1.0993316024327709e-11
 3.21       1.1150943820442133e-11
 3.22       1.1309591403587992e-11
 3.23       1.1469259864661582e-11
 3.24       1.1629950336812363e-11
 3.25       1.1791663994441798e-11
 3.26       1.1954402052227973e-11
 3.27       1.2118165764175546e-11
 3.28       1.2282956422690132e-11
 3.29       1.2448775357676416e-11
 3.30       1.261562393565951e-11
 3.31       1.2783503558928637e-11
 3.32       1.2952415664702767e-11
 3.33       1.312236172431736e-11
 3.34       1.3293343242431916e-11
 3.35       1.346536175625736e-11
 3.36       1.3638418834803111e-11
 3.37       1.3812516078143016e-11
 3.38       1.3987655116699767e-11
 3.39       1.4163837610547223e-11
 3.40       1.4341065248730166e-11
 3.41       1.451933974860102e-11
 3.42       1.4698662855173107e-11
 3.43       1.4879036340489887e-11
 3.44       1.5060462003009838e-11
 3.45       1.524294166700653e-11
 3.46       1.542647718198346e-11
 3.47       1.5611070422103293e-11
 3.48       1.5796723285631025e-11
 3.49       1.5983437694390898e-11
 3.50       1.6171215593236394e-11
 3.51       1.636005894953323e-11
 3.52       1.6549969752654973e-11
 3.53       1.674095001349068e-11
 3.54       1.693300176396462e-11
 3.55       1.7126127056567483e-11
 3.56       1.732032796389894e-11
 3.57       1.7515606578221047e-11
 3.58       1.771196501102254e-11
 3.59       1.7909405392593356e-11
 3.60       1.810792987160942e-11
 3.61       1.8307540614727238e-11
 3.62       1.8508239806188194e-11
 3.63       1.87100296474321e-11
 3.64       1.891291235671997e-11
 3.65       1.9116890168765695e-11
 3.66       1.932196533437627e-11
 3.67       1.9528140120100642e-11
 3.68       1.97354168078866e-11
 3.69       1.994379769474583e-11
 3.70       2.0153285092426666e-11
 3.71       2.0363881327094627e-11
 3.72       2.057558873902008e-11
 3.73       2.0788409682273493e-11
 3.74       2.1002346524427457e-11
 3.75       2.1217401646265745e-11
 3.76       2.1433577441499e-11
 3.77       2.1650876316486934e-11
 3.78       2.1869300689967028e-11
 3.79       2.2088852992789236e-11
 3.80       2.2309535667656965e-11
 3.81       2.253135116887381e-11
 3.82       2.2754301962096052e-11
 3.83       2.2978390524090914e-11
 3.84       2.320361934250012e-11
 3.85       2.342999091560893e-11
 3.86       2.3657507752120277e-11
 3.87       2.3886172370934093e-11
 3.88       2.411598730093155e-11
 3.89       2.43469550807641e-11
 3.90       2.457907825864738e-11
 3.91       2.4812359392159437e-11
 3.92       2.504680104804383e-11
 3.93       2.5282405802016833e-11
 3.94       2.5519176238579e-11
 3.95       2.575711495083097e-11
 3.96       2.5996224540293233e-11
 3.97       2.6236507616730007e-11
 3.98       2.6477966797976882e-11
 3.99       2.6720604709772366e-11
 4.00       2.6964423985593032e-11
 4.01       2.7209427266492333e-11
 4.02       2.745561720094293e-11
 4.03       2.7702996444682523e-11
 4.04       2.795156766056294e-11
 4.05       2.8201333518402556e-11
 4.06       2.8452296694842e-11
 4.07       2.870445987320281e-11
 4.08       2.8957825743349377e-11
 4.09       2.921239700155368e-11
 4.10       2.946817635036304e-11
 4.11       2.97251664984707e-11
 4.12       2.998337016058917e-11
 4.13       3.024279005732638e-11
 4.14       3.050342891506424e-11
 4.15       3.076528946584023e-11
 4.16       3.102837444723103e-11
 4.17       3.1292686602239006e-11
 4.18       3.1558228679180905e-11
 4.19       3.1825003431579054e-11
 4.20       3.209301361805466e-11
 4.21       3.2362262002223654e-11
 4.22       3.2632751352594544e-11
 4.23       3.290448444246843e-11
 4.24       3.3177464049841165e-11
 4.25       3.345169295730768e-11
 4.26       3.3727173951968097e-11
 4.27       3.4003909825335974e-11
 4.28       3.428190337324852e-11
 4.29       3.4561157395778417e-11
 4.30       3.484167469714784e-11
 4.31       3.512345808564405e-11
 4.32       3.540651037353669e-11
 4.33       3.5690834376997023e-11
 4.34       3.597643291601873e-11
 4.35       3.626330881434022e-11
 4.36       3.655146489936879e-11
 4.37       3.6840904002106206e-11
 4.38       3.713162895707581e-11
 4.39       3.742364260225125e-11
 4.40       3.771694777898649e-11
 4.41       3.801154733194747e-11
 4.42       3.830744410904497e-11
 4.43       3.8604640961368984e-11
 4.44       3.89031407431244e-11
 4.45       3.920294631156801e-11
 4.46       3.9504060526946734e-11
 4.47       3.980648625243715e-11
 4.48       4.011022635408631e-11
 4.49       4.0415283700753687e-11
 4.50       4.072166116405426e-11
 4.51       4.1029361618302967e-11
 4.52       4.1338387940459937e-11
 4.53       4.164874301007712e-11
 4.54       4.196042970924594e-11
 4.55       4.227345092254587e-11
 4.56       4.2587809536994125e-11
 4.57       4.2903508441996494e-11
 4.58       4.32205505292989e-11
 4.59       4.353893869294021e-11
 4.60       4.3858675829205637e-11
 4.61       4.417976483658157e-11
 4.62       4.4502208615710806e-11
 4.63       4.482601006934901e-11
 4.64       4.515117210232186e-11
 4.65       4.5477697621483195e-11
 4.66       4.580558953567384e-11
 4.67       4.6134850755681397e-11
 4.68       4.6465484194200675e-11
 4.69       4.679749276579513e-11
 4.70       4.713087938685876e-11
 4.71       4.74656469755791e-11
 4.72       4.780179845190062e-11
 4.73       4.813933673748916e-11
 4.74       4.847826475569672e-11
 4.75       4.8818585431527294e-11
 4.76       4.916030169160318e-11
 4.77       4.9503416464131906e-11
 4.78       4.984793267887396e-11
 4.79       5.019385326711109e-11
 4.80       5.054118116161512e-11
 4.81       5.088991929661764e-11
 4.82       5.12400706077799e-11
 4.83       5.159163803216375e-11
 4.84       5.19446245082027e-11
 4.85       5.229903297567389e-11
 4.86       5.265486637567045e-11
 4.87       5.3012127650574366e-11
 4.88       5.3370819744030026e-11
 4.89       5.3730945600918055e-11
 4.90       5.409250816732991e-11
 4.91       5.445551039054271e-11
 4.92       5.481995521899491e-11
 4.93       5.5185845602261937e-11
 4.94       5.555318449103281e-11
 4.95       5.592197483708692e-11
 4.96       5.6292219593271256e-11
 4.97       5.6663921713478294e-11
 4.98       5.703708415262396e-11
 4.99       5.741170986662644e-11
 5.00       5.778780181238498e-11
 5.01       5.816536294775943e-11
 5.02       5.854439623154995e-11
 5.03       5.892490462347731e-11
 5.04       5.93068910841633e-11
 5.05       5.969035857511175e-11
 5.06       6.007531005869006e-11
 5.07       6.046174849811033e-11
 5.08       6.084967685741198e-11
 5.09       6.123909810144368e-11
 5.10       6.163001519584632e-11
 5.11       6.202243110703579e-11
 5.12       6.241634880218659e-11
 5.13       6.281177124921535e-11
 5.14       6.320870141676486e-11
 5.15       6.360714227418834e-11
 5.16       6.400709679153411e-11
 5.17       6.44085679395303e-11
 5.18       6.481155868957025e-11
 5.19       6.521607201369779e-11
 5.20       6.562211088459309e-11
 5.21       6.602967827555851e-11
 5.22       6.643877716050508e-11
 5.23       6.684941051393888e-11
 5.24       6.726158131094787e-11
 5.25       6.767529252718892e-11
 5.26       6.809054713887514e-11
 5.27       6.850734812276341e-11
 5.28       6.892569845614196e-11
 5.29       6.934560111681871e-11
 5.30       6.976705908310915e-11
 5.31       7.019007533382502e-11
 5.32       7.061465284826283e-11
 5.33       7.104079460619297e-11
 5.34       7.146850358784837e-11
 5.35       7.189778277391431e-11
 5.36       7.232863514551757e-11
 5.37       7.276106368421624e-11
 5.38       7.319507137198962e-11
 5.39       7.363066119122835e-11
 5.40       7.406783612472462e-11
 5.41       7.450659915566268e-11
 5.42       7.494695326760934e-11
 5.43       7.538890144450503e-11
 5.44       7.583244667065464e-11
 5.45       7.627759193071861e-11
 5.46       7.672434020970439e-11
 5.47       7.717269449295798e-11
 5.48       7.76226577661554e-11
 5.49       7.807423301529471e-11
 5.50       7.852742322668769e-11
 5.51       7.898223138695231e-11
 5.52       7.94386604830048e-11
 5.53       7.989671350205201e-11
 5.54       8.035639343158415e-11
 5.55       8.08177032593673e-11
 5.56       8.128064597343648e-11
 5.57       8.174522456208837e-11
 5.58       8.221144201387454e-11
 5.59       8.267930131759482e-11
 5.60       8.314880546229039e-11
 5.61       8.361995743723742e-11
 5.62       8.409276023194074e-11
 5.63       8.456721683612753e-11
 5.64       8.504333023974113e-11
 5.65       8.552110343293504e-11
 5.66       8.600053940606704e-11
 5.67       8.648164114969343e-11
 5.68       8.696441165456306e-11
 5.69       8.744885391161233e-11
 5.70       8.793497091195896e-11
 5.71       8.842276564689731e-11
 5.72       8.891224110789272e-11
 5.73       8.940340028657637e-11
 5.74       8.989624617474034e-11
 5.75       9.039078176433266e-11
 5.76       9.088701004745221e-11
 5.77       9.138493401634415e-11
 5.78       9.188455666339521e-11
 5.79       9.238588098112902e-11
 5.80       9.288890996220143e-11
 5.81       9.339364659939656e-11
 5.82       9.3900093885622e-11
 5.83       9.44082548139048e-11
 5.84       9.491813237738712e-11
 5.85       9.542972956932231e-11
 5.86       9.594304938307073e-11
 5.87       9.6458094812096e-11
 5.88       9.697486884996094e-11
 5.89       9.749337449032397e-11
 5.90       9.801361472693523e-11
 5.91       9.853559255363296e-11
 5.92       9.90593109643401e-11
 5.93       9.958477295306053e-11
 5.94       1.0011198151387589e-10
 5.95       1.0064093964094202e-10
 5.96       1.0117165032848573e-10
 5.97       1.0170411657080156e-10
 5.98       1.0223834136224867e-10
 5.99       1.0277432769724758e-10
 6.00       1.0331207857027729e-10
 6.01       1.03851596975872e-10
 6.02       1.0439288590861885e-10
 6.03       1.0493594836315397e-10
 6.04       1.0548078733416078e-10
 6.05       1.0602740581636637e-10
 6.06       1.065758068045394e-10
 6.07       1.07125993293487e-10
 6.08       1.0767796827805252e-10
 6.09       1.0823173475311272e-10
 6.10       1.0878729571357536e-10
 6.11       1.093446541543769e-10
 6.12       1.0990381307047978e-10
 6.13       1.1046477545687037e-10
 6.14       1.1102754430855661e-10
 6.15       1.1159212262056556e-10
 6.16       1.1215851338794144e-10
 6.17       1.1272671960574322e-10
 6.18       1.1329674426904283e-10
 6.19       1.1386859037292269e-10
 6.20       1.1444226091247389e-10
 6.21       1.1501775888279426e-10
 6.22       1.1559508727898619e-10
 6.23       1.1617424909615508e-10
 6.24       1.167552473294069e-10
 6.25       1.17338084973847e-10
 6.26       1.179227650245777e-10
 6.27       1.1850929047669713e-10
 6.28       1.1909766432529702e-10
 6.29       1.1968788956546115e-10
 6.30       1.202799691922639e-10
 6.31       1.2087390620076833e-10
 6.32       1.2146970358602483e-10
 6.33       1.220673643430694e-10
 6.34       1.2266689146692228e-10
 6.35       1.2326828795258645e-10
 6.36       1.2387155679504586e-10
 6.37       1.2447670098926456e-10
 6.38       1.2508372353018488e-10
 6.39       1.256926274127263e-10
 6.40       1.2630341563178376e-10
 6.41       1.2691609118222692e-10
 6.42       1.2753065705889837e-10
 6.43       1.281471162566129e-10
 6.44       1.2876547177015542e-10
 6.45       1.293857265942809e-10
 6.46       1.300078837237123e-10
 6.47       1.3063194615313987e-10
 6.48       1.3125791687721982e-10
 6.49       1.3188579889057342e-10
 6.50       1.325155951877858e-10
 6.51       1.33147308763405e-10
 6.52       1.3378094261194076e-10
 6.53       1.3441649972786384e-10
 6.54       1.3505398310560485e-10
 6.55       1.3569339573955323e-10
 6.56       1.3633474062405644e-10
 6.57       1.369780207534191e-10
 6.58       1.3762323912190212e-10
 6.59       1.3827039872372148e-10
 6.60       1.38919502553048e-10
 6.61       1.3957055360400593e-10
 6.62       1.4022355487067235e-10
 6.63       1.4087850934707686e-10
 6.64       1.4153542002719995e-10
 6.65       1.4219428990497283e-10
 6.66       1.4285512197427665e-10
 6.67       1.435179192289416e-10
 6.68       1.4418268466274642e-10
 6.69       1.448494212694176e-10
 6.70       1.4551813204262871e-10
 6.71       1.4618881997599988e-10
 6.72       1.4686148806309703e-10
 6.73       1.4753613929743134e-10
 6.74       1.482127766724588e-10
 6.75       1.4889140318157925e-10
 6.76       1.4957202181813628e-10
 6.77       1.5025463557541627e-10
 6.78       1.5093924744664817e-10
 6.79       1.5162586042500285e-10
 6.80       1.5231447750359245e-10
 6.81       1.5300510167547045e-10
 6.82       1.5369773593363032e-10
 6.83       1.543923832710058e-10
 6.84       1.5508904668047014e-10
 6.85       1.5578772915483574e-10
 6.86       1.5648843368685357e-10
 6.87       1.5719116326921318e-10
 6.88       1.578959208945415e-10
 6.89       1.5860270955540355e-10
 6.90       1.5931153224430122e-10
 6.91       1.6002239195367294e-10
 6.92       1.6073529167589402e-10
 6.93       1.6145023440327548e-10
 6.94       1.6216722312806426e-10
 6.95       1.628862608424426e-10
 6.96       1.636073505385281e-10
 6.97       1.6433049520837313e-10
 6.98       1.6505569784396425e-10
 6.99       1.6578296143722272e-10
 7.00       1.6651228898000368e-10
 7.01       1.6724368346409583e-10
 7.02       1.6797714788122165e-10
 7.03       1.687126852230366e-10
 7.04       1.6945029848112942e-10
 7.05       1.701899906470213e-10
 7.06       1.7093176471216653e-10
 7.07       1.7167562366795133e-10
 7.08       1.724215705056942e-10
 7.09       1.7316960821664593e-10
 7.10       1.7391973979198895e-10
 7.11       1.7467196822283713e-10
 7.12       1.754262965002363e-10
 7.13       1.761827276151631e-10
 7.14       1.7694126455852583e-10
 7.15       1.7770191032116375e-10
 7.16       1.7846466789384673e-10
 7.17       1.792295402672757e-10
 7.18       1.7999653043208234e-10
 7.19       1.8076564137882866e-10
 7.20       1.8153687609800734e-10
 7.21       1.8231023758004124e-10
 7.22       1.8308572881528353e-10
 7.23       1.838633527940176e-10
 7.24       1.846431125064571e-10
 7.25       1.8542501094274535e-10
 7.26       1.8620905109295592e-10
 7.27       1.8699523594709223e-10
 7.28       1.877835684950875e-10
 7.29       1.8857405172680462e-10
 7.30       1.893666886320365e-10
 7.31       1.901614822005054e-10
 7.32       1.909584354218637e-10
 7.33       1.9175755128569297e-10
 7.34       1.9255883278150476e-10
 7.35       1.9336228289874006e-10
 7.36       1.9416790462676942e-10
 7.37       1.9497570095489294e-10
 7.38       1.9578567487234044e-10
 7.39       1.9659782936827123e-10
 7.40       1.9741216743177415e-10
 7.41       1.9822869205186768e-10
 7.42       1.9904740621749997e-10
 7.43       1.9986831291754855e-10
 7.44       2.0069141514082086e-10
 7.45       2.015167158760538e-10
 7.46       2.023442181119141e-10
 7.47       2.031739248369981e-10
 7.48       2.04005839039832e-10
 7.49       2.048399637088717e-10
 7.50       2.056763018325031e-10
 7.51       2.065148563990418e-10
 7.52       2.0735563039673365e-10
 7.53       2.0819862681375409e-10
 7.54       2.090438486382089e-10
 7.55       2.0989129885813392e-10
 7.56       2.107409804614952e-10
 7.57       2.1159289643618894e-10
 7.58       2.1244704977004184e-10
 7.59       2.1330344345081088e-10
 7.60       2.1416208046618353e-10
 7.61       2.1502296380377792e-10
 7.62       2.1588609645114264e-10
 7.63       2.1675148139575714e-10
 7.64       2.1761912162503157e-10
 7.65       2.184890201263072e-10
 7.66       2.1936117988685616e-10
 7.67       2.2023560389388154e-10
 7.68       2.2111229513451793e-10
 7.69       2.2199125659583097e-10
 7.70       2.228724912648178e-10
 7.71       2.2375600212840693e-10
 7.72       2.2464179217345883e-10
 7.73       2.2552986438676548e-10
 7.74       2.2642022175505025e-10
 7.75       2.273128672649694e-10
 7.76       2.2820780390311038e-10
 7.77       2.291050346559932e-10
 7.78       2.3000456251007042e-10
 7.79       2.3090639045172667e-10
 7.80       2.3181052146727917e-10
 7.81       2.3271695854297789e-10
 7.82       2.3362570466500544e-10
 7.83       2.345367628194777e-10
 7.84       2.354501359924433e-10
 7.85       2.363658271698844e-10
 7.86       2.37283839337716e-10
 7.87       2.38204175481787e-10
 7.88       2.3912683858787993e-10
 7.89       2.4005183164171053e-10
 7.90       2.4097915762892897e-10
 7.91       2.4190881953511913e-10
 7.92       2.428408203457995e-10
 7.93       2.4377516304642214e-10
 7.94       2.4471185062237436e-10
 7.95       2.4565088605897744e-10
 7.96       2.465922723414879e-10
 7.97       2.475360124550969e-10
 7.98       2.484821093849305e-10
 7.99       2.494305661160504e-10
 8.00       2.5038138563345335e-10
 8.01       2.513345709220716e-10
 8.02       2.5229012496677335e-10
 8.03       2.5324805075236226e-10
 8.04       2.542083512635783e-10
 8.05       2.55171029485097e-10
 8.06       2.56136088401531e-10
 8.07       2.5710353099742884e-10
 8.08       2.580733602572759e-10
 8.09       2.590455791654943e-10
 8.10       2.6002019070644266e-10
 8.11       2.6099719786441763e-10
 8.12       2.6197660362365235e-10
 8.13       2.6295841096831747e-10
 8.14       2.6394262288252173e-10
 8.15       2.6492924235031114e-10
 8.16       2.659182723556695e-10
 8.17       2.669097158825194e-10
 8.18       2.6790357591472106e-10
 8.19       2.688998554360735e-10
 8.20       2.6989855743031397e-10
 8.21       2.7089968488111885e-10
 8.22       2.719032407721032e-10
 8.23       2.729092280868213e-10
 8.24       2.7391764980876675e-10
 8.25       2.7492850892137233e-10
 8.26       2.7594180840801086e-10
 8.27       2.7695755125199456e-10
 8.28       2.77975740436576e-10
 8.29       2.7899637894494733e-10
 8.30       2.8001946976024154e-10
 8.31       2.8104501586553186e-10
 8.32       2.8207302024383227e-10
 8.33       2.8310348587809735e-10
 8.34       2.841364157512229e-10
 8.35       2.8517181284604586e-10
 8.36       2.862096801453445e-10
 8.37       2.872500206318387e-10
 8.38       2.882928372881896e-10
 8.39       2.8933813309700107e-10
 8.40       2.9038591104081804e-10
 8.41       2.914361741021284e-10
 8.42       2.924889252633623e-10
 8.43       2.93544167506892e-10
 8.44       2.946019038150331e-10
 8.45       2.95662137170044e-10
 8.46       2.96724870554126e-10
 8.47       2.9779010694942354e-10
 8.48       2.9885784933802527e-10
 8.49       2.9992810070196225e-10
 8.50       3.010008640232109e-10
 8.51       3.0207614228369014e-10
 8.52       3.031539384652641e-10
 8.53       3.0423425554974075e-10
 8.54       3.053170965188724e-10
 8.55       3.064024643543569e-10
 8.56       3.074903620378361e-10
 8.57       3.0858079255089704e-10
 8.58       3.096737588750724e-10
 8.59       3.107692639918398e-10
 8.60       3.1186731088262295e-10
 8.61       3.129679025287907e-10
 8.62       3.140710419116583e-10
 8.63       3.151767320124867e-10
 8.64       3.162849758124838e-10
 8.65       3.173957762928032e-10
 8.66       3.1850913643454536e-10
 8.67       3.196250592187578e-10
 8.68       3.20743547626435e-10
 8.69       3.218646046385181e-10
 8.70       3.2298823323589614e-10
 8.71       3.2411443639940543e-10
 8.72       3.252432171098298e-10
 8.73       3.263745783479014e-10
 8.74       3.275085230943e-10
 8.75       3.286450543296534e-10
 8.76       3.2978417503453863e-10
 8.77       3.3092588818948027e-10
 8.78       3.320701967749523e-10
 8.79       3.332171037713772e-10
 8.80       3.3436661215912663e-10
 8.81       3.3551872491852173e-10
 8.82       3.3667344502983287e-10
 8.83       3.3783077547327987e-10
 8.84       3.389907192290325e-10
 8.85       3.401532792772104e-10
 8.86       3.413184585978834e-10
 8.87       3.4248626017107146e-10
 8.88       3.4365668697674473e-10
 8.89       3.4482974199482475e-10
 8.90       3.4600542820518334e-10
 8.91       3.4718374858764317e-10
 8.92       3.4836470612197827e-10
 8.93       3.495483037879135e-10
 8.94       3.5073454456512615e-10
 8.95       3.519234314332441e-10
 8.96       3.531149673718479e-10
 8.97       3.5430915536046897e-10
 8.98       3.555059983785921e-10
 8.99       3.5670549940565374e-10
 9.00       3.5790766142104286e-10
 9.01       3.591124874041008e-10
 9.02       3.6031998033412236e-10
 9.03       3.6153014319035476e-10
 9.04       3.627429789519987e-10
 9.05       3.6395849059820776e-10
 9.06       3.6517668110808936e-10
 9.07       3.6639755346070447e-10
 9.08       3.676211106350677e-10
 9.09       3.688473556101478e-10
 9.10       3.7007629136486765e-10
 9.11       3.7130792087810404e-10
 9.12       3.725422471286886e-10
 9.13       3.737792730954074e-10
 9.14       3.7501900175700147e-10
 9.15       3.762614360921666e-10
 9.16       3.775065790795534e-10
 9.17       3.787544336977685e-10
 9.18       3.8000500292537286e-10
 9.19       3.812582897408841e-10
 9.20       3.825142971227749e-10
 9.21       3.8377302804947385e-10
 9.22       3.850344854993658e-10
 9.23       3.862986724507922e-10
 9.24       3.8756559188204965e-10
 9.25       3.8883524677139243e-10
 9.26       3.9010764009703107e-10
 9.27       3.913827748371329e-10
 9.28       3.926606539698219e-10
 9.29       3.939412804731805e-10
 9.30       3.952246573252466e-10
 9.31       3.96510787504017e-10
 9.32       3.9779967398744517e-10
 9.33       3.9909131975344284e-10
 9.34       4.0038572777987986e-10
 9.35       4.0168290104458337e-10
 9.36       4.0298284252533963e-10
 9.37       4.0428555519989234e-10
 9.38       4.055910420459445e-10
 9.39       4.0689930604115747e-10
 9.40       4.082103501631515e-10
 9.41       4.095241773895056e-10
 9.42       4.1084079069775813e-10
 9.43       4.121601930654066e-10
 9.44       4.134823874699085e-10
 9.45       4.1480737688867986e-10
 9.46       4.161351642990971e-10
 9.47       4.1746575267849623e-10
 9.48       4.1879914500417375e-10
 9.49       4.201353442533857e-10
 9.50       4.2147435340334895e-10
 9.51       4.2281617543124013e-10
 9.52       4.241608133141974e-10
 9.53       4.2550827002931896e-10
 9.54       4.268585485536641e-10
 9.55       4.282116518642533e-10
 9.56       4.2956758293806775e-10
 9.57       4.309263447520504e-10
 9.58       4.322879402831058e-10
 9.59       4.3365237250809977e-10
 9.60       4.3501964440385945e-10
 9.61       4.3638975894717475e-10
 9.62       4.3776271911479713e-10
 9.63       4.3913852788344025e-10
 9.64       4.405171882297797e-10
 9.65       4.4189870313045484e-10
 9.66       4.432830755620656e-10
 9.67       4.4467030850117645e-10
 9.68       4.4606040492431355e-10
 9.69       4.4745336780796684e-10
 9.70       4.488492001285889e-10
 9.71       4.5024790486259563e-10
 9.72       4.516494849863664e-10
 9.73       4.530539434762442e-10
 9.74       4.5446128330853547e-10
 9.75       4.5587150745951085e-10
 9.76       4.5728461890540446e-10
 9.77       4.5870062062241505e-10
 9.78       4.6011951558670486e-10
 9.79       4.6154130677440107e-10
 9.80       4.629659971615952e-10
 9.81       4.643935897243432e-10
 9.82       4.658240874386658e-10
 9.83       4.672574932805488e-10
 9.84       4.686938102259428e-10
 9.85       4.701330412507638e-10
 9.86       4.715751893308925e-10
 9.87       4.730202574421757e-10
 9.88       4.744682485604252e-10
 9.89       4.759191656614185e-10
 9.90       4.773730117208994e-10
 9.91       4.788297897145767e-10
 9.92       4.80289502618126e-10
 9.93       4.817521534071887e-10
 9.94       4.832177450573727e-10
 9.95       4.846862805442518e-10
 9.96       4.86157762843367e-10
 9.97       4.876321949302256e-10
 9.98       4.891095797803018e-10
 9.99       4.905899203690363e-10
