1.000000000000000021e-02       0.000000000000000000e+00
2.000000000000000042e-02       0.000000000000000000e+00
2.999999999999999889e-02       0.000000000000000000e+00
4.000000000000000083e-02       0.000000000000000000e+00
5.000000000000000278e-02       0.000000000000000000e+00
5.999999999999999778e-02       0.000000000000000000e+00
7.000000000000000666e-02       0.000000000000000000e+00
8.000000000000000167e-02       0.000000000000000000e+00
8.999999999999999667e-02       0.000000000000000000e+00
1.000000000000000056e-01       0.000000000000000000e+00
1.100000000000000006e-01       0.000000000000000000e+00
1.199999999999999956e-01       0.000000000000000000e+00
1.300000000000000044e-01       0.000000000000000000e+00
1.400000000000000133e-01       0.000000000000000000e+00
1.499999999999999944e-01       0.000000000000000000e+00
1.600000000000000033e-01       0.000000000000000000e+00
1.700000000000000122e-01       0.000000000000000000e+00
1.799999999999999933e-01       0.000000000000000000e+00
1.900000000000000022e-01       0.000000000000000000e+00
2.000000000000000111e-01       0.000000000000000000e+00
2.099999999999999922e-01       0.000000000000000000e+00
2.200000000000000011e-01       0.000000000000000000e+00
2.300000000000000100e-01       0.000000000000000000e+00
2.399999999999999911e-01       0.000000000000000000e+00
2.500000000000000000e-01       0.000000000000000000e+00
2.600000000000000089e-01       0.000000000000000000e+00
2.700000000000000178e-01       0.000000000000000000e+00
2.800000000000000266e-01       0.000000000000000000e+00
2.899999999999999800e-01       0.000000000000000000e+00
2.999999999999999889e-01       0.000000000000000000e+00
3.099999999999999978e-01       0.000000000000000000e+00
3.200000000000000067e-01       0.000000000000000000e+00
3.300000000000000155e-01       0.000000000000000000e+00
3.400000000000000244e-01       0.000000000000000000e+00
3.499999999999999778e-01       0.000000000000000000e+00
3.599999999999999867e-01       0.000000000000000000e+00
3.699999999999999956e-01       0.000000000000000000e+00
3.800000000000000044e-01       0.000000000000000000e+00
3.900000000000000133e-01       0.000000000000000000e+00
4.000000000000000222e-01       0.000000000000000000e+00
4.099999999999999756e-01       0.000000000000000000e+00
4.199999999999999845e-01       0.000000000000000000e+00
4.299999999999999933e-01       0.000000000000000000e+00
4.400000000000000022e-01       0.000000000000000000e+00
4.500000000000000111e-01       0.000000000000000000e+00
4.600000000000000200e-01       0.000000000000000000e+00
4.699999999999999734e-01       0.000000000000000000e+00
4.799999999999999822e-01       0.000000000000000000e+00
4.899999999999999911e-01       0.000000000000000000e+00
5.000000000000000000e-01       0.000000000000000000e+00
5.100000000000000089e-01       0.000000000000000000e+00
5.200000000000000178e-01       0.000000000000000000e+00
5.300000000000000266e-01       0.000000000000000000e+00
5.400000000000000355e-01       0.000000000000000000e+00
5.500000000000000444e-01       0.000000000000000000e+00
5.600000000000000533e-01       0.000000000000000000e+00
5.699999999999999512e-01       0.000000000000000000e+00
5.799999999999999600e-01       0.000000000000000000e+00
5.899999999999999689e-01       0.000000000000000000e+00
5.999999999999999778e-01       0.000000000000000000e+00
6.099999999999999867e-01       0.000000000000000000e+00
6.199999999999999956e-01       0.000000000000000000e+00
6.300000000000000044e-01       0.000000000000000000e+00
6.400000000000000133e-01       0.000000000000000000e+00
6.500000000000000222e-01       0.000000000000000000e+00
6.600000000000000311e-01       0.000000000000000000e+00
6.700000000000000400e-01       0.000000000000000000e+00
6.800000000000000488e-01       0.000000000000000000e+00
6.899999999999999467e-01       0.000000000000000000e+00
6.999999999999999556e-01       0.000000000000000000e+00
7.099999999999999645e-01       0.000000000000000000e+00
7.199999999999999734e-01       0.000000000000000000e+00
7.299999999999999822e-01       0.000000000000000000e+00
7.399999999999999911e-01       0.000000000000000000e+00
7.500000000000000000e-01       0.000000000000000000e+00
7.600000000000000089e-01       0.000000000000000000e+00
7.700000000000000178e-01       0.000000000000000000e+00
7.800000000000000266e-01       0.000000000000000000e+00
7.900000000000000355e-01       0.000000000000000000e+00
8.000000000000000444e-01       0.000000000000000000e+00
8.100000000000000533e-01       0.000000000000000000e+00
8.199999999999999512e-01       0.000000000000000000e+00
8.299999999999999600e-01       0.000000000000000000e+00
8.399999999999999689e-01       0.000000000000000000e+00
8.499999999999999778e-01       0.000000000000000000e+00
8.599999999999999867e-01       0.000000000000000000e+00
8.699999999999999956e-01       0.000000000000000000e+00
8.800000000000000044e-01       0.000000000000000000e+00
8.900000000000000133e-01       0.000000000000000000e+00
9.000000000000000222e-01       0.000000000000000000e+00
9.100000000000000311e-01       0.000000000000000000e+00
9.200000000000000400e-01       0.000000000000000000e+00
9.300000000000000488e-01       0.000000000000000000e+00
9.399999999999999467e-01       0.000000000000000000e+00
9.499999999999999556e-01       0.000000000000000000e+00
9.599999999999999645e-01       0.000000000000000000e+00
9.699999999999999734e-01       0.000000000000000000e+00
9.799999999999999822e-01       0.000000000000000000e+00
9.899999999999999911e-01       0.000000000000000000e+00
1.000000000000000000e+00       0.000000000000000000e+00
1.010000000000000009e+00       0.000000000000000000e+00
1.020000000000000018e+00       0.000000000000000000e+00
1.030000000000000027e+00       0.000000000000000000e+00
1.040000000000000036e+00       0.000000000000000000e+00
1.050000000000000044e+00       0.000000000000000000e+00
1.060000000000000053e+00       0.000000000000000000e+00
1.070000000000000062e+00       0.000000000000000000e+00
1.080000000000000071e+00       0.000000000000000000e+00
1.090000000000000080e+00       0.000000000000000000e+00
1.100000000000000089e+00       0.000000000000000000e+00
1.110000000000000098e+00       0.000000000000000000e+00
1.120000000000000107e+00       0.000000000000000000e+00
1.129999999999999893e+00       0.000000000000000000e+00
1.139999999999999902e+00       0.000000000000000000e+00
1.149999999999999911e+00       0.000000000000000000e+00
1.159999999999999920e+00       0.000000000000000000e+00
1.169999999999999929e+00       0.000000000000000000e+00
1.179999999999999938e+00       0.000000000000000000e+00
1.189999999999999947e+00       0.000000000000000000e+00
1.199999999999999956e+00       0.000000000000000000e+00
1.209999999999999964e+00       0.000000000000000000e+00
1.219999999999999973e+00       0.000000000000000000e+00
1.229999999999999982e+00       0.000000000000000000e+00
1.239999999999999991e+00       0.000000000000000000e+00
1.250000000000000000e+00       0.000000000000000000e+00
1.260000000000000009e+00       0.000000000000000000e+00
1.270000000000000018e+00       0.000000000000000000e+00
1.280000000000000027e+00       0.000000000000000000e+00
1.290000000000000036e+00       0.000000000000000000e+00
1.300000000000000044e+00       0.000000000000000000e+00
1.310000000000000053e+00       0.000000000000000000e+00
1.320000000000000062e+00       0.000000000000000000e+00
1.330000000000000071e+00       0.000000000000000000e+00
1.340000000000000080e+00       0.000000000000000000e+00
1.350000000000000089e+00       0.000000000000000000e+00
1.360000000000000098e+00       0.000000000000000000e+00
1.370000000000000107e+00       0.000000000000000000e+00
1.379999999999999893e+00       0.000000000000000000e+00
1.389999999999999902e+00       0.000000000000000000e+00
1.399999999999999911e+00       0.000000000000000000e+00
1.409999999999999920e+00       0.000000000000000000e+00
1.419999999999999929e+00       0.000000000000000000e+00
1.429999999999999938e+00       0.000000000000000000e+00
1.439999999999999947e+00       0.000000000000000000e+00
1.449999999999999956e+00       0.000000000000000000e+00
1.459999999999999964e+00       0.000000000000000000e+00
1.469999999999999973e+00       0.000000000000000000e+00
1.479999999999999982e+00       0.000000000000000000e+00
1.489999999999999991e+00       0.000000000000000000e+00
1.500000000000000000e+00       0.000000000000000000e+00
1.510000000000000009e+00       0.000000000000000000e+00
1.520000000000000018e+00       0.000000000000000000e+00
1.530000000000000027e+00       0.000000000000000000e+00
1.540000000000000036e+00       0.000000000000000000e+00
1.550000000000000044e+00       0.000000000000000000e+00
1.560000000000000053e+00       0.000000000000000000e+00
1.570000000000000062e+00       0.000000000000000000e+00
1.580000000000000071e+00       0.000000000000000000e+00
1.590000000000000080e+00       0.000000000000000000e+00
1.600000000000000089e+00       0.000000000000000000e+00
1.610000000000000098e+00       0.000000000000000000e+00
1.620000000000000107e+00       0.000000000000000000e+00
1.629999999999999893e+00       0.000000000000000000e+00
1.639999999999999902e+00       0.000000000000000000e+00
1.649999999999999911e+00       0.000000000000000000e+00
1.659999999999999920e+00       0.000000000000000000e+00
1.669999999999999929e+00       0.000000000000000000e+00
1.679999999999999938e+00       0.000000000000000000e+00
1.689999999999999947e+00       0.000000000000000000e+00
1.699999999999999956e+00       0.000000000000000000e+00
1.709999999999999964e+00       0.000000000000000000e+00
1.719999999999999973e+00       0.000000000000000000e+00
1.729999999999999982e+00       0.000000000000000000e+00
1.739999999999999991e+00       0.000000000000000000e+00
1.750000000000000000e+00       0.000000000000000000e+00
1.760000000000000009e+00       0.000000000000000000e+00
1.770000000000000018e+00       0.000000000000000000e+00
1.780000000000000027e+00       0.000000000000000000e+00
1.790000000000000036e+00       0.000000000000000000e+00
1.800000000000000044e+00       0.000000000000000000e+00
1.810000000000000053e+00       0.000000000000000000e+00
1.820000000000000062e+00       0.000000000000000000e+00
1.830000000000000071e+00       0.000000000000000000e+00
1.840000000000000080e+00       0.000000000000000000e+00
1.850000000000000089e+00       0.000000000000000000e+00
1.860000000000000098e+00       0.000000000000000000e+00
1.870000000000000107e+00       0.000000000000000000e+00
1.879999999999999893e+00       0.000000000000000000e+00
1.889999999999999902e+00       0.000000000000000000e+00
1.899999999999999911e+00       0.000000000000000000e+00
1.909999999999999920e+00       0.000000000000000000e+00
1.919999999999999929e+00       0.000000000000000000e+00
1.929999999999999938e+00       0.000000000000000000e+00
1.939999999999999947e+00       0.000000000000000000e+00
1.949999999999999956e+00       0.000000000000000000e+00
1.959999999999999964e+00       0.000000000000000000e+00
1.969999999999999973e+00       2.865670781109422825e-06
1.979999999999999982e+00       1.675205882737005540e-04
1.989999999999999991e+00       5.676085456545217197e-04
2.000000000000000000e+00       1.182148893559621314e-03
2.009999999999999787e+00       1.991275245958530268e-03
2.020000000000000018e+00       2.976218965632753538e-03
2.029999999999999805e+00       4.119301529885857106e-03
2.040000000000000036e+00       5.403937681178805352e-03
2.049999999999999822e+00       6.814605995510938062e-03
2.060000000000000053e+00       8.336819363919424630e-03
2.069999999999999840e+00       9.957090301342024288e-03
2.080000000000000071e+00       1.166289234213308858e-02
2.089999999999999858e+00       1.344261860746129300e-02
2.100000000000000089e+00       1.528553847854949820e-02
2.109999999999999876e+00       1.718175316961452134e-02
2.120000000000000107e+00       1.912215086759507313e-02
2.129999999999999893e+00       2.109836199207493559e-02
2.140000000000000124e+00       2.310271502770117752e-02
2.149999999999999911e+00       2.512819329254252151e-02
2.160000000000000142e+00       2.716839292834377292e-02
2.169999999999999929e+00       2.921748233180089874e-02
2.180000000000000160e+00       3.127016318862257255e-02
2.189999999999999947e+00       3.332163322364312119e-02
2.200000000000000178e+00       3.536755073939890082e-02
2.209999999999999964e+00       3.740400098165713727e-02
2.220000000000000195e+00       3.942746434247624415e-02
2.229999999999999982e+00       4.143478638872266639e-02
2.240000000000000213e+00       4.342314968586263174e-02
2.250000000000000000e+00       4.539004737262949951e-02
2.259999999999999787e+00       4.733325843127293708e-02
2.270000000000000018e+00       4.925082459000190704e-02
2.279999999999999805e+00       5.114102878849741823e-02
2.290000000000000036e+00       5.300237513358276725e-02
2.299999999999999822e+00       5.483357026997100897e-02
2.310000000000000053e+00       5.663350609015033871e-02
2.319999999999999840e+00       5.840124370767249551e-02
2.330000000000000071e+00       6.013599861915397415e-02
2.339999999999999858e+00       6.183712698200422714e-02
2.350000000000000089e+00       6.350411293709831706e-02
2.359999999999999876e+00       6.513655864292104691e-02
2.370000000000000107e+00       6.673416481275978862e-02
2.379999999999999893e+00       6.829673812176596803e-02
2.390000000000000124e+00       6.982416470945394804e-02
2.399999999999999911e+00       7.131641043680177205e-02
2.410000000000000142e+00       7.277351141612022067e-02
2.419999999999999929e+00       7.419556690686535116e-02
2.430000000000000160e+00       7.558273279474450601e-02
2.439999999999999947e+00       7.693521561194324732e-02
2.450000000000000178e+00       7.825326705872288902e-02
2.459999999999999964e+00       7.953717898549333976e-02
2.470000000000000195e+00       8.078727880067278211e-02
2.479999999999999982e+00       8.200392527177104152e-02
2.490000000000000213e+00       8.318750468879813897e-02
2.500000000000000000e+00       8.433842736140892415e-02
2.509999999999999787e+00       8.545712442332595304e-02
2.520000000000000018e+00       8.654404491954144352e-02
2.529999999999999805e+00       8.759965315362658322e-02
2.540000000000000036e+00       8.862442627417656260e-02
2.549999999999999822e+00       8.961885208101585953e-02
2.560000000000000053e+00       9.058342703326846546e-02
2.569999999999999840e+00       9.151865444277289263e-02
2.580000000000000071e+00       9.242504283760685779e-02
2.589999999999999858e+00       9.330310448167075665e-02
2.600000000000000089e+00       9.415335403738402109e-02
2.609999999999999876e+00       9.497630735956492931e-02
2.620000000000000107e+00       9.577248040950947505e-02
2.629999999999999893e+00       9.654238827916100663e-02
2.640000000000000124e+00       9.728654431606220676e-02
2.649999999999999911e+00       9.800545934053374320e-02
2.660000000000000142e+00       9.869964094720294623e-02
2.669999999999999929e+00       9.936959288364974330e-02
2.680000000000000160e+00       1.000158150969650411e-01
2.689999999999999947e+00       1.006388002599453713e-01
2.700000000000000178e+00       1.012390393198907140e-01
2.709999999999999964e+00       1.018170151414398983e-01
2.720000000000000195e+00       1.023732051810774257e-01
2.729999999999999982e+00       1.029080805995828962e-01
2.740000000000000213e+00       1.034221060269373549e-01
2.750000000000000000e+00       1.039157393541989688e-01
2.759999999999999787e+00       1.043894315658208533e-01
2.770000000000000018e+00       1.048436265990732863e-01
2.779999999999999805e+00       1.052787612325166988e-01
2.790000000000000036e+00       1.056952649987964454e-01
2.799999999999999822e+00       1.060935601198415568e-01
2.810000000000000053e+00       1.064740614625957899e-01
2.819999999999999840e+00       1.068371765132165030e-01
2.830000000000000071e+00       1.071833053678695746e-01
2.839999999999999858e+00       1.075128407384428608e-01
2.850000000000000089e+00       1.078261679716433358e-01
2.859999999999999876e+00       1.081236650800804083e-01
2.870000000000000107e+00       1.084057027840545501e-01
2.879999999999999893e+00       1.086726445628794363e-01
2.890000000000000124e+00       1.089248467146694405e-01
2.899999999999999911e+00       1.091626584236137787e-01
2.910000000000000142e+00       1.093864218338459759e-01
2.919999999999999929e+00       1.095964721290953736e-01
2.930000000000000160e+00       1.097931376173759688e-01
2.939999999999999947e+00       1.099767398200397622e-01
2.950000000000000178e+00       1.101475935645759574e-01
2.959999999999999964e+00       1.103060070805961107e-01
2.970000000000000195e+00       1.104522820984972925e-01
2.979999999999999982e+00       1.105867139503385749e-01
2.990000000000000213e+00       1.107095916725110846e-01
3.000000000000000000e+00       1.108211981098228827e-01
3.009999999999999787e+00       1.109218099206763786e-01
3.020000000000000018e+00       1.110116970667723302e-01
3.029999999999999805e+00       1.110911229483197010e-01
3.040000000000000036e+00       1.111603448163370755e-01
3.049999999999999822e+00       1.112196140005965311e-01
3.060000000000000053e+00       1.112691760878317809e-01
3.069999999999999840e+00       1.113092710778870592e-01
3.080000000000000071e+00       1.113401335276710535e-01
3.089999999999999858e+00       1.113619926859722997e-01
3.100000000000000089e+00       1.113750466839210085e-01
3.109999999999999876e+00       1.113792807921529238e-01
3.120000000000000107e+00       1.113748681589920575e-01
3.129999999999999893e+00       1.113620358923969461e-01
3.140000000000000124e+00       1.113410056750855914e-01
3.149999999999999911e+00       1.113119938946447035e-01
3.160000000000000142e+00       1.112752116859039575e-01
3.169999999999999929e+00       1.112308653959901417e-01
3.180000000000000160e+00       1.111791561943104856e-01
3.189999999999999947e+00       1.111202805330065158e-01
3.200000000000000178e+00       1.110544301775852200e-01
3.209999999999999964e+00       1.109817923206503493e-01
3.220000000000000195e+00       1.109025496926010768e-01
3.229999999999999982e+00       1.108168806702166942e-01
3.240000000000000213e+00       1.107249593825182093e-01
3.250000000000000000e+00       1.106269558142061044e-01
3.259999999999999787e+00       1.105230359066603912e-01
3.270000000000000018e+00       1.104133616565684539e-01
3.279999999999999805e+00       1.102980912121873380e-01
3.290000000000000036e+00       1.101773789673039378e-01
3.299999999999999822e+00       1.100513756529264697e-01
3.310000000000000053e+00       1.099202284267465635e-01
3.319999999999999840e+00       1.097840809606252244e-01
3.330000000000000071e+00       1.096430735249658561e-01
3.339999999999999858e+00       1.094973430728144737e-01
3.350000000000000089e+00       1.093470233201596226e-01
3.359999999999999876e+00       1.091922448250490091e-01
3.370000000000000107e+00       1.090331350645712821e-01
3.379999999999999893e+00       1.088698185099068738e-01
3.390000000000000124e+00       1.087024166994885327e-01
3.399999999999999911e+00       1.085310483103158474e-01
3.410000000000000142e+00       1.083558292274773294e-01
3.419999999999999929e+00       1.081768726118312735e-01
3.430000000000000160e+00       1.079942889661594657e-01
3.439999999999999947e+00       1.078081861993798324e-01
3.450000000000000178e+00       1.076186696893133010e-01
3.459999999999999964e+00       1.074258423437718657e-01
3.470000000000000195e+00       1.072298046600976690e-01
3.479999999999999982e+00       1.070306547831794824e-01
3.490000000000000213e+00       1.068284885619845276e-01
3.500000000000000000e+00       1.066233996046428018e-01
3.509999999999999787e+00       1.064154793321201303e-01
3.520000000000000018e+00       1.062048170305183864e-01
3.529999999999999805e+00       1.059914999020346860e-01
3.540000000000000036e+00       1.057756131145579787e-01
3.549999999999999822e+00       1.055572398503034914e-01
3.560000000000000053e+00       1.053364613500315655e-01
3.569999999999999840e+00       1.051133569016783620e-01
3.580000000000000071e+00       1.048880038401653753e-01
3.589999999999999858e+00       1.046604776358472655e-01
3.600000000000000089e+00       1.044308519580386674e-01
3.609999999999999876e+00       1.041991987271889963e-01
3.620000000000000107e+00       1.039655881623612471e-01
3.629999999999999893e+00       1.037300888259043430e-01
3.640000000000000124e+00       1.034927676659670726e-01
3.649999999999999911e+00       1.032536900571333627e-01
3.660000000000000142e+00       1.030129198396624451e-01
3.669999999999999929e+00       1.027705193573665160e-01
3.680000000000000160e+00       1.025265494941950822e-01
3.689999999999999947e+00       1.022810697097230465e-01
3.700000000000000178e+00       1.020341380734805098e-01
3.709999999999999964e+00       1.017858112984114799e-01
3.720000000000000195e+00       1.015361447732279071e-01
3.729999999999999982e+00       1.012851925939105835e-01
3.740000000000000213e+00       1.010330075943139116e-01
3.750000000000000000e+00       1.007796413759252940e-01
3.759999999999999787e+00       1.005251443368105346e-01
3.770000000000000018e+00       1.002695656998948831e-01
3.779999999999999805e+00       1.000129535399279651e-01
3.790000000000000036e+00       9.975535481078619260e-02
3.799999999999999822e+00       9.949681537104874962e-02
3.810000000000000053e+00       9.923738000938304993e-02
3.819999999999999840e+00       9.897709246917620052e-02
3.830000000000000071e+00       9.871599547252819795e-02
3.839999999999999858e+00       9.845413074362657779e-02
3.850000000000000089e+00       9.819153903152197382e-02
3.859999999999999876e+00       9.792826013232308613e-02
3.870000000000000107e+00       9.766433291083563561e-02
3.879999999999999893e+00       9.739979532161745224e-02
3.890000000000000124e+00       9.713468442957191862e-02
3.899999999999999911e+00       9.686903642998942465e-02
3.910000000000000142e+00       9.660288666804994762e-02
3.919999999999999929e+00       9.633626965791183827e-02
3.930000000000000160e+00       9.606921910128972397e-02
3.939999999999999947e+00       9.580176790558386779e-02
3.950000000000000178e+00       9.553394820156516087e-02
3.959999999999999964e+00       9.526579136063531572e-02
3.970000000000000195e+00       9.499732801163272844e-02
3.979999999999999982e+00       9.472858805730145770e-02
3.990000000000000213e+00       9.445960069029316064e-02
4.000000000000000000e+00       9.419039440881872560e-02
4.009999999999999787e+00       9.392099703191904292e-02
4.019999999999999574e+00       9.365143571433534597e-02
4.030000000000000249e+00       9.338173696121017386e-02
4.040000000000000036e+00       9.311192664206112413e-02
4.049999999999999822e+00       9.284203000481625057e-02
4.059999999999999609e+00       9.257207168931694263e-02
4.070000000000000284e+00       9.230207574054637154e-02
4.080000000000000071e+00       9.203206562154900294e-02
4.089999999999999858e+00       9.176206422605029389e-02
4.099999999999999645e+00       9.149209389078248600e-02
4.110000000000000320e+00       9.122217640701785202e-02
4.120000000000000107e+00       9.095233303426944471e-02
4.129999999999999893e+00       9.068258450899412126e-02
4.139999999999999680e+00       9.041295105761802675e-02
4.150000000000000355e+00       9.014345240707656581e-02
4.160000000000000142e+00       8.987410779553864359e-02
4.169999999999999929e+00       8.960493598288828132e-02
4.179999999999999716e+00       8.933595526096888007e-02
4.190000000000000391e+00       8.906718346359680794e-02
4.200000000000000178e+00       8.879863797634991729e-02
4.209999999999999964e+00       8.853033574613705659e-02
4.219999999999999751e+00       8.826229329055342021e-02
4.230000000000000426e+00       8.799452670702774537e-02
4.240000000000000213e+00       8.772705168176651858e-02
4.250000000000000000e+00       8.745988349850000732e-02
4.259999999999999787e+00       8.719303704703532110e-02
4.269999999999999574e+00       8.692652683162069294e-02
4.280000000000000249e+00       8.666036697912707365e-02
4.290000000000000036e+00       8.639457124704913449e-02
4.299999999999999822e+00       8.612915303133311662e-02
4.309999999999999609e+00       8.586412537403295686e-02
4.320000000000000284e+00       8.559950097080054610e-02
4.330000000000000071e+00       8.533529217821396451e-02
4.339999999999999858e+00       8.507151102094670514e-02
4.349999999999999645e+00       8.480816919878292337e-02
4.360000000000000320e+00       8.454527809348116874e-02
4.370000000000000107e+00       8.428284877549183096e-02
4.379999999999999893e+00       8.402089201052959089e-02
4.389999999999999680e+00       8.375941826600646900e-02
4.400000000000000355e+00       8.349843771732756714e-02
4.410000000000000142e+00       8.323796025405266752e-02
4.419999999999999929e+00       8.297799548592774133e-02
4.429999999999999716e+00       8.271855274878817110e-02
4.440000000000000391e+00       8.245964111033803057e-02
4.450000000000000178e+00       8.220126937580701787e-02
4.459999999999999964e+00       8.194344609348880315e-02
4.469999999999999751e+00       8.168617956016273329e-02
4.480000000000000426e+00       8.142947782640282128e-02
4.490000000000000213e+00       8.117334870177489448e-02
4.500000000000000000e+00       8.091779975992967333e-02
4.509999999999999787e+00       8.066283834357047822e-02
4.519999999999999574e+00       8.040847156935629347e-02
4.530000000000000249e+00       8.015470633266462419e-02
4.540000000000000036e+00       7.990154931227474999e-02
4.549999999999999822e+00       7.964900697495068405e-02
4.559999999999999609e+00       7.939708557992940230e-02
4.570000000000000284e+00       7.914579118331657726e-02
4.580000000000000071e+00       7.889512964239223103e-02
4.589999999999999858e+00       7.864510661982775097e-02
4.599999999999999645e+00       7.839572758781625239e-02
4.610000000000000320e+00       7.814699783211910555e-02
4.620000000000000107e+00       7.789892245602907106e-02
4.629999999999999893e+00       7.765150638425301344e-02
4.639999999999999680e+00       7.740475436659573216e-02
4.650000000000000355e+00       7.715867098216620812e-02
4.660000000000000142e+00       7.691326064230542825e-02
4.669999999999999929e+00       7.666852759454580168e-02
4.679999999999999716e+00       7.642447592637832687e-02
4.690000000000000391e+00       7.618110956812901291e-02
4.700000000000000178e+00       7.593843229668170713e-02
4.709999999999999964e+00       7.569644773868669518e-02
4.719999999999999751e+00       7.545515937378953486e-02
4.730000000000000426e+00       7.521457053779566360e-02
4.740000000000000213e+00       7.497468442578006376e-02
4.750000000000000000e+00       7.473550409508764036e-02
4.759999999999999787e+00       7.449703246836693327e-02
4.769999999999999574e+00       7.425927233645010506e-02
4.780000000000000249e+00       7.402222636128710787e-02
4.790000000000000036e+00       7.378589707841545775e-02
4.799999999999999822e+00       7.355028690037490602e-02
4.809999999999999609e+00       7.331539811871494450e-02
4.820000000000000284e+00       7.308123290700882513e-02
4.830000000000000071e+00       7.284779332331389745e-02
4.839999999999999858e+00       7.261508131275194733e-02
4.849999999999999645e+00       7.238309870994032169e-02
4.860000000000000320e+00       7.215184724155271345e-02
4.870000000000000107e+00       7.192132852834090539e-02
4.879999999999999893e+00       7.169154408812014601e-02
4.889999999999999680e+00       7.146249533742671245e-02
4.900000000000000355e+00       7.123418359406222256e-02
4.910000000000000142e+00       7.100661007929270907e-02
4.919999999999999929e+00       7.077977591991529982e-02
4.929999999999999716e+00       7.055368215043204827e-02
4.940000000000000391e+00       7.032832971510774578e-02
4.950000000000000178e+00       7.010371947000129667e-02
4.959999999999999964e+00       6.987985218495638973e-02
4.969999999999999751e+00       6.965672854555364502e-02
4.980000000000000426e+00       6.943434915502313953e-02
4.990000000000000213e+00       6.921271453612000413e-02
5.000000000000000000e+00       6.899182512541175705e-02
5.009999999999999787e+00       6.877168130549558833e-02
5.019999999999999574e+00       6.855228336080924911e-02
5.030000000000000249e+00       6.833363151022907311e-02
5.040000000000000036e+00       6.811572590099010394e-02
5.049999999999999822e+00       6.789856661034941732e-02
5.059999999999999609e+00       6.768215364721705263e-02
5.070000000000000284e+00       6.746648695375384586e-02
5.080000000000000071e+00       6.725156640693864818e-02
5.089999999999999858e+00       6.703739182010350073e-02
5.099999999999999645e+00       6.682396294443961049e-02
5.110000000000000320e+00       6.661127947047261466e-02
5.120000000000000107e+00       6.639934102950920125e-02
5.129999999999999893e+00       6.618814719505491939e-02
5.139999999999999680e+00       6.597769748420415081e-02
5.150000000000000355e+00       6.576799135900229798e-02
5.160000000000000142e+00       6.555902822778129913e-02
5.169999999999999929e+00       6.535080744646835915e-02
5.179999999999999716e+00       6.514332831986945072e-02
5.190000000000000391e+00       6.493659010292661404e-02
5.200000000000000178e+00       6.473059200195081797e-02
5.209999999999999964e+00       6.452533317583028505e-02
5.219999999999999751e+00       6.432081273721483583e-02
5.230000000000000426e+00       6.411702975367704338e-02
5.240000000000000213e+00       6.391398324884949023e-02
5.250000000000000000e+00       6.371167220354076455e-02
5.259999999999999787e+00       6.351009555682807228e-02
5.269999999999999574e+00       6.330925220712890766e-02
5.280000000000000249e+00       6.310914101322731562e-02
5.290000000000000036e+00       6.290976079498061813e-02
5.299999999999999822e+00       6.271111033472619167e-02
5.309999999999999609e+00       6.251318837856278954e-02
5.320000000000000284e+00       6.231599363697435529e-02
5.330000000000000071e+00       6.211952478577966591e-02
5.339999999999999858e+00       6.192378046706268485e-02
5.349999999999999645e+00       6.172875929008499185e-02
5.360000000000000320e+00       6.153445983217945697e-02
5.370000000000000107e+00       6.134088063962610943e-02
5.379999999999999893e+00       6.114802022851072161e-02
5.389999999999999680e+00       6.095587708557101414e-02
5.400000000000000355e+00       6.076444966900076267e-02
5.410000000000000142e+00       6.057373640928756520e-02
5.419999999999999929e+00       6.038373570998458589e-02
5.429999999999999716e+00       6.019444594852600000e-02
5.440000000000000391e+00       6.000586547681099892e-02
5.450000000000000178e+00       5.981799262230272363e-02
5.459999999999999964e+00       5.963082568839594977e-02
5.469999999999999751e+00       5.944436295533170322e-02
5.480000000000000426e+00       5.925860268083167626e-02
5.490000000000000213e+00       5.907354310080964455e-02
5.500000000000000000e+00       5.888918243001683983e-02
5.509999999999999787e+00       5.870551886273312620e-02
5.519999999999999574e+00       5.852255057342412720e-02
5.530000000000000249e+00       5.834027571721278616e-02
5.540000000000000036e+00       5.815869243082771867e-02
5.549999999999999822e+00       5.797779883288280145e-02
5.559999999999999609e+00       5.779759302463381015e-02
5.570000000000000284e+00       5.761807309051955595e-02
5.580000000000000071e+00       5.743923709876445904e-02
5.589999999999999858e+00       5.726108310188858519e-02
5.599999999999999645e+00       5.708360913728625918e-02
5.610000000000000320e+00       5.690681322775355960e-02
5.620000000000000107e+00       5.673069338201298939e-02
5.629999999999999893e+00       5.655524759522677358e-02
5.639999999999999680e+00       5.638047384949984586e-02
5.650000000000000355e+00       5.620637011437231573e-02
5.660000000000000142e+00       5.603293434730179795e-02
5.669999999999999929e+00       5.586016449413536838e-02
5.679999999999999716e+00       5.568805848816822668e-02
5.690000000000000391e+00       5.551661425624690449e-02
5.700000000000000178e+00       5.534582971068143648e-02
5.709999999999999964e+00       5.517570275815362330e-02
5.719999999999999751e+00       5.500623128768657166e-02
5.730000000000000426e+00       5.483741318760777805e-02
5.740000000000000213e+00       5.466924633490630875e-02
5.750000000000000000e+00       5.450172859839817752e-02
5.759999999999999787e+00       5.433485783911631145e-02
5.769999999999999574e+00       5.416863191069184319e-02
5.780000000000000249e+00       5.400304865972752055e-02
5.790000000000000036e+00       5.383810592616325441e-02
5.799999999999999822e+00       5.367380154363334682e-02
5.809999999999999609e+00       5.351013333981662762e-02
5.820000000000000284e+00       5.334709913677854187e-02
5.830000000000000071e+00       5.318469675130613888e-02
5.839999999999999858e+00       5.302292399523556715e-02
5.849999999999999645e+00       5.286177867577276923e-02
5.860000000000000320e+00       5.270125859580675198e-02
5.870000000000000107e+00       5.254136155164848554e-02
5.879999999999999893e+00       5.238208534360668661e-02
5.889999999999999680e+00       5.222342776086021099e-02
5.900000000000000355e+00       5.206538659203040903e-02
5.910000000000000142e+00       5.190795962288925758e-02
5.919999999999999929e+00       5.175114463663335607e-02
5.929999999999999716e+00       5.159493941415231599e-02
5.940000000000000391e+00       5.143934173429044049e-02
5.950000000000000178e+00       5.128434937410351196e-02
5.959999999999999964e+00       5.112996010910882128e-02
5.969999999999999751e+00       5.097617171353042986e-02
5.980000000000000426e+00       5.082298196053829098e-02
5.990000000000000213e+00       5.067038862248198633e-02
6.000000000000000000e+00       5.051838947111936262e-02
6.009999999999999787e+00       5.036698227783976967e-02
6.019999999999999574e+00       5.021616481388235798e-02
6.030000000000000249e+00       5.006593485054872117e-02
6.040000000000000036e+00       4.991629015941150688e-02
6.049999999999999822e+00       4.976722851251740715e-02
6.059999999999999609e+00       4.961874768415033138e-02
6.070000000000000284e+00       4.947084544473363821e-02
6.080000000000000071e+00       4.932351957052626829e-02
6.089999999999999858e+00       4.917676783739208246e-02
6.099999999999999645e+00       4.903058802263449145e-02
6.110000000000000320e+00       4.888497790515422547e-02
6.120000000000000107e+00       4.873993526562094003e-02
6.129999999999999893e+00       4.859545788664101917e-02
6.139999999999999680e+00       4.845154355292107667e-02
6.150000000000000355e+00       4.830819005142771017e-02
6.160000000000000142e+00       4.816539517154314054e-02
6.169999999999999929e+00       4.802315670521717372e-02
6.179999999999999716e+00       4.788147244711521422e-02
6.190000000000000391e+00       4.774034019476258717e-02
6.200000000000000178e+00       4.759975774868559217e-02
6.209999999999999964e+00       4.745972291254851871e-02
6.219999999999999751e+00       4.732023349328741413e-02
6.230000000000000426e+00       4.718128730124059034e-02
6.240000000000000213e+00       4.704288215027534192e-02
6.250000000000000000e+00       4.690501585791190947e-02
6.259999999999999787e+00       4.676768624544368202e-02
6.269999999999999574e+00       4.663089113805489461e-02
6.280000000000000249e+00       4.649462836493448159e-02
6.290000000000000036e+00       4.635889575938744595e-02
6.299999999999999822e+00       4.622369115894314762e-02
6.309999999999999609e+00       4.608901240546043471e-02
6.320000000000000284e+00       4.595485734523020727e-02
6.330000000000000071e+00       4.582122382907501817e-02
6.339999999999999858e+00       4.568810971244594010e-02
6.349999999999999645e+00       4.555551285551677487e-02
6.360000000000000320e+00       4.542343112327564686e-02
6.370000000000000107e+00       4.529186238578056939e-02
6.379999999999999893e+00       4.516080451758400921e-02
6.389999999999999680e+00       4.503025539880262801e-02
6.400000000000000355e+00       4.490021291454610042e-02
6.410000000000000142e+00       4.477067495515844875e-02
6.419999999999999929e+00       4.464163941660834189e-02
6.429999999999999716e+00       4.451310419931857332e-02
6.440000000000000391e+00       4.438506721009184697e-02
6.450000000000000178e+00       4.425752636095406367e-02
6.459999999999999964e+00       4.413047956952687034e-02
6.469999999999999751e+00       4.400392475909305906e-02
6.480000000000000426e+00       4.387785985916129589e-02
6.490000000000000213e+00       4.375228280352147503e-02
6.500000000000000000e+00       4.362719153331817701e-02
6.509999999999999787e+00       4.350258399509605856e-02
6.519999999999999574e+00       4.337845814135959238e-02
6.530000000000000249e+00       4.325481193062680196e-02
6.540000000000000036e+00       4.313164332748157387e-02
6.549999999999999822e+00       4.300895030262365248e-02
6.559999999999999609e+00       4.288673083291728166e-02
6.570000000000000284e+00       4.276498290143807002e-02
6.580000000000000071e+00       4.264370449751803127e-02
6.589999999999999858e+00       4.252289361678884133e-02
6.599999999999999645e+00       4.240254826122399207e-02
6.610000000000000320e+00       4.228266643917874545e-02
6.620000000000000107e+00       4.216324616542894282e-02
6.629999999999999893e+00       4.204428546120815569e-02
6.639999999999999680e+00       4.192578235424331695e-02
6.650000000000000355e+00       4.180773487878883948e-02
6.660000000000000142e+00       4.169014107519457973e-02
6.669999999999999929e+00       4.157299899179791453e-02
6.679999999999999716e+00       4.145630668216108289e-02
6.690000000000000391e+00       4.134006220696260364e-02
6.700000000000000178e+00       4.122426363355878587e-02
6.709999999999999964e+00       4.110890903600963875e-02
6.719999999999999751e+00       4.099399649510382382e-02
6.730000000000000426e+00       4.087952409838196272e-02
6.740000000000000213e+00       4.076548994015932736e-02
6.750000000000000000e+00       4.065189212154673992e-02
6.759999999999999787e+00       4.053872875047078578e-02
6.769999999999999574e+00       4.042599794169255550e-02
6.780000000000000249e+00       4.031369781682551251e-02
6.790000000000000036e+00       4.020182650435386723e-02
6.799999999999999822e+00       4.009038213963987685e-02
6.809999999999999609e+00       3.997936286495511887e-02
6.820000000000000284e+00       3.986876682947737560e-02
6.830000000000000071e+00       3.975859218931338673e-02
6.839999999999999858e+00       3.964883710749991103e-02
6.849999999999999645e+00       3.953949975403236311e-02
6.860000000000000320e+00       3.943057830585638274e-02
6.870000000000000107e+00       3.932207094688599386e-02
6.879999999999999893e+00       3.921397586800951657e-02
6.889999999999999680e+00       3.910629126737382583e-02
6.900000000000000355e+00       3.899901534928012364e-02
6.910000000000000142e+00       3.889214632585846765e-02
6.919999999999999929e+00       3.878568241595750643e-02
6.929999999999999716e+00       3.867962184542720477e-02
6.940000000000000391e+00       3.857396284712226453e-02
6.950000000000000178e+00       3.846870366090424098e-02
6.959999999999999964e+00       3.836384253364316654e-02
6.969999999999999751e+00       3.825937771921835567e-02
6.980000000000000426e+00       3.815530747851841875e-02
6.990000000000000213e+00       3.805163007944082493e-02
7.000000000000000000e+00       3.794834379689063925e-02
7.009999999999999787e+00       3.784544691159699020e-02
7.019999999999999574e+00       3.774293771484012877e-02
7.030000000000000249e+00       3.764081450134838108e-02
7.040000000000000036e+00       3.753907557403169531e-02
7.049999999999999822e+00       3.743771924279167690e-02
7.059999999999999609e+00       3.733674382451682844e-02
7.070000000000000284e+00       3.723614764307681124e-02
7.080000000000000071e+00       3.713592902931651951e-02
7.089999999999999858e+00       3.703608632104943288e-02
7.099999999999999645e+00       3.693661786305022648e-02
7.110000000000000320e+00       3.683752200704740881e-02
7.120000000000000107e+00       3.673879711171499501e-02
7.129999999999999893e+00       3.664044154266370840e-02
7.139999999999999680e+00       3.654245367243205006e-02
7.150000000000000355e+00       3.644483188047661221e-02
7.160000000000000142e+00       3.634757455316185715e-02
7.169999999999999929e+00       3.625068008374979917e-02
7.179999999999999716e+00       3.615414687238890923e-02
7.190000000000000391e+00       3.605797332610279765e-02
7.200000000000000178e+00       3.596215785877846655e-02
7.209999999999999964e+00       3.586669889115407656e-02
7.219999999999999751e+00       3.577159485080633194e-02
7.230000000000000426e+00       3.567684417213768527e-02
7.240000000000000213e+00       3.558244529639291442e-02
7.250000000000000000e+00       3.548839667152611094e-02
7.259999999999999787e+00       3.539469675236453505e-02
7.269999999999999574e+00       3.530134400047656162e-02
7.280000000000000249e+00       3.520833688418605750e-02
7.290000000000000036e+00       3.511567387855741434e-02
7.299999999999999822e+00       3.502335346554021067e-02
7.309999999999999609e+00       3.493137413331802443e-02
7.320000000000000284e+00       3.483973437723968808e-02
7.330000000000000071e+00       3.474843269917549105e-02
7.339999999999999858e+00       3.465746760765674866e-02
7.349999999999999645e+00       3.456683761785891290e-02
7.360000000000000320e+00       3.447654125158466920e-02
7.370000000000000107e+00       3.438657703724649906e-02
7.379999999999999893e+00       3.429694350984933277e-02
7.389999999999999680e+00       3.420763921097259158e-02
7.400000000000000355e+00       3.411866268875232006e-02
7.410000000000000142e+00       3.403001249786299226e-02
7.419999999999999929e+00       3.394168719949896412e-02
7.429999999999999716e+00       3.385368536135577311e-02
7.440000000000000391e+00       3.376600555761152811e-02
7.450000000000000178e+00       3.367864636890760544e-02
7.459999999999999964e+00       3.359160638232952523e-02
7.469999999999999751e+00       3.350488419138749480e-02
7.480000000000000426e+00       3.341847839599684789e-02
7.490000000000000213e+00       3.333238760245810922e-02
7.500000000000000000e+00       3.324661042343727418e-02
7.509999999999999787e+00       3.316114547794553336e-02
7.519999999999999574e+00       3.307599139131907340e-02
7.530000000000000249e+00       3.299114679519862814e-02
7.540000000000000036e+00       3.290661032750900883e-02
7.549999999999999822e+00       3.282238063243828052e-02
7.559999999999999609e+00       3.273845636041705642e-02
7.570000000000000284e+00       3.265483616809750772e-02
7.580000000000000071e+00       3.257151871833227630e-02
7.589999999999999858e+00       3.248850268015320009e-02
7.599999999999999645e+00       3.240578672875024657e-02
7.610000000000000320e+00       3.232336954544975938e-02
7.620000000000000107e+00       3.224124981769327380e-02
7.629999999999999893e+00       3.215942623901564545e-02
7.639999999999999680e+00       3.207789750902347026e-02
7.650000000000000355e+00       3.199666233337327553e-02
7.660000000000000142e+00       3.191571942374955145e-02
7.669999999999999929e+00       3.183506749784285883e-02
7.679999999999999716e+00       3.175470527932785364e-02
7.690000000000000391e+00       3.167463149784090909e-02
7.700000000000000178e+00       3.159484488895823728e-02
7.709999999999999964e+00       3.151534419417335170e-02
7.719999999999999751e+00       3.143612816087507783e-02
7.730000000000000426e+00       3.135719554232481443e-02
7.740000000000000213e+00       3.127854509763430130e-02
7.750000000000000000e+00       3.120017559174320318e-02
7.759999999999999787e+00       3.112208579539733552e-02
7.769999999999999574e+00       3.104427448512158197e-02
7.780000000000000249e+00       3.096674044320654046e-02
7.790000000000000036e+00       3.088948245767647593e-02
7.799999999999999822e+00       3.081249932227139374e-02
7.809999999999999609e+00       3.073578983642344040e-02
7.820000000000000284e+00       3.065935280523397408e-02
7.830000000000000071e+00       3.058318703945097153e-02
7.839999999999999858e+00       3.050729135544612280e-02
7.849999999999999645e+00       3.043166457519215842e-02
7.860000000000000320e+00       3.035630552623973938e-02
7.870000000000000107e+00       3.028121304169496472e-02
7.879999999999999893e+00       3.020638596019626157e-02
7.889999999999999680e+00       3.013182312589159084e-02
7.900000000000000355e+00       3.005752338841557667e-02
7.910000000000000142e+00       2.998348560286667394e-02
7.919999999999999929e+00       2.990970862978429776e-02
7.929999999999999716e+00       2.983619133512575503e-02
7.940000000000000391e+00       2.976293259024371737e-02
7.950000000000000178e+00       2.968993127186291686e-02
7.959999999999999964e+00       2.961718626184765835e-02
7.969999999999999751e+00       2.954469644801953690e-02
7.980000000000000426e+00       2.947246072287236160e-02
7.990000000000000213e+00       2.940047798439174298e-02
8.000000000000000000e+00       2.932874713582125578e-02
8.009999999999999787e+00       2.925726708563988060e-02
8.019999999999999574e+00       2.918603674753903615e-02
8.029999999999999361e+00       2.911505504040001399e-02
8.039999999999999147e+00       2.904432088827110792e-02
8.050000000000000711e+00       2.897383322034488562e-02
8.060000000000000497e+00       2.890359097093576218e-02
8.070000000000000284e+00       2.883359307945700806e-02
8.080000000000000071e+00       2.876383849039837806e-02
8.089999999999999858e+00       2.869432615330342468e-02
8.099999999999999645e+00       2.862505502274684949e-02
8.109999999999999432e+00       2.855602405831231608e-02
8.119999999999999218e+00       2.848723222456952739e-02
8.130000000000000782e+00       2.841867849105202820e-02
8.140000000000000568e+00       2.835036183223485842e-02
8.150000000000000355e+00       2.828228122751197740e-02
8.160000000000000142e+00       2.821443566117407681e-02
8.169999999999999929e+00       2.814682412238627210e-02
8.179999999999999716e+00       2.807944560516584254e-02
8.189999999999999503e+00       2.801229910836010653e-02
8.199999999999999289e+00       2.794538363562414432e-02
8.210000000000000853e+00       2.787869819539876004e-02
8.220000000000000639e+00       2.781224180088851319e-02
8.230000000000000426e+00       2.774601347003964255e-02
8.240000000000000213e+00       2.768001222551807680e-02
8.250000000000000000e+00       2.761423709468757010e-02
8.259999999999999787e+00       2.754868710977119439e-02
8.269999999999999574e+00       2.748336130709536085e-02
8.279999999999999361e+00       2.741825872817084744e-02
8.289999999999999147e+00       2.735337841893484279e-02
8.300000000000000711e+00       2.728871942991379501e-02
8.310000000000000497e+00       2.722428081620167570e-02
8.320000000000000284e+00       2.716006163743859766e-02
8.330000000000000071e+00       2.709606095778925583e-02
8.339999999999999858e+00       2.703227784592162480e-02
8.349999999999999645e+00       2.696871137498571200e-02
8.359999999999999432e+00       2.690536062259206787e-02
8.369999999999999218e+00       2.684222467079075067e-02
8.380000000000000782e+00       2.677930260605014545e-02
8.390000000000000568e+00       2.671659351923593925e-02
8.400000000000000355e+00       2.665409650558994009e-02
8.410000000000000142e+00       2.659181066470934704e-02
8.419999999999999929e+00       2.652973510052578782e-02
8.429999999999999716e+00       2.646786892128442231e-02
8.439999999999999503e+00       2.640621123952325774e-02
8.449999999999999289e+00       2.634476117205261994e-02
8.460000000000000853e+00       2.628351783993422910e-02
8.470000000000000639e+00       2.622248036846083069e-02
8.480000000000000426e+00       2.616164788713589220e-02
8.490000000000000213e+00       2.610101952965277264e-02
8.500000000000000000e+00       2.604059443387484601e-02
8.509999999999999787e+00       2.598037174181489981e-02
8.519999999999999574e+00       2.592035059961513010e-02
8.529999999999999361e+00       2.586053015752690087e-02
8.539999999999999147e+00       2.580090956989075299e-02
8.550000000000000711e+00       2.574148799511646879e-02
8.560000000000000497e+00       2.568226459566308115e-02
8.570000000000000284e+00       2.562323853801898657e-02
8.580000000000000071e+00       2.556440899268243305e-02
8.589999999999999858e+00       2.550577513414144584e-02
8.599999999999999645e+00       2.544733614085461365e-02
8.609999999999999432e+00       2.538909119523126423e-02
8.619999999999999218e+00       2.533103948361212221e-02
8.630000000000000782e+00       2.527318019624979345e-02
8.640000000000000568e+00       2.521551252728974207e-02
8.650000000000000355e+00       2.515803567475055624e-02
8.660000000000000142e+00       2.510074884050532071e-02
8.669999999999999929e+00       2.504365123026206300e-02
8.679999999999999716e+00       2.498674205354502187e-02
8.689999999999999503e+00       2.493002052367560700e-02
8.699999999999999289e+00       2.487348585775351825e-02
8.710000000000000853e+00       2.481713727663799676e-02
8.720000000000000639e+00       2.476097400492900322e-02
8.730000000000000426e+00       2.470499527094872569e-02
8.740000000000000213e+00       2.464920030672293483e-02
8.750000000000000000e+00       2.459358834796241192e-02
8.759999999999999787e+00       2.453815863404477937e-02
8.769999999999999574e+00       2.448291040799587676e-02
8.779999999999999361e+00       2.442784291647169190e-02
8.789999999999999147e+00       2.437295540974010119e-02
8.800000000000000711e+00       2.431824714166280418e-02
8.810000000000000497e+00       2.426371736967724083e-02
8.820000000000000284e+00       2.420936535477872728e-02
8.830000000000000071e+00       2.415519036150245644e-02
8.839999999999999858e+00       2.410119165790578291e-02
8.849999999999999645e+00       2.404736851555053234e-02
8.859999999999999432e+00       2.399372020948521700e-02
8.869999999999999218e+00       2.394024601822761916e-02
8.880000000000000782e+00       2.388694522374720797e-02
8.890000000000000568e+00       2.383381711144777135e-02
8.900000000000000355e+00       2.378086097015002023e-02
8.910000000000000142e+00       2.372807609207440091e-02
8.919999999999999929e+00       2.367546177282383799e-02
8.929999999999999716e+00       2.362301731136666819e-02
8.939999999999999503e+00       2.357074201001959843e-02
8.949999999999999289e+00       2.351863517443075410e-02
8.960000000000000853e+00       2.346669611356279675e-02
8.970000000000000639e+00       2.341492413967606601e-02
8.980000000000000426e+00       2.336331856831200260e-02
8.990000000000000213e+00       2.331187871827632152e-02
9.000000000000000000e+00       2.326060391162253910e-02
9.009999999999999787e+00       2.320949347276059574e-02
9.019999999999999574e+00       2.315854672299311884e-02
9.029999999999999361e+00       2.310776298057235292e-02
9.039999999999999147e+00       2.305714156322643399e-02
9.050000000000000711e+00       2.300668178911854933e-02
9.060000000000000497e+00       2.295638297739665407e-02
9.070000000000000284e+00       2.290624444858431474e-02
9.080000000000000071e+00       2.285626552480812118e-02
9.089999999999999858e+00       2.280644553009636769e-02
9.099999999999999645e+00       2.275678379047049033e-02
9.109999999999999432e+00       2.270727963416093939e-02
9.119999999999999218e+00       2.265793239170507678e-02
9.130000000000000782e+00       2.260874139601641228e-02
9.140000000000000568e+00       2.255970598253576390e-02
9.150000000000000355e+00       2.251082548927147917e-02
9.160000000000000142e+00       2.246209925687659564e-02
9.169999999999999929e+00       2.241352662870827947e-02
9.179999999999999716e+00       2.236510695089665920e-02
9.189999999999999503e+00       2.231683957232861309e-02
9.199999999999999289e+00       2.226872384477712047e-02
9.210000000000000853e+00       2.222075912288047628e-02
9.220000000000000639e+00       2.217294476418698451e-02
9.230000000000000426e+00       2.212528012918247439e-02
9.240000000000000213e+00       2.207776458131092273e-02
9.250000000000000000e+00       2.203039748702885492e-02
9.259999999999999787e+00       2.198317821572468717e-02
9.269999999999999574e+00       2.193610613986234428e-02
9.279999999999999361e+00       2.188918063491660654e-02
9.289999999999999147e+00       2.184240107940214545e-02
9.300000000000000711e+00       2.179576685488236049e-02
9.310000000000000497e+00       2.174927734597682447e-02
9.320000000000000284e+00       2.170293194036668205e-02
9.330000000000000071e+00       2.165673002879863959e-02
9.339999999999999858e+00       2.161067100511263050e-02
9.349999999999999645e+00       2.156475426614522586e-02
9.359999999999999432e+00       2.151897921187291562e-02
9.369999999999999218e+00       2.147334524531771885e-02
9.380000000000000782e+00       2.142785177260028012e-02
9.390000000000000568e+00       2.138249820280706953e-02
9.400000000000000355e+00       2.133728394818095592e-02
9.410000000000000142e+00       2.129220842398652988e-02
9.419999999999999929e+00       2.124727104853681506e-02
9.429999999999999716e+00       2.120247124318698842e-02
9.439999999999999503e+00       2.115780843232724709e-02
9.449999999999999289e+00       2.111328204337500902e-02
9.460000000000000853e+00       2.106889150676670083e-02
9.470000000000000639e+00       2.102463625594876151e-02
9.480000000000000426e+00       2.098051572736833043e-02
9.490000000000000213e+00       2.093652936046324839e-02
9.500000000000000000e+00       2.089267659765174298e-02
9.509999999999999787e+00       2.084895688432158653e-02
9.519999999999999574e+00       2.080536966881899388e-02
9.529999999999999361e+00       2.076191440243685057e-02
9.539999999999999147e+00       2.071859053940281262e-02
9.550000000000000711e+00       2.067539753686686507e-02
9.560000000000000497e+00       2.063233485488830815e-02
9.570000000000000284e+00       2.058940195642218474e-02
9.580000000000000071e+00       2.054659830730413625e-02
9.589999999999999858e+00       2.050392337623224009e-02
9.599999999999999645e+00       2.046137663473823753e-02
9.609999999999999432e+00       2.041895755837502824e-02
9.619999999999999218e+00       2.037666562250183347e-02
9.630000000000000782e+00       2.033450030802323380e-02
9.640000000000000568e+00       2.029246109780649329e-02
9.650000000000000355e+00       2.025054747750682990e-02
9.660000000000000142e+00       2.020875893638532372e-02
9.669999999999999929e+00       2.016709496375635249e-02
9.679999999999999716e+00       2.012555505467420944e-02
9.689999999999999503e+00       2.008413870575813040e-02
9.699999999999999289e+00       2.004284541636531039e-02
9.710000000000000853e+00       2.000167468856113920e-02
9.720000000000000639e+00       1.996062602709936309e-02
9.730000000000000426e+00       1.991969893940484515e-02
9.740000000000000213e+00       1.987889293555770640e-02
9.750000000000000000e+00       1.983820752827756065e-02
9.759999999999999787e+00       1.979764223290800262e-02
9.769999999999999574e+00       1.975719656740131808e-02
9.779999999999999361e+00       1.971687005230299272e-02
9.789999999999999147e+00       1.967666221073642585e-02
9.800000000000000711e+00       1.963657256838749823e-02
9.810000000000000497e+00       1.959660065348928226e-02
9.820000000000000284e+00       1.955674599680666190e-02
9.830000000000000071e+00       1.951700813162100465e-02
9.839999999999999858e+00       1.947738659371494110e-02
9.849999999999999645e+00       1.943788092135660672e-02
9.859999999999999432e+00       1.939849065528499381e-02
9.869999999999999218e+00       1.935921533869429390e-02
9.880000000000000782e+00       1.932005451721872588e-02
9.890000000000000568e+00       1.928100773891727390e-02
9.900000000000000355e+00       1.924207455425867505e-02
9.910000000000000142e+00       1.920325451610604972e-02
9.919999999999999929e+00       1.916454717970201074e-02
9.929999999999999716e+00       1.912595210265347068e-02
9.939999999999999503e+00       1.908746884491670237e-02
9.949999999999999289e+00       1.904909696878227462e-02
9.960000000000000853e+00       1.901083603886027582e-02
9.970000000000000639e+00       1.897268562206537793e-02
9.980000000000000426e+00       1.893464528760202548e-02
9.990000000000000213e+00       1.889671460694971467e-02
