1.000000000000000021e-02       0.000000000000000000e+00
2.000000000000000042e-02       0.000000000000000000e+00
2.999999999999999889e-02       0.000000000000000000e+00
4.000000000000000083e-02       0.000000000000000000e+00
5.000000000000000278e-02       0.000000000000000000e+00
5.999999999999999778e-02       0.000000000000000000e+00
7.000000000000000666e-02       0.000000000000000000e+00
8.000000000000000167e-02       0.000000000000000000e+00
8.999999999999999667e-02       0.000000000000000000e+00
1.000000000000000056e-01       0.000000000000000000e+00
1.100000000000000006e-01       0.000000000000000000e+00
1.199999999999999956e-01       0.000000000000000000e+00
1.300000000000000044e-01       0.000000000000000000e+00
1.400000000000000133e-01       0.000000000000000000e+00
1.499999999999999944e-01       0.000000000000000000e+00
1.600000000000000033e-01       0.000000000000000000e+00
1.700000000000000122e-01       0.000000000000000000e+00
1.799999999999999933e-01       0.000000000000000000e+00
1.900000000000000022e-01       0.000000000000000000e+00
2.000000000000000111e-01       0.000000000000000000e+00
2.099999999999999922e-01       0.000000000000000000e+00
2.200000000000000011e-01       0.000000000000000000e+00
2.300000000000000100e-01       0.000000000000000000e+00
2.399999999999999911e-01       0.000000000000000000e+00
2.500000000000000000e-01       0.000000000000000000e+00
2.600000000000000089e-01       0.000000000000000000e+00
2.700000000000000178e-01       0.000000000000000000e+00
2.800000000000000266e-01       0.000000000000000000e+00
2.899999999999999800e-01       0.000000000000000000e+00
2.999999999999999889e-01       0.000000000000000000e+00
3.099999999999999978e-01       0.000000000000000000e+00
3.200000000000000067e-01       0.000000000000000000e+00
3.300000000000000155e-01       0.000000000000000000e+00
3.400000000000000244e-01       0.000000000000000000e+00
3.499999999999999778e-01       0.000000000000000000e+00
3.599999999999999867e-01       0.000000000000000000e+00
3.699999999999999956e-01       0.000000000000000000e+00
3.800000000000000044e-01       0.000000000000000000e+00
3.900000000000000133e-01       0.000000000000000000e+00
4.000000000000000222e-01       0.000000000000000000e+00
4.099999999999999756e-01       0.000000000000000000e+00
4.199999999999999845e-01       0.000000000000000000e+00
4.299999999999999933e-01       0.000000000000000000e+00
4.400000000000000022e-01       0.000000000000000000e+00
4.500000000000000111e-01       0.000000000000000000e+00
4.600000000000000200e-01       0.000000000000000000e+00
4.699999999999999734e-01       0.000000000000000000e+00
4.799999999999999822e-01       0.000000000000000000e+00
4.899999999999999911e-01       0.000000000000000000e+00
5.000000000000000000e-01       0.000000000000000000e+00
5.100000000000000089e-01       0.000000000000000000e+00
5.200000000000000178e-01       0.000000000000000000e+00
5.300000000000000266e-01       0.000000000000000000e+00
5.400000000000000355e-01       0.000000000000000000e+00
5.500000000000000444e-01       0.000000000000000000e+00
5.600000000000000533e-01       0.000000000000000000e+00
5.699999999999999512e-01       0.000000000000000000e+00
5.799999999999999600e-01       0.000000000000000000e+00
5.899999999999999689e-01       0.000000000000000000e+00
5.999999999999999778e-01       0.000000000000000000e+00
6.099999999999999867e-01       0.000000000000000000e+00
6.199999999999999956e-01       0.000000000000000000e+00
6.300000000000000044e-01       0.000000000000000000e+00
6.400000000000000133e-01       0.000000000000000000e+00
6.500000000000000222e-01       0.000000000000000000e+00
6.600000000000000311e-01       0.000000000000000000e+00
6.700000000000000400e-01       0.000000000000000000e+00
6.800000000000000488e-01       0.000000000000000000e+00
6.899999999999999467e-01       0.000000000000000000e+00
6.999999999999999556e-01       0.000000000000000000e+00
7.099999999999999645e-01       0.000000000000000000e+00
7.199999999999999734e-01       0.000000000000000000e+00
7.299999999999999822e-01       0.000000000000000000e+00
7.399999999999999911e-01       0.000000000000000000e+00
7.500000000000000000e-01       0.000000000000000000e+00
7.600000000000000089e-01       0.000000000000000000e+00
7.700000000000000178e-01       0.000000000000000000e+00
7.800000000000000266e-01       0.000000000000000000e+00
7.900000000000000355e-01       0.000000000000000000e+00
8.000000000000000444e-01       0.000000000000000000e+00
8.100000000000000533e-01       0.000000000000000000e+00
8.199999999999999512e-01       0.000000000000000000e+00
8.299999999999999600e-01       0.000000000000000000e+00
8.399999999999999689e-01       0.000000000000000000e+00
8.499999999999999778e-01       0.000000000000000000e+00
8.599999999999999867e-01       0.000000000000000000e+00
8.699999999999999956e-01       0.000000000000000000e+00
8.800000000000000044e-01       0.000000000000000000e+00
8.900000000000000133e-01       0.000000000000000000e+00
9.000000000000000222e-01       0.000000000000000000e+00
9.100000000000000311e-01       0.000000000000000000e+00
9.200000000000000400e-01       0.000000000000000000e+00
9.300000000000000488e-01       0.000000000000000000e+00
9.399999999999999467e-01       0.000000000000000000e+00
9.499999999999999556e-01       0.000000000000000000e+00
9.599999999999999645e-01       0.000000000000000000e+00
9.699999999999999734e-01       0.000000000000000000e+00
9.799999999999999822e-01       0.000000000000000000e+00
9.899999999999999911e-01       0.000000000000000000e+00
1.000000000000000000e+00       0.000000000000000000e+00
1.010000000000000009e+00       0.000000000000000000e+00
1.020000000000000018e+00       0.000000000000000000e+00
1.030000000000000027e+00       0.000000000000000000e+00
1.040000000000000036e+00       0.000000000000000000e+00
1.050000000000000044e+00       0.000000000000000000e+00
1.060000000000000053e+00       0.000000000000000000e+00
1.070000000000000062e+00       0.000000000000000000e+00
1.080000000000000071e+00       0.000000000000000000e+00
1.090000000000000080e+00       0.000000000000000000e+00
1.100000000000000089e+00       0.000000000000000000e+00
1.110000000000000098e+00       0.000000000000000000e+00
1.120000000000000107e+00       0.000000000000000000e+00
1.129999999999999893e+00       0.000000000000000000e+00
1.139999999999999902e+00       0.000000000000000000e+00
1.149999999999999911e+00       0.000000000000000000e+00
1.159999999999999920e+00       0.000000000000000000e+00
1.169999999999999929e+00       0.000000000000000000e+00
1.179999999999999938e+00       0.000000000000000000e+00
1.189999999999999947e+00       0.000000000000000000e+00
1.199999999999999956e+00       0.000000000000000000e+00
1.209999999999999964e+00       0.000000000000000000e+00
1.219999999999999973e+00       0.000000000000000000e+00
1.229999999999999982e+00       0.000000000000000000e+00
1.239999999999999991e+00       0.000000000000000000e+00
1.250000000000000000e+00       0.000000000000000000e+00
1.260000000000000009e+00       0.000000000000000000e+00
1.270000000000000018e+00       0.000000000000000000e+00
1.280000000000000027e+00       0.000000000000000000e+00
1.290000000000000036e+00       0.000000000000000000e+00
1.300000000000000044e+00       0.000000000000000000e+00
1.310000000000000053e+00       0.000000000000000000e+00
1.320000000000000062e+00       0.000000000000000000e+00
1.330000000000000071e+00       0.000000000000000000e+00
1.340000000000000080e+00       0.000000000000000000e+00
1.350000000000000089e+00       0.000000000000000000e+00
1.360000000000000098e+00       0.000000000000000000e+00
1.370000000000000107e+00       0.000000000000000000e+00
1.379999999999999893e+00       0.000000000000000000e+00
1.389999999999999902e+00       0.000000000000000000e+00
1.399999999999999911e+00       0.000000000000000000e+00
1.409999999999999920e+00       0.000000000000000000e+00
1.419999999999999929e+00       0.000000000000000000e+00
1.429999999999999938e+00       0.000000000000000000e+00
1.439999999999999947e+00       0.000000000000000000e+00
1.449999999999999956e+00       0.000000000000000000e+00
1.459999999999999964e+00       0.000000000000000000e+00
1.469999999999999973e+00       0.000000000000000000e+00
1.479999999999999982e+00       0.000000000000000000e+00
1.489999999999999991e+00       0.000000000000000000e+00
1.500000000000000000e+00       0.000000000000000000e+00
1.510000000000000009e+00       0.000000000000000000e+00
1.520000000000000018e+00       0.000000000000000000e+00
1.530000000000000027e+00       0.000000000000000000e+00
1.540000000000000036e+00       0.000000000000000000e+00
1.550000000000000044e+00       0.000000000000000000e+00
1.560000000000000053e+00       0.000000000000000000e+00
1.570000000000000062e+00       0.000000000000000000e+00
1.580000000000000071e+00       0.000000000000000000e+00
1.590000000000000080e+00       0.000000000000000000e+00
1.600000000000000089e+00       0.000000000000000000e+00
1.610000000000000098e+00       0.000000000000000000e+00
1.620000000000000107e+00       0.000000000000000000e+00
1.629999999999999893e+00       0.000000000000000000e+00
1.639999999999999902e+00       0.000000000000000000e+00
1.649999999999999911e+00       0.000000000000000000e+00
1.659999999999999920e+00       0.000000000000000000e+00
1.669999999999999929e+00       0.000000000000000000e+00
1.679999999999999938e+00       0.000000000000000000e+00
1.689999999999999947e+00       0.000000000000000000e+00
1.699999999999999956e+00       0.000000000000000000e+00
1.709999999999999964e+00       0.000000000000000000e+00
1.719999999999999973e+00       0.000000000000000000e+00
1.729999999999999982e+00       0.000000000000000000e+00
1.739999999999999991e+00       0.000000000000000000e+00
1.750000000000000000e+00       0.000000000000000000e+00
1.760000000000000009e+00       0.000000000000000000e+00
1.770000000000000018e+00       0.000000000000000000e+00
1.780000000000000027e+00       0.000000000000000000e+00
1.790000000000000036e+00       0.000000000000000000e+00
1.800000000000000044e+00       0.000000000000000000e+00
1.810000000000000053e+00       0.000000000000000000e+00
1.820000000000000062e+00       0.000000000000000000e+00
1.830000000000000071e+00       0.000000000000000000e+00
1.840000000000000080e+00       0.000000000000000000e+00
1.850000000000000089e+00       0.000000000000000000e+00
1.860000000000000098e+00       0.000000000000000000e+00
1.870000000000000107e+00       0.000000000000000000e+00
1.879999999999999893e+00       0.000000000000000000e+00
1.889999999999999902e+00       0.000000000000000000e+00
1.899999999999999911e+00       0.000000000000000000e+00
1.909999999999999920e+00       0.000000000000000000e+00
1.919999999999999929e+00       0.000000000000000000e+00
1.929999999999999938e+00       0.000000000000000000e+00
1.939999999999999947e+00       0.000000000000000000e+00
1.949999999999999956e+00       0.000000000000000000e+00
1.959999999999999964e+00       0.000000000000000000e+00
1.969999999999999973e+00       0.000000000000000000e+00
1.979999999999999982e+00       0.000000000000000000e+00
1.989999999999999991e+00       0.000000000000000000e+00
2.000000000000000000e+00       0.000000000000000000e+00
2.009999999999999787e+00       0.000000000000000000e+00
2.020000000000000018e+00       0.000000000000000000e+00
2.029999999999999805e+00       0.000000000000000000e+00
2.040000000000000036e+00       0.000000000000000000e+00
2.049999999999999822e+00       0.000000000000000000e+00
2.060000000000000053e+00       0.000000000000000000e+00
2.069999999999999840e+00       0.000000000000000000e+00
2.080000000000000071e+00       0.000000000000000000e+00
2.089999999999999858e+00       0.000000000000000000e+00
2.100000000000000089e+00       0.000000000000000000e+00
2.109999999999999876e+00       0.000000000000000000e+00
2.120000000000000107e+00       0.000000000000000000e+00
2.129999999999999893e+00       0.000000000000000000e+00
2.140000000000000124e+00       0.000000000000000000e+00
2.149999999999999911e+00       0.000000000000000000e+00
2.160000000000000142e+00       0.000000000000000000e+00
2.169999999999999929e+00       0.000000000000000000e+00
2.180000000000000160e+00       0.000000000000000000e+00
2.189999999999999947e+00       0.000000000000000000e+00
2.200000000000000178e+00       0.000000000000000000e+00
2.209999999999999964e+00       0.000000000000000000e+00
2.220000000000000195e+00       0.000000000000000000e+00
2.229999999999999982e+00       0.000000000000000000e+00
2.240000000000000213e+00       0.000000000000000000e+00
2.250000000000000000e+00       0.000000000000000000e+00
2.259999999999999787e+00       0.000000000000000000e+00
2.270000000000000018e+00       0.000000000000000000e+00
2.279999999999999805e+00       0.000000000000000000e+00
2.290000000000000036e+00       0.000000000000000000e+00
2.299999999999999822e+00       0.000000000000000000e+00
2.310000000000000053e+00       0.000000000000000000e+00
2.319999999999999840e+00       0.000000000000000000e+00
2.330000000000000071e+00       0.000000000000000000e+00
2.339999999999999858e+00       0.000000000000000000e+00
2.350000000000000089e+00       0.000000000000000000e+00
2.359999999999999876e+00       0.000000000000000000e+00
2.370000000000000107e+00       0.000000000000000000e+00
2.379999999999999893e+00       0.000000000000000000e+00
2.390000000000000124e+00       0.000000000000000000e+00
2.399999999999999911e+00       0.000000000000000000e+00
2.410000000000000142e+00       0.000000000000000000e+00
2.419999999999999929e+00       0.000000000000000000e+00
2.430000000000000160e+00       0.000000000000000000e+00
2.439999999999999947e+00       0.000000000000000000e+00
2.450000000000000178e+00       0.000000000000000000e+00
2.459999999999999964e+00       0.000000000000000000e+00
2.470000000000000195e+00       0.000000000000000000e+00
2.479999999999999982e+00       0.000000000000000000e+00
2.490000000000000213e+00       0.000000000000000000e+00
2.500000000000000000e+00       0.000000000000000000e+00
2.509999999999999787e+00       0.000000000000000000e+00
2.520000000000000018e+00       0.000000000000000000e+00
2.529999999999999805e+00       0.000000000000000000e+00
2.540000000000000036e+00       0.000000000000000000e+00
2.549999999999999822e+00       0.000000000000000000e+00
2.560000000000000053e+00       0.000000000000000000e+00
2.569999999999999840e+00       0.000000000000000000e+00
2.580000000000000071e+00       0.000000000000000000e+00
2.589999999999999858e+00       0.000000000000000000e+00
2.600000000000000089e+00       0.000000000000000000e+00
2.609999999999999876e+00       0.000000000000000000e+00
2.620000000000000107e+00       0.000000000000000000e+00
2.629999999999999893e+00       0.000000000000000000e+00
2.640000000000000124e+00       0.000000000000000000e+00
2.649999999999999911e+00       0.000000000000000000e+00
2.660000000000000142e+00       0.000000000000000000e+00
2.669999999999999929e+00       0.000000000000000000e+00
2.680000000000000160e+00       0.000000000000000000e+00
2.689999999999999947e+00       0.000000000000000000e+00
2.700000000000000178e+00       0.000000000000000000e+00
2.709999999999999964e+00       0.000000000000000000e+00
2.720000000000000195e+00       0.000000000000000000e+00
2.729999999999999982e+00       0.000000000000000000e+00
2.740000000000000213e+00       0.000000000000000000e+00
2.750000000000000000e+00       0.000000000000000000e+00
2.759999999999999787e+00       0.000000000000000000e+00
2.770000000000000018e+00       0.000000000000000000e+00
2.779999999999999805e+00       0.000000000000000000e+00
2.790000000000000036e+00       0.000000000000000000e+00
2.799999999999999822e+00       0.000000000000000000e+00
2.810000000000000053e+00       0.000000000000000000e+00
2.819999999999999840e+00       0.000000000000000000e+00
2.830000000000000071e+00       0.000000000000000000e+00
2.839999999999999858e+00       0.000000000000000000e+00
2.850000000000000089e+00       0.000000000000000000e+00
2.859999999999999876e+00       0.000000000000000000e+00
2.870000000000000107e+00       0.000000000000000000e+00
2.879999999999999893e+00       0.000000000000000000e+00
2.890000000000000124e+00       0.000000000000000000e+00
2.899999999999999911e+00       0.000000000000000000e+00
2.910000000000000142e+00       0.000000000000000000e+00
2.919999999999999929e+00       0.000000000000000000e+00
2.930000000000000160e+00       0.000000000000000000e+00
2.939999999999999947e+00       0.000000000000000000e+00
2.950000000000000178e+00       0.000000000000000000e+00
2.959999999999999964e+00       0.000000000000000000e+00
2.970000000000000195e+00       0.000000000000000000e+00
2.979999999999999982e+00       0.000000000000000000e+00
2.990000000000000213e+00       0.000000000000000000e+00
3.000000000000000000e+00       0.000000000000000000e+00
3.009999999999999787e+00       0.000000000000000000e+00
3.020000000000000018e+00       0.000000000000000000e+00
3.029999999999999805e+00       0.000000000000000000e+00
3.040000000000000036e+00       0.000000000000000000e+00
3.049999999999999822e+00       0.000000000000000000e+00
3.060000000000000053e+00       0.000000000000000000e+00
3.069999999999999840e+00       0.000000000000000000e+00
3.080000000000000071e+00       0.000000000000000000e+00
3.089999999999999858e+00       0.000000000000000000e+00
3.100000000000000089e+00       0.000000000000000000e+00
3.109999999999999876e+00       0.000000000000000000e+00
3.120000000000000107e+00       0.000000000000000000e+00
3.129999999999999893e+00       0.000000000000000000e+00
3.140000000000000124e+00       0.000000000000000000e+00
3.149999999999999911e+00       0.000000000000000000e+00
3.160000000000000142e+00       0.000000000000000000e+00
3.169999999999999929e+00       0.000000000000000000e+00
3.180000000000000160e+00       0.000000000000000000e+00
3.189999999999999947e+00       0.000000000000000000e+00
3.200000000000000178e+00       0.000000000000000000e+00
3.209999999999999964e+00       0.000000000000000000e+00
3.220000000000000195e+00       0.000000000000000000e+00
3.229999999999999982e+00       0.000000000000000000e+00
3.240000000000000213e+00       0.000000000000000000e+00
3.250000000000000000e+00       0.000000000000000000e+00
3.259999999999999787e+00       0.000000000000000000e+00
3.270000000000000018e+00       0.000000000000000000e+00
3.279999999999999805e+00       0.000000000000000000e+00
3.290000000000000036e+00       0.000000000000000000e+00
3.299999999999999822e+00       0.000000000000000000e+00
3.310000000000000053e+00       0.000000000000000000e+00
3.319999999999999840e+00       0.000000000000000000e+00
3.330000000000000071e+00       0.000000000000000000e+00
3.339999999999999858e+00       0.000000000000000000e+00
3.350000000000000089e+00       0.000000000000000000e+00
3.359999999999999876e+00       0.000000000000000000e+00
3.370000000000000107e+00       0.000000000000000000e+00
3.379999999999999893e+00       0.000000000000000000e+00
3.390000000000000124e+00       0.000000000000000000e+00
3.399999999999999911e+00       0.000000000000000000e+00
3.410000000000000142e+00       0.000000000000000000e+00
3.419999999999999929e+00       0.000000000000000000e+00
3.430000000000000160e+00       0.000000000000000000e+00
3.439999999999999947e+00       0.000000000000000000e+00
3.450000000000000178e+00       0.000000000000000000e+00
3.459999999999999964e+00       0.000000000000000000e+00
3.470000000000000195e+00       0.000000000000000000e+00
3.479999999999999982e+00       0.000000000000000000e+00
3.490000000000000213e+00       0.000000000000000000e+00
3.500000000000000000e+00       0.000000000000000000e+00
3.509999999999999787e+00       0.000000000000000000e+00
3.520000000000000018e+00       0.000000000000000000e+00
3.529999999999999805e+00       0.000000000000000000e+00
3.540000000000000036e+00       0.000000000000000000e+00
3.549999999999999822e+00       0.000000000000000000e+00
3.560000000000000053e+00       0.000000000000000000e+00
3.569999999999999840e+00       0.000000000000000000e+00
3.580000000000000071e+00       0.000000000000000000e+00
3.589999999999999858e+00       0.000000000000000000e+00
3.600000000000000089e+00       0.000000000000000000e+00
3.609999999999999876e+00       0.000000000000000000e+00
3.620000000000000107e+00       0.000000000000000000e+00
3.629999999999999893e+00       0.000000000000000000e+00
3.640000000000000124e+00       0.000000000000000000e+00
3.649999999999999911e+00       0.000000000000000000e+00
3.660000000000000142e+00       0.000000000000000000e+00
3.669999999999999929e+00       0.000000000000000000e+00
3.680000000000000160e+00       0.000000000000000000e+00
3.689999999999999947e+00       0.000000000000000000e+00
3.700000000000000178e+00       0.000000000000000000e+00
3.709999999999999964e+00       0.000000000000000000e+00
3.720000000000000195e+00       0.000000000000000000e+00
3.729999999999999982e+00       0.000000000000000000e+00
3.740000000000000213e+00       0.000000000000000000e+00
3.750000000000000000e+00       0.000000000000000000e+00
3.759999999999999787e+00       0.000000000000000000e+00
3.770000000000000018e+00       0.000000000000000000e+00
3.779999999999999805e+00       0.000000000000000000e+00
3.790000000000000036e+00       0.000000000000000000e+00
3.799999999999999822e+00       0.000000000000000000e+00
3.810000000000000053e+00       0.000000000000000000e+00
3.819999999999999840e+00       0.000000000000000000e+00
3.830000000000000071e+00       0.000000000000000000e+00
3.839999999999999858e+00       0.000000000000000000e+00
3.850000000000000089e+00       0.000000000000000000e+00
3.859999999999999876e+00       0.000000000000000000e+00
3.870000000000000107e+00       0.000000000000000000e+00
3.879999999999999893e+00       0.000000000000000000e+00
3.890000000000000124e+00       0.000000000000000000e+00
3.899999999999999911e+00       0.000000000000000000e+00
3.910000000000000142e+00       0.000000000000000000e+00
3.919999999999999929e+00       0.000000000000000000e+00
3.930000000000000160e+00       0.000000000000000000e+00
3.939999999999999947e+00       0.000000000000000000e+00
3.950000000000000178e+00       0.000000000000000000e+00
3.959999999999999964e+00       0.000000000000000000e+00
3.970000000000000195e+00       0.000000000000000000e+00
3.979999999999999982e+00       0.000000000000000000e+00
3.990000000000000213e+00       0.000000000000000000e+00
4.000000000000000000e+00       0.000000000000000000e+00
4.009999999999999787e+00       0.000000000000000000e+00
4.019999999999999574e+00       0.000000000000000000e+00
4.030000000000000249e+00       0.000000000000000000e+00
4.040000000000000036e+00       0.000000000000000000e+00
4.049999999999999822e+00       0.000000000000000000e+00
4.059999999999999609e+00       0.000000000000000000e+00
4.070000000000000284e+00       0.000000000000000000e+00
4.080000000000000071e+00       0.000000000000000000e+00
4.089999999999999858e+00       0.000000000000000000e+00
4.099999999999999645e+00       0.000000000000000000e+00
4.110000000000000320e+00       0.000000000000000000e+00
4.120000000000000107e+00       0.000000000000000000e+00
4.129999999999999893e+00       0.000000000000000000e+00
4.139999999999999680e+00       0.000000000000000000e+00
4.150000000000000355e+00       0.000000000000000000e+00
4.160000000000000142e+00       0.000000000000000000e+00
4.169999999999999929e+00       0.000000000000000000e+00
4.179999999999999716e+00       0.000000000000000000e+00
4.190000000000000391e+00       0.000000000000000000e+00
4.200000000000000178e+00       0.000000000000000000e+00
4.209999999999999964e+00       0.000000000000000000e+00
4.219999999999999751e+00       0.000000000000000000e+00
4.230000000000000426e+00       0.000000000000000000e+00
4.240000000000000213e+00       0.000000000000000000e+00
4.250000000000000000e+00       0.000000000000000000e+00
4.259999999999999787e+00       0.000000000000000000e+00
4.269999999999999574e+00       0.000000000000000000e+00
4.280000000000000249e+00       0.000000000000000000e+00
4.290000000000000036e+00       0.000000000000000000e+00
4.299999999999999822e+00       0.000000000000000000e+00
4.309999999999999609e+00       0.000000000000000000e+00
4.320000000000000284e+00       0.000000000000000000e+00
4.330000000000000071e+00       0.000000000000000000e+00
4.339999999999999858e+00       0.000000000000000000e+00
4.349999999999999645e+00       0.000000000000000000e+00
4.360000000000000320e+00       0.000000000000000000e+00
4.370000000000000107e+00       0.000000000000000000e+00
4.379999999999999893e+00       0.000000000000000000e+00
4.389999999999999680e+00       0.000000000000000000e+00
4.400000000000000355e+00       0.000000000000000000e+00
4.410000000000000142e+00       0.000000000000000000e+00
4.419999999999999929e+00       0.000000000000000000e+00
4.429999999999999716e+00       0.000000000000000000e+00
4.440000000000000391e+00       0.000000000000000000e+00
4.450000000000000178e+00       0.000000000000000000e+00
4.459999999999999964e+00       0.000000000000000000e+00
4.469999999999999751e+00       0.000000000000000000e+00
4.480000000000000426e+00       0.000000000000000000e+00
4.490000000000000213e+00       0.000000000000000000e+00
4.500000000000000000e+00       0.000000000000000000e+00
4.509999999999999787e+00       0.000000000000000000e+00
4.519999999999999574e+00       0.000000000000000000e+00
4.530000000000000249e+00       0.000000000000000000e+00
4.540000000000000036e+00       0.000000000000000000e+00
4.549999999999999822e+00       0.000000000000000000e+00
4.559999999999999609e+00       0.000000000000000000e+00
4.570000000000000284e+00       0.000000000000000000e+00
4.580000000000000071e+00       0.000000000000000000e+00
4.589999999999999858e+00       0.000000000000000000e+00
4.599999999999999645e+00       0.000000000000000000e+00
4.610000000000000320e+00       0.000000000000000000e+00
4.620000000000000107e+00       0.000000000000000000e+00
4.629999999999999893e+00       0.000000000000000000e+00
4.639999999999999680e+00       0.000000000000000000e+00
4.650000000000000355e+00       0.000000000000000000e+00
4.660000000000000142e+00       0.000000000000000000e+00
4.669999999999999929e+00       0.000000000000000000e+00
4.679999999999999716e+00       0.000000000000000000e+00
4.690000000000000391e+00       0.000000000000000000e+00
4.700000000000000178e+00       0.000000000000000000e+00
4.709999999999999964e+00       0.000000000000000000e+00
4.719999999999999751e+00       0.000000000000000000e+00
4.730000000000000426e+00       0.000000000000000000e+00
4.740000000000000213e+00       0.000000000000000000e+00
4.750000000000000000e+00       0.000000000000000000e+00
4.759999999999999787e+00       0.000000000000000000e+00
4.769999999999999574e+00       0.000000000000000000e+00
4.780000000000000249e+00       0.000000000000000000e+00
4.790000000000000036e+00       0.000000000000000000e+00
4.799999999999999822e+00       0.000000000000000000e+00
4.809999999999999609e+00       0.000000000000000000e+00
4.820000000000000284e+00       0.000000000000000000e+00
4.830000000000000071e+00       0.000000000000000000e+00
4.839999999999999858e+00       0.000000000000000000e+00
4.849999999999999645e+00       0.000000000000000000e+00
4.860000000000000320e+00       0.000000000000000000e+00
4.870000000000000107e+00       0.000000000000000000e+00
4.879999999999999893e+00       0.000000000000000000e+00
4.889999999999999680e+00       0.000000000000000000e+00
4.900000000000000355e+00       0.000000000000000000e+00
4.910000000000000142e+00       0.000000000000000000e+00
4.919999999999999929e+00       0.000000000000000000e+00
4.929999999999999716e+00       0.000000000000000000e+00
4.940000000000000391e+00       0.000000000000000000e+00
4.950000000000000178e+00       0.000000000000000000e+00
4.959999999999999964e+00       0.000000000000000000e+00
4.969999999999999751e+00       0.000000000000000000e+00
4.980000000000000426e+00       0.000000000000000000e+00
4.990000000000000213e+00       0.000000000000000000e+00
5.000000000000000000e+00       0.000000000000000000e+00
5.009999999999999787e+00       0.000000000000000000e+00
5.019999999999999574e+00       0.000000000000000000e+00
5.030000000000000249e+00       0.000000000000000000e+00
5.040000000000000036e+00       0.000000000000000000e+00
5.049999999999999822e+00       0.000000000000000000e+00
5.059999999999999609e+00       0.000000000000000000e+00
5.070000000000000284e+00       0.000000000000000000e+00
5.080000000000000071e+00       0.000000000000000000e+00
5.089999999999999858e+00       0.000000000000000000e+00
5.099999999999999645e+00       0.000000000000000000e+00
5.110000000000000320e+00       0.000000000000000000e+00
5.120000000000000107e+00       0.000000000000000000e+00
5.129999999999999893e+00       0.000000000000000000e+00
5.139999999999999680e+00       0.000000000000000000e+00
5.150000000000000355e+00       0.000000000000000000e+00
5.160000000000000142e+00       0.000000000000000000e+00
5.169999999999999929e+00       0.000000000000000000e+00
5.179999999999999716e+00       0.000000000000000000e+00
5.190000000000000391e+00       0.000000000000000000e+00
5.200000000000000178e+00       0.000000000000000000e+00
5.209999999999999964e+00       0.000000000000000000e+00
5.219999999999999751e+00       0.000000000000000000e+00
5.230000000000000426e+00       0.000000000000000000e+00
5.240000000000000213e+00       0.000000000000000000e+00
5.250000000000000000e+00       0.000000000000000000e+00
5.259999999999999787e+00       0.000000000000000000e+00
5.269999999999999574e+00       0.000000000000000000e+00
5.280000000000000249e+00       0.000000000000000000e+00
5.290000000000000036e+00       0.000000000000000000e+00
5.299999999999999822e+00       0.000000000000000000e+00
5.309999999999999609e+00       0.000000000000000000e+00
5.320000000000000284e+00       0.000000000000000000e+00
5.330000000000000071e+00       2.757609274228085378e-12
5.339999999999999858e+00       2.279803203970203225e-11
5.349999999999999645e+00       6.161247288137799019e-11
5.360000000000000320e+00       1.185198750914169579e-10
5.370000000000000107e+00       1.928585352756321489e-10
5.379999999999999893e+00       2.839855839207170162e-10
5.389999999999999680e+00       3.912764815814698648e-10
5.400000000000000355e+00       5.141245259076788044e-10
5.410000000000000142e+00       6.519403666202650442e-10
5.419999999999999929e+00       8.041515356026752873e-10
5.429999999999999716e+00       9.702019897839579946e-10
5.440000000000000391e+00       1.149551666455237034e-09
5.450000000000000178e+00       1.341676050681239943e-09
5.459999999999999964e+00       1.546065754456973122e-09
5.469999999999999751e+00       1.762226107294699256e-09
5.480000000000000426e+00       1.989676757913563608e-09
5.490000000000000213e+00       2.227951286728107458e-09
5.500000000000000000e+00       2.476596828831494941e-09
5.509999999999999787e+00       2.735173707185520406e-09
5.519999999999999574e+00       3.003255075732128781e-09
5.530000000000000249e+00       3.280426572145266279e-09
5.540000000000000036e+00       3.566285979977082937e-09
5.549999999999999822e+00       3.860442899904699749e-09
5.559999999999999609e+00       4.162518429857983480e-09
5.570000000000000284e+00       4.472144853764911856e-09
5.580000000000000071e+00       4.788965338682852787e-09
5.589999999999999858e+00       5.112633640082386399e-09
5.599999999999999645e+00       5.442813815060496972e-09
5.610000000000000320e+00       5.779179943265333968e-09
5.620000000000000107e+00       6.121415855319036101e-09
5.629999999999999893e+00       6.469214868534565399e-09
5.639999999999999680e+00       6.822279529724207969e-09
5.650000000000000355e+00       7.180321364907606465e-09
5.660000000000000142e+00       7.543060635729819636e-09
5.669999999999999929e+00       7.910226102404538238e-09
5.679999999999999716e+00       8.281554792891714072e-09
5.690000000000000391e+00       8.656791778816845017e-09
5.700000000000000178e+00       9.035689956267357492e-09
5.709999999999999964e+00       9.418009833810807533e-09
5.719999999999999751e+00       9.803519324369272163e-09
5.730000000000000426e+00       1.019199354524914603e-08
5.740000000000000213e+00       1.058321462105428946e-08
5.750000000000000000e+00       1.097697149306876129e-08
5.759999999999999787e+00       1.137305973348480010e-08
5.769999999999999574e+00       1.177128136458398119e-08
5.780000000000000249e+00       1.217144468273529114e-08
5.790000000000000036e+00       1.257336408708219475e-08
5.799999999999999822e+00       1.297685991279088672e-08
5.809999999999999609e+00       1.338175826873628460e-08
5.820000000000000284e+00       1.378789087950571929e-08
5.830000000000000071e+00       1.419509493160617369e-08
5.839999999999999858e+00       1.460321292375765141e-08
5.849999999999999645e+00       1.501209252116700633e-08
5.860000000000000320e+00       1.542158641367250596e-08
5.870000000000000107e+00       1.583155217723696093e-08
5.879999999999999893e+00       1.624185214118917897e-08
5.889999999999999680e+00       1.665235325489202896e-08
5.900000000000000355e+00       1.706292696200155461e-08
5.910000000000000142e+00       1.747344907605684317e-08
5.919999999999999929e+00       1.788379965976602819e-08
5.929999999999999716e+00       1.829386290749292545e-08
5.940000000000000391e+00       1.870352703085890716e-08
5.950000000000000178e+00       1.911268414737653536e-08
5.959999999999999964e+00       1.952123017203426475e-08
5.969999999999999751e+00       1.992906471175366915e-08
5.980000000000000426e+00       2.033609096264177413e-08
5.990000000000000213e+00       2.074221560996527376e-08
6.000000000000000000e+00       2.114734873077346237e-08
6.009999999999999787e+00       2.155140369908623031e-08
6.019999999999999574e+00       2.195429709352318870e-08
6.030000000000000249e+00       2.235594860744993797e-08
6.040000000000000036e+00       2.275628096154264848e-08
6.049999999999999822e+00       2.315521981864562887e-08
6.059999999999999609e+00       2.355269370127833403e-08
6.070000000000000284e+00       2.394863390933786559e-08
6.080000000000000071e+00       2.434297444393577114e-08
6.089999999999999858e+00       2.473565192929936975e-08
6.099999999999999645e+00       2.512660553872383395e-08
6.110000000000000320e+00       2.551577692207735294e-08
6.120000000000000107e+00       2.590311013522952048e-08
6.129999999999999893e+00       2.628855157134775136e-08
6.139999999999999680e+00       2.667204989401399490e-08
6.150000000000000355e+00       2.705355597211109545e-08
6.160000000000000142e+00       2.743302281643533980e-08
6.169999999999999929e+00       2.781040551798681819e-08
6.179999999999999716e+00       2.818566118789576644e-08
6.190000000000000391e+00       2.855874889894034080e-08
6.200000000000000178e+00       2.892962962861449617e-08
6.209999999999999964e+00       2.929826620370603469e-08
6.219999999999999751e+00       2.966462324634369406e-08
6.230000000000000426e+00       3.002866712147592665e-08
6.240000000000000213e+00       3.039036588574278642e-08
6.250000000000000000e+00       3.074968923770620857e-08
6.259999999999999787e+00       3.110660846940065469e-08
6.269999999999999574e+00       3.146109641917068219e-08
6.280000000000000249e+00       3.181312741673409471e-08
6.290000000000000036e+00       3.216267720391170193e-08
6.299999999999999822e+00       3.250972297852723732e-08
6.309999999999999609e+00       3.285424331665557020e-08
6.320000000000000284e+00       3.319621812309863477e-08
6.330000000000000071e+00       3.353562859126694545e-08
6.339999999999999858e+00       3.387245716412941265e-08
6.349999999999999645e+00       3.420668749620520090e-08
6.360000000000000320e+00       3.453830441656865173e-08
6.370000000000000107e+00       3.486729389291140942e-08
6.379999999999999893e+00       3.519364299622646760e-08
6.389999999999999680e+00       3.551733986710194888e-08
6.400000000000000355e+00       3.583837368226039844e-08
6.410000000000000142e+00       3.615673462231709028e-08
6.419999999999999929e+00       3.647241384047496001e-08
6.429999999999999716e+00       3.678540343138661500e-08
6.440000000000000391e+00       3.709569640217760188e-08
6.450000000000000178e+00       3.740328664294024545e-08
6.459999999999999964e+00       3.770816889866535249e-08
6.469999999999999751e+00       3.801033874180196400e-08
6.480000000000000426e+00       3.830979254578849542e-08
6.490000000000000213e+00       3.860652745814300943e-08
6.500000000000000000e+00       3.890054137657294948e-08
6.509999999999999787e+00       3.919183292345168126e-08
6.519999999999999574e+00       3.948040142211677047e-08
6.530000000000000249e+00       3.976624687358508016e-08
6.540000000000000036e+00       4.004936993389905986e-08
6.549999999999999822e+00       4.032977189208753063e-08
6.559999999999999609e+00       4.060745464872432976e-08
6.570000000000000284e+00       4.088242069507171929e-08
6.580000000000000071e+00       4.115467309279029406e-08
6.589999999999999858e+00       4.142421545420238613e-08
6.599999999999999645e+00       4.169105192309552549e-08
6.610000000000000320e+00       4.195518715604899654e-08
6.620000000000000107e+00       4.221662630427302820e-08
6.629999999999999893e+00       4.247537499594588055e-08
6.639999999999999680e+00       4.273143931903504388e-08
6.650000000000000355e+00       4.298482580459242553e-08
6.660000000000000142e+00       4.323554141025342670e-08
6.669999999999999929e+00       4.348359350545852045e-08
6.679999999999999716e+00       4.372898985456796093e-08
6.690000000000000391e+00       4.397173860294192178e-08
6.700000000000000178e+00       4.421184826216662032e-08
6.709999999999999964e+00       4.444932769593674002e-08
6.719999999999999751e+00       4.468418610633240481e-08
6.730000000000000426e+00       4.491643302047710658e-08
6.740000000000000213e+00       4.514607827757054394e-08
6.750000000000000000e+00       4.537313201628301837e-08
6.759999999999999787e+00       4.559760466250504811e-08
6.769999999999999574e+00       4.581950691744093711e-08
6.780000000000000249e+00       4.603884974603748435e-08
6.790000000000000036e+00       4.625564436574235452e-08
6.799999999999999822e+00       4.646990223557303837e-08
6.809999999999999609e+00       4.668163504551217230e-08
6.820000000000000284e+00       4.689085470618482727e-08
6.830000000000000071e+00       4.709757333884573224e-08
6.839999999999999858e+00       4.730180326564062546e-08
6.849999999999999645e+00       4.750355700016507958e-08
6.860000000000000320e+00       4.770284723827167295e-08
6.870000000000000107e+00       4.789968684915995082e-08
6.879999999999999893e+00       4.809408886671665158e-08
6.889999999999999680e+00       4.828606648128862802e-08
6.900000000000000355e+00       4.847563303080051571e-08
6.910000000000000142e+00       4.866280199391086557e-08
6.919999999999999929e+00       4.884758698159904874e-08
6.929999999999999716e+00       4.903000172987934382e-08
6.940000000000000391e+00       4.921006009255486120e-08
6.950000000000000178e+00       4.938777603418529022e-08
6.959999999999999964e+00       4.956316362326404880e-08
6.969999999999999751e+00       4.973623702559770848e-08
6.980000000000000426e+00       4.990701049788412148e-08
6.990000000000000213e+00       5.007549838148327425e-08
7.000000000000000000e+00       5.024171509637505733e-08
7.009999999999999787e+00       5.040567513447521588e-08
7.019999999999999574e+00       5.056739305725242099e-08
7.030000000000000249e+00       5.072688348527657797e-08
7.040000000000000036e+00       5.088416109617340058e-08
7.049999999999999822e+00       5.103924061862625970e-08
7.059999999999999609e+00       5.119213682736184758e-08
7.070000000000000284e+00       5.134286453829013436e-08
7.080000000000000071e+00       5.149143860379695604e-08
7.089999999999999858e+00       5.163787390818396623e-08
7.099999999999999645e+00       5.178218536325179613e-08
7.110000000000000320e+00       5.192438790402392119e-08
7.120000000000000107e+00       5.206449648460584122e-08
7.129999999999999893e+00       5.220252607417758896e-08
7.139999999999999680e+00       5.233849165311449111e-08
7.150000000000000355e+00       5.247240820923436912e-08
7.160000000000000142e+00       5.260429073416589194e-08
7.169999999999999929e+00       5.273415421983760470e-08
7.179999999999999716e+00       5.286201365508076404e-08
7.190000000000000391e+00       5.298788402234647664e-08
7.200000000000000178e+00       5.311178029453205872e-08
7.209999999999999964e+00       5.323371743191371793e-08
7.219999999999999751e+00       5.335371037918357919e-08
7.230000000000000426e+00       5.347177406258841399e-08
7.240000000000000213e+00       5.358792338718884692e-08
7.250000000000000000e+00       5.370217323409848490e-08
7.259999999999999787e+00       5.381453845804871725e-08
7.269999999999999574e+00       5.392503388481225987e-08
7.280000000000000249e+00       5.403367430883071524e-08
7.290000000000000036e+00       5.414047449090429001e-08
7.299999999999999822e+00       5.424544915609443556e-08
7.309999999999999609e+00       5.434861299106650054e-08
7.320000000000000284e+00       5.444998064278594197e-08
7.330000000000000071e+00       5.454956671602424336e-08
7.339999999999999858e+00       5.464738577156970322e-08
7.349999999999999645e+00       5.474345232438496632e-08
7.360000000000000320e+00       5.483778084183615572e-08
7.370000000000000107e+00       5.493038574198995939e-08
7.379999999999999893e+00       5.502128139197824778e-08
7.389999999999999680e+00       5.511048210642709242e-08
7.400000000000000355e+00       5.519800214594937152e-08
7.410000000000000142e+00       5.528385571569869283e-08
7.419999999999999929e+00       5.536805696398324407e-08
7.429999999999999716e+00       5.545061998093724823e-08
7.440000000000000391e+00       5.553155879724935534e-08
7.450000000000000178e+00       5.561088738294612449e-08
7.459999999999999964e+00       5.568861964622757856e-08
7.469999999999999751e+00       5.576476943235655867e-08
7.480000000000000426e+00       5.583935052259644566e-08
7.490000000000000213e+00       5.591237663319937920e-08
7.500000000000000000e+00       5.598386141444109025e-08
7.509999999999999787e+00       5.605381844970245261e-08
7.519999999999999574e+00       5.612226125459558316e-08
7.530000000000000249e+00       5.618920327613381575e-08
7.540000000000000036e+00       5.625465789194384808e-08
7.549999999999999822e+00       5.631863840951912845e-08
7.559999999999999609e+00       5.638115806551306631e-08
7.570000000000000284e+00       5.644223002507127258e-08
7.580000000000000071e+00       5.650186738120096340e-08
7.589999999999999858e+00       5.656008315417775255e-08
7.599999999999999645e+00       5.661689029098684131e-08
7.610000000000000320e+00       5.667230166479969107e-08
7.620000000000000107e+00       5.672633007448361111e-08
7.629999999999999893e+00       5.677898824414377845e-08
7.639999999999999680e+00       5.683028882269677664e-08
7.650000000000000355e+00       5.688024438347493209e-08
7.660000000000000142e+00       5.692886742385977381e-08
7.669999999999999929e+00       5.697617036494464300e-08
7.679999999999999716e+00       5.702216555122528775e-08
7.690000000000000391e+00       5.706686525031686143e-08
7.700000000000000178e+00       5.711028165269774152e-08
7.709999999999999964e+00       5.715242687147817052e-08
7.719999999999999751e+00       5.719331294219429461e-08
7.730000000000000426e+00       5.723295182262530374e-08
7.740000000000000213e+00       5.727135539263390494e-08
7.750000000000000000e+00       5.730853545402946692e-08
7.759999999999999787e+00       5.734450373045331328e-08
7.769999999999999574e+00       5.737927186728020860e-08
7.780000000000000249e+00       5.741285143155289209e-08
7.790000000000000036e+00       5.744525391191884123e-08
7.799999999999999822e+00       5.747649071859967278e-08
7.809999999999999609e+00       5.750657318337325574e-08
7.820000000000000284e+00       5.753551255957459156e-08
7.830000000000000071e+00       5.756332002211415763e-08
7.839999999999999858e+00       5.759000666751278122e-08
7.849999999999999645e+00       5.761558351395293796e-08
7.860000000000000320e+00       5.764006150134494610e-08
7.870000000000000107e+00       5.766345149140918166e-08
7.879999999999999893e+00       5.768576426777214386e-08
7.889999999999999680e+00       5.770701053607664883e-08
7.900000000000000355e+00       5.772720092410630378e-08
7.910000000000000142e+00       5.774634598192199833e-08
7.919999999999999929e+00       5.776445618201198164e-08
7.929999999999999716e+00       5.778154191945373828e-08
7.940000000000000391e+00       5.779761351208743810e-08
7.950000000000000178e+00       5.781268120070151589e-08
7.959999999999999964e+00       5.782675514901668355e-08
7.969999999999999751e+00       5.783984544473863994e-08
7.980000000000000426e+00       5.785196209850569192e-08
7.990000000000000213e+00       5.786311504496138928e-08
8.000000000000000000e+00       5.787331414277890999e-08
8.009999999999999787e+00       5.788256917490585275e-08
8.019999999999999574e+00       5.789088984881796966e-08
8.029999999999999361e+00       5.789828579678105823e-08
8.039999999999999147e+00       5.790476657612117151e-08
8.050000000000000711e+00       5.791034166950207430e-08
8.060000000000000497e+00       5.791502048521075283e-08
8.070000000000000284e+00       5.791881235744919777e-08
8.080000000000000071e+00       5.792172654663398252e-08
8.089999999999999858e+00       5.792377223970105619e-08
8.099999999999999645e+00       5.792495855042023760e-08
8.109999999999999432e+00       5.792529451970530215e-08
8.119999999999999218e+00       5.792478911594786501e-08
8.130000000000000782e+00       5.792345123533991540e-08
8.140000000000000568e+00       5.792128970220891735e-08
8.150000000000000355e+00       5.791831326935733756e-08
8.160000000000000142e+00       5.791453061840635554e-08
8.169999999999999929e+00       5.790995036014394114e-08
8.179999999999999716e+00       5.790458103487743870e-08
8.189999999999999503e+00       5.789843111279037301e-08
8.199999999999999289e+00       5.789150899430245819e-08
8.210000000000000853e+00       5.788382301043406009e-08
8.220000000000000639e+00       5.787538142317362326e-08
8.230000000000000426e+00       5.786619242584797662e-08
8.240000000000000213e+00       5.785626414349674843e-08
8.250000000000000000e+00       5.784560463324882613e-08
8.259999999999999787e+00       5.783422188489931154e-08
8.269999999999999574e+00       5.782212382050023183e-08
8.279999999999999361e+00       5.780931829593303641e-08
8.289999999999999147e+00       5.779581310050202104e-08
8.300000000000000711e+00       5.778161595752155995e-08
8.310000000000000497e+00       5.776673452470631007e-08
8.320000000000000284e+00       5.775117639456403579e-08
8.330000000000000071e+00       5.773494909478844697e-08
8.339999999999999858e+00       5.771806008865542507e-08
8.349999999999999645e+00       5.770051677541927574e-08
8.359999999999999432e+00       5.768232649071057624e-08
8.369999999999999218e+00       5.766349650693514780e-08
8.380000000000000782e+00       5.764403403367387502e-08
8.390000000000000568e+00       5.762394621808376275e-08
8.400000000000000355e+00       5.760324014529908559e-08
8.410000000000000142e+00       5.758192283883355649e-08
8.419999999999999929e+00       5.756000126098291886e-08
8.429999999999999716e+00       5.753748231322805484e-08
8.439999999999999503e+00       5.751437283663809358e-08
8.449999999999999289e+00       5.749067961227422097e-08
8.460000000000000853e+00       5.746640936159290700e-08
8.470000000000000639e+00       5.744156874684993390e-08
8.480000000000000426e+00       5.741616437150363010e-08
8.490000000000000213e+00       5.739020278061838220e-08
8.500000000000000000e+00       5.736369046126819323e-08
8.509999999999999787e+00       5.733663384293886444e-08
8.519999999999999574e+00       5.730903929793093820e-08
8.529999999999999361e+00       5.728091314176162833e-08
8.539999999999999147e+00       5.725226163356598945e-08
8.550000000000000711e+00       5.722309097649834445e-08
8.560000000000000497e+00       5.719340731813157451e-08
8.570000000000000284e+00       5.716321675085722300e-08
8.580000000000000071e+00       5.713252531228401791e-08
8.589999999999999858e+00       5.710133898563509060e-08
8.599999999999999645e+00       5.706966370014551215e-08
8.609999999999999432e+00       5.703750533145750705e-08
8.619999999999999218e+00       5.700486970201560066e-08
8.630000000000000782e+00       5.697176258145994033e-08
8.640000000000000568e+00       5.693818968701921938e-08
8.650000000000000355e+00       5.690415668390182768e-08
8.660000000000000142e+00       5.686966918568594999e-08
8.669999999999999929e+00       5.683473275470837397e-08
8.679999999999999716e+00       5.679935290245237173e-08
8.689999999999999503e+00       5.676353508993308652e-08
8.699999999999999289e+00       5.672728472808295924e-08
8.710000000000000853e+00       5.669060717813446823e-08
8.720000000000000639e+00       5.665350775200255797e-08
8.730000000000000426e+00       5.661599171266420255e-08
8.740000000000000213e+00       5.657806427453766462e-08
8.750000000000000000e+00       5.653973060385890231e-08
8.759999999999999787e+00       5.650099581905811507e-08
8.769999999999999574e+00       5.646186499113241829e-08
8.779999999999999361e+00       5.642234314401853121e-08
8.789999999999999147e+00       5.638243525496267886e-08
8.800000000000000711e+00       5.634214625488886605e-08
8.810000000000000497e+00       5.630148102876410085e-08
8.820000000000000284e+00       5.626044441596091139e-08
8.830000000000000071e+00       5.621904121061084981e-08
8.839999999999999858e+00       5.617727616193489463e-08
8.849999999999999645e+00       5.613515397444088887e-08
8.859999999999999432e+00       5.609267930599072333e-08
8.869999999999999218e+00       5.604985679125644580e-08
8.880000000000000782e+00       5.600669097523469945e-08
8.890000000000000568e+00       5.596318640459081545e-08
8.900000000000000355e+00       5.591934756481669746e-08
8.910000000000000142e+00       5.587517890088403919e-08
8.919999999999999929e+00       5.583068481590850718e-08
8.929999999999999716e+00       5.578586967135609912e-08
8.939999999999999503e+00       5.574073778735650639e-08
8.949999999999999289e+00       5.569529344303488629e-08
8.960000000000000853e+00       5.564954087684833921e-08
8.970000000000000639e+00       5.560348428691999037e-08
8.980000000000000426e+00       5.555712783137355459e-08
8.990000000000000213e+00       5.551047562866541953e-08
9.000000000000000000e+00       5.546353175791471722e-08
9.009999999999999787e+00       5.541630025816775538e-08
9.019999999999999574e+00       5.536878512208437935e-08
9.029999999999999361e+00       5.532099029630361910e-08
9.039999999999999147e+00       5.527291968482409175e-08
9.050000000000000711e+00       5.522457715048929377e-08
9.060000000000000497e+00       5.517596651597997283e-08
9.070000000000000284e+00       5.512709156461342911e-08
9.080000000000000071e+00       5.507795604094530579e-08
9.089999999999999858e+00       5.502856365145876278e-08
9.099999999999999645e+00       5.497891806499888556e-08
9.109999999999999432e+00       5.492902291335988414e-08
9.119999999999999218e+00       5.487888179172675456e-08
9.130000000000000782e+00       5.482849825907991577e-08
9.140000000000000568e+00       5.477787583870038545e-08
9.150000000000000355e+00       5.472701801853686945e-08
9.160000000000000142e+00       5.467592825161613605e-08
9.169999999999999929e+00       5.462460995643164526e-08
9.179999999999999716e+00       5.457306651734066833e-08
9.189999999999999503e+00       5.452130128485529647e-08
9.199999999999999289e+00       5.446931757611241843e-08
9.210000000000000853e+00       5.441711867515509424e-08
9.220000000000000639e+00       5.436470783329387433e-08
9.230000000000000426e+00       5.431208826944478552e-08
9.240000000000000213e+00       5.425926317045735778e-08
9.250000000000000000e+00       5.420623569148226959e-08
9.259999999999999787e+00       5.415300895616871989e-08
9.269999999999999574e+00       5.409958605714055320e-08
9.279999999999999361e+00       5.404597005620959943e-08
9.289999999999999147e+00       5.399216398470422345e-08
9.300000000000000711e+00       5.393817084377141139e-08
9.310000000000000497e+00       5.388399360467389396e-08
9.320000000000000284e+00       5.382963520908409992e-08
9.330000000000000071e+00       5.377509856937309364e-08
9.339999999999999858e+00       5.372038656892833814e-08
9.349999999999999645e+00       5.366550206231261304e-08
9.359999999999999432e+00       5.361044787572247778e-08
9.369999999999999218e+00       5.355522680714684541e-08
9.380000000000000782e+00       5.349984162670786047e-08
9.390000000000000568e+00       5.344429507676573911e-08
9.400000000000000355e+00       5.338858987243025791e-08
9.410000000000000142e+00       5.333272870165902956e-08
9.419999999999999929e+00       5.327671422555821277e-08
9.429999999999999716e+00       5.322054907863837578e-08
9.439999999999999503e+00       5.316423586906863934e-08
9.449999999999999289e+00       5.310777717892712054e-08
9.460000000000000853e+00       5.305117556444927887e-08
9.470000000000000639e+00       5.299443355627283450e-08
9.480000000000000426e+00       5.293755365968104540e-08
9.490000000000000213e+00       5.288053835484233822e-08
9.500000000000000000e+00       5.282339009704782171e-08
9.509999999999999787e+00       5.276611131694684118e-08
9.519999999999999574e+00       5.270870442077889355e-08
9.529999999999999361e+00       5.265117179060426514e-08
9.539999999999999147e+00       5.259351578453122838e-08
9.550000000000000711e+00       5.253573873694171657e-08
9.560000000000000497e+00       5.247784295871333251e-08
9.570000000000000284e+00       5.241983073743946459e-08
9.580000000000000071e+00       5.236170433764535297e-08
9.589999999999999858e+00       5.230346600099811406e-08
9.599999999999999645e+00       5.224511794650086324e-08
9.609999999999999432e+00       5.218666237226095572e-08
9.619999999999999218e+00       5.212810145026100731e-08
9.630000000000000782e+00       5.206943733401339218e-08
9.640000000000000568e+00       5.201067215414828649e-08
9.650000000000000355e+00       5.195180801970407674e-08
9.660000000000000142e+00       5.189284701941155437e-08
9.669999999999999929e+00       5.183379121729311638e-08
9.679999999999999716e+00       5.177464266027354166e-08
9.689999999999999503e+00       5.171540337296844208e-08
9.699999999999999289e+00       5.165607535942188446e-08
9.710000000000000853e+00       5.159666060327944992e-08
9.720000000000000639e+00       5.153716106797232463e-08
9.730000000000000426e+00       5.147757869690382573e-08
9.740000000000000213e+00       5.141791541363443830e-08
9.750000000000000000e+00       5.135817312206627001e-08
9.759999999999999787e+00       5.129835370662634776e-08
9.769999999999999574e+00       5.123845903244763127e-08
9.779999999999999361e+00       5.117849094554845829e-08
9.789999999999999147e+00       5.111845127301069949e-08
9.800000000000000711e+00       5.105834182315635158e-08
9.810000000000000497e+00       5.099816438572148347e-08
9.820000000000000284e+00       5.093792073202977214e-08
9.830000000000000071e+00       5.087761261516370919e-08
9.839999999999999858e+00       5.081724177013434488e-08
9.849999999999999645e+00       5.075680991404904043e-08
9.859999999999999432e+00       5.069631874627853857e-08
9.869999999999999218e+00       5.063576994862204900e-08
9.880000000000000782e+00       5.057516518546995807e-08
9.890000000000000568e+00       5.051450610396650549e-08
9.900000000000000355e+00       5.045379433416956912e-08
9.910000000000000142e+00       5.039303148921019830e-08
9.919999999999999929e+00       5.033221916544958634e-08
9.929999999999999716e+00       5.027135894263448777e-08
9.939999999999999503e+00       5.021045238405294667e-08
9.949999999999999289e+00       5.014950103668639868e-08
9.960000000000000853e+00       5.008850643136135604e-08
9.970000000000000639e+00       5.002747008289994785e-08
9.980000000000000426e+00       4.996639349026860084e-08
9.990000000000000213e+00       4.990527813672492678e-08
