1.000000000000000021e-02       0.000000000000000000e+00
2.000000000000000042e-02       0.000000000000000000e+00
2.999999999999999889e-02       0.000000000000000000e+00
4.000000000000000083e-02       0.000000000000000000e+00
5.000000000000000278e-02       0.000000000000000000e+00
5.999999999999999778e-02       0.000000000000000000e+00
7.000000000000000666e-02       0.000000000000000000e+00
8.000000000000000167e-02       0.000000000000000000e+00
8.999999999999999667e-02       0.000000000000000000e+00
1.000000000000000056e-01       0.000000000000000000e+00
1.100000000000000006e-01       0.000000000000000000e+00
1.199999999999999956e-01       0.000000000000000000e+00
1.300000000000000044e-01       0.000000000000000000e+00
1.400000000000000133e-01       0.000000000000000000e+00
1.499999999999999944e-01       0.000000000000000000e+00
1.600000000000000033e-01       0.000000000000000000e+00
1.700000000000000122e-01       0.000000000000000000e+00
1.799999999999999933e-01       0.000000000000000000e+00
1.900000000000000022e-01       0.000000000000000000e+00
2.000000000000000111e-01       0.000000000000000000e+00
2.099999999999999922e-01       0.000000000000000000e+00
2.200000000000000011e-01       0.000000000000000000e+00
2.300000000000000100e-01       0.000000000000000000e+00
2.399999999999999911e-01       0.000000000000000000e+00
2.500000000000000000e-01       0.000000000000000000e+00
2.600000000000000089e-01       0.000000000000000000e+00
2.700000000000000178e-01       0.000000000000000000e+00
2.800000000000000266e-01       0.000000000000000000e+00
2.899999999999999800e-01       0.000000000000000000e+00
2.999999999999999889e-01       0.000000000000000000e+00
3.099999999999999978e-01       0.000000000000000000e+00
3.200000000000000067e-01       0.000000000000000000e+00
3.300000000000000155e-01       0.000000000000000000e+00
3.400000000000000244e-01       0.000000000000000000e+00
3.499999999999999778e-01       0.000000000000000000e+00
3.599999999999999867e-01       0.000000000000000000e+00
3.699999999999999956e-01       0.000000000000000000e+00
3.800000000000000044e-01       0.000000000000000000e+00
3.900000000000000133e-01       0.000000000000000000e+00
4.000000000000000222e-01       0.000000000000000000e+00
4.099999999999999756e-01       0.000000000000000000e+00
4.199999999999999845e-01       0.000000000000000000e+00
4.299999999999999933e-01       0.000000000000000000e+00
4.400000000000000022e-01       0.000000000000000000e+00
4.500000000000000111e-01       0.000000000000000000e+00
4.600000000000000200e-01       0.000000000000000000e+00
4.699999999999999734e-01       0.000000000000000000e+00
4.799999999999999822e-01       0.000000000000000000e+00
4.899999999999999911e-01       0.000000000000000000e+00
5.000000000000000000e-01       0.000000000000000000e+00
5.100000000000000089e-01       0.000000000000000000e+00
5.200000000000000178e-01       0.000000000000000000e+00
5.300000000000000266e-01       0.000000000000000000e+00
5.400000000000000355e-01       0.000000000000000000e+00
5.500000000000000444e-01       0.000000000000000000e+00
5.600000000000000533e-01       0.000000000000000000e+00
5.699999999999999512e-01       0.000000000000000000e+00
5.799999999999999600e-01       0.000000000000000000e+00
5.899999999999999689e-01       0.000000000000000000e+00
5.999999999999999778e-01       0.000000000000000000e+00
6.099999999999999867e-01       0.000000000000000000e+00
6.199999999999999956e-01       0.000000000000000000e+00
6.300000000000000044e-01       0.000000000000000000e+00
6.400000000000000133e-01       0.000000000000000000e+00
6.500000000000000222e-01       0.000000000000000000e+00
6.600000000000000311e-01       0.000000000000000000e+00
6.700000000000000400e-01       0.000000000000000000e+00
6.800000000000000488e-01       0.000000000000000000e+00
6.899999999999999467e-01       0.000000000000000000e+00
6.999999999999999556e-01       0.000000000000000000e+00
7.099999999999999645e-01       0.000000000000000000e+00
7.199999999999999734e-01       0.000000000000000000e+00
7.299999999999999822e-01       0.000000000000000000e+00
7.399999999999999911e-01       0.000000000000000000e+00
7.500000000000000000e-01       0.000000000000000000e+00
7.600000000000000089e-01       0.000000000000000000e+00
7.700000000000000178e-01       0.000000000000000000e+00
7.800000000000000266e-01       0.000000000000000000e+00
7.900000000000000355e-01       0.000000000000000000e+00
8.000000000000000444e-01       0.000000000000000000e+00
8.100000000000000533e-01       0.000000000000000000e+00
8.199999999999999512e-01       0.000000000000000000e+00
8.299999999999999600e-01       0.000000000000000000e+00
8.399999999999999689e-01       0.000000000000000000e+00
8.499999999999999778e-01       0.000000000000000000e+00
8.599999999999999867e-01       0.000000000000000000e+00
8.699999999999999956e-01       0.000000000000000000e+00
8.800000000000000044e-01       0.000000000000000000e+00
8.900000000000000133e-01       0.000000000000000000e+00
9.000000000000000222e-01       0.000000000000000000e+00
9.100000000000000311e-01       0.000000000000000000e+00
9.200000000000000400e-01       0.000000000000000000e+00
9.300000000000000488e-01       0.000000000000000000e+00
9.399999999999999467e-01       0.000000000000000000e+00
9.499999999999999556e-01       0.000000000000000000e+00
9.599999999999999645e-01       5.908566239304491923e-07
9.699999999999999734e-01       1.694160726969965740e-05
9.799999999999999822e-01       5.305345683410288342e-05
9.899999999999999911e-01       1.057465067486486451e-04
1.000000000000000000e+00       1.722714830145522554e-04
1.010000000000000009e+00       2.502535431764391343e-04
1.020000000000000018e+00       3.376426742199323022e-04
1.030000000000000027e+00       4.326351190637005295e-04
1.040000000000000036e+00       5.336560900857866777e-04
1.050000000000000044e+00       6.393648426722975137e-04
1.060000000000000053e+00       7.486084323305410492e-04
1.070000000000000062e+00       8.603973864978388831e-04
1.080000000000000071e+00       9.738842450722492257e-04
1.090000000000000080e+00       1.088344730262420833e-03
1.100000000000000089e+00       1.203161290105790203e-03
1.110000000000000098e+00       1.317808760792871800e-03
1.120000000000000107e+00       1.431841904182418277e-03
1.129999999999999893e+00       1.544884594077316261e-03
1.139999999999999902e+00       1.656620444903305961e-03
1.149999999999999911e+00       1.766784697405905571e-03
1.159999999999999920e+00       1.875157196592860172e-03
1.169999999999999929e+00       1.981556316654638043e-03
1.179999999999999938e+00       2.085833705576192135e-03
1.189999999999999947e+00       2.187869738457838987e-03
1.199999999999999956e+00       2.287569583098970297e-03
1.209999999999999964e+00       2.384859794302090271e-03
1.219999999999999973e+00       2.479685364653722284e-03
1.229999999999999982e+00       2.572007169420939370e-03
1.239999999999999991e+00       2.661799751786630194e-03
1.250000000000000000e+00       2.749049402141466765e-03
1.260000000000000009e+00       2.833752491160939323e-03
1.270000000000000018e+00       2.915914023216896640e-03
1.280000000000000027e+00       2.995546379222537893e-03
1.290000000000000036e+00       3.072668224462092763e-03
1.300000000000000044e+00       3.147303558944245655e-03
1.310000000000000053e+00       3.219480891447302085e-03
1.320000000000000062e+00       3.289232520904400350e-03
1.330000000000000071e+00       3.356593911023237481e-03
1.340000000000000080e+00       3.421603145952599890e-03
1.350000000000000089e+00       3.484300456467943809e-03
1.360000000000000098e+00       3.544727807556240749e-03
1.370000000000000107e+00       3.602928539513687231e-03
1.379999999999999893e+00       3.658947055715267103e-03
1.389999999999999902e+00       3.712828551124122082e-03
1.399999999999999911e+00       3.764618776388569277e-03
1.409999999999999920e+00       3.814363833052771165e-03
1.419999999999999929e+00       3.862109995983380693e-03
1.429999999999999938e+00       3.907903559623886192e-03
1.439999999999999947e+00       3.951790705120676421e-03
1.449999999999999956e+00       3.993817385742733962e-03
1.459999999999999964e+00       4.034029226927310016e-03
1.469999999999999973e+00       4.072471447486165561e-03
1.479999999999999982e+00       4.109188778993923784e-03
1.489999999999999991e+00       4.144225410196692230e-03
1.500000000000000000e+00       4.177624933860625556e-03
1.510000000000000009e+00       4.209430303402863713e-03
1.520000000000000018e+00       4.239683796673361128e-03
1.530000000000000027e+00       4.268426985598909422e-03
1.540000000000000036e+00       4.295700711458483659e-03
1.550000000000000044e+00       4.321545065322616661e-03
1.560000000000000053e+00       4.345999373028795049e-03
1.570000000000000062e+00       4.369102184126850627e-03
1.580000000000000071e+00       4.390891264316297213e-03
1.590000000000000080e+00       4.411403590926396730e-03
1.600000000000000089e+00       4.430675343759098682e-03
1.610000000000000098e+00       4.448741775744314252e-03
1.620000000000000107e+00       4.465637125841708313e-03
1.629999999999999893e+00       4.481394698266629069e-03
1.639999999999999902e+00       4.496046901255839126e-03
1.649999999999999911e+00       4.509625272562911222e-03
1.659999999999999920e+00       4.522160501668043807e-03
1.669999999999999929e+00       4.533682450784692376e-03
1.679999999999999938e+00       4.544220175628761391e-03
1.689999999999999947e+00       4.553801946055880019e-03
1.699999999999999956e+00       4.562455266563288786e-03
1.709999999999999964e+00       4.570206897066221054e-03
1.719999999999999973e+00       4.577082873067238843e-03
1.729999999999999982e+00       4.583108526328641061e-03
1.739999999999999991e+00       4.588308504872017600e-03
1.750000000000000000e+00       4.592706792861483284e-03
1.760000000000000009e+00       4.596326730179074727e-03
1.770000000000000018e+00       4.599191031626724546e-03
1.780000000000000027e+00       4.601321805718800936e-03
1.790000000000000036e+00       4.602740572919662362e-03
1.800000000000000044e+00       4.603468282126840436e-03
1.810000000000000053e+00       4.603525325173140822e-03
1.820000000000000062e+00       4.602931551031683166e-03
1.830000000000000071e+00       4.601706280178325531e-03
1.840000000000000080e+00       4.599868318897196856e-03
1.850000000000000089e+00       4.597435973548503509e-03
1.860000000000000098e+00       4.594427064734070421e-03
1.870000000000000107e+00       4.590855967298242829e-03
1.879999999999999893e+00       4.586718865545085302e-03
1.889999999999999902e+00       4.582027665949668475e-03
1.899999999999999911e+00       4.576800546727657730e-03
1.909999999999999920e+00       4.571055157644758442e-03
1.919999999999999929e+00       4.564808636107657927e-03
1.929999999999999938e+00       4.558077623779142711e-03
1.939999999999999947e+00       4.550878282742806119e-03
1.949999999999999956e+00       4.543226311015144230e-03
1.959999999999999964e+00       4.535136957960357248e-03
1.969999999999999973e+00       4.526613009566118374e-03
1.979999999999999982e+00       4.517034686435786317e-03
1.989999999999999991e+00       4.506129925372686675e-03
2.000000000000000000e+00       4.493999781982625612e-03
2.009999999999999787e+00       4.480739264650573234e-03
2.020000000000000018e+00       4.466415362690442405e-03
2.029999999999999805e+00       4.451100847357873473e-03
2.040000000000000036e+00       4.434880142950916281e-03
2.049999999999999822e+00       4.417832623736486081e-03
2.060000000000000053e+00       4.400032797350334098e-03
2.069999999999999840e+00       4.381550486923044968e-03
2.080000000000000071e+00       4.362451023480384132e-03
2.089999999999999858e+00       4.342795444894692256e-03
2.100000000000000089e+00       4.322640698516830304e-03
2.109999999999999876e+00       4.302039844918635614e-03
2.120000000000000107e+00       4.281042260640547867e-03
2.129999999999999893e+00       4.259693838232142711e-03
2.140000000000000124e+00       4.238037182189516999e-03
2.149999999999999911e+00       4.216111799688071655e-03
2.160000000000000142e+00       4.193954285252651966e-03
2.169999999999999929e+00       4.171598498731911124e-03
2.180000000000000160e+00       4.149075736112901869e-03
2.189999999999999947e+00       4.126414892876973869e-03
2.200000000000000178e+00       4.103642619722036068e-03
2.209999999999999964e+00       4.080783470585144790e-03
2.220000000000000195e+00       4.057860042987603000e-03
2.229999999999999982e+00       4.034893110796094855e-03
2.240000000000000213e+00       4.011901749550956034e-03
2.250000000000000000e+00       3.988903454557332987e-03
2.259999999999999787e+00       3.965914251969558137e-03
2.270000000000000018e+00       3.942948803124565055e-03
2.279999999999999805e+00       3.920020502398172298e-03
2.290000000000000036e+00       3.897141568869835152e-03
2.299999999999999822e+00       3.874323132088102004e-03
2.310000000000000053e+00       3.851575312231217754e-03
2.319999999999999840e+00       3.828907294956308827e-03
2.330000000000000071e+00       3.806327401226558028e-03
2.339999999999999858e+00       3.783843152399651334e-03
2.350000000000000089e+00       3.761461330853024896e-03
2.359999999999999876e+00       3.739188104020554383e-03
2.370000000000000107e+00       3.717028738838966829e-03
2.379999999999999893e+00       3.694988326622511334e-03
2.390000000000000124e+00       3.673071152313799135e-03
2.399999999999999911e+00       3.651281074620232880e-03
2.410000000000000142e+00       3.629621497482070705e-03
2.419999999999999929e+00       3.608095406325239913e-03
2.430000000000000160e+00       3.586705401640672038e-03
2.439999999999999947e+00       3.565453730124432813e-03
2.450000000000000178e+00       3.544342313578851059e-03
2.459999999999999964e+00       3.523372775642543992e-03
2.470000000000000195e+00       3.502546466529159533e-03
2.479999999999999982e+00       3.481864485929630614e-03
2.490000000000000213e+00       3.461327704202132958e-03
2.500000000000000000e+00       3.440936781969224957e-03
2.509999999999999787e+00       3.420692188235487010e-03
2.520000000000000018e+00       3.400594217131566472e-03
2.529999999999999805e+00       3.380643003383487950e-03
2.540000000000000036e+00       3.360838536599290282e-03
2.549999999999999822e+00       3.341180674458800026e-03
2.560000000000000053e+00       3.321669154886306655e-03
2.569999999999999840e+00       3.302303607280467589e-03
2.580000000000000071e+00       3.283083562870467258e-03
2.589999999999999858e+00       3.264008464262668340e-03
2.600000000000000089e+00       3.245077674237369786e-03
2.609999999999999876e+00       3.226290483851130316e-03
2.620000000000000107e+00       3.207646119896058121e-03
2.629999999999999893e+00       3.189143751763893510e-03
2.640000000000000124e+00       3.170782497759149030e-03
2.649999999999999911e+00       3.152561430902465090e-03
2.660000000000000142e+00       3.134479584262340243e-03
2.669999999999999929e+00       3.116535955850621448e-03
2.680000000000000160e+00       3.098729525498953533e-03
2.689999999999999947e+00       3.081059197055523950e-03
2.700000000000000178e+00       3.063523926046020536e-03
2.709999999999999964e+00       3.046122599114159391e-03
2.720000000000000195e+00       3.028854099362288891e-03
2.729999999999999982e+00       3.011717296592845896e-03
2.740000000000000213e+00       2.994711050358626718e-03
2.750000000000000000e+00       2.977834211818472868e-03
2.759999999999999787e+00       2.961085626285412439e-03
2.770000000000000018e+00       2.944464135127286900e-03
2.779999999999999805e+00       2.927968577590969387e-03
2.790000000000000036e+00       2.911597792445853004e-03
2.799999999999999822e+00       2.895350619468975342e-03
2.810000000000000053e+00       2.879225900789604380e-03
2.819999999999999840e+00       2.863222482103130757e-03
2.830000000000000071e+00       2.847339213763849016e-03
2.839999999999999858e+00       2.831574951766109832e-03
2.850000000000000089e+00       2.815928558622735403e-03
2.859999999999999876e+00       2.800398904148970053e-03
2.870000000000000107e+00       2.784984866159605742e-03
2.879999999999999893e+00       2.769685331086339363e-03
2.890000000000000124e+00       2.754499194521897818e-03
2.899999999999999911e+00       2.739425361696972479e-03
2.910000000000000142e+00       2.724462747895539747e-03
2.919999999999999929e+00       2.709610278813734570e-03
2.930000000000000160e+00       2.694866890867063033e-03
2.939999999999999947e+00       2.680231531450334628e-03
2.950000000000000178e+00       2.665703159154418980e-03
2.959999999999999964e+00       2.651280743943563219e-03
2.970000000000000195e+00       2.636963267296783646e-03
2.979999999999999982e+00       2.622749722316501057e-03
2.990000000000000213e+00       2.608639113807411248e-03
3.000000000000000000e+00       2.594630458328309446e-03
3.009999999999999787e+00       2.580722782702029629e-03
3.020000000000000018e+00       2.566915114786690044e-03
3.029999999999999805e+00       2.553206484262813582e-03
3.040000000000000036e+00       2.539595927477173148e-03
3.049999999999999822e+00       2.526082489344561640e-03
3.060000000000000053e+00       2.512665224427655143e-03
3.069999999999999840e+00       2.499343197502531047e-03
3.080000000000000071e+00       2.486115484608118938e-03
3.089999999999999858e+00       2.472981172549613017e-03
3.100000000000000089e+00       2.459938988886207351e-03
3.109999999999999876e+00       2.446984729574828640e-03
3.120000000000000107e+00       2.434117005718214495e-03
3.129999999999999893e+00       2.421335276497101410e-03
3.140000000000000124e+00       2.408638994006443400e-03
3.149999999999999911e+00       2.396027604230402050e-03
3.160000000000000142e+00       2.383500540729153929e-03
3.169999999999999929e+00       2.371057254394320479e-03
3.180000000000000160e+00       2.358697170686968776e-03
3.189999999999999947e+00       2.346419719431554890e-03
3.200000000000000178e+00       2.334224328160811220e-03
3.209999999999999964e+00       2.322110422707406030e-03
3.220000000000000195e+00       2.310077427742021714e-03
3.229999999999999982e+00       2.298124767273485979e-03
3.240000000000000213e+00       2.286251865105412215e-03
3.250000000000000000e+00       2.274458145255945762e-03
3.259999999999999787e+00       2.262743032342730276e-03
3.270000000000000018e+00       2.251105951935938269e-03
3.279999999999999805e+00       2.239546330881369857e-03
3.290000000000000036e+00       2.228063597596044443e-03
3.299999999999999822e+00       2.216657182338239475e-03
3.310000000000000053e+00       2.205326517453817282e-03
3.319999999999999840e+00       2.194071037603226651e-03
3.330000000000000071e+00       2.182890179955836955e-03
3.339999999999999858e+00       2.171783384388635985e-03
3.350000000000000089e+00       2.160750093645250752e-03
3.359999999999999876e+00       2.149789753489344743e-03
3.370000000000000107e+00       2.138901812840933794e-03
3.379999999999999893e+00       2.128085723898739175e-03
3.390000000000000124e+00       2.117340942249615245e-03
3.399999999999999911e+00       2.106666926966013157e-03
3.410000000000000142e+00       2.096063140692524477e-03
3.419999999999999929e+00       2.085529049721185964e-03
3.430000000000000160e+00       2.075064124059701042e-03
3.439999999999999947e+00       2.064667837487692541e-03
3.450000000000000178e+00       2.054339667607215682e-03
3.459999999999999964e+00       2.044079095884852003e-03
3.470000000000000195e+00       2.033885607687004916e-03
3.479999999999999982e+00       2.023758692308844868e-03
3.490000000000000213e+00       2.013697842997352102e-03
3.500000000000000000e+00       2.003702556968952296e-03
3.509999999999999787e+00       1.993772335422153586e-03
3.520000000000000018e+00       1.983906683545610429e-03
3.529999999999999805e+00       1.974105110521975123e-03
3.540000000000000036e+00       1.964367129527200013e-03
3.549999999999999822e+00       1.954692257729863988e-03
3.560000000000000053e+00       1.945080016250765129e-03
3.569999999999999840e+00       1.935529929498762099e-03
3.580000000000000071e+00       1.926041524658857022e-03
3.589999999999999858e+00       1.916614332207019133e-03
3.600000000000000089e+00       1.907247886141896342e-03
3.609999999999999876e+00       1.897941724093326309e-03
3.620000000000000107e+00       1.888695387385340083e-03
3.629999999999999893e+00       1.879508421075755430e-03
3.640000000000000124e+00       1.870380373980015621e-03
3.649999999999999911e+00       1.861310798682617573e-03
3.660000000000000142e+00       1.852299251541597623e-03
3.669999999999999929e+00       1.843345292686448134e-03
3.680000000000000160e+00       1.834448486010225579e-03
3.689999999999999947e+00       1.825608399157965843e-03
3.700000000000000178e+00       1.816824603510653648e-03
3.709999999999999964e+00       1.808096674224588408e-03
3.720000000000000195e+00       1.799424189982454670e-03
3.729999999999999982e+00       1.790806733312364212e-03
3.740000000000000213e+00       1.782243890334690934e-03
3.750000000000000000e+00       1.773735250792920961e-03
3.759999999999999787e+00       1.765280408025959088e-03
3.770000000000000018e+00       1.756878958940588089e-03
3.779999999999999805e+00       1.748530503976977214e-03
3.790000000000000036e+00       1.740234647084812607e-03
3.799999999999999822e+00       1.731990995687815059e-03
3.810000000000000053e+00       1.723799160652952347e-03
3.819999999999999840e+00       1.715658756258222825e-03
3.830000000000000071e+00       1.707569400160058879e-03
3.839999999999999858e+00       1.699530713360477554e-03
3.850000000000000089e+00       1.691542320174026703e-03
3.859999999999999876e+00       1.683603848194615334e-03
3.870000000000000107e+00       1.675714928262345051e-03
3.879999999999999893e+00       1.667875194429939466e-03
3.890000000000000124e+00       1.660084283929919762e-03
3.899999999999999911e+00       1.652341837141463885e-03
3.910000000000000142e+00       1.644647497556977556e-03
3.919999999999999929e+00       1.637000911749542185e-03
3.930000000000000160e+00       1.629401729340137920e-03
3.939999999999999947e+00       1.621849602965161168e-03
3.950000000000000178e+00       1.614344188244168929e-03
3.959999999999999964e+00       1.606885143747958586e-03
3.970000000000000195e+00       1.599472130966551626e-03
3.979999999999999982e+00       1.592104814278199340e-03
3.990000000000000213e+00       1.584782860917962645e-03
4.000000000000000000e+00       1.577505940946974513e-03
4.009999999999999787e+00       1.570273727221956983e-03
4.019999999999999574e+00       1.563085895364722333e-03
4.030000000000000249e+00       1.555942123733861744e-03
4.040000000000000036e+00       1.548842093392967766e-03
4.049999999999999822e+00       1.541785488083172130e-03
4.059999999999999609e+00       1.534771994193998923e-03
4.070000000000000284e+00       1.527801300734990368e-03
4.080000000000000071e+00       1.520873099307714672e-03
4.089999999999999858e+00       1.513987084078151401e-03
4.099999999999999645e+00       1.507142951749420971e-03
4.110000000000000320e+00       1.500340401529940988e-03
4.120000000000000107e+00       1.493579135125826848e-03
4.129999999999999893e+00       1.486858856687457492e-03
4.139999999999999680e+00       1.480179272801242837e-03
4.150000000000000355e+00       1.473540092459947213e-03
4.160000000000000142e+00       1.466941027037619791e-03
4.169999999999999929e+00       1.460381790264892116e-03
4.179999999999999716e+00       1.453862098204618475e-03
4.190000000000000391e+00       1.447381669227872742e-03
4.200000000000000178e+00       1.440940223990292823e-03
4.209999999999999964e+00       1.434537485408769871e-03
4.219999999999999751e+00       1.428173178638464944e-03
4.230000000000000426e+00       1.421847031050174973e-03
4.240000000000000213e+00       1.415558772208019454e-03
4.250000000000000000e+00       1.409308133847449141e-03
4.259999999999999787e+00       1.403094849853587156e-03
4.269999999999999574e+00       1.396918656239870202e-03
4.280000000000000249e+00       1.390779291127011577e-03
4.290000000000000036e+00       1.384676494722262338e-03
4.299999999999999822e+00       1.378610009298977769e-03
4.309999999999999609e+00       1.372579579176474648e-03
4.320000000000000284e+00       1.366584950700181237e-03
4.330000000000000071e+00       1.360625872222073719e-03
4.339999999999999858e+00       1.354702094081383689e-03
4.349999999999999645e+00       1.348813368585592525e-03
4.360000000000000320e+00       1.342959449991688566e-03
4.370000000000000107e+00       1.337140094487693177e-03
4.379999999999999893e+00       1.331355060174435525e-03
4.389999999999999680e+00       1.325604107047599492e-03
4.400000000000000355e+00       1.319886996980003478e-03
4.410000000000000142e+00       1.314203493704142571e-03
4.419999999999999929e+00       1.308553362794953427e-03
4.429999999999999716e+00       1.302936371652826551e-03
4.440000000000000391e+00       1.297352289486847134e-03
4.450000000000000178e+00       1.291800887298259672e-03
4.459999999999999964e+00       1.286281937864157876e-03
4.469999999999999751e+00       1.280795215721390774e-03
4.480000000000000426e+00       1.275340497150677637e-03
4.490000000000000213e+00       1.269917560160942985e-03
4.500000000000000000e+00       1.264526184473878422e-03
4.509999999999999787e+00       1.259166151508536767e-03
4.519999999999999574e+00       1.253837244366475673e-03
4.530000000000000249e+00       1.248539247816734697e-03
4.540000000000000036e+00       1.243271948281182530e-03
4.549999999999999822e+00       1.238035133820015793e-03
4.559999999999999609e+00       1.232828594117430648e-03
4.570000000000000284e+00       1.227652120467479175e-03
4.580000000000000071e+00       1.222505505760097247e-03
4.589999999999999858e+00       1.217388544467306113e-03
4.599999999999999645e+00       1.212301032629572051e-03
4.610000000000000320e+00       1.207242767842342090e-03
4.620000000000000107e+00       1.202213549242730226e-03
4.629999999999999893e+00       1.197213177496364751e-03
4.639999999999999680e+00       1.192241454783336775e-03
4.650000000000000355e+00       1.187298184789588405e-03
4.660000000000000142e+00       1.182383172687835127e-03
4.669999999999999929e+00       1.177496225128396709e-03
4.679999999999999716e+00       1.172637150229098287e-03
4.690000000000000391e+00       1.167805757558101594e-03
4.700000000000000178e+00       1.163001858124935789e-03
4.709999999999999964e+00       1.158225264367722081e-03
4.719999999999999751e+00       1.153475790141308879e-03
4.730000000000000426e+00       1.148753250705535078e-03
4.740000000000000213e+00       1.144057462713691771e-03
4.750000000000000000e+00       1.139388244200715931e-03
4.759999999999999787e+00       1.134745414572307844e-03
4.769999999999999574e+00       1.130128794593360285e-03
4.780000000000000249e+00       1.125538206377488162e-03
4.790000000000000036e+00       1.120973473373139233e-03
4.799999999999999822e+00       1.116434420358481013e-03
4.809999999999999609e+00       1.111920873424706224e-03
4.820000000000000284e+00       1.107432659968616857e-03
4.830000000000000071e+00       1.102969608680978535e-03
4.839999999999999858e+00       1.098531549536466709e-03
4.849999999999999645e+00       1.094118313782866921e-03
4.860000000000000320e+00       1.089729733931909172e-03
4.870000000000000107e+00       1.085365643746013121e-03
4.879999999999999893e+00       1.081025878233762404e-03
4.889999999999999680e+00       1.076710273634540844e-03
4.900000000000000355e+00       1.072418667411218418e-03
4.910000000000000142e+00       1.068150898240365033e-03
4.919999999999999929e+00       1.063906806001807060e-03
4.929999999999999716e+00       1.059686231769541714e-03
4.940000000000000391e+00       1.055489017802121272e-03
4.950000000000000178e+00       1.051315007533242408e-03
4.959999999999999964e+00       1.047164045562420541e-03
4.969999999999999751e+00       1.043035977645760887e-03
4.980000000000000426e+00       1.038930650686799989e-03
4.990000000000000213e+00       1.034847912727442434e-03
5.000000000000000000e+00       1.030787612875654329e-03
5.009999999999999787e+00       1.026749601551692117e-03
5.019999999999999574e+00       1.022733730093673514e-03
5.030000000000000249e+00       1.018739851007911769e-03
5.040000000000000036e+00       1.014767817894947051e-03
5.049999999999999822e+00       1.010817485440954370e-03
5.059999999999999609e+00       1.006888709409222826e-03
5.070000000000000284e+00       1.002981346631715747e-03
5.080000000000000071e+00       9.990952550006930617e-04
5.089999999999999858e+00       9.952302934604188855e-04
5.099999999999999645e+00       9.913863219989267877e-04
5.110000000000000320e+00       9.875632016398691940e-04
5.120000000000000107e+00       9.837607944344257688e-04
5.129999999999999893e+00       9.799789634532857403e-04
5.139999999999999680e+00       9.762175727786948434e-04
5.150000000000000355e+00       9.724764874965718692e-04
5.160000000000000142e+00       9.687555736886918926e-04
5.169999999999999929e+00       9.650546984249327087e-04
5.179999999999999716e+00       9.613737297555839363e-04
5.190000000000000391e+00       9.577125367037263781e-04
5.200000000000000178e+00       9.540709892576669992e-04
5.209999999999999964e+00       9.504489583634499099e-04
5.219999999999999751e+00       9.468463159173925005e-04
5.230000000000000426e+00       9.432629347587451760e-04
5.240000000000000213e+00       9.396986886623501147e-04
5.250000000000000000e+00       9.361534523313922926e-04
5.259999999999999787e+00       9.326271013902041754e-04
5.269999999999999574e+00       9.291195123771207182e-04
5.280000000000000249e+00       9.256305627003936446e-04
5.290000000000000036e+00       9.221601050292298814e-04
5.299999999999999822e+00       9.187079978638284031e-04
5.309999999999999609e+00       9.152741231940833989e-04
5.320000000000000284e+00       9.118583638323273129e-04
5.330000000000000071e+00       9.084606034056232505e-04
5.339999999999999858e+00       9.050807263424752620e-04
5.349999999999999645e+00       9.017186178902112477e-04
5.360000000000000320e+00       8.983741640998376288e-04
5.370000000000000107e+00       8.950472485241310139e-04
5.379999999999999893e+00       8.917377136205429516e-04
5.389999999999999680e+00       8.884454353664927168e-04
5.400000000000000355e+00       8.851703053848349436e-04
5.410000000000000142e+00       8.819122160021781618e-04
5.419999999999999929e+00       8.786710602456543080e-04
5.429999999999999716e+00       8.754467318401304822e-04
5.440000000000000391e+00       8.722391252036454335e-04
5.450000000000000178e+00       8.690481354470655419e-04
5.459999999999999964e+00       8.658736583679677501e-04
5.469999999999999751e+00       8.627155904489792158e-04
5.480000000000000426e+00       8.595738288539737145e-04
5.490000000000000213e+00       8.564482714249556415e-04
5.500000000000000000e+00       8.533388166785100095e-04
5.509999999999999787e+00       8.502453638026927392e-04
5.519999999999999574e+00       8.471678126537370707e-04
5.530000000000000249e+00       8.441060637513708937e-04
5.540000000000000036e+00       8.410600182779904774e-04
5.549999999999999822e+00       8.380295780726216811e-04
5.559999999999999609e+00       8.350146456287333352e-04
5.570000000000000284e+00       8.320151240904299569e-04
5.580000000000000071e+00       8.290309172492098776e-04
5.589999999999999858e+00       8.260619295400614638e-04
5.599999999999999645e+00       8.231080660381939230e-04
5.610000000000000320e+00       8.201692324554285367e-04
5.620000000000000107e+00       8.172453351366501745e-04
5.629999999999999893e+00       8.143362810562469918e-04
5.639999999999999680e+00       8.114419778145425368e-04
5.650000000000000355e+00       8.085623336342185339e-04
5.660000000000000142e+00       8.056972573567340893e-04
5.669999999999999929e+00       8.028466584387412104e-04
5.679999999999999716e+00       8.000104469375061891e-04
5.690000000000000391e+00       7.971885335515365009e-04
5.700000000000000178e+00       7.943808295502123975e-04
5.709999999999999964e+00       7.915872468364636583e-04
5.719999999999999751e+00       7.888076978459128766e-04
5.730000000000000426e+00       7.860420956724698720e-04
5.740000000000000213e+00       7.832903539784445007e-04
5.750000000000000000e+00       7.805523870125631678e-04
5.759999999999999787e+00       7.778281096063756729e-04
5.769999999999999574e+00       7.751174371706625980e-04
5.780000000000000249e+00       7.724202856918473570e-04
5.790000000000000036e+00       7.697365717284129077e-04
5.799999999999999822e+00       7.670662124073233425e-04
5.809999999999999609e+00       7.644091254204511167e-04
5.820000000000000284e+00       7.617652290210098071e-04
5.830000000000000071e+00       7.591344420199944588e-04
5.839999999999999858e+00       7.565166837826254025e-04
5.849999999999999645e+00       7.539118742248061660e-04
5.860000000000000320e+00       7.513199338095855051e-04
5.870000000000000107e+00       7.487407835238343726e-04
5.879999999999999893e+00       7.461743449539445881e-04
5.889999999999999680e+00       7.436205401634173170e-04
5.900000000000000355e+00       7.410792917686832805e-04
5.910000000000000142e+00       7.385505229157697483e-04
5.919999999999999929e+00       7.360341572768235030e-04
5.929999999999999716e+00       7.335301190466377063e-04
5.940000000000000391e+00       7.310383329392020763e-04
5.950000000000000178e+00       7.285587241842531731e-04
5.959999999999999964e+00       7.260912185238421399e-04
5.969999999999999751e+00       7.236357422089189240e-04
5.980000000000000426e+00       7.211922219959218108e-04
5.990000000000000213e+00       7.187605851433843040e-04
6.000000000000000000e+00       7.163407594085538250e-04
6.009999999999999787e+00       7.139326730436036184e-04
6.019999999999999574e+00       7.115362547896486069e-04
6.030000000000000249e+00       7.091514338734989644e-04
6.040000000000000036e+00       7.067781400056112997e-04
6.049999999999999822e+00       7.044163033772754762e-04
6.059999999999999609e+00       7.020658546695026855e-04
6.070000000000000284e+00       6.997267250021036149e-04
6.080000000000000071e+00       6.973988460028843987e-04
6.089999999999999858e+00       6.950821497557130085e-04
6.099999999999999645e+00       6.927765688099719790e-04
6.110000000000000320e+00       6.904820361772698051e-04
6.120000000000000107e+00       6.881984853283207174e-04
6.129999999999999893e+00       6.859258501898080843e-04
6.139999999999999680e+00       6.836640651412691748e-04
6.150000000000000355e+00       6.814130650119728724e-04
6.160000000000000142e+00       6.791727850778365300e-04
6.169999999999999929e+00       6.769431610583302467e-04
6.179999999999999716e+00       6.747241291133989271e-04
6.190000000000000391e+00       6.725156258404050473e-04
6.200000000000000178e+00       6.703175882710696873e-04
6.209999999999999964e+00       6.681299538684521604e-04
6.219999999999999751e+00       6.659526605239189092e-04
6.230000000000000426e+00       6.637856465541426510e-04
6.240000000000000213e+00       6.616288506981087870e-04
6.250000000000000000e+00       6.594822121141419779e-04
6.259999999999999787e+00       6.573456703769511508e-04
6.269999999999999574e+00       6.552191654746674591e-04
6.280000000000000249e+00       6.531026376205781043e-04
6.290000000000000036e+00       6.509960265632626971e-04
6.299999999999999822e+00       6.488992733886772384e-04
6.309999999999999609e+00       6.468123197563517947e-04
6.320000000000000284e+00       6.447351077235621798e-04
6.330000000000000071e+00       6.426675797425122211e-04
6.339999999999999858e+00       6.406096786575322900e-04
6.349999999999999645e+00       6.385613477022927939e-04
6.360000000000000320e+00       6.365225304970358825e-04
6.370000000000000107e+00       6.344931710470676483e-04
6.379999999999999893e+00       6.324732137350791558e-04
6.389999999999999680e+00       6.304626033257850924e-04
6.400000000000000355e+00       6.284612849583485561e-04
6.410000000000000142e+00       6.264692041449025292e-04
6.419999999999999929e+00       6.244863067702106311e-04
6.429999999999999716e+00       6.225125390797506524e-04
6.440000000000000391e+00       6.205478476908678513e-04
6.450000000000000178e+00       6.185921795810242615e-04
6.459999999999999964e+00       6.166454820874578196e-04
6.469999999999999751e+00       6.147077029045928563e-04
6.480000000000000426e+00       6.127787900851821949e-04
6.490000000000000213e+00       6.108586920228720966e-04
6.500000000000000000e+00       6.089473574720146451e-04
6.509999999999999787e+00       6.070447355302183807e-04
6.519999999999999574e+00       6.051507756395802786e-04
6.530000000000000249e+00       6.032654275841904581e-04
6.540000000000000036e+00       6.013886414876621527e-04
6.549999999999999822e+00       5.995203678106721980e-04
6.559999999999999609e+00       5.976605573485171312e-04
6.570000000000000284e+00       5.958091612286910838e-04
6.580000000000000071e+00       5.939661309084742985e-04
6.589999999999999858e+00       5.921314181725381275e-04
6.599999999999999645e+00       5.903049751305719300e-04
6.610000000000000320e+00       5.884867542149197286e-04
6.620000000000000107e+00       5.866767081782343213e-04
6.629999999999999893e+00       5.848747900911517757e-04
6.639999999999999680e+00       5.830809533399740558e-04
6.650000000000000355e+00       5.812951516243764763e-04
6.660000000000000142e+00       5.795173389517058833e-04
6.669999999999999929e+00       5.777474696483910150e-04
6.679999999999999716e+00       5.759854983371706779e-04
6.690000000000000391e+00       5.742313799485480180e-04
6.700000000000000178e+00       5.724850697151487658e-04
6.709999999999999964e+00       5.707465231695184630e-04
6.719999999999999751e+00       5.690156961419357354e-04
6.730000000000000426e+00       5.672925447582368406e-04
6.740000000000000213e+00       5.655770254376639612e-04
6.750000000000000000e+00       5.638690948907194595e-04
6.759999999999999787e+00       5.621687101170443112e-04
6.769999999999999574e+00       5.604758284033031519e-04
6.780000000000000249e+00       5.587904073210902493e-04
6.790000000000000036e+00       5.571124047248613874e-04
6.799999999999999822e+00       5.554417787498059028e-04
6.809999999999999609e+00       5.537784878099174558e-04
6.820000000000000284e+00       5.521224905958377685e-04
6.830000000000000071e+00       5.504737460729067959e-04
6.839999999999999858e+00       5.488322134790798654e-04
6.849999999999999645e+00       5.471978523230658841e-04
6.860000000000000320e+00       5.455706223822181329e-04
6.870000000000000107e+00       5.439504837006361527e-04
6.879999999999999893e+00       5.423373965872060496e-04
6.889999999999999680e+00       5.407313216156747629e-04
6.900000000000000355e+00       5.391322196146604425e-04
6.910000000000000142e+00       5.375400516778817885e-04
6.919999999999999929e+00       5.359547791541555270e-04
6.929999999999999716e+00       5.343763636475497162e-04
6.940000000000000391e+00       5.328047670155181600e-04
6.950000000000000178e+00       5.312399513670519515e-04
6.959999999999999964e+00       5.296818790608404494e-04
6.969999999999999751e+00       5.281305127034469993e-04
6.980000000000000426e+00       5.265858151475003761e-04
6.990000000000000213e+00       5.250477494898973937e-04
7.000000000000000000e+00       5.235162790700201513e-04
7.009999999999999787e+00       5.219913674594194161e-04
7.019999999999999574e+00       5.204729784942670710e-04
7.030000000000000249e+00       5.189610762222562294e-04
7.040000000000000036e+00       5.174556249351384670e-04
7.049999999999999822e+00       5.159565891584317080e-04
7.059999999999999609e+00       5.144639336497153171e-04
7.070000000000000284e+00       5.129776233969371175e-04
7.080000000000000071e+00       5.114976236167352629e-04
7.089999999999999858e+00       5.100238997527705180e-04
7.099999999999999645e+00       5.085564174740711150e-04
7.110000000000000320e+00       5.070951426733950667e-04
7.120000000000000107e+00       5.056400414655954061e-04
7.129999999999999893e+00       5.041910801860078695e-04
7.139999999999999680e+00       5.027482253888437835e-04
7.150000000000000355e+00       5.013114438455973723e-04
7.160000000000000142e+00       4.998807025434650990e-04
7.169999999999999929e+00       4.984559686837788852e-04
7.179999999999999716e+00       4.970372096804463779e-04
7.190000000000000391e+00       4.956243931584084546e-04
7.200000000000000178e+00       4.942174869521054033e-04
7.209999999999999964e+00       4.928164591039541596e-04
7.219999999999999751e+00       4.914212778628395317e-04
7.230000000000000426e+00       4.900319116826155072e-04
7.240000000000000213e+00       4.886483292208328340e-04
7.250000000000000000e+00       4.872704993364085813e-04
7.259999999999999787e+00       4.858983910894358084e-04
7.269999999999999574e+00       4.845319737388869533e-04
7.280000000000000249e+00       4.831712167413792515e-04
7.290000000000000036e+00       4.818160897497451617e-04
7.299999999999999822e+00       4.804665626127544841e-04
7.309999999999999609e+00       4.791226053691617658e-04
7.320000000000000284e+00       4.777841882530787392e-04
7.330000000000000071e+00       4.764512816881020119e-04
7.339999999999999858e+00       4.751238562870479794e-04
7.349999999999999645e+00       4.738018828505859170e-04
7.360000000000000320e+00       4.724853323658847332e-04
7.370000000000000107e+00       4.711741760052630835e-04
7.379999999999999893e+00       4.698683851248558019e-04
7.389999999999999680e+00       4.685679312632884093e-04
7.400000000000000355e+00       4.672727861403618141e-04
7.410000000000000142e+00       4.659829216557450889e-04
7.419999999999999929e+00       4.646983098876846202e-04
7.429999999999999716e+00       4.634189230917145036e-04
7.440000000000000391e+00       4.621447336993829858e-04
7.450000000000000178e+00       4.608757143169885562e-04
7.459999999999999964e+00       4.596118377243196156e-04
7.469999999999999751e+00       4.583530768734148000e-04
7.480000000000000426e+00       4.570994048873184786e-04
7.490000000000000213e+00       4.558507950588617857e-04
7.500000000000000000e+00       4.546072208494381225e-04
7.509999999999999787e+00       4.533686558877989881e-04
7.519999999999999574e+00       4.521350739688537678e-04
7.530000000000000249e+00       4.509064490524789534e-04
7.540000000000000036e+00       4.496827552623392909e-04
7.549999999999999822e+00       4.484639668847147814e-04
7.559999999999999609e+00       4.472500583673384711e-04
7.570000000000000284e+00       4.460410043182436190e-04
7.580000000000000071e+00       4.448367795046180746e-04
7.589999999999999858e+00       4.436373588516679257e-04
7.599999999999999645e+00       4.424427174414925844e-04
7.610000000000000320e+00       4.412528305119619871e-04
7.620000000000000107e+00       4.400676734556121183e-04
7.629999999999999893e+00       4.388872218185399369e-04
7.639999999999999680e+00       4.377114512993112057e-04
7.650000000000000355e+00       4.365403377478758551e-04
7.660000000000000142e+00       4.353738571644933763e-04
7.669999999999999929e+00       4.342119856986628766e-04
7.679999999999999716e+00       4.330546996480651688e-04
7.690000000000000391e+00       4.319019754575098482e-04
7.700000000000000178e+00       4.307537897178940795e-04
7.709999999999999964e+00       4.296101191651630633e-04
7.719999999999999751e+00       4.284709406792879590e-04
7.730000000000000426e+00       4.273362312832426147e-04
7.740000000000000213e+00       4.262059681419929822e-04
7.750000000000000000e+00       4.250801285614932545e-04
7.759999999999999787e+00       4.239586899876970189e-04
7.769999999999999574e+00       4.228416300055351257e-04
7.780000000000000249e+00       4.217289263380001878e-04
7.790000000000000036e+00       4.206205568451075894e-04
7.799999999999999822e+00       4.195164995229635064e-04
7.809999999999999609e+00       4.184167325027998577e-04
7.820000000000000284e+00       4.173212340500206952e-04
7.830000000000000071e+00       4.162299825632617667e-04
7.839999999999999858e+00       4.151429565734513806e-04
7.849999999999999645e+00       4.140601347428836832e-04
7.860000000000000320e+00       4.129814958642938892e-04
7.870000000000000107e+00       4.119070188599437024e-04
7.879999999999999893e+00       4.108366827807147605e-04
7.889999999999999680e+00       4.097704668052060909e-04
7.900000000000000355e+00       4.087083502388395894e-04
7.910000000000000142e+00       4.076503125129743899e-04
7.919999999999999929e+00       4.065963331840238902e-04
7.929999999999999716e+00       4.055463919325839450e-04
7.940000000000000391e+00       4.045004685625647992e-04
7.950000000000000178e+00       4.034585430003310449e-04
7.959999999999999964e+00       4.024205952923748148e-04
7.969999999999999751e+00       4.013866056103623098e-04
7.980000000000000426e+00       4.003565542414458021e-04
7.990000000000000213e+00       3.993304215933313585e-04
8.000000000000000000e+00       3.983081881919756703e-04
8.009999999999999787e+00       3.972898346807625467e-04
8.019999999999999574e+00       3.962753418196880294e-04
8.029999999999999361e+00       3.952646904845507638e-04
8.039999999999999147e+00       3.942578616661507741e-04
8.050000000000000711e+00       3.932548364694891051e-04
8.060000000000000497e+00       3.922555961129810709e-04
8.070000000000000284e+00       3.912601219276678772e-04
8.080000000000000071e+00       3.902683953564407664e-04
8.089999999999999858e+00       3.892803979532646745e-04
8.099999999999999645e+00       3.882961113824275837e-04
8.109999999999999432e+00       3.873155174177288348e-04
8.119999999999999218e+00       3.863385979417946156e-04
8.130000000000000782e+00       3.853653349452836204e-04
8.140000000000000568e+00       3.843957105261521239e-04
8.150000000000000355e+00       3.834297068889175363e-04
8.160000000000000142e+00       3.824673063439264047e-04
8.169999999999999929e+00       3.815084913066242025e-04
8.179999999999999716e+00       3.805532442968376965e-04
8.189999999999999503e+00       3.796015479380567708e-04
8.199999999999999289e+00       3.786533849567236243e-04
8.210000000000000853e+00       3.777087381815286897e-04
8.220000000000000639e+00       3.767675905427108891e-04
8.230000000000000426e+00       3.758299250713607637e-04
8.240000000000000213e+00       3.748957248987343899e-04
8.250000000000000000e+00       3.739649732555672969e-04
8.259999999999999787e+00       3.730376534726715363e-04
8.269999999999999574e+00       3.721137489751531985e-04
8.279999999999999361e+00       3.711932432894185811e-04
8.289999999999999147e+00       3.702761200373848208e-04
8.300000000000000711e+00       3.693623629371071038e-04
8.310000000000000497e+00       3.684519558021222361e-04
8.320000000000000284e+00       3.675448825408031092e-04
8.330000000000000071e+00       3.666411271557115398e-04
8.339999999999999858e+00       3.657406737429615726e-04
8.349999999999999645e+00       3.648435064915856547e-04
8.359999999999999432e+00       3.639496096829035227e-04
8.369999999999999218e+00       3.630589676898984602e-04
8.380000000000000782e+00       3.621715649765984901e-04
8.390000000000000568e+00       3.612873860974595173e-04
8.400000000000000355e+00       3.604064156967564411e-04
8.410000000000000142e+00       3.595286385079752428e-04
8.419999999999999929e+00       3.586540393532126089e-04
8.429999999999999716e+00       3.577826031425800535e-04
8.439999999999999503e+00       3.569143148736089624e-04
8.449999999999999289e+00       3.560491596306656118e-04
8.460000000000000853e+00       3.551871225843647234e-04
8.470000000000000639e+00       3.543281889909926144e-04
8.480000000000000426e+00       3.534723441919302941e-04
8.490000000000000213e+00       3.526195736130840401e-04
8.500000000000000000e+00       3.517698627643203670e-04
8.509999999999999787e+00       3.509231972389009399e-04
8.519999999999999574e+00       3.500795627129269210e-04
8.529999999999999361e+00       3.492389449447852131e-04
8.539999999999999147e+00       3.484013297745974140e-04
8.550000000000000711e+00       3.475667031236767397e-04
8.560000000000000497e+00       3.467350509939838630e-04
8.570000000000000284e+00       3.459063594675916434e-04
8.580000000000000071e+00       3.450806147061512654e-04
8.589999999999999858e+00       3.442578029503622268e-04
8.599999999999999645e+00       3.434379105194478553e-04
8.609999999999999432e+00       3.426209238106329405e-04
8.619999999999999218e+00       3.418068292986272739e-04
8.630000000000000782e+00       3.409956135351090807e-04
8.640000000000000568e+00       3.401872631482192396e-04
8.650000000000000355e+00       3.393817648420511114e-04
8.660000000000000142e+00       3.385791053961506136e-04
8.669999999999999929e+00       3.377792716650157524e-04
8.679999999999999716e+00       3.369822505776043950e-04
8.689999999999999503e+00       3.361880291368379760e-04
8.699999999999999289e+00       3.353965944191191362e-04
8.710000000000000853e+00       3.346079335738429638e-04
8.720000000000000639e+00       3.338220338229206502e-04
8.730000000000000426e+00       3.330388824602985385e-04
8.740000000000000213e+00       3.322584668514868200e-04
8.750000000000000000e+00       3.314807744330875816e-04
8.759999999999999787e+00       3.307057927123300623e-04
8.769999999999999574e+00       3.299335092666052052e-04
8.779999999999999361e+00       3.291639117430049800e-04
8.789999999999999147e+00       3.283969878578649583e-04
8.800000000000000711e+00       3.276327253963068342e-04
8.810000000000000497e+00       3.268711122117790480e-04
8.820000000000000284e+00       3.261121362255950244e-04
8.830000000000000071e+00       3.253557854264322170e-04
8.839999999999999858e+00       3.246020478697122700e-04
8.849999999999999645e+00       3.238509116762302610e-04
8.859999999999999432e+00       3.231023650185352791e-04
8.869999999999999218e+00       3.223563962534655748e-04
8.880000000000000782e+00       3.216129935369876902e-04
8.890000000000000568e+00       3.208721453475262648e-04
8.900000000000000355e+00       3.201338401218044869e-04
8.910000000000000142e+00       3.193980663713019350e-04
8.919999999999999929e+00       3.186648126721555599e-04
8.929999999999999716e+00       3.179340676639528054e-04
8.939999999999999503e+00       3.172058200491564383e-04
8.949999999999999289e+00       3.164800585926470702e-04
8.960000000000000853e+00       3.157567721213073108e-04
8.970000000000000639e+00       3.150359495236107477e-04
8.980000000000000426e+00       3.143175797492227426e-04
8.990000000000000213e+00       3.136016518086041558e-04
9.000000000000000000e+00       3.128881547726184852e-04
9.009999999999999787e+00       3.121770777661492767e-04
9.019999999999999574e+00       3.114684099304037700e-04
9.029999999999999361e+00       3.107621404230668551e-04
9.039999999999999147e+00       3.100582584353707514e-04
9.050000000000000711e+00       3.093567531984145512e-04
9.060000000000000497e+00       3.086576139866818594e-04
9.070000000000000284e+00       3.079608301204608410e-04
9.080000000000000071e+00       3.072663909671537207e-04
9.089999999999999858e+00       3.065742859430689148e-04
9.099999999999999645e+00       3.058845045137964904e-04
9.109999999999999432e+00       3.051970361954359700e-04
9.119999999999999218e+00       3.045118705550195503e-04
9.130000000000000782e+00       3.038289972107368567e-04
9.140000000000000568e+00       3.031484058327259777e-04
9.150000000000000355e+00       3.024700861431032259e-04
9.160000000000000142e+00       3.017940279162480122e-04
9.169999999999999929e+00       3.011202209789695964e-04
9.179999999999999716e+00       3.004486552107371003e-04
9.189999999999999503e+00       2.997793205433305574e-04
9.199999999999999289e+00       2.991122069614911630e-04
9.210000000000000853e+00       2.984473045025416954e-04
9.220000000000000639e+00       2.977846032564609459e-04
9.230000000000000426e+00       2.971240933658386165e-04
9.240000000000000213e+00       2.964657650257893962e-04
9.250000000000000000e+00       2.958096084840936913e-04
9.259999999999999787e+00       2.951556140404206310e-04
9.269999999999999574e+00       2.945037720470866844e-04
9.279999999999999361e+00       2.938540729083886590e-04
9.289999999999999147e+00       2.932065070805806072e-04
9.300000000000000711e+00       2.925610650717171048e-04
9.310000000000000497e+00       2.919177374414818932e-04
9.320000000000000284e+00       2.912765148010126718e-04
9.330000000000000071e+00       2.906373878127100621e-04
9.339999999999999858e+00       2.900003471902140259e-04
9.349999999999999645e+00       2.893653836975363411e-04
9.359999999999999432e+00       2.887324881498224164e-04
9.369999999999999218e+00       2.881016514125057763e-04
9.380000000000000782e+00       2.874728644014576265e-04
9.390000000000000568e+00       2.868461180818817811e-04
9.400000000000000355e+00       2.862214034694046650e-04
9.410000000000000142e+00       2.855987116289599413e-04
9.419999999999999929e+00       2.849780336747689954e-04
9.429999999999999716e+00       2.843593607700982905e-04
9.439999999999999503e+00       2.837426841270139044e-04
9.449999999999999289e+00       2.831279950061337891e-04
9.460000000000000853e+00       2.825152847163773747e-04
9.470000000000000639e+00       2.819045446147102393e-04
9.480000000000000426e+00       2.812957661058920322e-04
9.490000000000000213e+00       2.806889406422168076e-04
9.500000000000000000e+00       2.800840597232543880e-04
9.509999999999999787e+00       2.794811148955933001e-04
9.519999999999999574e+00       2.788800977525745487e-04
9.529999999999999361e+00       2.782809999340331427e-04
9.539999999999999147e+00       2.776838131260315448e-04
9.550000000000000711e+00       2.770885290605961011e-04
9.560000000000000497e+00       2.764951395154469668e-04
9.570000000000000284e+00       2.759036363137291697e-04
9.580000000000000071e+00       2.753140113237340786e-04
9.589999999999999858e+00       2.747262564585986459e-04
9.599999999999999645e+00       2.741403636759369954e-04
9.609999999999999432e+00       2.735563249857299989e-04
9.619999999999999218e+00       2.729741324215391126e-04
9.630000000000000782e+00       2.723937780792986965e-04
9.640000000000000568e+00       2.718152540928253516e-04
9.650000000000000355e+00       2.712385526392535129e-04
9.660000000000000142e+00       2.706636659444180797e-04
9.669999999999999929e+00       2.700905862585871518e-04
9.679999999999999716e+00       2.695193058948801919e-04
9.689999999999999503e+00       2.689498172007813719e-04
9.699999999999999289e+00       2.683821125659362336e-04
9.710000000000000853e+00       2.678161844217906494e-04
9.720000000000000639e+00       2.672520252412962987e-04
9.730000000000000426e+00       2.666896275386415691e-04
9.740000000000000213e+00       2.661289838689832161e-04
9.750000000000000000e+00       2.655700868281869677e-04
9.759999999999999787e+00       2.650129290525694305e-04
9.769999999999999574e+00       2.644575032186421634e-04
9.779999999999999361e+00       2.639038020428542881e-04
9.789999999999999147e+00       2.633518182813406831e-04
9.800000000000000711e+00       2.628015447296694731e-04
9.810000000000000497e+00       2.622529742225880546e-04
9.820000000000000284e+00       2.617060996337755726e-04
9.830000000000000071e+00       2.611609138755936624e-04
9.839999999999999858e+00       2.606174098988368664e-04
9.849999999999999645e+00       2.600755806924858696e-04
9.859999999999999432e+00       2.595354192834638794e-04
9.869999999999999218e+00       2.589969187363939268e-04
9.880000000000000782e+00       2.584600721533508011e-04
9.890000000000000568e+00       2.579248726736253446e-04
9.900000000000000355e+00       2.573913134734798019e-04
9.910000000000000142e+00       2.568593877659128733e-04
9.919999999999999929e+00       2.563290888004197271e-04
9.929999999999999716e+00       2.558004098627536917e-04
9.939999999999999503e+00       2.552733442746974346e-04
9.949999999999999289e+00       2.547478853938249261e-04
9.960000000000000853e+00       2.542240266132701244e-04
9.970000000000000639e+00       2.537017613614972879e-04
9.980000000000000426e+00       2.531810831020714489e-04
9.990000000000000213e+00       2.526619853334283465e-04
