1.000000000000000021e-02       0.000000000000000000e+00
2.000000000000000042e-02       0.000000000000000000e+00
2.999999999999999889e-02       0.000000000000000000e+00
4.000000000000000083e-02       0.000000000000000000e+00
5.000000000000000278e-02       0.000000000000000000e+00
5.999999999999999778e-02       0.000000000000000000e+00
7.000000000000000666e-02       0.000000000000000000e+00
8.000000000000000167e-02       0.000000000000000000e+00
8.999999999999999667e-02       0.000000000000000000e+00
1.000000000000000056e-01       0.000000000000000000e+00
1.100000000000000006e-01       0.000000000000000000e+00
1.199999999999999956e-01       0.000000000000000000e+00
1.300000000000000044e-01       0.000000000000000000e+00
1.400000000000000133e-01       0.000000000000000000e+00
1.499999999999999944e-01       0.000000000000000000e+00
1.600000000000000033e-01       0.000000000000000000e+00
1.700000000000000122e-01       0.000000000000000000e+00
1.799999999999999933e-01       0.000000000000000000e+00
1.900000000000000022e-01       0.000000000000000000e+00
2.000000000000000111e-01       0.000000000000000000e+00
2.099999999999999922e-01       0.000000000000000000e+00
2.200000000000000011e-01       0.000000000000000000e+00
2.300000000000000100e-01       0.000000000000000000e+00
2.399999999999999911e-01       0.000000000000000000e+00
2.500000000000000000e-01       0.000000000000000000e+00
2.600000000000000089e-01       0.000000000000000000e+00
2.700000000000000178e-01       0.000000000000000000e+00
2.800000000000000266e-01       0.000000000000000000e+00
2.899999999999999800e-01       0.000000000000000000e+00
2.999999999999999889e-01       0.000000000000000000e+00
3.099999999999999978e-01       0.000000000000000000e+00
3.200000000000000067e-01       0.000000000000000000e+00
3.300000000000000155e-01       0.000000000000000000e+00
3.400000000000000244e-01       0.000000000000000000e+00
3.499999999999999778e-01       0.000000000000000000e+00
3.599999999999999867e-01       0.000000000000000000e+00
3.699999999999999956e-01       0.000000000000000000e+00
3.800000000000000044e-01       0.000000000000000000e+00
3.900000000000000133e-01       0.000000000000000000e+00
4.000000000000000222e-01       0.000000000000000000e+00
4.099999999999999756e-01       0.000000000000000000e+00
4.199999999999999845e-01       0.000000000000000000e+00
4.299999999999999933e-01       0.000000000000000000e+00
4.400000000000000022e-01       0.000000000000000000e+00
4.500000000000000111e-01       0.000000000000000000e+00
4.600000000000000200e-01       0.000000000000000000e+00
4.699999999999999734e-01       0.000000000000000000e+00
4.799999999999999822e-01       0.000000000000000000e+00
4.899999999999999911e-01       0.000000000000000000e+00
5.000000000000000000e-01       0.000000000000000000e+00
5.100000000000000089e-01       0.000000000000000000e+00
5.200000000000000178e-01       0.000000000000000000e+00
5.300000000000000266e-01       0.000000000000000000e+00
5.400000000000000355e-01       0.000000000000000000e+00
5.500000000000000444e-01       0.000000000000000000e+00
5.600000000000000533e-01       0.000000000000000000e+00
5.699999999999999512e-01       0.000000000000000000e+00
5.799999999999999600e-01       0.000000000000000000e+00
5.899999999999999689e-01       0.000000000000000000e+00
5.999999999999999778e-01       0.000000000000000000e+00
6.099999999999999867e-01       0.000000000000000000e+00
6.199999999999999956e-01       0.000000000000000000e+00
6.300000000000000044e-01       0.000000000000000000e+00
6.400000000000000133e-01       0.000000000000000000e+00
6.500000000000000222e-01       0.000000000000000000e+00
6.600000000000000311e-01       0.000000000000000000e+00
6.700000000000000400e-01       0.000000000000000000e+00
6.800000000000000488e-01       0.000000000000000000e+00
6.899999999999999467e-01       0.000000000000000000e+00
6.999999999999999556e-01       0.000000000000000000e+00
7.099999999999999645e-01       0.000000000000000000e+00
7.199999999999999734e-01       0.000000000000000000e+00
7.299999999999999822e-01       0.000000000000000000e+00
7.399999999999999911e-01       0.000000000000000000e+00
7.500000000000000000e-01       0.000000000000000000e+00
7.600000000000000089e-01       0.000000000000000000e+00
7.700000000000000178e-01       0.000000000000000000e+00
7.800000000000000266e-01       0.000000000000000000e+00
7.900000000000000355e-01       2.252508266038473752e-05
8.000000000000000444e-01       1.162858257395420122e-04
8.100000000000000533e-01       2.670474404902432050e-04
8.199999999999999512e-01       4.598018456347262761e-04
8.299999999999999600e-01       6.820104740951823128e-04
8.399999999999999689e-01       9.234589319330778479e-04
8.499999999999999778e-01       1.176006506418176981e-03
8.599999999999999867e-01       1.433294304429746924e-03
8.699999999999999956e-01       1.690452311253921999e-03
8.800000000000000044e-01       1.943828111691785470e-03
8.900000000000000133e-01       2.190748021183361229e-03
9.000000000000000222e-01       2.428985593959026752e-03
9.100000000000000311e-01       2.656623752068625575e-03
9.200000000000000400e-01       2.872826171573034625e-03
9.300000000000000488e-01       3.077172993232156657e-03
9.399999999999999467e-01       3.269546089866983123e-03
9.499999999999999556e-01       3.450048210248714536e-03
9.599999999999999645e-01       3.618936997109257689e-03
9.699999999999999734e-01       3.776504210695961084e-03
9.799999999999999822e-01       3.923161309382741310e-03
9.899999999999999911e-01       4.059401734693871520e-03
1.000000000000000000e+00       4.185743441473470210e-03
1.010000000000000009e+00       4.302713063892205439e-03
1.020000000000000018e+00       4.410833100145547525e-03
1.030000000000000027e+00       4.510120662318834600e-03
1.040000000000000036e+00       4.600748963378637271e-03
1.050000000000000044e+00       4.683304445989273403e-03
1.060000000000000053e+00       4.758345201286625151e-03
1.070000000000000062e+00       4.826398516943958099e-03
1.080000000000000071e+00       4.887959804625936072e-03
1.090000000000000080e+00       4.943492518880447141e-03
1.100000000000000089e+00       4.993428771525183427e-03
1.110000000000000098e+00       5.038170418005676748e-03
1.120000000000000107e+00       5.078090448622218749e-03
1.129999999999999893e+00       5.113534561122195024e-03
1.139999999999999902e+00       5.144822824553090153e-03
1.149999999999999911e+00       5.172251369701790988e-03
1.159999999999999920e+00       5.196094060647155760e-03
1.169999999999999929e+00       5.216604116360982167e-03
1.179999999999999938e+00       5.234015661978926384e-03
1.189999999999999947e+00       5.248545197306920228e-03
1.199999999999999956e+00       5.260392975793790407e-03
1.209999999999999964e+00       5.269744291407055421e-03
1.219999999999999973e+00       5.276770673708428526e-03
1.229999999999999982e+00       5.281630993443263249e-03
1.239999999999999991e+00       5.284472482278083048e-03
1.250000000000000000e+00       5.285431671298577647e-03
1.260000000000000009e+00       5.284635252264168956e-03
1.270000000000000018e+00       5.282200869168941597e-03
1.280000000000000027e+00       5.278237841856503638e-03
1.290000000000000036e+00       5.272847829507661989e-03
1.300000000000000044e+00       5.266125437574928521e-03
1.310000000000000053e+00       5.258158773071840673e-03
1.320000000000000062e+00       5.249029952527350940e-03
1.330000000000000071e+00       5.238815566649859812e-03
1.340000000000000080e+00       5.227587105444438456e-03
1.350000000000000089e+00       5.215411347255101068e-03
1.360000000000000098e+00       5.202350714898965230e-03
1.370000000000000107e+00       5.188463601817850691e-03
1.379999999999999893e+00       5.173804670908968735e-03
1.389999999999999902e+00       5.158425128468483584e-03
1.399999999999999911e+00       5.142372975462455691e-03
1.409999999999999920e+00       5.125693238147732179e-03
1.419999999999999929e+00       5.108428179870221075e-03
1.429999999999999938e+00       5.090617495712497498e-03
1.439999999999999947e+00       5.072298491502611438e-03
1.449999999999999956e+00       5.053506248558979966e-03
1.459999999999999964e+00       5.034273772986749829e-03
1.469999999999999973e+00       5.014632145284875046e-03
1.479999999999999982e+00       4.994610634646612195e-03
1.489999999999999991e+00       4.974236827854523584e-03
1.500000000000000000e+00       4.953536736812235060e-03
1.510000000000000009e+00       4.932534900237794603e-03
1.520000000000000018e+00       4.911254477754328600e-03
1.530000000000000027e+00       4.889717337013329591e-03
1.540000000000000036e+00       4.867944134435068029e-03
1.550000000000000044e+00       4.845954390079535920e-03
1.560000000000000053e+00       4.823766557145360394e-03
1.570000000000000062e+00       4.801398086515334951e-03
1.580000000000000071e+00       4.778865486767262111e-03
1.590000000000000080e+00       4.756184379990200869e-03
1.600000000000000089e+00       4.733369553755153135e-03
1.610000000000000098e+00       4.710435009534473701e-03
1.620000000000000107e+00       4.687394007848577800e-03
1.629999999999999893e+00       4.664259110392200182e-03
1.639999999999999902e+00       4.641042219371343744e-03
1.649999999999999911e+00       4.617754614262465501e-03
1.659999999999999920e+00       4.594406986187734437e-03
1.669999999999999929e+00       4.571009470083950074e-03
1.679999999999999938e+00       4.547571674828167557e-03
1.689999999999999947e+00       4.524102711483219026e-03
1.699999999999999956e+00       4.500611219719311169e-03
1.709999999999999964e+00       4.477105392826023766e-03
1.719999999999999973e+00       4.453593000635787912e-03
1.729999999999999982e+00       4.430081411985965952e-03
1.739999999999999991e+00       4.406577614978336548e-03
1.750000000000000000e+00       4.383088236470332293e-03
1.760000000000000009e+00       4.359619560328066405e-03
1.770000000000000018e+00       4.336177544631121539e-03
1.780000000000000027e+00       4.312767837883673371e-03
1.790000000000000036e+00       4.289395794147966672e-03
1.800000000000000044e+00       4.266066485614006254e-03
1.810000000000000053e+00       4.242784712431862081e-03
1.820000000000000062e+00       4.219555012197582188e-03
1.830000000000000071e+00       4.196381669587280483e-03
1.840000000000000080e+00       4.173268726066187151e-03
1.850000000000000089e+00       4.150219989580907799e-03
1.860000000000000098e+00       4.127239044223058803e-03
1.870000000000000107e+00       4.104325434668149378e-03
1.879999999999999893e+00       4.081455829572755434e-03
1.889999999999999902e+00       4.058627715064531440e-03
1.899999999999999911e+00       4.035846980340103418e-03
1.909999999999999920e+00       4.013119137771151146e-03
1.919999999999999929e+00       3.990449342004155978e-03
1.929999999999999938e+00       3.967842409355981474e-03
1.939999999999999947e+00       3.945302836301320219e-03
1.949999999999999956e+00       3.922834816843101015e-03
1.959999999999999964e+00       3.900442259504274898e-03
1.969999999999999973e+00       3.878113812666715045e-03
1.979999999999999982e+00       3.855064868928390238e-03
1.989999999999999991e+00       3.830950698162378237e-03
2.000000000000000000e+00       3.805891884267037679e-03
2.009999999999999787e+00       3.780000565866646015e-03
2.020000000000000018e+00       3.753353512870128816e-03
2.029999999999999805e+00       3.726033986864009905e-03
2.040000000000000036e+00       3.698138754351043989e-03
2.049999999999999822e+00       3.669757516285590288e-03
2.060000000000000053e+00       3.640973204100022079e-03
2.069999999999999840e+00       3.611862278742214178e-03
2.080000000000000071e+00       3.582495044817383522e-03
2.089999999999999858e+00       3.552935973466450365e-03
2.100000000000000089e+00       3.523244028973642958e-03
2.109999999999999876e+00       3.493472994756851614e-03
2.120000000000000107e+00       3.463671795223650582e-03
2.129999999999999893e+00       3.433884810686234183e-03
2.140000000000000124e+00       3.404152183114375358e-03
2.149999999999999911e+00       3.374510111035770692e-03
2.160000000000000142e+00       3.344991132333529835e-03
2.169999999999999929e+00       3.315624394083363253e-03
2.180000000000000160e+00       3.286435908875961782e-03
2.189999999999999947e+00       3.257448797347852702e-03
2.200000000000000178e+00       3.228683516854746489e-03
2.209999999999999964e+00       3.200158076399240922e-03
2.220000000000000195e+00       3.171888238064245712e-03
2.229999999999999982e+00       3.143887705312760177e-03
2.240000000000000213e+00       3.116168298597542848e-03
2.250000000000000000e+00       3.088740118785111496e-03
2.259999999999999787e+00       3.061611698940811151e-03
2.270000000000000018e+00       3.034790145048921542e-03
2.279999999999999805e+00       3.008281266256138033e-03
2.290000000000000036e+00       2.982089695231101255e-03
2.299999999999999822e+00       2.956218999228907556e-03
2.310000000000000053e+00       2.930671782439085021e-03
2.319999999999999840e+00       2.905449780180370881e-03
2.330000000000000071e+00       2.880553945486681675e-03
2.339999999999999858e+00       2.855984528606738890e-03
2.350000000000000089e+00       2.831741149916491580e-03
2.359999999999999876e+00       2.807822941496761378e-03
2.370000000000000107e+00       2.784228234377466790e-03
2.379999999999999893e+00       2.760955362213001179e-03
2.390000000000000124e+00       2.738001964553103944e-03
2.399999999999999911e+00       2.715365407315558852e-03
2.410000000000000142e+00       2.693042750476177822e-03
2.419999999999999929e+00       2.671030786743109047e-03
2.430000000000000160e+00       2.649326076697455269e-03
2.439999999999999947e+00       2.627924980743193487e-03
2.450000000000000178e+00       2.606823688162496037e-03
2.459999999999999964e+00       2.586018243420595570e-03
2.470000000000000195e+00       2.565504569979254034e-03
2.479999999999999982e+00       2.545278491843574326e-03
2.490000000000000213e+00       2.525335753027208377e-03
2.500000000000000000e+00       2.505672035110425872e-03
2.509999999999999787e+00       2.486282973053501738e-03
2.520000000000000018e+00       2.467164169415324640e-03
2.529999999999999805e+00       2.448311207115140466e-03
2.540000000000000036e+00       2.429719660864239524e-03
2.549999999999999822e+00       2.411385107384079757e-03
2.560000000000000053e+00       2.393303134517837678e-03
2.569999999999999840e+00       2.375469349333561488e-03
2.580000000000000071e+00       2.357879385309021893e-03
2.589999999999999858e+00       2.340528908680800883e-03
2.600000000000000089e+00       2.323413624033353504e-03
2.609999999999999876e+00       2.306529279197302735e-03
2.620000000000000107e+00       2.289871669520511695e-03
2.629999999999999893e+00       2.273436641569988315e-03
2.640000000000000124e+00       2.257220096317786966e-03
2.649999999999999911e+00       2.241217991859540022e-03
2.660000000000000142e+00       2.225426345710029147e-03
2.669999999999999929e+00       2.209841236716453446e-03
2.680000000000000160e+00       2.194458819735207490e-03
2.689999999999999947e+00       2.179275261344743204e-03
2.700000000000000178e+00       2.164286871954196421e-03
2.709999999999999964e+00       2.149489975259624448e-03
2.720000000000000195e+00       2.134880974557641208e-03
2.729999999999999982e+00       2.120456339733938194e-03
2.740000000000000213e+00       2.106212607488593385e-03
2.750000000000000000e+00       2.092146381192963069e-03
2.759999999999999787e+00       2.078254330747504337e-03
2.770000000000000018e+00       2.064533192243341378e-03
2.779999999999999805e+00       2.050979767540537721e-03
2.790000000000000036e+00       2.037590923732967869e-03
2.799999999999999822e+00       2.024363592521650178e-03
2.810000000000000053e+00       2.011294769513591579e-03
2.819999999999999840e+00       1.998381513454626935e-03
2.830000000000000071e+00       1.985620945404455249e-03
2.839999999999999858e+00       1.973010247861950017e-03
2.850000000000000089e+00       1.960546663848118914e-03
2.859999999999999876e+00       1.948227495953501432e-03
2.870000000000000107e+00       1.936050105356044992e-03
2.879999999999999893e+00       1.924011910814978337e-03
2.890000000000000124e+00       1.912110387645600150e-03
2.899999999999999911e+00       1.900343066679450023e-03
2.910000000000000142e+00       1.888707533213844925e-03
2.919999999999999929e+00       1.877201425954375287e-03
2.930000000000000160e+00       1.865822435953582966e-03
2.939999999999999947e+00       1.854568305548669931e-03
2.950000000000000178e+00       1.843436827300824581e-03
2.959999999999999964e+00       1.832425842938421911e-03
2.970000000000000195e+00       1.821533242306146898e-03
2.979999999999999982e+00       1.810756962321798374e-03
2.990000000000000213e+00       1.800094985942368242e-03
3.000000000000000000e+00       1.789545341140780796e-03
3.009999999999999787e+00       1.779106098290963609e-03
3.020000000000000018e+00       1.768775359404203438e-03
3.029999999999999805e+00       1.758551257968488926e-03
3.040000000000000036e+00       1.748431963112786732e-03
3.049999999999999822e+00       1.738415680700619234e-03
3.060000000000000053e+00       1.728500653588934278e-03
3.069999999999999840e+00       1.718685161522153686e-03
3.080000000000000071e+00       1.708967520833341120e-03
3.089999999999999858e+00       1.699346084011495910e-03
3.100000000000000089e+00       1.689818845646474119e-03
3.109999999999999876e+00       1.680380709103439577e-03
3.120000000000000107e+00       1.671029582769250916e-03
3.129999999999999893e+00       1.661764296390709755e-03
3.140000000000000124e+00       1.652583693324054855e-03
3.149999999999999911e+00       1.643486630936453466e-03
3.160000000000000142e+00       1.634471979696909506e-03
3.169999999999999929e+00       1.625538628465582032e-03
3.180000000000000160e+00       1.616685477186546437e-03
3.189999999999999947e+00       1.607911442104153479e-03
3.200000000000000178e+00       1.599215454637073616e-03
3.209999999999999964e+00       1.590596461479922528e-03
3.220000000000000195e+00       1.582053424664051468e-03
3.229999999999999982e+00       1.573585321593616495e-03
3.240000000000000213e+00       1.565191145050593997e-03
3.250000000000000000e+00       1.556869903175234259e-03
3.259999999999999787e+00       1.548620619423768472e-03
3.270000000000000018e+00       1.540442332505962591e-03
3.279999999999999805e+00       1.532334096304154751e-03
3.290000000000000036e+00       1.524294979776015567e-03
3.299999999999999822e+00       1.516324066842612275e-03
3.310000000000000053e+00       1.508420456263393937e-03
3.319999999999999840e+00       1.500583261502378774e-03
3.330000000000000071e+00       1.492811610570783524e-03
3.339999999999999858e+00       1.485104645885576688e-03
3.350000000000000089e+00       1.477461524096186597e-03
3.359999999999999876e+00       1.469881415915644078e-03
3.370000000000000107e+00       1.462363505943464152e-03
3.379999999999999893e+00       1.454906992483326377e-03
3.390000000000000124e+00       1.447511087356309536e-03
3.399999999999999911e+00       1.440175015710421814e-03
3.410000000000000142e+00       1.432898015827218383e-03
3.419999999999999929e+00       1.425679338924920039e-03
3.430000000000000160e+00       1.418518248962166110e-03
3.439999999999999947e+00       1.411414022436909476e-03
3.450000000000000178e+00       1.404365948186884778e-03
3.459999999999999964e+00       1.397373327188492160e-03
3.470000000000000195e+00       1.390435472355635920e-03
3.479999999999999982e+00       1.383551708338719068e-03
3.490000000000000213e+00       1.376721371324081530e-03
3.500000000000000000e+00       1.369943808834183209e-03
3.509999999999999787e+00       1.363218379528751550e-03
3.520000000000000018e+00       1.356544453007163791e-03
3.529999999999999805e+00       1.349921409612239763e-03
3.540000000000000036e+00       1.343348640234880804e-03
3.549999999999999822e+00       1.336825546124413306e-03
3.560000000000000053e+00       1.330351538660644100e-03
3.569999999999999840e+00       1.323926038443607681e-03
3.580000000000000071e+00       1.317548474552205891e-03
3.589999999999999858e+00       1.311218284938357693e-03
3.600000000000000089e+00       1.304934916516345021e-03
3.609999999999999876e+00       1.298697825122108575e-03
3.620000000000000107e+00       1.292506475427456208e-03
3.629999999999999893e+00       1.286360340833251226e-03
3.640000000000000124e+00       1.280258903349764396e-03
3.649999999999999911e+00       1.274201653467665809e-03
3.660000000000000142e+00       1.268188090025536025e-03
3.669999999999999929e+00       1.262217720074145866e-03
3.680000000000000160e+00       1.256290058738184640e-03
3.689999999999999947e+00       1.250404629077643158e-03
3.700000000000000178e+00       1.244560961947907855e-03
3.709999999999999964e+00       1.238758595861816228e-03
3.720000000000000195e+00       1.232997076850630026e-03
3.729999999999999982e+00       1.227275958326717572e-03
3.740000000000000213e+00       1.221594800947230306e-03
3.750000000000000000e+00       1.215953172479106821e-03
3.759999999999999787e+00       1.210350647665587838e-03
3.770000000000000018e+00       1.204786808095778018e-03
3.779999999999999805e+00       1.199261242069194194e-03
3.790000000000000036e+00       1.193773544474967035e-03
3.799999999999999822e+00       1.188323316660613990e-03
3.810000000000000053e+00       1.182910166308653171e-03
3.819999999999999840e+00       1.177533707314056205e-03
3.830000000000000071e+00       1.172193559663685164e-03
3.839999999999999858e+00       1.166889349317768885e-03
3.850000000000000089e+00       1.161620708093396128e-03
3.859999999999999876e+00       1.156387273550072391e-03
3.870000000000000107e+00       1.151188688877405894e-03
3.879999999999999893e+00       1.146024602784389505e-03
3.890000000000000124e+00       1.140894669391546035e-03
3.899999999999999911e+00       1.135798548124645644e-03
3.910000000000000142e+00       1.130735903609997057e-03
3.919999999999999929e+00       1.125706405572560751e-03
3.930000000000000160e+00       1.120709728735593685e-03
3.939999999999999947e+00       1.115745552722363339e-03
3.950000000000000178e+00       1.110813561959801601e-03
3.959999999999999964e+00       1.105913445584173109e-03
3.970000000000000195e+00       1.101044897348236106e-03
3.979999999999999982e+00       1.096207615531104036e-03
3.990000000000000213e+00       1.091401302849136700e-03
4.000000000000000000e+00       1.086625666369062928e-03
4.009999999999999787e+00       1.081880417422829499e-03
4.019999999999999574e+00       1.077165271523804028e-03
4.030000000000000249e+00       1.072479948286844979e-03
4.040000000000000036e+00       1.067824171345688059e-03
4.049999999999999822e+00       1.063197668276581959e-03
4.059999999999999609e+00       1.058600170521206132e-03
4.070000000000000284e+00       1.054031413311709705e-03
4.080000000000000071e+00       1.049491135597345687e-03
4.089999999999999858e+00       1.044979079972689412e-03
4.099999999999999645e+00       1.040494992607373997e-03
4.110000000000000320e+00       1.036038623171576818e-03
4.120000000000000107e+00       1.031609724790763386e-03
4.129999999999999893e+00       1.027208053948153827e-03
4.139999999999999680e+00       1.022833370440747857e-03
4.150000000000000355e+00       1.018485437311385201e-03
4.160000000000000142e+00       1.014164020787120413e-03
4.169999999999999929e+00       1.009868890218939934e-03
4.179999999999999716e+00       1.005599818022780622e-03
4.190000000000000391e+00       1.001356579621846517e-03
4.200000000000000178e+00       9.971389533901750275e-04
4.209999999999999964e+00       9.929467205974423696e-04
4.219999999999999751e+00       9.887796653549666120e-04
4.230000000000000426e+00       9.846375745628979225e-04
4.240000000000000213e+00       9.805202378585647915e-04
4.250000000000000000e+00       9.764274475659434887e-04
4.259999999999999787e+00       9.723589986462405615e-04
4.269999999999999574e+00       9.683146886495548741e-04
4.280000000000000249e+00       9.642943176675971770e-04
4.290000000000000036e+00       9.602976882874437884e-04
4.299999999999999822e+00       9.563246055463063902e-04
4.309999999999999609e+00       9.523748768872874722e-04
4.320000000000000284e+00       9.484483121161051611e-04
4.330000000000000071e+00       9.445447233587657507e-04
4.339999999999999858e+00       9.406639250201575880e-04
4.349999999999999645e+00       9.368057337435524348e-04
4.360000000000000320e+00       9.329699683709887208e-04
4.370000000000000107e+00       9.291564499045212909e-04
4.379999999999999893e+00       9.253650014683120588e-04
4.389999999999999680e+00       9.215954482715446551e-04
4.400000000000000355e+00       9.178476175721545036e-04
4.410000000000000142e+00       9.141213386413322593e-04
4.419999999999999929e+00       9.104164427288125331e-04
4.429999999999999716e+00       9.067327630289000922e-04
4.440000000000000391e+00       9.030701346472444838e-04
4.450000000000000178e+00       8.994283945683225357e-04
4.459999999999999964e+00       8.958073816236272139e-04
4.469999999999999751e+00       8.922069364605398527e-04
4.480000000000000426e+00       8.886269015118742655e-04
4.490000000000000213e+00       8.850671209660714847e-04
4.500000000000000000e+00       8.815274407380796094e-04
4.509999999999999787e+00       8.780077084406369761e-04
4.519999999999999574e+00       8.745077733566044035e-04
4.530000000000000249e+00       8.710274864114543212e-04
4.540000000000000036e+00       8.675667001465570041e-04
4.549999999999999822e+00       8.641252686929962222e-04
4.559999999999999609e+00       8.607030477459377263e-04
4.570000000000000284e+00       8.572998945395338697e-04
4.580000000000000071e+00       8.539156678223700078e-04
4.589999999999999858e+00       8.505502278334138577e-04
4.599999999999999645e+00       8.472034362784764934e-04
4.610000000000000320e+00       8.438751563071686043e-04
4.620000000000000107e+00       8.405652524903308755e-04
4.629999999999999893e+00       8.372735907979404410e-04
4.639999999999999680e+00       8.340000385761858629e-04
4.650000000000000355e+00       8.307444645314537900e-04
4.660000000000000142e+00       8.275067387017902634e-04
4.669999999999999929e+00       8.242867324407092411e-04
4.679999999999999716e+00       8.210843184001207504e-04
4.690000000000000391e+00       8.178993705048429215e-04
4.700000000000000178e+00       8.147317639373730666e-04
4.709999999999999964e+00       8.115813751182385759e-04
4.719999999999999751e+00       8.084480816876646846e-04
4.730000000000000426e+00       8.053317624876230128e-04
4.740000000000000213e+00       8.022322975443321085e-04
4.750000000000000000e+00       7.991495680506132500e-04
4.759999999999999787e+00       7.960834563495978143e-04
4.769999999999999574e+00       7.930338459177694883e-04
4.780000000000000249e+00       7.900006213495406248e-04
4.790000000000000036e+00       7.869836683378005722e-04
4.799999999999999822e+00       7.839828736654654018e-04
4.809999999999999609e+00       7.809981251829017836e-04
4.820000000000000284e+00       7.780293117969672200e-04
4.830000000000000071e+00       7.750763234549917172e-04
4.839999999999999858e+00       7.721390511308849278e-04
4.849999999999999645e+00       7.692173868104619072e-04
4.860000000000000320e+00       7.663112234789528883e-04
4.870000000000000107e+00       7.634204551035648654e-04
4.879999999999999893e+00       7.605449766270453360e-04
4.889999999999999680e+00       7.576846839478856366e-04
4.900000000000000355e+00       7.548394739106865058e-04
4.910000000000000142e+00       7.520092442935586785e-04
4.919999999999999929e+00       7.491938937948320861e-04
4.929999999999999716e+00       7.463933220215830449e-04
4.940000000000000391e+00       7.436074294776008056e-04
4.950000000000000178e+00       7.408361175517355233e-04
4.959999999999999964e+00       7.380792885064555884e-04
4.969999999999999751e+00       7.353368454666248328e-04
4.980000000000000426e+00       7.326086924084799883e-04
4.990000000000000213e+00       7.298947341488176135e-04
5.000000000000000000e+00       7.271948762547876055e-04
5.009999999999999787e+00       7.245090253540971024e-04
5.019999999999999574e+00       7.218370886402706004e-04
5.030000000000000249e+00       7.191789741880675680e-04
5.040000000000000036e+00       7.165345908615988052e-04
5.049999999999999822e+00       7.139038483046309660e-04
5.059999999999999609e+00       7.112866569310650946e-04
5.070000000000000284e+00       7.086829279155847311e-04
5.080000000000000071e+00       7.060925731844637206e-04
5.089999999999999858e+00       7.035155054065403380e-04
5.099999999999999645e+00       7.009516379843480811e-04
5.110000000000000320e+00       6.984008850453992268e-04
5.120000000000000107e+00       6.958631614336187668e-04
5.129999999999999893e+00       6.933383827009276376e-04
5.139999999999999680e+00       6.908264650989708001e-04
5.150000000000000355e+00       6.883273255709825792e-04
5.160000000000000142e+00       6.858408817437933831e-04
5.169999999999999929e+00       6.833670519199694544e-04
5.179999999999999716e+00       6.809057550700856531e-04
5.190000000000000391e+00       6.784569108251280178e-04
5.200000000000000178e+00       6.760204394690179754e-04
5.209999999999999964e+00       6.735962619312688224e-04
5.219999999999999751e+00       6.711842997797524708e-04
5.230000000000000426e+00       6.687844752135960798e-04
5.240000000000000213e+00       6.663967110561804961e-04
5.250000000000000000e+00       6.640209307482678206e-04
5.259999999999999787e+00       6.616570583412259045e-04
5.269999999999999574e+00       6.593050184903700463e-04
5.280000000000000249e+00       6.569647364481611415e-04
5.290000000000000036e+00       6.546361380543967972e-04
5.299999999999999822e+00       6.523191497340101843e-04
5.309999999999999609e+00       6.500136984938643774e-04
5.320000000000000284e+00       6.477197119130037508e-04
5.330000000000000071e+00       6.454371181365974085e-04
5.339999999999999858e+00       6.431658458699766141e-04
5.349999999999999645e+00       6.409058243727622098e-04
5.360000000000000320e+00       6.386569834530841927e-04
5.370000000000000107e+00       6.364192534618854247e-04
5.379999999999999893e+00       6.341925652873165245e-04
5.389999999999999680e+00       6.319768503492625977e-04
5.400000000000000355e+00       6.297720405936925924e-04
5.410000000000000142e+00       6.275780684876104947e-04
5.419999999999999929e+00       6.253948670135693741e-04
5.429999999999999716e+00       6.232223696648780172e-04
5.440000000000000391e+00       6.210605104386541196e-04
5.450000000000000178e+00       6.189092238344370486e-04
5.459999999999999964e+00       6.167684448454630519e-04
5.469999999999999751e+00       6.146381089558205276e-04
5.480000000000000426e+00       6.125181521349333871e-04
5.490000000000000213e+00       6.104085108330486054e-04
5.500000000000000000e+00       6.083091219762589742e-04
5.509999999999999787e+00       6.062199229621994699e-04
5.519999999999999574e+00       6.041408516556015908e-04
5.530000000000000249e+00       6.020718463821273913e-04
5.540000000000000036e+00       6.000128459273214917e-04
5.549999999999999822e+00       5.979637895288524192e-04
5.559999999999999609e+00       5.959246168738636853e-04
5.570000000000000284e+00       5.938952680942893815e-04
5.580000000000000071e+00       5.918756837629797832e-04
5.589999999999999858e+00       5.898658048890518570e-04
5.599999999999999645e+00       5.878655729141223085e-04
5.610000000000000320e+00       5.858749297081826271e-04
5.620000000000000107e+00       5.838938175656129079e-04
5.629999999999999893e+00       5.819221792012418612e-04
5.639999999999999680e+00       5.799599577464635254e-04
5.650000000000000355e+00       5.780070967454030949e-04
5.660000000000000142e+00       5.760635401511309938e-04
5.669999999999999929e+00       5.741292323219272581e-04
5.679999999999999716e+00       5.722041180031689619e-04
5.690000000000000391e+00       5.702881423817508788e-04
5.700000000000000178e+00       5.683812509948260160e-04
5.709999999999999964e+00       5.664833898133156366e-04
5.719999999999999751e+00       5.645945051105078589e-04
5.730000000000000426e+00       5.627145436285052420e-04
5.740000000000000213e+00       5.608434524613377077e-04
5.750000000000000000e+00       5.589811790800005642e-04
5.759999999999999787e+00       5.571276713291213427e-04
5.769999999999999574e+00       5.552828774236599199e-04
5.780000000000000249e+00       5.534467459456546105e-04
5.790000000000000036e+00       5.516192258410063153e-04
5.799999999999999822e+00       5.498002664162982304e-04
5.809999999999999609e+00       5.479898173356577331e-04
5.820000000000000284e+00       5.461878286176515516e-04
5.830000000000000071e+00       5.443942506322209428e-04
5.839999999999999858e+00       5.426090340976484194e-04
5.849999999999999645e+00       5.408321300775666531e-04
5.860000000000000320e+00       5.390634899779948083e-04
5.870000000000000107e+00       5.373030655181520359e-04
5.879999999999999893e+00       5.355508088326578400e-04
5.889999999999999680e+00       5.338066723109539296e-04
5.900000000000000355e+00       5.320706086996771899e-04
5.910000000000000142e+00       5.303425710735557930e-04
5.919999999999999929e+00       5.286225128326396032e-04
5.929999999999999716e+00       5.269103876995718909e-04
5.940000000000000391e+00       5.252061497168819711e-04
5.950000000000000178e+00       5.235097532443182830e-04
5.959999999999999964e+00       5.218211529562018529e-04
5.969999999999999751e+00       5.201403038388145586e-04
5.980000000000000426e+00       5.184671611878153685e-04
5.990000000000000213e+00       5.168016806056797800e-04
6.000000000000000000e+00       5.151438179991739549e-04
6.009999999999999787e+00       5.134935295768516209e-04
6.019999999999999574e+00       5.118507718465795976e-04
6.030000000000000249e+00       5.102155016130879329e-04
6.040000000000000036e+00       5.085876759755485546e-04
6.049999999999999822e+00       5.069672523251777738e-04
6.059999999999999609e+00       5.053541883587983532e-04
6.070000000000000284e+00       5.037484420124123917e-04
6.080000000000000071e+00       5.021499715557118781e-04
6.089999999999999858e+00       5.005587355244317397e-04
6.099999999999999645e+00       4.989746927349274826e-04
6.110000000000000320e+00       4.973978022817361708e-04
6.120000000000000107e+00       4.958280235353468724e-04
6.129999999999999893e+00       4.942653161399965852e-04
6.139999999999999680e+00       4.927096400114873041e-04
6.150000000000000355e+00       4.911609553350250977e-04
6.160000000000000142e+00       4.896192225630820617e-04
6.169999999999999929e+00       4.880844024132795222e-04
6.179999999999999716e+00       4.865564558662907016e-04
6.190000000000000391e+00       4.850353441637658258e-04
6.200000000000000178e+00       4.835210288062795131e-04
6.209999999999999964e+00       4.820134715512935583e-04
6.219999999999999751e+00       4.805126344111458462e-04
6.230000000000000426e+00       4.790184796510531424e-04
6.240000000000000213e+00       4.775309697871381711e-04
6.250000000000000000e+00       4.760500675844730090e-04
6.259999999999999787e+00       4.745757360551417251e-04
6.269999999999999574e+00       4.731079384563250832e-04
6.280000000000000249e+00       4.716466382883964113e-04
6.290000000000000036e+00       4.701917992930450653e-04
6.299999999999999822e+00       4.687433854514098117e-04
6.309999999999999609e+00       4.673013609822343831e-04
6.320000000000000284e+00       4.658656903400394049e-04
6.330000000000000071e+00       4.644363382133109104e-04
6.339999999999999858e+00       4.630132695227074497e-04
6.349999999999999645e+00       4.615964494192811309e-04
6.360000000000000320e+00       4.601858432827214836e-04
6.370000000000000107e+00       4.587814167212950689e-04
6.379999999999999893e+00       4.573831355634149940e-04
6.389999999999999680e+00       4.559909658659155440e-04
6.400000000000000355e+00       4.546048739057452948e-04
6.410000000000000142e+00       4.532248261799274864e-04
6.419999999999999929e+00       4.518507894070714547e-04
6.429999999999999716e+00       4.504827305131179748e-04
6.440000000000000391e+00       4.491206166484714444e-04
6.450000000000000178e+00       4.477644151739572972e-04
6.459999999999999964e+00       4.464140936623045412e-04
6.469999999999999751e+00       4.450696198965504633e-04
6.480000000000000426e+00       4.437309618735317605e-04
6.490000000000000213e+00       4.423980877820319572e-04
6.500000000000000000e+00       4.410709660317140447e-04
6.509999999999999787e+00       4.397495652312337464e-04
6.519999999999999574e+00       4.384338541918157586e-04
6.530000000000000249e+00       4.371238019257451916e-04
6.540000000000000036e+00       4.358193776448754907e-04
6.549999999999999822e+00       4.345205507591448136e-04
6.559999999999999609e+00       4.332272908751111113e-04
6.570000000000000284e+00       4.319395677944961524e-04
6.580000000000000071e+00       4.306573515127435346e-04
6.589999999999999858e+00       4.293806122175882964e-04
6.599999999999999645e+00       4.281093202876412205e-04
6.610000000000000320e+00       4.268434462909835993e-04
6.620000000000000107e+00       4.255829609837740346e-04
6.629999999999999893e+00       4.243278353088680323e-04
6.639999999999999680e+00       4.230780403944503889e-04
6.650000000000000355e+00       4.218335475526761445e-04
6.660000000000000142e+00       4.205943282736370522e-04
6.669999999999999929e+00       4.193603542427982046e-04
6.679999999999999716e+00       4.181315973115025311e-04
6.690000000000000391e+00       4.169080295144528530e-04
6.700000000000000178e+00       4.156896230637103910e-04
6.709999999999999964e+00       4.144763503474068952e-04
6.719999999999999751e+00       4.132681839284658293e-04
6.730000000000000426e+00       4.120650965433339617e-04
6.740000000000000213e+00       4.108670611007265647e-04
6.750000000000000000e+00       4.096740506803798771e-04
6.759999999999999787e+00       4.084860385318163606e-04
6.769999999999999574e+00       4.073029980731185753e-04
6.780000000000000249e+00       4.061249028897146568e-04
6.790000000000000036e+00       4.049517267331894342e-04
6.799999999999999822e+00       4.037834435200066976e-04
6.809999999999999609e+00       4.026200273304905361e-04
6.820000000000000284e+00       4.014614524074829331e-04
6.830000000000000071e+00       4.003076931552800553e-04
6.839999999999999858e+00       3.991587241383694824e-04
6.849999999999999645e+00       3.980145200804647795e-04
6.860000000000000320e+00       3.968750558631857516e-04
6.870000000000000107e+00       3.957403065250229769e-04
6.879999999999999893e+00       3.946102472602016167e-04
6.889999999999999680e+00       3.934848534203570498e-04
6.900000000000000355e+00       3.923641005022635475e-04
6.910000000000000142e+00       3.912479641635378575e-04
6.919999999999999929e+00       3.901364202103365449e-04
6.929999999999999716e+00       3.890294445990906619e-04
6.940000000000000391e+00       3.879270134354438800e-04
6.950000000000000178e+00       3.868291029731939831e-04
6.959999999999999964e+00       3.857356896132460166e-04
6.969999999999999751e+00       3.846467499025725371e-04
6.980000000000000426e+00       3.835622605331824283e-04
6.990000000000000213e+00       3.824821983410976300e-04
7.000000000000000000e+00       3.814065403053396269e-04
7.009999999999999787e+00       3.803352635350477169e-04
7.019999999999999574e+00       3.792683453160119924e-04
7.030000000000000249e+00       3.782057630383285954e-04
7.040000000000000036e+00       3.771474942430290303e-04
7.049999999999999822e+00       3.760935166091894876e-04
7.059999999999999609e+00       3.750438079529651997e-04
7.070000000000000284e+00       3.739983462266300543e-04
7.080000000000000071e+00       3.729571095176254241e-04
7.089999999999999858e+00       3.719200760476160973e-04
7.099999999999999645e+00       3.708872241715511424e-04
7.110000000000000320e+00       3.698585323767381613e-04
7.120000000000000107e+00       3.688339792819177610e-04
7.129999999999999893e+00       3.678135436363503836e-04
7.139999999999999680e+00       3.667972043189072573e-04
7.150000000000000355e+00       3.657849403371721893e-04
7.160000000000000142e+00       3.647767308265447675e-04
7.169999999999999929e+00       3.637725550493562483e-04
7.179999999999999716e+00       3.627723923939878831e-04
7.190000000000000391e+00       3.617762223739998161e-04
7.200000000000000178e+00       3.607840246272637228e-04
7.209999999999999964e+00       3.597957789151048805e-04
7.219999999999999751e+00       3.588114651214473292e-04
7.230000000000000426e+00       3.578310632519701999e-04
7.240000000000000213e+00       3.568545534335680527e-04
7.250000000000000000e+00       3.558819159123209792e-04
7.259999999999999787e+00       3.549131310544517909e-04
7.269999999999999574e+00       3.539481793443262077e-04
7.280000000000000249e+00       3.529870413839292969e-04
7.290000000000000036e+00       3.520296978920602364e-04
7.299999999999999822e+00       3.510761297051327810e-04
7.309999999999999609e+00       3.501263177700106918e-04
7.320000000000000284e+00       3.491802431527118197e-04
7.330000000000000071e+00       3.482378870313361800e-04
7.339999999999999858e+00       3.472992306968505352e-04
7.349999999999999645e+00       3.463642555523182317e-04
7.360000000000000320e+00       3.454329431121342417e-04
7.370000000000000107e+00       3.445052750012639982e-04
7.379999999999999893e+00       3.435812329544918808e-04
7.389999999999999680e+00       3.426607988156714899e-04
7.400000000000000355e+00       3.417439545369845401e-04
7.410000000000000142e+00       3.408306821782041448e-04
7.419999999999999929e+00       3.399209639059638474e-04
7.429999999999999716e+00       3.390147819930312053e-04
7.440000000000000391e+00       3.381121188175890730e-04
7.450000000000000178e+00       3.372129568625213832e-04
7.459999999999999964e+00       3.363172787147020735e-04
7.469999999999999751e+00       3.354250670642934442e-04
7.480000000000000426e+00       3.345363047040468486e-04
7.490000000000000213e+00       3.336509745286086949e-04
7.500000000000000000e+00       3.327690595338343086e-04
7.509999999999999787e+00       3.318905428161040725e-04
7.519999999999999574e+00       3.310154075716451494e-04
7.530000000000000249e+00       3.301436370958599816e-04
7.540000000000000036e+00       3.292752147826588562e-04
7.549999999999999822e+00       3.284101241237962648e-04
7.559999999999999609e+00       3.275483487082146358e-04
7.570000000000000284e+00       3.266898722213905067e-04
7.580000000000000071e+00       3.258346784446879054e-04
7.589999999999999858e+00       3.249827512547139008e-04
7.599999999999999645e+00       3.241340746226828808e-04
7.610000000000000320e+00       3.232886326137800171e-04
7.620000000000000107e+00       3.224464093865357889e-04
7.629999999999999893e+00       3.216073891921994226e-04
7.639999999999999680e+00       3.207715563741211679e-04
7.650000000000000355e+00       3.199388953671370123e-04
7.660000000000000142e+00       3.191093906969574628e-04
7.669999999999999929e+00       3.182830269795646752e-04
7.679999999999999716e+00       3.174597889206081736e-04
7.690000000000000391e+00       3.166396613148096781e-04
7.700000000000000178e+00       3.158226290453705880e-04
7.709999999999999964e+00       3.150086770833841277e-04
7.719999999999999751e+00       3.141977904872520996e-04
7.730000000000000426e+00       3.133899544021038065e-04
7.740000000000000213e+00       3.125851540592237011e-04
7.750000000000000000e+00       3.117833747754781681e-04
7.759999999999999787e+00       3.109846019527603045e-04
7.769999999999999574e+00       3.101888210773795680e-04
7.780000000000000249e+00       3.093960177195967626e-04
7.790000000000000036e+00       3.086061775329768781e-04
7.799999999999999822e+00       3.078192862538856956e-04
7.809999999999999609e+00       3.070353297009353259e-04
7.820000000000000284e+00       3.062542937744391815e-04
7.830000000000000071e+00       3.054761644558775732e-04
7.839999999999999858e+00       3.047009278073601625e-04
7.849999999999999645e+00       3.039285699710989855e-04
7.860000000000000320e+00       3.031590771688783860e-04
7.870000000000000107e+00       3.023924357015358999e-04
7.879999999999999893e+00       3.016286319484410791e-04
7.889999999999999680e+00       3.008676523669817421e-04
7.900000000000000355e+00       3.001094834920518513e-04
7.910000000000000142e+00       2.993541119355449197e-04
7.919999999999999929e+00       2.986015243858500192e-04
7.929999999999999716e+00       2.978517076073511501e-04
7.940000000000000391e+00       2.971046484399308399e-04
7.950000000000000178e+00       2.963603337984771556e-04
7.959999999999999964e+00       2.956187506702983702e-04
7.969999999999999751e+00       2.948798861230288019e-04
7.980000000000000426e+00       2.941437272915485113e-04
7.990000000000000213e+00       2.934102613859108249e-04
8.000000000000000000e+00       2.926794756887620428e-04
8.009999999999999787e+00       2.919513575548718701e-04
8.019999999999999574e+00       2.912258944106626028e-04
8.029999999999999361e+00       2.905030737537460102e-04
8.039999999999999147e+00       2.897828831524597846e-04
8.050000000000000711e+00       2.890653102454104418e-04
8.060000000000000497e+00       2.883503427410176304e-04
8.070000000000000284e+00       2.876379684170619661e-04
8.080000000000000071e+00       2.869281751202374178e-04
8.089999999999999858e+00       2.862209507657041837e-04
8.099999999999999645e+00       2.855162833366479080e-04
8.109999999999999432e+00       2.848141608838411758e-04
8.119999999999999218e+00       2.841145715252054956e-04
8.130000000000000782e+00       2.834175034453798947e-04
8.140000000000000568e+00       2.827229448952917382e-04
8.150000000000000355e+00       2.820308841917289026e-04
8.160000000000000142e+00       2.813413097169171540e-04
8.169999999999999929e+00       2.806542099180990438e-04
8.179999999999999716e+00       2.799695733071163825e-04
8.189999999999999503e+00       2.792873884599968875e-04
8.199999999999999289e+00       2.786076440165409941e-04
8.210000000000000853e+00       2.779303286799135442e-04
8.220000000000000639e+00       2.772554312162391088e-04
8.230000000000000426e+00       2.765829404541982842e-04
8.240000000000000213e+00       2.759128452846274599e-04
8.250000000000000000e+00       2.752451346601219998e-04
8.259999999999999787e+00       2.745797975964691783e-04
8.269999999999999574e+00       2.739168231649385813e-04
8.279999999999999361e+00       2.732562005028854948e-04
8.289999999999999147e+00       2.725979188060260192e-04
8.300000000000000711e+00       2.719419673298915799e-04
8.310000000000000497e+00       2.712883353894484273e-04
8.320000000000000284e+00       2.706370123587190871e-04
8.330000000000000071e+00       2.699879876704082567e-04
8.339999999999999858e+00       2.693412508155285925e-04
8.349999999999999645e+00       2.686967913430335451e-04
8.359999999999999432e+00       2.680545988594471040e-04
8.369999999999999218e+00       2.674146630285005903e-04
8.380000000000000782e+00       2.667769735707709662e-04
8.390000000000000568e+00       2.661415202633199049e-04
8.400000000000000355e+00       2.655082929393376835e-04
8.410000000000000142e+00       2.648772814877883245e-04
8.419999999999999929e+00       2.642484758530580426e-04
8.429999999999999716e+00       2.636218660346047226e-04
8.439999999999999503e+00       2.629974420866111910e-04
8.449999999999999289e+00       2.623751941176417414e-04
8.460000000000000853e+00       2.617551122902977371e-04
8.470000000000000639e+00       2.611371868208784731e-04
8.480000000000000426e+00       2.605214079790456154e-04
8.490000000000000213e+00       2.599077660874846585e-04
8.500000000000000000e+00       2.592962515215749492e-04
8.509999999999999787e+00       2.586868547090580826e-04
8.519999999999999574e+00       2.580795661297097688e-04
8.529999999999999361e+00       2.574743763150137590e-04
8.539999999999999147e+00       2.568712758478391327e-04
8.550000000000000711e+00       2.562702553621178016e-04
8.560000000000000497e+00       2.556713055425267845e-04
8.570000000000000284e+00       2.550744171241695600e-04
8.580000000000000071e+00       2.544795808922636535e-04
8.589999999999999858e+00       2.538867876818253519e-04
8.599999999999999645e+00       2.532960283773620061e-04
8.609999999999999432e+00       2.527072939125628174e-04
8.619999999999999218e+00       2.521205752699926038e-04
8.630000000000000782e+00       2.515358634807873567e-04
8.640000000000000568e+00       2.509531496243550550e-04
8.650000000000000355e+00       2.503724248280717632e-04
8.660000000000000142e+00       2.497936802669888426e-04
8.669999999999999929e+00       2.492169071635328987e-04
8.679999999999999716e+00       2.486420967872151060e-04
8.689999999999999503e+00       2.480692404543392328e-04
8.699999999999999289e+00       2.474983295277115086e-04
8.710000000000000853e+00       2.469293554163533647e-04
8.720000000000000639e+00       2.463623095752161263e-04
8.730000000000000426e+00       2.457971835048973854e-04
8.740000000000000213e+00       2.452339687513597046e-04
8.750000000000000000e+00       2.446726569056501335e-04
8.759999999999999787e+00       2.441132396036239818e-04
8.769999999999999574e+00       2.435557085256672902e-04
8.779999999999999361e+00       2.430000553964242077e-04
8.789999999999999147e+00       2.424462719845244777e-04
8.800000000000000711e+00       2.418943501023132004e-04
8.810000000000000497e+00       2.413442816055824658e-04
8.820000000000000284e+00       2.407960583933057240e-04
8.830000000000000071e+00       2.402496724073719932e-04
8.839999999999999858e+00       2.397051156323233741e-04
8.849999999999999645e+00       2.391623800950949501e-04
8.859999999999999432e+00       2.386214578647536842e-04
8.869999999999999218e+00       2.380823410522427911e-04
8.880000000000000782e+00       2.375450218101252153e-04
8.890000000000000568e+00       2.370094923323295749e-04
8.900000000000000355e+00       2.364757448538978141e-04
8.910000000000000142e+00       2.359437716507353214e-04
8.919999999999999929e+00       2.354135650393615901e-04
8.929999999999999716e+00       2.348851173766633731e-04
8.939999999999999503e+00       2.343584210596485139e-04
8.949999999999999289e+00       2.338334685252037369e-04
8.960000000000000853e+00       2.333102522498506468e-04
8.970000000000000639e+00       2.327887647495070420e-04
8.980000000000000426e+00       2.322689985792464925e-04
8.990000000000000213e+00       2.317509463330623637e-04
9.000000000000000000e+00       2.312346006436313242e-04
9.009999999999999787e+00       2.307199541733836404e-04
9.019999999999999574e+00       2.302069995601216011e-04
9.029999999999999361e+00       2.296957294175275743e-04
9.039999999999999147e+00       2.291861363602142282e-04
9.050000000000000711e+00       2.286782130131982617e-04
9.060000000000000497e+00       2.281719520172999758e-04
9.070000000000000284e+00       2.276673460329666312e-04
9.080000000000000071e+00       2.271643877424697733e-04
9.089999999999999858e+00       2.266630698528115722e-04
9.099999999999999645e+00       2.261633850965724787e-04
9.109999999999999432e+00       2.256653262339947087e-04
9.119999999999999218e+00       2.251688860538948159e-04
9.130000000000000782e+00       2.246740573742916621e-04
9.140000000000000568e+00       2.241808330438481618e-04
9.150000000000000355e+00       2.236892059422133754e-04
9.160000000000000142e+00       2.231991689807294628e-04
9.169999999999999929e+00       2.227107151029642169e-04
9.179999999999999716e+00       2.222238372853390872e-04
9.189999999999999503e+00       2.217385285369096294e-04
9.199999999999999289e+00       2.212547819005955324e-04
9.210000000000000853e+00       2.207725904529182954e-04
9.220000000000000639e+00       2.202919473043899693e-04
9.230000000000000426e+00       2.198128455997318937e-04
9.240000000000000213e+00       2.193352785180267296e-04
9.250000000000000000e+00       2.188592392732043718e-04
9.259999999999999787e+00       2.183847211131882747e-04
9.269999999999999574e+00       2.179117173212708175e-04
9.279999999999999361e+00       2.174402212154177881e-04
9.289999999999999147e+00       2.169702261485070979e-04
9.300000000000000711e+00       2.165017255083660774e-04
9.310000000000000497e+00       2.160347127177944353e-04
9.320000000000000284e+00       2.155691812345694345e-04
9.330000000000000071e+00       2.151051245514364334e-04
9.339999999999999858e+00       2.146425361963349954e-04
9.349999999999999645e+00       2.141814097313923164e-04
9.359999999999999432e+00       2.137217387542985074e-04
9.369999999999999218e+00       2.132635168973231424e-04
9.380000000000000782e+00       2.128067378277952886e-04
9.390000000000000568e+00       2.123513952467399055e-04
9.400000000000000355e+00       2.118974828907250812e-04
9.410000000000000142e+00       2.114449945304794039e-04
9.419999999999999929e+00       2.109939239711136269e-04
9.429999999999999716e+00       2.105442650520140643e-04
9.439999999999999503e+00       2.100960116467290480e-04
9.449999999999999289e+00       2.096491576628487169e-04
9.460000000000000853e+00       2.092036970418809842e-04
9.470000000000000639e+00       2.087596237591208095e-04
9.480000000000000426e+00       2.083169318235154324e-04
9.490000000000000213e+00       2.078756152775260830e-04
9.500000000000000000e+00       2.074356681969834572e-04
9.509999999999999787e+00       2.069970846909414042e-04
9.519999999999999574e+00       2.065598589015260318e-04
9.529999999999999361e+00       2.061239850037809105e-04
9.539999999999999147e+00       2.056894572055100259e-04
9.550000000000000711e+00       2.052562697471155826e-04
9.560000000000000497e+00       2.048244169014317416e-04
9.570000000000000284e+00       2.043938929735525844e-04
9.580000000000000071e+00       2.039646923006439502e-04
9.589999999999999858e+00       2.035368092517281127e-04
9.599999999999999645e+00       2.031102382273610948e-04
9.609999999999999432e+00       2.026849736713846883e-04
9.619999999999999218e+00       2.022610100290533463e-04
9.630000000000000782e+00       2.018383418039671839e-04
9.640000000000000568e+00       2.014169635224748298e-04
9.650000000000000355e+00       2.009968697418299866e-04
9.660000000000000142e+00       2.005780550582777642e-04
9.669999999999999929e+00       2.001605140717592089e-04
9.679999999999999716e+00       1.997442414423211774e-04
9.689999999999999503e+00       1.993292318486446278e-04
9.699999999999999289e+00       1.989154799996561810e-04
9.710000000000000853e+00       1.985029806341998514e-04
9.720000000000000639e+00       1.980917285208094454e-04
9.730000000000000426e+00       1.976817184575058162e-04
9.740000000000000213e+00       1.972729452716089711e-04
9.750000000000000000e+00       1.968654038195507487e-04
9.759999999999999787e+00       1.964590889866916427e-04
9.769999999999999574e+00       1.960539956871382497e-04
9.779999999999999361e+00       1.956501188635609604e-04
9.789999999999999147e+00       1.952474534870123285e-04
9.800000000000000711e+00       1.948459945567461449e-04
9.810000000000000497e+00       1.944457371000364566e-04
9.820000000000000284e+00       1.940466761719970477e-04
9.830000000000000071e+00       1.936488068554017596e-04
9.839999999999999858e+00       1.932521242605054622e-04
9.849999999999999645e+00       1.928566235248608510e-04
9.859999999999999432e+00       1.924622998131461128e-04
9.869999999999999218e+00       1.920691483169827260e-04
9.880000000000000782e+00       1.916771642547590332e-04
9.890000000000000568e+00       1.912863428714522702e-04
9.900000000000000355e+00       1.908966794384542526e-04
9.910000000000000142e+00       1.905081692533933775e-04
9.919999999999999929e+00       1.901208076399614488e-04
9.929999999999999716e+00       1.897345899477384979e-04
9.939999999999999503e+00       1.893495115520193106e-04
9.949999999999999289e+00       1.889655678536404431e-04
9.960000000000000853e+00       1.885827542788086201e-04
9.970000000000000639e+00       1.882010662789294030e-04
9.980000000000000426e+00       1.878204993304366185e-04
9.990000000000000213e+00       1.874410489346227621e-04
