1.000000000000000021e-02       0.000000000000000000e+00
2.000000000000000042e-02       0.000000000000000000e+00
2.999999999999999889e-02       0.000000000000000000e+00
4.000000000000000083e-02       0.000000000000000000e+00
5.000000000000000278e-02       0.000000000000000000e+00
5.999999999999999778e-02       0.000000000000000000e+00
7.000000000000000666e-02       0.000000000000000000e+00
8.000000000000000167e-02       0.000000000000000000e+00
8.999999999999999667e-02       0.000000000000000000e+00
1.000000000000000056e-01       0.000000000000000000e+00
1.100000000000000006e-01       0.000000000000000000e+00
1.199999999999999956e-01       0.000000000000000000e+00
1.300000000000000044e-01       0.000000000000000000e+00
1.400000000000000133e-01       0.000000000000000000e+00
1.499999999999999944e-01       0.000000000000000000e+00
1.600000000000000033e-01       0.000000000000000000e+00
1.700000000000000122e-01       0.000000000000000000e+00
1.799999999999999933e-01       0.000000000000000000e+00
1.900000000000000022e-01       0.000000000000000000e+00
2.000000000000000111e-01       0.000000000000000000e+00
2.099999999999999922e-01       0.000000000000000000e+00
2.200000000000000011e-01       0.000000000000000000e+00
2.300000000000000100e-01       0.000000000000000000e+00
2.399999999999999911e-01       0.000000000000000000e+00
2.500000000000000000e-01       0.000000000000000000e+00
2.600000000000000089e-01       0.000000000000000000e+00
2.700000000000000178e-01       0.000000000000000000e+00
2.800000000000000266e-01       0.000000000000000000e+00
2.899999999999999800e-01       0.000000000000000000e+00
2.999999999999999889e-01       0.000000000000000000e+00
3.099999999999999978e-01       0.000000000000000000e+00
3.200000000000000067e-01       0.000000000000000000e+00
3.300000000000000155e-01       0.000000000000000000e+00
3.400000000000000244e-01       0.000000000000000000e+00
3.499999999999999778e-01       0.000000000000000000e+00
3.599999999999999867e-01       0.000000000000000000e+00
3.699999999999999956e-01       0.000000000000000000e+00
3.800000000000000044e-01       0.000000000000000000e+00
3.900000000000000133e-01       0.000000000000000000e+00
4.000000000000000222e-01       0.000000000000000000e+00
4.099999999999999756e-01       0.000000000000000000e+00
4.199999999999999845e-01       0.000000000000000000e+00
4.299999999999999933e-01       0.000000000000000000e+00
4.400000000000000022e-01       0.000000000000000000e+00
4.500000000000000111e-01       0.000000000000000000e+00
4.600000000000000200e-01       0.000000000000000000e+00
4.699999999999999734e-01       0.000000000000000000e+00
4.799999999999999822e-01       0.000000000000000000e+00
4.899999999999999911e-01       0.000000000000000000e+00
5.000000000000000000e-01       0.000000000000000000e+00
5.100000000000000089e-01       0.000000000000000000e+00
5.200000000000000178e-01       0.000000000000000000e+00
5.300000000000000266e-01       0.000000000000000000e+00
5.400000000000000355e-01       0.000000000000000000e+00
5.500000000000000444e-01       0.000000000000000000e+00
5.600000000000000533e-01       0.000000000000000000e+00
5.699999999999999512e-01       0.000000000000000000e+00
5.799999999999999600e-01       0.000000000000000000e+00
5.899999999999999689e-01       0.000000000000000000e+00
5.999999999999999778e-01       0.000000000000000000e+00
6.099999999999999867e-01       0.000000000000000000e+00
6.199999999999999956e-01       0.000000000000000000e+00
6.300000000000000044e-01       0.000000000000000000e+00
6.400000000000000133e-01       0.000000000000000000e+00
6.500000000000000222e-01       0.000000000000000000e+00
6.600000000000000311e-01       0.000000000000000000e+00
6.700000000000000400e-01       0.000000000000000000e+00
6.800000000000000488e-01       0.000000000000000000e+00
6.899999999999999467e-01       0.000000000000000000e+00
6.999999999999999556e-01       0.000000000000000000e+00
7.099999999999999645e-01       0.000000000000000000e+00
7.199999999999999734e-01       0.000000000000000000e+00
7.299999999999999822e-01       0.000000000000000000e+00
7.399999999999999911e-01       0.000000000000000000e+00
7.500000000000000000e-01       0.000000000000000000e+00
7.600000000000000089e-01       0.000000000000000000e+00
7.700000000000000178e-01       0.000000000000000000e+00
7.800000000000000266e-01       0.000000000000000000e+00
7.900000000000000355e-01       0.000000000000000000e+00
8.000000000000000444e-01       0.000000000000000000e+00
8.100000000000000533e-01       0.000000000000000000e+00
8.199999999999999512e-01       0.000000000000000000e+00
8.299999999999999600e-01       0.000000000000000000e+00
8.399999999999999689e-01       0.000000000000000000e+00
8.499999999999999778e-01       0.000000000000000000e+00
8.599999999999999867e-01       0.000000000000000000e+00
8.699999999999999956e-01       0.000000000000000000e+00
8.800000000000000044e-01       0.000000000000000000e+00
8.900000000000000133e-01       0.000000000000000000e+00
9.000000000000000222e-01       0.000000000000000000e+00
9.100000000000000311e-01       0.000000000000000000e+00
9.200000000000000400e-01       0.000000000000000000e+00
9.300000000000000488e-01       0.000000000000000000e+00
9.399999999999999467e-01       0.000000000000000000e+00
9.499999999999999556e-01       0.000000000000000000e+00
9.599999999999999645e-01       0.000000000000000000e+00
9.699999999999999734e-01       0.000000000000000000e+00
9.799999999999999822e-01       0.000000000000000000e+00
9.899999999999999911e-01       0.000000000000000000e+00
1.000000000000000000e+00       0.000000000000000000e+00
1.010000000000000009e+00       0.000000000000000000e+00
1.020000000000000018e+00       0.000000000000000000e+00
1.030000000000000027e+00       0.000000000000000000e+00
1.040000000000000036e+00       0.000000000000000000e+00
1.050000000000000044e+00       0.000000000000000000e+00
1.060000000000000053e+00       0.000000000000000000e+00
1.070000000000000062e+00       0.000000000000000000e+00
1.080000000000000071e+00       0.000000000000000000e+00
1.090000000000000080e+00       0.000000000000000000e+00
1.100000000000000089e+00       0.000000000000000000e+00
1.110000000000000098e+00       0.000000000000000000e+00
1.120000000000000107e+00       0.000000000000000000e+00
1.129999999999999893e+00       0.000000000000000000e+00
1.139999999999999902e+00       0.000000000000000000e+00
1.149999999999999911e+00       0.000000000000000000e+00
1.159999999999999920e+00       0.000000000000000000e+00
1.169999999999999929e+00       0.000000000000000000e+00
1.179999999999999938e+00       0.000000000000000000e+00
1.189999999999999947e+00       0.000000000000000000e+00
1.199999999999999956e+00       0.000000000000000000e+00
1.209999999999999964e+00       0.000000000000000000e+00
1.219999999999999973e+00       0.000000000000000000e+00
1.229999999999999982e+00       0.000000000000000000e+00
1.239999999999999991e+00       0.000000000000000000e+00
1.250000000000000000e+00       0.000000000000000000e+00
1.260000000000000009e+00       0.000000000000000000e+00
1.270000000000000018e+00       0.000000000000000000e+00
1.280000000000000027e+00       0.000000000000000000e+00
1.290000000000000036e+00       0.000000000000000000e+00
1.300000000000000044e+00       0.000000000000000000e+00
1.310000000000000053e+00       0.000000000000000000e+00
1.320000000000000062e+00       0.000000000000000000e+00
1.330000000000000071e+00       0.000000000000000000e+00
1.340000000000000080e+00       0.000000000000000000e+00
1.350000000000000089e+00       0.000000000000000000e+00
1.360000000000000098e+00       0.000000000000000000e+00
1.370000000000000107e+00       0.000000000000000000e+00
1.379999999999999893e+00       0.000000000000000000e+00
1.389999999999999902e+00       0.000000000000000000e+00
1.399999999999999911e+00       0.000000000000000000e+00
1.409999999999999920e+00       0.000000000000000000e+00
1.419999999999999929e+00       0.000000000000000000e+00
1.429999999999999938e+00       0.000000000000000000e+00
1.439999999999999947e+00       0.000000000000000000e+00
1.449999999999999956e+00       0.000000000000000000e+00
1.459999999999999964e+00       0.000000000000000000e+00
1.469999999999999973e+00       0.000000000000000000e+00
1.479999999999999982e+00       0.000000000000000000e+00
1.489999999999999991e+00       0.000000000000000000e+00
1.500000000000000000e+00       0.000000000000000000e+00
1.510000000000000009e+00       0.000000000000000000e+00
1.520000000000000018e+00       0.000000000000000000e+00
1.530000000000000027e+00       0.000000000000000000e+00
1.540000000000000036e+00       0.000000000000000000e+00
1.550000000000000044e+00       0.000000000000000000e+00
1.560000000000000053e+00       0.000000000000000000e+00
1.570000000000000062e+00       0.000000000000000000e+00
1.580000000000000071e+00       0.000000000000000000e+00
1.590000000000000080e+00       0.000000000000000000e+00
1.600000000000000089e+00       0.000000000000000000e+00
1.610000000000000098e+00       0.000000000000000000e+00
1.620000000000000107e+00       0.000000000000000000e+00
1.629999999999999893e+00       0.000000000000000000e+00
1.639999999999999902e+00       0.000000000000000000e+00
1.649999999999999911e+00       0.000000000000000000e+00
1.659999999999999920e+00       0.000000000000000000e+00
1.669999999999999929e+00       0.000000000000000000e+00
1.679999999999999938e+00       0.000000000000000000e+00
1.689999999999999947e+00       0.000000000000000000e+00
1.699999999999999956e+00       0.000000000000000000e+00
1.709999999999999964e+00       0.000000000000000000e+00
1.719999999999999973e+00       0.000000000000000000e+00
1.729999999999999982e+00       0.000000000000000000e+00
1.739999999999999991e+00       0.000000000000000000e+00
1.750000000000000000e+00       0.000000000000000000e+00
1.760000000000000009e+00       0.000000000000000000e+00
1.770000000000000018e+00       0.000000000000000000e+00
1.780000000000000027e+00       0.000000000000000000e+00
1.790000000000000036e+00       0.000000000000000000e+00
1.800000000000000044e+00       0.000000000000000000e+00
1.810000000000000053e+00       0.000000000000000000e+00
1.820000000000000062e+00       0.000000000000000000e+00
1.830000000000000071e+00       0.000000000000000000e+00
1.840000000000000080e+00       0.000000000000000000e+00
1.850000000000000089e+00       0.000000000000000000e+00
1.860000000000000098e+00       0.000000000000000000e+00
1.870000000000000107e+00       0.000000000000000000e+00
1.879999999999999893e+00       0.000000000000000000e+00
1.889999999999999902e+00       0.000000000000000000e+00
1.899999999999999911e+00       0.000000000000000000e+00
1.909999999999999920e+00       0.000000000000000000e+00
1.919999999999999929e+00       0.000000000000000000e+00
1.929999999999999938e+00       0.000000000000000000e+00
1.939999999999999947e+00       0.000000000000000000e+00
1.949999999999999956e+00       0.000000000000000000e+00
1.959999999999999964e+00       0.000000000000000000e+00
1.969999999999999973e+00       0.000000000000000000e+00
1.979999999999999982e+00       0.000000000000000000e+00
1.989999999999999991e+00       0.000000000000000000e+00
2.000000000000000000e+00       0.000000000000000000e+00
2.009999999999999787e+00       0.000000000000000000e+00
2.020000000000000018e+00       0.000000000000000000e+00
2.029999999999999805e+00       0.000000000000000000e+00
2.040000000000000036e+00       0.000000000000000000e+00
2.049999999999999822e+00       0.000000000000000000e+00
2.060000000000000053e+00       0.000000000000000000e+00
2.069999999999999840e+00       0.000000000000000000e+00
2.080000000000000071e+00       0.000000000000000000e+00
2.089999999999999858e+00       0.000000000000000000e+00
2.100000000000000089e+00       0.000000000000000000e+00
2.109999999999999876e+00       0.000000000000000000e+00
2.120000000000000107e+00       0.000000000000000000e+00
2.129999999999999893e+00       0.000000000000000000e+00
2.140000000000000124e+00       0.000000000000000000e+00
2.149999999999999911e+00       0.000000000000000000e+00
2.160000000000000142e+00       0.000000000000000000e+00
2.169999999999999929e+00       0.000000000000000000e+00
2.180000000000000160e+00       0.000000000000000000e+00
2.189999999999999947e+00       0.000000000000000000e+00
2.200000000000000178e+00       0.000000000000000000e+00
2.209999999999999964e+00       0.000000000000000000e+00
2.220000000000000195e+00       0.000000000000000000e+00
2.229999999999999982e+00       0.000000000000000000e+00
2.240000000000000213e+00       0.000000000000000000e+00
2.250000000000000000e+00       0.000000000000000000e+00
2.259999999999999787e+00       0.000000000000000000e+00
2.270000000000000018e+00       0.000000000000000000e+00
2.279999999999999805e+00       0.000000000000000000e+00
2.290000000000000036e+00       0.000000000000000000e+00
2.299999999999999822e+00       0.000000000000000000e+00
2.310000000000000053e+00       0.000000000000000000e+00
2.319999999999999840e+00       0.000000000000000000e+00
2.330000000000000071e+00       0.000000000000000000e+00
2.339999999999999858e+00       0.000000000000000000e+00
2.350000000000000089e+00       0.000000000000000000e+00
2.359999999999999876e+00       0.000000000000000000e+00
2.370000000000000107e+00       0.000000000000000000e+00
2.379999999999999893e+00       0.000000000000000000e+00
2.390000000000000124e+00       0.000000000000000000e+00
2.399999999999999911e+00       0.000000000000000000e+00
2.410000000000000142e+00       0.000000000000000000e+00
2.419999999999999929e+00       0.000000000000000000e+00
2.430000000000000160e+00       0.000000000000000000e+00
2.439999999999999947e+00       0.000000000000000000e+00
2.450000000000000178e+00       0.000000000000000000e+00
2.459999999999999964e+00       0.000000000000000000e+00
2.470000000000000195e+00       0.000000000000000000e+00
2.479999999999999982e+00       0.000000000000000000e+00
2.490000000000000213e+00       0.000000000000000000e+00
2.500000000000000000e+00       0.000000000000000000e+00
2.509999999999999787e+00       0.000000000000000000e+00
2.520000000000000018e+00       0.000000000000000000e+00
2.529999999999999805e+00       0.000000000000000000e+00
2.540000000000000036e+00       0.000000000000000000e+00
2.549999999999999822e+00       0.000000000000000000e+00
2.560000000000000053e+00       0.000000000000000000e+00
2.569999999999999840e+00       0.000000000000000000e+00
2.580000000000000071e+00       0.000000000000000000e+00
2.589999999999999858e+00       0.000000000000000000e+00
2.600000000000000089e+00       0.000000000000000000e+00
2.609999999999999876e+00       0.000000000000000000e+00
2.620000000000000107e+00       0.000000000000000000e+00
2.629999999999999893e+00       0.000000000000000000e+00
2.640000000000000124e+00       0.000000000000000000e+00
2.649999999999999911e+00       0.000000000000000000e+00
2.660000000000000142e+00       0.000000000000000000e+00
2.669999999999999929e+00       0.000000000000000000e+00
2.680000000000000160e+00       0.000000000000000000e+00
2.689999999999999947e+00       0.000000000000000000e+00
2.700000000000000178e+00       0.000000000000000000e+00
2.709999999999999964e+00       0.000000000000000000e+00
2.720000000000000195e+00       0.000000000000000000e+00
2.729999999999999982e+00       0.000000000000000000e+00
2.740000000000000213e+00       0.000000000000000000e+00
2.750000000000000000e+00       0.000000000000000000e+00
2.759999999999999787e+00       0.000000000000000000e+00
2.770000000000000018e+00       0.000000000000000000e+00
2.779999999999999805e+00       0.000000000000000000e+00
2.790000000000000036e+00       0.000000000000000000e+00
2.799999999999999822e+00       0.000000000000000000e+00
2.810000000000000053e+00       0.000000000000000000e+00
2.819999999999999840e+00       0.000000000000000000e+00
2.830000000000000071e+00       0.000000000000000000e+00
2.839999999999999858e+00       0.000000000000000000e+00
2.850000000000000089e+00       0.000000000000000000e+00
2.859999999999999876e+00       0.000000000000000000e+00
2.870000000000000107e+00       0.000000000000000000e+00
2.879999999999999893e+00       0.000000000000000000e+00
2.890000000000000124e+00       0.000000000000000000e+00
2.899999999999999911e+00       0.000000000000000000e+00
2.910000000000000142e+00       0.000000000000000000e+00
2.919999999999999929e+00       0.000000000000000000e+00
2.930000000000000160e+00       0.000000000000000000e+00
2.939999999999999947e+00       0.000000000000000000e+00
2.950000000000000178e+00       0.000000000000000000e+00
2.959999999999999964e+00       0.000000000000000000e+00
2.970000000000000195e+00       0.000000000000000000e+00
2.979999999999999982e+00       0.000000000000000000e+00
2.990000000000000213e+00       0.000000000000000000e+00
3.000000000000000000e+00       0.000000000000000000e+00
3.009999999999999787e+00       0.000000000000000000e+00
3.020000000000000018e+00       0.000000000000000000e+00
3.029999999999999805e+00       0.000000000000000000e+00
3.040000000000000036e+00       0.000000000000000000e+00
3.049999999999999822e+00       0.000000000000000000e+00
3.060000000000000053e+00       0.000000000000000000e+00
3.069999999999999840e+00       0.000000000000000000e+00
3.080000000000000071e+00       0.000000000000000000e+00
3.089999999999999858e+00       0.000000000000000000e+00
3.100000000000000089e+00       0.000000000000000000e+00
3.109999999999999876e+00       0.000000000000000000e+00
3.120000000000000107e+00       0.000000000000000000e+00
3.129999999999999893e+00       0.000000000000000000e+00
3.140000000000000124e+00       0.000000000000000000e+00
3.149999999999999911e+00       0.000000000000000000e+00
3.160000000000000142e+00       0.000000000000000000e+00
3.169999999999999929e+00       0.000000000000000000e+00
3.180000000000000160e+00       0.000000000000000000e+00
3.189999999999999947e+00       0.000000000000000000e+00
3.200000000000000178e+00       0.000000000000000000e+00
3.209999999999999964e+00       0.000000000000000000e+00
3.220000000000000195e+00       0.000000000000000000e+00
3.229999999999999982e+00       0.000000000000000000e+00
3.240000000000000213e+00       0.000000000000000000e+00
3.250000000000000000e+00       0.000000000000000000e+00
3.259999999999999787e+00       0.000000000000000000e+00
3.270000000000000018e+00       0.000000000000000000e+00
3.279999999999999805e+00       0.000000000000000000e+00
3.290000000000000036e+00       0.000000000000000000e+00
3.299999999999999822e+00       0.000000000000000000e+00
3.310000000000000053e+00       0.000000000000000000e+00
3.319999999999999840e+00       0.000000000000000000e+00
3.330000000000000071e+00       0.000000000000000000e+00
3.339999999999999858e+00       0.000000000000000000e+00
3.350000000000000089e+00       0.000000000000000000e+00
3.359999999999999876e+00       0.000000000000000000e+00
3.370000000000000107e+00       0.000000000000000000e+00
3.379999999999999893e+00       0.000000000000000000e+00
3.390000000000000124e+00       0.000000000000000000e+00
3.399999999999999911e+00       0.000000000000000000e+00
3.410000000000000142e+00       0.000000000000000000e+00
3.419999999999999929e+00       0.000000000000000000e+00
3.430000000000000160e+00       0.000000000000000000e+00
3.439999999999999947e+00       0.000000000000000000e+00
3.450000000000000178e+00       0.000000000000000000e+00
3.459999999999999964e+00       0.000000000000000000e+00
3.470000000000000195e+00       0.000000000000000000e+00
3.479999999999999982e+00       0.000000000000000000e+00
3.490000000000000213e+00       0.000000000000000000e+00
3.500000000000000000e+00       0.000000000000000000e+00
3.509999999999999787e+00       0.000000000000000000e+00
3.520000000000000018e+00       0.000000000000000000e+00
3.529999999999999805e+00       0.000000000000000000e+00
3.540000000000000036e+00       0.000000000000000000e+00
3.549999999999999822e+00       0.000000000000000000e+00
3.560000000000000053e+00       0.000000000000000000e+00
3.569999999999999840e+00       0.000000000000000000e+00
3.580000000000000071e+00       0.000000000000000000e+00
3.589999999999999858e+00       0.000000000000000000e+00
3.600000000000000089e+00       0.000000000000000000e+00
3.609999999999999876e+00       0.000000000000000000e+00
3.620000000000000107e+00       0.000000000000000000e+00
3.629999999999999893e+00       0.000000000000000000e+00
3.640000000000000124e+00       0.000000000000000000e+00
3.649999999999999911e+00       0.000000000000000000e+00
3.660000000000000142e+00       0.000000000000000000e+00
3.669999999999999929e+00       0.000000000000000000e+00
3.680000000000000160e+00       0.000000000000000000e+00
3.689999999999999947e+00       0.000000000000000000e+00
3.700000000000000178e+00       0.000000000000000000e+00
3.709999999999999964e+00       0.000000000000000000e+00
3.720000000000000195e+00       0.000000000000000000e+00
3.729999999999999982e+00       0.000000000000000000e+00
3.740000000000000213e+00       0.000000000000000000e+00
3.750000000000000000e+00       0.000000000000000000e+00
3.759999999999999787e+00       0.000000000000000000e+00
3.770000000000000018e+00       0.000000000000000000e+00
3.779999999999999805e+00       0.000000000000000000e+00
3.790000000000000036e+00       0.000000000000000000e+00
3.799999999999999822e+00       0.000000000000000000e+00
3.810000000000000053e+00       0.000000000000000000e+00
3.819999999999999840e+00       0.000000000000000000e+00
3.830000000000000071e+00       0.000000000000000000e+00
3.839999999999999858e+00       0.000000000000000000e+00
3.850000000000000089e+00       0.000000000000000000e+00
3.859999999999999876e+00       0.000000000000000000e+00
3.870000000000000107e+00       0.000000000000000000e+00
3.879999999999999893e+00       0.000000000000000000e+00
3.890000000000000124e+00       0.000000000000000000e+00
3.899999999999999911e+00       0.000000000000000000e+00
3.910000000000000142e+00       0.000000000000000000e+00
3.919999999999999929e+00       0.000000000000000000e+00
3.930000000000000160e+00       0.000000000000000000e+00
3.939999999999999947e+00       0.000000000000000000e+00
3.950000000000000178e+00       0.000000000000000000e+00
3.959999999999999964e+00       0.000000000000000000e+00
3.970000000000000195e+00       0.000000000000000000e+00
3.979999999999999982e+00       0.000000000000000000e+00
3.990000000000000213e+00       0.000000000000000000e+00
4.000000000000000000e+00       0.000000000000000000e+00
4.009999999999999787e+00       0.000000000000000000e+00
4.019999999999999574e+00       0.000000000000000000e+00
4.030000000000000249e+00       0.000000000000000000e+00
4.040000000000000036e+00       0.000000000000000000e+00
4.049999999999999822e+00       0.000000000000000000e+00
4.059999999999999609e+00       0.000000000000000000e+00
4.070000000000000284e+00       0.000000000000000000e+00
4.080000000000000071e+00       0.000000000000000000e+00
4.089999999999999858e+00       0.000000000000000000e+00
4.099999999999999645e+00       0.000000000000000000e+00
4.110000000000000320e+00       0.000000000000000000e+00
4.120000000000000107e+00       0.000000000000000000e+00
4.129999999999999893e+00       0.000000000000000000e+00
4.139999999999999680e+00       0.000000000000000000e+00
4.150000000000000355e+00       0.000000000000000000e+00
4.160000000000000142e+00       0.000000000000000000e+00
4.169999999999999929e+00       0.000000000000000000e+00
4.179999999999999716e+00       0.000000000000000000e+00
4.190000000000000391e+00       0.000000000000000000e+00
4.200000000000000178e+00       0.000000000000000000e+00
4.209999999999999964e+00       0.000000000000000000e+00
4.219999999999999751e+00       0.000000000000000000e+00
4.230000000000000426e+00       0.000000000000000000e+00
4.240000000000000213e+00       0.000000000000000000e+00
4.250000000000000000e+00       0.000000000000000000e+00
4.259999999999999787e+00       0.000000000000000000e+00
4.269999999999999574e+00       0.000000000000000000e+00
4.280000000000000249e+00       0.000000000000000000e+00
4.290000000000000036e+00       0.000000000000000000e+00
4.299999999999999822e+00       0.000000000000000000e+00
4.309999999999999609e+00       0.000000000000000000e+00
4.320000000000000284e+00       0.000000000000000000e+00
4.330000000000000071e+00       0.000000000000000000e+00
4.339999999999999858e+00       0.000000000000000000e+00
4.349999999999999645e+00       0.000000000000000000e+00
4.360000000000000320e+00       0.000000000000000000e+00
4.370000000000000107e+00       0.000000000000000000e+00
4.379999999999999893e+00       0.000000000000000000e+00
4.389999999999999680e+00       0.000000000000000000e+00
4.400000000000000355e+00       0.000000000000000000e+00
4.410000000000000142e+00       0.000000000000000000e+00
4.419999999999999929e+00       0.000000000000000000e+00
4.429999999999999716e+00       0.000000000000000000e+00
4.440000000000000391e+00       0.000000000000000000e+00
4.450000000000000178e+00       0.000000000000000000e+00
4.459999999999999964e+00       0.000000000000000000e+00
4.469999999999999751e+00       0.000000000000000000e+00
4.480000000000000426e+00       0.000000000000000000e+00
4.490000000000000213e+00       0.000000000000000000e+00
4.500000000000000000e+00       0.000000000000000000e+00
4.509999999999999787e+00       0.000000000000000000e+00
4.519999999999999574e+00       0.000000000000000000e+00
4.530000000000000249e+00       0.000000000000000000e+00
4.540000000000000036e+00       0.000000000000000000e+00
4.549999999999999822e+00       0.000000000000000000e+00
4.559999999999999609e+00       0.000000000000000000e+00
4.570000000000000284e+00       0.000000000000000000e+00
4.580000000000000071e+00       0.000000000000000000e+00
4.589999999999999858e+00       0.000000000000000000e+00
4.599999999999999645e+00       0.000000000000000000e+00
4.610000000000000320e+00       0.000000000000000000e+00
4.620000000000000107e+00       0.000000000000000000e+00
4.629999999999999893e+00       0.000000000000000000e+00
4.639999999999999680e+00       0.000000000000000000e+00
4.650000000000000355e+00       0.000000000000000000e+00
4.660000000000000142e+00       0.000000000000000000e+00
4.669999999999999929e+00       0.000000000000000000e+00
4.679999999999999716e+00       0.000000000000000000e+00
4.690000000000000391e+00       0.000000000000000000e+00
4.700000000000000178e+00       0.000000000000000000e+00
4.709999999999999964e+00       0.000000000000000000e+00
4.719999999999999751e+00       0.000000000000000000e+00
4.730000000000000426e+00       0.000000000000000000e+00
4.740000000000000213e+00       0.000000000000000000e+00
4.750000000000000000e+00       0.000000000000000000e+00
4.759999999999999787e+00       0.000000000000000000e+00
4.769999999999999574e+00       0.000000000000000000e+00
4.780000000000000249e+00       0.000000000000000000e+00
4.790000000000000036e+00       0.000000000000000000e+00
4.799999999999999822e+00       0.000000000000000000e+00
4.809999999999999609e+00       0.000000000000000000e+00
4.820000000000000284e+00       0.000000000000000000e+00
4.830000000000000071e+00       0.000000000000000000e+00
4.839999999999999858e+00       0.000000000000000000e+00
4.849999999999999645e+00       0.000000000000000000e+00
4.860000000000000320e+00       0.000000000000000000e+00
4.870000000000000107e+00       0.000000000000000000e+00
4.879999999999999893e+00       0.000000000000000000e+00
4.889999999999999680e+00       0.000000000000000000e+00
4.900000000000000355e+00       0.000000000000000000e+00
4.910000000000000142e+00       0.000000000000000000e+00
4.919999999999999929e+00       0.000000000000000000e+00
4.929999999999999716e+00       0.000000000000000000e+00
4.940000000000000391e+00       0.000000000000000000e+00
4.950000000000000178e+00       0.000000000000000000e+00
4.959999999999999964e+00       0.000000000000000000e+00
4.969999999999999751e+00       0.000000000000000000e+00
4.980000000000000426e+00       0.000000000000000000e+00
4.990000000000000213e+00       0.000000000000000000e+00
5.000000000000000000e+00       0.000000000000000000e+00
5.009999999999999787e+00       0.000000000000000000e+00
5.019999999999999574e+00       0.000000000000000000e+00
5.030000000000000249e+00       0.000000000000000000e+00
5.040000000000000036e+00       0.000000000000000000e+00
5.049999999999999822e+00       0.000000000000000000e+00
5.059999999999999609e+00       0.000000000000000000e+00
5.070000000000000284e+00       0.000000000000000000e+00
5.080000000000000071e+00       0.000000000000000000e+00
5.089999999999999858e+00       0.000000000000000000e+00
5.099999999999999645e+00       0.000000000000000000e+00
5.110000000000000320e+00       0.000000000000000000e+00
5.120000000000000107e+00       0.000000000000000000e+00
5.129999999999999893e+00       0.000000000000000000e+00
5.139999999999999680e+00       0.000000000000000000e+00
5.150000000000000355e+00       0.000000000000000000e+00
5.160000000000000142e+00       0.000000000000000000e+00
5.169999999999999929e+00       0.000000000000000000e+00
5.179999999999999716e+00       0.000000000000000000e+00
5.190000000000000391e+00       0.000000000000000000e+00
5.200000000000000178e+00       0.000000000000000000e+00
5.209999999999999964e+00       0.000000000000000000e+00
5.219999999999999751e+00       0.000000000000000000e+00
5.230000000000000426e+00       0.000000000000000000e+00
5.240000000000000213e+00       0.000000000000000000e+00
5.250000000000000000e+00       0.000000000000000000e+00
5.259999999999999787e+00       0.000000000000000000e+00
5.269999999999999574e+00       0.000000000000000000e+00
5.280000000000000249e+00       2.052500794012927042e-14
5.290000000000000036e+00       6.658164884772207513e-12
5.299999999999999822e+00       2.468857825937946478e-11
5.309999999999999609e+00       5.379872572529458421e-11
5.320000000000000284e+00       9.368115617236177131e-11
5.330000000000000071e+00       1.440352241550969692e-10
5.339999999999999858e+00       2.045669452658438402e-10
5.349999999999999645e+00       2.749888532612238204e-10
5.360000000000000320e+00       3.550198602107480706e-10
5.370000000000000107e+00       4.443851197052502447e-10
5.379999999999999893e+00       5.428158930686193043e-10
5.389999999999999680e+00       6.500494185094468459e-10
5.400000000000000355e+00       7.658287831436596707e-10
5.410000000000000142e+00       8.899027978246373716e-10
5.419999999999999929e+00       1.022025874713845102e-09
5.429999999999999716e+00       1.161957907531626033e-09
5.440000000000000391e+00       1.309464154421090561e-09
5.450000000000000178e+00       1.464315123378941751e-09
5.459999999999999964e+00       1.626286460171961258e-09
5.469999999999999751e+00       1.795158838705315760e-09
5.480000000000000426e+00       1.970717853771958618e-09
5.490000000000000213e+00       2.152753916135126102e-09
5.500000000000000000e+00       2.341062149887543599e-09
5.509999999999999787e+00       2.535442292040266779e-09
5.519999999999999574e+00       2.735698594285729976e-09
5.530000000000000249e+00       2.941639726880503412e-09
5.540000000000000036e+00       3.153078684628913406e-09
5.549999999999999822e+00       3.369832694867772538e-09
5.559999999999999609e+00       3.591723127459836871e-09
5.570000000000000284e+00       3.818575406718463136e-09
5.580000000000000071e+00       4.050218925234074502e-09
5.589999999999999858e+00       4.286486959549730700e-09
5.599999999999999645e+00       4.527216587654947425e-09
5.610000000000000320e+00       4.772248608249540393e-09
5.620000000000000107e+00       5.021427461740795349e-09
5.629999999999999893e+00       5.274601152934148101e-09
5.639999999999999680e+00       5.531621175380221772e-09
5.650000000000000355e+00       5.792342437341487822e-09
5.660000000000000142e+00       6.056623189341436083e-09
5.669999999999999929e+00       6.324324953262167340e-09
5.679999999999999716e+00       6.595312452788784016e-09
5.690000000000000391e+00       6.869453546162867944e-09
5.700000000000000178e+00       7.146619158731489020e-09
5.709999999999999964e+00       7.426683218927115016e-09
5.719999999999999751e+00       7.709522592973639263e-09
5.730000000000000426e+00       7.995017024758824581e-09
5.740000000000000213e+00       8.283049073406582926e-09
5.750000000000000000e+00       8.573504053942295924e-09
5.759999999999999787e+00       8.866269978867080347e-09
5.769999999999999574e+00       9.161237500969893799e-09
5.780000000000000249e+00       9.458299857350897528e-09
5.790000000000000036e+00       9.757352814628352554e-09
5.799999999999999822e+00       1.005829461530486238e-08
5.809999999999999609e+00       1.036102592526639650e-08
5.820000000000000284e+00       1.066544978238905112e-08
5.830000000000000071e+00       1.097147154623103264e-08
5.839999999999999858e+00       1.127899884878438207e-08
5.849999999999999645e+00       1.158794154626428824e-08
5.860000000000000320e+00       1.189821167191376196e-08
5.870000000000000107e+00       1.220972338920364624e-08
5.879999999999999893e+00       1.252239294897237690e-08
5.889999999999999680e+00       1.283613864161189918e-08
5.900000000000000355e+00       1.315088075605582795e-08
5.910000000000000142e+00       1.346654153675611646e-08
5.919999999999999929e+00       1.378304514213129593e-08
5.929999999999999716e+00       1.410031760388535422e-08
5.940000000000000391e+00       1.441828678717812734e-08
5.950000000000000178e+00       1.473688235162989944e-08
5.959999999999999964e+00       1.505603571314144726e-08
5.969999999999999751e+00       1.537568000651195827e-08
5.980000000000000426e+00       1.569575004883888422e-08
5.990000000000000213e+00       1.601618230368105910e-08
6.000000000000000000e+00       1.633691484597024353e-08
6.009999999999999787e+00       1.665788732765466436e-08
6.019999999999999574e+00       1.697904094405874053e-08
6.030000000000000249e+00       1.730031840094356656e-08
6.040000000000000036e+00       1.762166388225365155e-08
6.049999999999999822e+00       1.794302301853490199e-08
6.059999999999999609e+00       1.826434285658606322e-08
6.070000000000000284e+00       1.858557182687213112e-08
6.080000000000000071e+00       1.890665971733685948e-08
6.089999999999999858e+00       1.922755764204011108e-08
6.099999999999999645e+00       1.954821801332188017e-08
6.110000000000000320e+00       1.986859451395255390e-08
6.120000000000000107e+00       2.018864206986767613e-08
6.129999999999999893e+00       2.050831682346804950e-08
6.139999999999999680e+00       2.082757610747386651e-08
6.150000000000000355e+00       2.114637841932017740e-08
6.160000000000000142e+00       2.146468339608326899e-08
6.169999999999999929e+00       2.178245178992579497e-08
6.179999999999999716e+00       2.209964544405078436e-08
6.190000000000000391e+00       2.241622726915262344e-08
6.200000000000000178e+00       2.273216122035576652e-08
6.209999999999999964e+00       2.304741227463008466e-08
6.219999999999999751e+00       2.336194640867306860e-08
6.230000000000000426e+00       2.367573057724963127e-08
6.240000000000000213e+00       2.398873269197827350e-08
6.250000000000000000e+00       2.430092160055710797e-08
6.259999999999999787e+00       2.461226706641730729e-08
6.269999999999999574e+00       2.492273974879761339e-08
6.280000000000000249e+00       2.523231118322958193e-08
6.290000000000000036e+00       2.554095376242566019e-08
6.299999999999999822e+00       2.584864071756159861e-08
6.309999999999999609e+00       2.615534609994476196e-08
6.320000000000000284e+00       2.646104476306060752e-08
6.330000000000000071e+00       2.676571234498937301e-08
6.339999999999999858e+00       2.706932525118478503e-08
6.349999999999999645e+00       2.737186063760837908e-08
6.360000000000000320e+00       2.767329639421069282e-08
6.370000000000000107e+00       2.797361112885639717e-08
6.379999999999999893e+00       2.827278415107177557e-08
6.389999999999999680e+00       2.857079545713109099e-08
6.400000000000000355e+00       2.886762571445869255e-08
6.410000000000000142e+00       2.916325624684197756e-08
6.419999999999999929e+00       2.945766902005938977e-08
6.429999999999999716e+00       2.975084662678183209e-08
6.440000000000000391e+00       3.004277227380349271e-08
6.450000000000000178e+00       3.033342976754289429e-08
6.459999999999999964e+00       3.062280350082589439e-08
6.469999999999999751e+00       3.091087843974711263e-08
6.480000000000000426e+00       3.119764011115769892e-08
6.490000000000000213e+00       3.148307458863948033e-08
6.500000000000000000e+00       3.176716848229141134e-08
6.509999999999999787e+00       3.204990892522168800e-08
6.519999999999999574e+00       3.233128356206112086e-08
6.530000000000000249e+00       3.261128053736608264e-08
6.540000000000000036e+00       3.288988848426049124e-08
6.549999999999999822e+00       3.316709651331138858e-08
6.559999999999999609e+00       3.344289420163433662e-08
6.570000000000000284e+00       3.371727158222251616e-08
6.580000000000000071e+00       3.399021913349610053e-08
6.589999999999999858e+00       3.426172776906692778e-08
6.599999999999999645e+00       3.453178882771431580e-08
6.610000000000000320e+00       3.480039406356698427e-08
6.620000000000000107e+00       3.506753563648788074e-08
6.629999999999999893e+00       3.533320610265760954e-08
6.639999999999999680e+00       3.559739840535075907e-08
6.650000000000000355e+00       3.586010586590438658e-08
6.660000000000000142e+00       3.612132217446872277e-08
6.669999999999999929e+00       3.638104138295187040e-08
6.679999999999999716e+00       3.663925789412789368e-08
6.690000000000000391e+00       3.689596645492948198e-08
6.700000000000000178e+00       3.715116214791065180e-08
6.709999999999999964e+00       3.740484038327717925e-08
6.719999999999999751e+00       3.765699689108268692e-08
6.730000000000000426e+00       3.790762771358461496e-08
6.740000000000000213e+00       3.815672919776009600e-08
6.750000000000000000e+00       3.840429798797539456e-08
6.759999999999999787e+00       3.865033101880797778e-08
6.769999999999999574e+00       3.889482550801697577e-08
6.780000000000000249e+00       3.913777894965968232e-08
6.790000000000000036e+00       3.937918910735154172e-08
6.799999999999999822e+00       3.961905400765789545e-08
6.809999999999999609e+00       3.985737193364525568e-08
6.820000000000000284e+00       4.009414141853596308e-08
6.830000000000000071e+00       4.032936123951950602e-08
6.839999999999999858e+00       4.056303041167269015e-08
6.849999999999999645e+00       4.079514818203470245e-08
6.860000000000000320e+00       4.102571402376943299e-08
6.870000000000000107e+00       4.125472763047702665e-08
6.879999999999999893e+00       4.148218891061218742e-08
6.889999999999999680e+00       4.170809798231715172e-08
6.900000000000000355e+00       4.193245516689079306e-08
6.910000000000000142e+00       4.215526098532461464e-08
6.919999999999999929e+00       4.237651615199305529e-08
6.929999999999999716e+00       4.259622156992854124e-08
6.940000000000000391e+00       4.281437832590653768e-08
6.950000000000000178e+00       4.303098768563305831e-08
6.959999999999999964e+00       4.324605108903382542e-08
6.969999999999999751e+00       4.345957014564132844e-08
6.980000000000000426e+00       4.367154663007982075e-08
6.990000000000000213e+00       4.388198247764445614e-08
7.000000000000000000e+00       4.409087977997415485e-08
7.009999999999999787e+00       4.429824077943200982e-08
7.019999999999999574e+00       4.450406787048399824e-08
7.030000000000000249e+00       4.470836358736002758e-08
7.040000000000000036e+00       4.491113060559421211e-08
7.049999999999999822e+00       4.511237173675837276e-08
7.059999999999999609e+00       4.531208992465439897e-08
7.070000000000000284e+00       4.551028824158793907e-08
7.080000000000000071e+00       4.570696988472075872e-08
7.089999999999999858e+00       4.590213817250084118e-08
7.099999999999999645e+00       4.609579654116833004e-08
7.110000000000000320e+00       4.628794854133587198e-08
7.120000000000000107e+00       4.647859783464196968e-08
7.129999999999999893e+00       4.666774819047561134e-08
7.139999999999999680e+00       4.685540348277087961e-08
7.150000000000000355e+00       4.704156768687087167e-08
7.160000000000000142e+00       4.722624487645760181e-08
7.169999999999999929e+00       4.740943922054880648e-08
7.179999999999999716e+00       4.759115498055897811e-08
7.190000000000000391e+00       4.777139650742352289e-08
7.200000000000000178e+00       4.795016823878514226e-08
7.209999999999999964e+00       4.812747469624092291e-08
7.219999999999999751e+00       4.830332048264858011e-08
7.230000000000000426e+00       4.847771027949166907e-08
7.240000000000000213e+00       4.865064884434268159e-08
7.250000000000000000e+00       4.882214100817779272e-08
7.259999999999999787e+00       4.899219167315259206e-08
7.269999999999999574e+00       4.916080581002851300e-08
7.280000000000000249e+00       4.932798845585184343e-08
7.290000000000000036e+00       4.949374471164466092e-08
7.299999999999999822e+00       4.965807974037356831e-08
7.309999999999999609e+00       4.982099876384128797e-08
7.320000000000000284e+00       4.998250706186492071e-08
7.330000000000000071e+00       5.014260996927843512e-08
7.339999999999999858e+00       5.030131287408579830e-08
7.349999999999999645e+00       5.045862121544167574e-08
7.360000000000000320e+00       5.061454048167540936e-08
7.370000000000000107e+00       5.076907620835971623e-08
7.379999999999999893e+00       5.092223397642269840e-08
7.389999999999999680e+00       5.107401941030098026e-08
7.400000000000000355e+00       5.122443817613515775e-08
7.410000000000000142e+00       5.137349598000515742e-08
7.419999999999999929e+00       5.152119856620555826e-08
7.429999999999999716e+00       5.166755171555924833e-08
7.440000000000000391e+00       5.181256124377009789e-08
7.450000000000000178e+00       5.195623299981169762e-08
7.459999999999999964e+00       5.209857286435405443e-08
7.469999999999999751e+00       5.223958674822484365e-08
7.480000000000000426e+00       5.237928059090656083e-08
7.490000000000000213e+00       5.251766035906754156e-08
7.500000000000000000e+00       5.265473204512737228e-08
7.509999999999999787e+00       5.279050166585459412e-08
7.519999999999999574e+00       5.292497526099698441e-08
7.530000000000000249e+00       5.305815889194368144e-08
7.540000000000000036e+00       5.319005864041838464e-08
7.549999999999999822e+00       5.332068060720258476e-08
7.559999999999999609e+00       5.345003091088934681e-08
7.570000000000000284e+00       5.357811568666515755e-08
7.580000000000000071e+00       5.370494108512186254e-08
7.589999999999999858e+00       5.383051327109513247e-08
7.599999999999999645e+00       5.395483842253149710e-08
7.610000000000000320e+00       5.407792272938196135e-08
7.620000000000000107e+00       5.419977239252147582e-08
7.629999999999999893e+00       5.432039362269524769e-08
7.639999999999999680e+00       5.443979263948935082e-08
7.650000000000000355e+00       5.455797567032685273e-08
7.660000000000000142e+00       5.467494894948751959e-08
7.669999999999999929e+00       5.479071871715223064e-08
7.679999999999999716e+00       5.490529121847009057e-08
7.690000000000000391e+00       5.501867270264790879e-08
7.700000000000000178e+00       5.513086942206332945e-08
7.709999999999999964e+00       5.524188763139881306e-08
7.719999999999999751e+00       5.535173358679732993e-08
7.730000000000000426e+00       5.546041354503938822e-08
7.740000000000000213e+00       5.556793376274012618e-08
7.750000000000000000e+00       5.567430049556722937e-08
7.759999999999999787e+00       5.577951999747942157e-08
7.769999999999999574e+00       5.588359851997538483e-08
7.780000000000000249e+00       5.598654231138563987e-08
7.790000000000000036e+00       5.608835761614985497e-08
7.799999999999999822e+00       5.618905067413819388e-08
7.809999999999999609e+00       5.628862771997932753e-08
7.820000000000000284e+00       5.638709498240794735e-08
7.830000000000000071e+00       5.648445868362993394e-08
7.839999999999999858e+00       5.658072503870353328e-08
7.849999999999999645e+00       5.667590025493702373e-08
7.860000000000000320e+00       5.676999053130252285e-08
7.870000000000000107e+00       5.686300205786607985e-08
7.879999999999999893e+00       5.695494101523188960e-08
7.889999999999999680e+00       5.704581357400296427e-08
7.900000000000000355e+00       5.713562589425520526e-08
7.910000000000000142e+00       5.722438412502743645e-08
7.919999999999999929e+00       5.731209440382409660e-08
7.929999999999999716e+00       5.739876285613264229e-08
7.940000000000000391e+00       5.748439559495462920e-08
7.950000000000000178e+00       5.756899872034934000e-08
7.959999999999999964e+00       5.765257831858201332e-08
7.969999999999999751e+00       5.773514046332918485e-08
7.980000000000000426e+00       5.781669121280814567e-08
7.990000000000000213e+00       5.789723661100637081e-08
8.000000000000000000e+00       5.797678268687912100e-08
8.009999999999999787e+00       5.805533545396764918e-08
8.019999999999999574e+00       5.813290091002849786e-08
8.029999999999999361e+00       5.820948503667442994e-08
8.039999999999999147e+00       5.828509379902615919e-08
8.050000000000000711e+00       5.835973314537460249e-08
8.060000000000000497e+00       5.843340900685389204e-08
8.070000000000000284e+00       5.850612729712474382e-08
8.080000000000000071e+00       5.857789391206752729e-08
8.089999999999999858e+00       5.864871472948543327e-08
8.099999999999999645e+00       5.871859560881724377e-08
8.109999999999999432e+00       5.878754239085987569e-08
8.119999999999999218e+00       5.885556089749930899e-08
8.130000000000000782e+00       5.892265693145113646e-08
8.140000000000000568e+00       5.898883627601021915e-08
8.150000000000000355e+00       5.905410469480841518e-08
8.160000000000000142e+00       5.911846793158085810e-08
8.169999999999999929e+00       5.918193170994069915e-08
8.179999999999999716e+00       5.924450173316221381e-08
8.189999999999999503e+00       5.930618368397109506e-08
8.199999999999999289e+00       5.936698322434319032e-08
8.210000000000000853e+00       5.942690599531020672e-08
8.220000000000000639e+00       5.948595761677352261e-08
8.230000000000000426e+00       5.954414368732485488e-08
8.240000000000000213e+00       5.960146978407363621e-08
8.250000000000000000e+00       5.965794146248225399e-08
8.259999999999999787e+00       5.971356425660458930e-08
8.269999999999999574e+00       5.976834367734417313e-08
8.279999999999999361e+00       5.982228521469528993e-08
8.289999999999999147e+00       5.987539433601205253e-08
8.300000000000000711e+00       5.992767648627357644e-08
8.310000000000000497e+00       5.997913708795774546e-08
8.320000000000000284e+00       6.002978154091968890e-08
8.330000000000000071e+00       6.007961522227733948e-08
8.339999999999999858e+00       6.012864348630159704e-08
8.349999999999999645e+00       6.017687166431303014e-08
8.359999999999999432e+00       6.022430506458281298e-08
8.369999999999999218e+00       6.027094897223996204e-08
8.380000000000000782e+00       6.031680864918329756e-08
8.390000000000000568e+00       6.036188933399854022e-08
8.400000000000000355e+00       6.040619624188004000e-08
8.410000000000000142e+00       6.044973456455810341e-08
8.419999999999999929e+00       6.049250947023022496e-08
8.429999999999999716e+00       6.053452610349704358e-08
8.439999999999999503e+00       6.057578958530312970e-08
8.449999999999999289e+00       6.061630501288240455e-08
8.460000000000000853e+00       6.065607745970670941e-08
8.470000000000000639e+00       6.069511197543961580e-08
8.480000000000000426e+00       6.073341358589441800e-08
8.490000000000000213e+00       6.077098729299483861e-08
8.500000000000000000e+00       6.080783807474109432e-08
8.509999999999999787e+00       6.084397088517924390e-08
8.519999999999999574e+00       6.087939065437360666e-08
8.529999999999999361e+00       6.091410228838373381e-08
8.539999999999999147e+00       6.094811066924464870e-08
8.550000000000000711e+00       6.098142065495001207e-08
8.560000000000000497e+00       6.101403707943956216e-08
8.570000000000000284e+00       6.104596475258876497e-08
8.580000000000000071e+00       6.107720846020304391e-08
8.589999999999999858e+00       6.110777296401338578e-08
8.599999999999999645e+00       6.113766300167681723e-08
8.609999999999999432e+00       6.116688328677850912e-08
8.619999999999999218e+00       6.119543850883732191e-08
8.630000000000000782e+00       6.122333333331413047e-08
8.640000000000000568e+00       6.125057240162307364e-08
8.650000000000000355e+00       6.127716033114501421e-08
8.660000000000000142e+00       6.130310171524408247e-08
8.669999999999999929e+00       6.132840112328648300e-08
8.679999999999999716e+00       6.135306310066193521e-08
8.689999999999999503e+00       6.137709216880766817e-08
8.699999999999999289e+00       6.140049282523421544e-08
8.710000000000000853e+00       6.142326954355437299e-08
8.720000000000000639e+00       6.144542677351326885e-08
8.730000000000000426e+00       6.146696894102190038e-08
8.740000000000000213e+00       6.148790044819170372e-08
8.750000000000000000e+00       6.150822567337162481e-08
8.759999999999999787e+00       6.152794897118762545e-08
8.769999999999999574e+00       6.154707467258304977e-08
8.779999999999999361e+00       6.156560708486208758e-08
8.789999999999999147e+00       6.158355049173412450e-08
8.800000000000000711e+00       6.160090915336060669e-08
8.810000000000000497e+00       6.161768730640297765e-08
8.820000000000000284e+00       6.163388916407322224e-08
8.830000000000000071e+00       6.164951891618492687e-08
8.839999999999999858e+00       6.166458072920678819e-08
8.849999999999999645e+00       6.167907874631736584e-08
8.859999999999999432e+00       6.169301708746141009e-08
8.869999999999999218e+00       6.170639984940764541e-08
8.880000000000000782e+00       6.171923110580771865e-08
8.890000000000000568e+00       6.173151490725723837e-08
8.900000000000000355e+00       6.174325528135710531e-08
8.910000000000000142e+00       6.175445623277702660e-08
8.919999999999999929e+00       6.176512174331999621e-08
8.929999999999999716e+00       6.177525577198787375e-08
8.939999999999999503e+00       6.178486225504812806e-08
8.949999999999999289e+00       6.179394510610206309e-08
8.960000000000000853e+00       6.180250821615366574e-08
8.970000000000000639e+00       6.181055545368001551e-08
8.980000000000000426e+00       6.181809066470221028e-08
8.990000000000000213e+00       6.182511767285781407e-08
9.000000000000000000e+00       6.183164027947388719e-08
9.009999999999999787e+00       6.183766226131014634e-08
9.019999999999999574e+00       6.184318735606081782e-08
9.029999999999999361e+00       6.184821926243419245e-08
9.039999999999999147e+00       6.185276164686112652e-08
9.050000000000000711e+00       6.185681814608447445e-08
9.060000000000000497e+00       6.186039236868189519e-08
9.070000000000000284e+00       6.186348789618126229e-08
9.080000000000000071e+00       6.186610828374853406e-08
9.089999999999999858e+00       6.186825706108014244e-08
9.099999999999999645e+00       6.186993773274236211e-08
9.109999999999999432e+00       6.187115377885519692e-08
9.119999999999999218e+00       6.187190865546300972e-08
9.130000000000000782e+00       6.187220579483063982e-08
9.140000000000000568e+00       6.187204860596845755e-08
9.150000000000000355e+00       6.187144047485865434e-08
9.160000000000000142e+00       6.187038476478555917e-08
9.169999999999999929e+00       6.186888481662046659e-08
9.179999999999999716e+00       6.186694394913608450e-08
9.189999999999999503e+00       6.186456545908761106e-08
9.199999999999999289e+00       6.186175262169950069e-08
9.210000000000000853e+00       6.185850869073805748e-08
9.220000000000000639e+00       6.185483689876820527e-08
9.230000000000000426e+00       6.185074045736345915e-08
9.240000000000000213e+00       6.184622255729882403e-08
9.250000000000000000e+00       6.184128636883912990e-08
9.259999999999999787e+00       6.183593504165083456e-08
9.269999999999999574e+00       6.183017170534282765e-08
9.279999999999999361e+00       6.182399946942513785e-08
9.289999999999999147e+00       6.181742142353094809e-08
9.300000000000000711e+00       6.181044063758260083e-08
9.310000000000000497e+00       6.180306016195434746e-08
9.320000000000000284e+00       6.179528302763054496e-08
9.330000000000000071e+00       6.178711224635940561e-08
9.339999999999999858e+00       6.177855081087597840e-08
9.349999999999999645e+00       6.176960169477013104e-08
9.359999999999999432e+00       6.176026785303941096e-08
9.369999999999999218e+00       6.175055222196480945e-08
9.380000000000000782e+00       6.174045771940751431e-08
9.390000000000000568e+00       6.172998724457176713e-08
9.400000000000000355e+00       6.171914367869835830e-08
9.410000000000000142e+00       6.170792988482261374e-08
9.419999999999999929e+00       6.169634870799646319e-08
9.429999999999999716e+00       6.168440297541552159e-08
9.439999999999999503e+00       6.167209549654396027e-08
9.449999999999999289e+00       6.165942906323712820e-08
9.460000000000000853e+00       6.164640644986315416e-08
9.470000000000000639e+00       6.163303041342167694e-08
9.480000000000000426e+00       6.161930369366188731e-08
9.490000000000000213e+00       6.160522901319810834e-08
9.500000000000000000e+00       6.159080907762447569e-08
9.509999999999999787e+00       6.157604657562755330e-08
9.519999999999999574e+00       6.156094417909790351e-08
9.529999999999999361e+00       6.154550454323975137e-08
9.539999999999999147e+00       6.152973030667937835e-08
9.550000000000000711e+00       6.151362409157192795e-08
9.560000000000000497e+00       6.149718850370613334e-08
9.570000000000000284e+00       6.148042613260691426e-08
9.580000000000000071e+00       6.146333955163236226e-08
9.589999999999999858e+00       6.144593131806244097e-08
9.599999999999999645e+00       6.142820397315356674e-08
9.609999999999999432e+00       6.141016004585170996e-08
9.619999999999999218e+00       6.139180204026600856e-08
9.630000000000000782e+00       6.137313245305066501e-08
9.640000000000000568e+00       6.135415376278577363e-08
9.650000000000000355e+00       6.133486843259446710e-08
9.660000000000000142e+00       6.131527891276457611e-08
9.669999999999999929e+00       6.129538763011140429e-08
9.679999999999999716e+00       6.127519700535934723e-08
9.689999999999999503e+00       6.125470944062535279e-08
9.699999999999999289e+00       6.123392732310989363e-08
9.710000000000000853e+00       6.121285302514352757e-08
9.720000000000000639e+00       6.119148890426315701e-08
9.730000000000000426e+00       6.116983730329507784e-08
9.740000000000000213e+00       6.114790055044210479e-08
9.750000000000000000e+00       6.112568095936986284e-08
9.759999999999999787e+00       6.110318082929385959e-08
9.769999999999999574e+00       6.108040244506597526e-08
9.779999999999999361e+00       6.105734807725996010e-08
9.789999999999999147e+00       6.103401998225722291e-08
9.800000000000000711e+00       6.101042040233087259e-08
9.810000000000000497e+00       6.098655156573023621e-08
9.820000000000000284e+00       6.096241568676406667e-08
9.830000000000000071e+00       6.093801496588323436e-08
9.839999999999999858e+00       6.091335158976349812e-08
9.849999999999999645e+00       6.088842773138533814e-08
9.859999999999999432e+00       6.086324555011713719e-08
9.869999999999999218e+00       6.083780719179424588e-08
9.880000000000000782e+00       6.081211478879906698e-08
9.890000000000000568e+00       6.078617046013993537e-08
9.900000000000000355e+00       6.075997631153043469e-08
9.910000000000000142e+00       6.073353443546688769e-08
9.919999999999999929e+00       6.070684691130613762e-08
9.929999999999999716e+00       6.067991580534272089e-08
9.939999999999999503e+00       6.065274317088503387e-08
9.949999999999999289e+00       6.062533104833132761e-08
9.960000000000000853e+00       6.059768146524541143e-08
9.970000000000000639e+00       6.056979643643136387e-08
9.980000000000000426e+00       6.054167796400828332e-08
9.990000000000000213e+00       6.051332803748351670e-08
