1.000000000000000021e-02       0.000000000000000000e+00
2.000000000000000042e-02       0.000000000000000000e+00
2.999999999999999889e-02       0.000000000000000000e+00
4.000000000000000083e-02       0.000000000000000000e+00
5.000000000000000278e-02       0.000000000000000000e+00
5.999999999999999778e-02       0.000000000000000000e+00
7.000000000000000666e-02       0.000000000000000000e+00
8.000000000000000167e-02       0.000000000000000000e+00
8.999999999999999667e-02       0.000000000000000000e+00
1.000000000000000056e-01       0.000000000000000000e+00
1.100000000000000006e-01       0.000000000000000000e+00
1.199999999999999956e-01       0.000000000000000000e+00
1.300000000000000044e-01       0.000000000000000000e+00
1.400000000000000133e-01       0.000000000000000000e+00
1.499999999999999944e-01       0.000000000000000000e+00
1.600000000000000033e-01       0.000000000000000000e+00
1.700000000000000122e-01       0.000000000000000000e+00
1.799999999999999933e-01       0.000000000000000000e+00
1.900000000000000022e-01       0.000000000000000000e+00
2.000000000000000111e-01       0.000000000000000000e+00
2.099999999999999922e-01       0.000000000000000000e+00
2.200000000000000011e-01       0.000000000000000000e+00
2.300000000000000100e-01       0.000000000000000000e+00
2.399999999999999911e-01       0.000000000000000000e+00
2.500000000000000000e-01       0.000000000000000000e+00
2.600000000000000089e-01       0.000000000000000000e+00
2.700000000000000178e-01       0.000000000000000000e+00
2.800000000000000266e-01       0.000000000000000000e+00
2.899999999999999800e-01       0.000000000000000000e+00
2.999999999999999889e-01       0.000000000000000000e+00
3.099999999999999978e-01       0.000000000000000000e+00
3.200000000000000067e-01       0.000000000000000000e+00
3.300000000000000155e-01       0.000000000000000000e+00
3.400000000000000244e-01       0.000000000000000000e+00
3.499999999999999778e-01       0.000000000000000000e+00
3.599999999999999867e-01       0.000000000000000000e+00
3.699999999999999956e-01       0.000000000000000000e+00
3.800000000000000044e-01       0.000000000000000000e+00
3.900000000000000133e-01       0.000000000000000000e+00
4.000000000000000222e-01       0.000000000000000000e+00
4.099999999999999756e-01       0.000000000000000000e+00
4.199999999999999845e-01       0.000000000000000000e+00
4.299999999999999933e-01       0.000000000000000000e+00
4.400000000000000022e-01       0.000000000000000000e+00
4.500000000000000111e-01       0.000000000000000000e+00
4.600000000000000200e-01       0.000000000000000000e+00
4.699999999999999734e-01       0.000000000000000000e+00
4.799999999999999822e-01       0.000000000000000000e+00
4.899999999999999911e-01       0.000000000000000000e+00
5.000000000000000000e-01       0.000000000000000000e+00
5.100000000000000089e-01       0.000000000000000000e+00
5.200000000000000178e-01       0.000000000000000000e+00
5.300000000000000266e-01       0.000000000000000000e+00
5.400000000000000355e-01       0.000000000000000000e+00
5.500000000000000444e-01       0.000000000000000000e+00
5.600000000000000533e-01       0.000000000000000000e+00
5.699999999999999512e-01       0.000000000000000000e+00
5.799999999999999600e-01       0.000000000000000000e+00
5.899999999999999689e-01       0.000000000000000000e+00
5.999999999999999778e-01       0.000000000000000000e+00
6.099999999999999867e-01       0.000000000000000000e+00
6.199999999999999956e-01       0.000000000000000000e+00
6.300000000000000044e-01       0.000000000000000000e+00
6.400000000000000133e-01       0.000000000000000000e+00
6.500000000000000222e-01       0.000000000000000000e+00
6.600000000000000311e-01       0.000000000000000000e+00
6.700000000000000400e-01       0.000000000000000000e+00
6.800000000000000488e-01       0.000000000000000000e+00
6.899999999999999467e-01       0.000000000000000000e+00
6.999999999999999556e-01       0.000000000000000000e+00
7.099999999999999645e-01       0.000000000000000000e+00
7.199999999999999734e-01       0.000000000000000000e+00
7.299999999999999822e-01       0.000000000000000000e+00
7.399999999999999911e-01       0.000000000000000000e+00
7.500000000000000000e-01       0.000000000000000000e+00
7.600000000000000089e-01       0.000000000000000000e+00
7.700000000000000178e-01       0.000000000000000000e+00
7.800000000000000266e-01       4.210063210643536793e-04
7.900000000000000355e-01       4.014287394197367520e-03
8.000000000000000444e-01       1.057755239532640751e-02
8.100000000000000533e-01       1.935790073401395112e-02
8.199999999999999512e-01       2.971509263244044921e-02
8.299999999999999600e-01       4.112088489454281820e-02
8.399999999999999689e-01       5.315049102666472708e-02
8.499999999999999778e-01       6.547009109712194352e-02
8.599999999999999867e-01       7.782305755699367444e-02
8.699999999999999956e-01       9.001653268346739012e-02
8.800000000000000044e-01       1.019092407695803559e-01
8.900000000000000133e-01       1.134009148653236793e-01
9.000000000000000222e-01       1.244065980466518284e-01
9.100000000000000311e-01       1.348516614064265151e-01
9.200000000000000400e-01       1.447120485570148607e-01
9.300000000000000488e-01       1.539805638442269253e-01
9.399999999999999467e-01       1.626618500299300829e-01
9.499999999999999556e-01       1.707689707623357422e-01
9.599999999999999645e-01       1.783206357345736015e-01
9.699999999999999734e-01       1.853356619713762143e-01
9.799999999999999822e-01       1.918375353028574093e-01
9.899999999999999911e-01       1.978527700487879015e-01
1.000000000000000000e+00       2.034082866356794750e-01
1.010000000000000009e+00       2.085308069725423652e-01
1.020000000000000018e+00       2.132463653928924063e-01
1.030000000000000027e+00       2.175562350200812012e-01
1.040000000000000036e+00       2.214691004440352828e-01
1.050000000000000044e+00       2.250133602501345753e-01
1.060000000000000053e+00       2.282158000925200159e-01
1.070000000000000062e+00       2.311015336434511236e-01
1.080000000000000071e+00       2.336939984284769067e-01
1.090000000000000080e+00       2.360149899109651450e-01
1.100000000000000089e+00       2.380847213039440358e-01
1.110000000000000098e+00       2.399218997911460594e-01
1.120000000000000107e+00       2.415438123088143874e-01
1.129999999999999893e+00       2.429664159276951896e-01
1.139999999999999902e+00       2.442044293043950931e-01
1.149999999999999911e+00       2.452714227467518715e-01
1.159999999999999920e+00       2.461799052390414855e-01
1.169999999999999929e+00       2.469414073650372521e-01
1.179999999999999938e+00       2.475665594983408047e-01
1.189999999999999947e+00       2.480651649440106521e-01
1.199999999999999956e+00       2.484462679331833346e-01
1.209999999999999964e+00       2.487182165300642345e-01
1.219999999999999973e+00       2.488887206121526974e-01
1.229999999999999982e+00       2.489649051523860068e-01
1.239999999999999991e+00       2.489533590717902256e-01
1.250000000000000000e+00       2.488601799590860753e-01
1.260000000000000009e+00       2.486910149098064127e-01
1.270000000000000018e+00       2.484510978926848801e-01
1.280000000000000027e+00       2.481452837679109791e-01
1.290000000000000036e+00       2.477780793596920383e-01
1.300000000000000044e+00       2.473536717790445483e-01
1.310000000000000053e+00       2.468759542501854920e-01
1.320000000000000062e+00       2.463485496613628811e-01
1.330000000000000071e+00       2.457748320448860102e-01
1.340000000000000080e+00       2.451579461740256149e-01
1.350000000000000089e+00       2.445008254493075128e-01
1.360000000000000098e+00       2.438062082304292000e-01
1.370000000000000107e+00       2.430766527571144031e-01
1.379999999999999893e+00       2.423145507885250127e-01
1.389999999999999902e+00       2.415221400791014439e-01
1.399999999999999911e+00       2.407015157975510578e-01
1.409999999999999920e+00       2.398546409859979300e-01
1.419999999999999929e+00       2.389833561465943834e-01
1.429999999999999938e+00       2.380893880351398484e-01
1.439999999999999947e+00       2.371743577333809694e-01
1.449999999999999956e+00       2.362397880649472759e-01
1.459999999999999964e+00       2.352871103000040431e-01
1.469999999999999973e+00       2.343176708854251833e-01
1.479999999999999982e+00       2.333327365357993066e-01
1.489999999999999991e+00       2.323335000177048082e-01
1.500000000000000000e+00       2.313210849462949414e-01
1.510000000000000009e+00       2.302965503196930663e-01
1.520000000000000018e+00       2.292608947084360804e-01
1.530000000000000027e+00       2.282150601293453096e-01
1.540000000000000036e+00       2.271599356307962836e-01
1.550000000000000044e+00       2.260963606130166614e-01
1.560000000000000053e+00       2.250251279062875642e-01
1.570000000000000062e+00       2.239469866262299436e-01
1.580000000000000071e+00       2.228626448253642200e-01
1.590000000000000080e+00       2.217727719564589195e-01
1.600000000000000089e+00       2.206780011636100824e-01
1.610000000000000098e+00       2.195789314144410420e-01
1.620000000000000107e+00       2.184761294860911029e-01
1.629999999999999893e+00       2.173701318164433793e-01
1.639999999999999902e+00       2.162614462310608054e-01
1.649999999999999911e+00       2.151505535554102955e-01
1.659999999999999920e+00       2.140379091211267459e-01
1.669999999999999929e+00       2.129239441743319416e-01
1.679999999999999938e+00       2.118090671933527125e-01
1.689999999999999947e+00       2.106936651232023394e-01
1.699999999999999956e+00       2.095781045292161027e-01
1.709999999999999964e+00       2.084627326889195165e-01
1.719999999999999973e+00       2.073478785903141719e-01
1.729999999999999982e+00       2.062338539121502112e-01
1.739999999999999991e+00       2.051209539049262953e-01
1.750000000000000000e+00       2.040094582392327216e-01
1.760000000000000009e+00       2.028996317993876919e-01
1.770000000000000018e+00       2.017917254310580277e-01
1.780000000000000027e+00       2.006859766452548377e-01
1.790000000000000036e+00       1.995826102746630637e-01
1.800000000000000044e+00       1.984818390130310417e-01
1.810000000000000053e+00       1.973838638294647674e-01
1.820000000000000062e+00       1.962888743687771498e-01
1.830000000000000071e+00       1.951970493607740054e-01
1.840000000000000080e+00       1.941085570349397604e-01
1.850000000000000089e+00       1.930235555361409505e-01
1.860000000000000098e+00       1.919421933406884329e-01
1.870000000000000107e+00       1.908644317886448727e-01
1.879999999999999893e+00       1.897891691998537522e-01
1.889999999999999902e+00       1.887162728006901158e-01
1.899999999999999911e+00       1.876460011850297205e-01
1.909999999999999920e+00       1.865785959744142852e-01
1.919999999999999929e+00       1.855142826865761041e-01
1.929999999999999938e+00       1.844532716183109045e-01
1.939999999999999947e+00       1.833957586867109302e-01
1.949999999999999956e+00       1.823419262190355272e-01
1.959999999999999964e+00       1.812919437255425814e-01
1.969999999999999973e+00       1.802452718973954759e-01
1.979999999999999982e+00       1.791654346555531518e-01
1.989999999999999991e+00       1.780364056494158631e-01
2.000000000000000000e+00       1.768637852365231300e-01
2.009999999999999787e+00       1.756527803808004551e-01
2.020000000000000018e+00       1.744069537475076703e-01
2.029999999999999805e+00       1.731301691470092941e-01
2.040000000000000036e+00       1.718269173620436407e-01
2.049999999999999822e+00       1.705013603264740885e-01
2.060000000000000053e+00       1.691573449809778973e-01
2.069999999999999840e+00       1.677984172586063638e-01
2.080000000000000071e+00       1.664278367626916277e-01
2.089999999999999858e+00       1.650485918417616271e-01
2.100000000000000089e+00       1.636634148293877600e-01
2.109999999999999876e+00       1.622747972476124567e-01
2.120000000000000107e+00       1.608850048111460374e-01
2.129999999999999893e+00       1.594960921025205258e-01
2.140000000000000124e+00       1.581099168155967738e-01
2.149999999999999911e+00       1.567281534894295059e-01
2.160000000000000142e+00       1.553523066749351866e-01
2.169999999999999929e+00       1.539837234950228451e-01
2.180000000000000160e+00       1.526236055728923402e-01
2.189999999999999947e+00       1.512730203160753406e-01
2.200000000000000178e+00       1.499329115535531498e-01
2.209999999999999964e+00       1.486041095315143445e-01
2.220000000000000195e+00       1.472873402797643116e-01
2.229999999999999982e+00       1.459832343658432618e-01
2.240000000000000213e+00       1.446923350577351275e-01
2.250000000000000000e+00       1.434151059188488453e-01
2.259999999999999787e+00       1.421519378608940010e-01
2.270000000000000018e+00       1.409031556815157071e-01
2.279999999999999805e+00       1.396690241141973210e-01
2.290000000000000036e+00       1.384497534181238498e-01
2.299999999999999822e+00       1.372455045355030490e-01
2.310000000000000053e+00       1.360563938433456410e-01
2.319999999999999840e+00       1.348824975259800552e-01
2.330000000000000071e+00       1.337238555936892670e-01
2.339999999999999858e+00       1.325804755718252570e-01
2.350000000000000089e+00       1.314523358836590661e-01
2.359999999999999876e+00       1.303393924202742860e-01
2.370000000000000107e+00       1.292415640199279514e-01
2.379999999999999893e+00       1.281587697719742680e-01
2.390000000000000124e+00       1.270908966716593202e-01
2.399999999999999911e+00       1.260378191353552224e-01
2.410000000000000142e+00       1.249993974974515087e-01
2.419999999999999929e+00       1.239754798022521948e-01
2.430000000000000160e+00       1.229659034317783090e-01
2.439999999999999947e+00       1.219704965854222500e-01
2.450000000000000178e+00       1.209890796252230394e-01
2.459999999999999964e+00       1.200214662934722537e-01
2.470000000000000195e+00       1.190674648146947817e-01
2.479999999999999982e+00       1.181268788924475927e-01
2.490000000000000213e+00       1.171995086095410921e-01
2.500000000000000000e+00       1.162851512397902048e-01
2.509999999999999787e+00       1.153836019788438833e-01
2.520000000000000018e+00       1.144946546010585930e-01
2.529999999999999805e+00       1.136181020488222643e-01
2.540000000000000036e+00       1.127537369602192863e-01
2.549999999999999822e+00       1.119013521404459838e-01
2.560000000000000053e+00       1.110607409819464181e-01
2.569999999999999840e+00       1.102316978378258816e-01
2.580000000000000071e+00       1.094140183527250593e-01
2.589999999999999858e+00       1.086074997549860144e-01
2.600000000000000089e+00       1.078119411136262973e-01
2.609999999999999876e+00       1.070271435633340790e-01
2.620000000000000107e+00       1.062529105004327984e-01
2.629999999999999893e+00       1.054890477525102510e-01
2.640000000000000124e+00       1.047353637241761060e-01
2.649999999999999911e+00       1.039916695212058234e-01
2.660000000000000142e+00       1.032577790551285069e-01
2.669999999999999929e+00       1.025335091301449869e-01
2.680000000000000160e+00       1.018186801223152360e-01
2.689999999999999947e+00       1.011131129950362112e-01
2.700000000000000178e+00       1.004166354269708517e-01
2.709999999999999964e+00       9.972907575347078613e-02
2.720000000000000195e+00       9.905026604186618899e-02
2.729999999999999982e+00       9.838004148628004542e-02
2.740000000000000213e+00       9.771824041666064831e-02
2.750000000000000000e+00       9.706470429077598827e-02
2.759999999999999787e+00       9.641927768630277618e-02
2.770000000000000018e+00       9.578180828386254064e-02
2.779999999999999805e+00       9.515214684624116737e-02
2.790000000000000036e+00       9.453014719239510866e-02
2.799999999999999822e+00       9.391566616725667560e-02
2.810000000000000053e+00       9.330856360812676831e-02
2.819999999999999840e+00       9.270870230804824363e-02
2.830000000000000071e+00       9.211594797653881173e-02
2.839999999999999858e+00       9.153016919805477547e-02
2.850000000000000089e+00       9.095123738852940731e-02
2.859999999999999876e+00       9.037902675029668709e-02
2.870000000000000107e+00       8.981341422568077382e-02
2.879999999999999893e+00       8.925427944950536929e-02
2.890000000000000124e+00       8.870150470074968097e-02
2.899999999999999911e+00       8.815497485355754115e-02
2.910000000000000142e+00       8.761457732778235585e-02
2.919999999999999929e+00       8.708020203923476366e-02
2.930000000000000160e+00       8.655174134977926259e-02
2.939999999999999947e+00       8.602909001741337880e-02
2.950000000000000178e+00       8.551214514644646381e-02
2.959999999999999964e+00       8.500080613788223161e-02
2.970000000000000195e+00       8.449497464009965431e-02
2.979999999999999982e+00       8.399455449991233280e-02
2.990000000000000213e+00       8.349945171407924249e-02
3.000000000000000000e+00       8.300957438133083066e-02
3.009999999999999787e+00       8.252483258058407323e-02
3.020000000000000018e+00       8.204513787119908919e-02
3.029999999999999805e+00       8.157040328508921578e-02
3.040000000000000036e+00       8.110054351945741868e-02
3.049999999999999822e+00       8.063547498710771366e-02
3.060000000000000053e+00       8.017511582805221526e-02
3.069999999999999840e+00       7.971938590420896142e-02
3.080000000000000071e+00       7.926820678516745267e-02
3.089999999999999858e+00       7.882150172775723163e-02
3.100000000000000089e+00       7.837917739817112928e-02
3.109999999999999876e+00       7.794099709243532126e-02
3.120000000000000107e+00       7.750686350018681781e-02
3.129999999999999893e+00       7.707672205535739951e-02
3.140000000000000124e+00       7.665051883133074118e-02
3.149999999999999911e+00       7.622820055931193994e-02
3.160000000000000142e+00       7.580971458591753698e-02
3.169999999999999929e+00       7.539500911826688134e-02
3.180000000000000160e+00       7.498403288482870244e-02
3.189999999999999947e+00       7.457673537714319678e-02
3.200000000000000178e+00       7.417306679738222552e-02
3.209999999999999964e+00       7.377297806285332271e-02
3.220000000000000195e+00       7.337642080861711547e-02
3.229999999999999982e+00       7.298334738896417040e-02
3.240000000000000213e+00       7.259371087745716822e-02
3.250000000000000000e+00       7.220746506584099778e-02
3.259999999999999787e+00       7.182456446190248200e-02
3.270000000000000018e+00       7.144496428640202679e-02
3.279999999999999805e+00       7.106862046915150832e-02
3.290000000000000036e+00       7.069548964434232974e-02
3.299999999999999822e+00       7.032552914519774045e-02
3.310000000000000053e+00       6.995869699802263753e-02
3.319999999999999840e+00       6.959495191585106377e-02
3.330000000000000071e+00       6.923425329100507675e-02
3.339999999999999858e+00       6.887656118839707853e-02
3.350000000000000089e+00       6.852183633735975388e-02
3.359999999999999876e+00       6.817004012368524379e-02
3.370000000000000107e+00       6.782113458128606609e-02
3.379999999999999893e+00       6.747508238361832333e-02
3.390000000000000124e+00       6.713184683490289184e-02
3.399999999999999911e+00       6.679139186117818983e-02
3.410000000000000142e+00       6.645368200122186986e-02
3.419999999999999929e+00       6.611868239731323593e-02
3.430000000000000160e+00       6.578635878602923093e-02
3.439999999999999947e+00       6.545667748881718595e-02
3.450000000000000178e+00       6.512960540264516041e-02
3.459999999999999964e+00       6.480510999058054777e-02
3.470000000000000195e+00       6.448315927237045775e-02
3.479999999999999982e+00       6.416372181503160466e-02
3.490000000000000213e+00       6.384676672346389914e-02
3.500000000000000000e+00       6.353226363110094088e-02
3.509999999999999787e+00       6.322018269060826479e-02
3.520000000000000018e+00       6.291049456464092859e-02
3.529999999999999805e+00       6.260317041666904614e-02
3.540000000000000036e+00       6.229818190184508581e-02
3.549999999999999822e+00       6.199550115813769191e-02
3.560000000000000053e+00       6.169510079569232724e-02
3.569999999999999840e+00       6.139695385455200272e-02
3.580000000000000071e+00       6.110103377021282312e-02
3.589999999999999858e+00       6.080731439184086651e-02
3.600000000000000089e+00       6.051576998635554983e-02
3.609999999999999876e+00       6.022637523648343566e-02
3.620000000000000107e+00       5.993910523672280749e-02
3.629999999999999893e+00       5.965393548833525933e-02
3.640000000000000124e+00       5.937084189374366994e-02
3.649999999999999911e+00       5.908980075049748842e-02
3.660000000000000142e+00       5.881078874507839754e-02
3.669999999999999929e+00       5.853378294655730424e-02
3.680000000000000160e+00       5.825876080013479841e-02
3.689999999999999947e+00       5.798570012066693591e-02
3.700000000000000178e+00       5.771457908613236709e-02
3.709999999999999964e+00       5.744537623119196773e-02
3.720000000000000195e+00       5.717807044069962014e-02
3.729999999999999982e+00       5.691264094329327727e-02
3.740000000000000213e+00       5.664906730503348892e-02
3.750000000000000000e+00       5.638732942310461377e-02
3.759999999999999787e+00       5.612740751958734953e-02
3.770000000000000018e+00       5.586928213537323967e-02
3.779999999999999805e+00       5.561293412384840651e-02
3.790000000000000036e+00       5.535834464525720561e-02
3.799999999999999822e+00       5.510549516058359937e-02
3.810000000000000053e+00       5.485436742579712088e-02
3.819999999999999840e+00       5.460494348613836174e-02
3.830000000000000071e+00       5.435720567049795449e-02
3.839999999999999858e+00       5.411113658589025710e-02
3.850000000000000089e+00       5.386671911202205176e-02
3.859999999999999876e+00       5.362393639595742362e-02
3.870000000000000107e+00       5.338277184688237226e-02
3.879999999999999893e+00       5.314320913094387061e-02
3.890000000000000124e+00       5.290523216622295549e-02
3.899999999999999911e+00       5.266882511778093329e-02
3.910000000000000142e+00       5.243397239277961669e-02
3.919999999999999929e+00       5.220065863573309511e-02
3.930000000000000160e+00       5.196886872383087164e-02
3.939999999999999947e+00       5.173858776235797791e-02
3.950000000000000178e+00       5.150980108020544040e-02
3.959999999999999964e+00       5.128249422547484504e-02
3.970000000000000195e+00       5.105665296115267232e-02
3.979999999999999982e+00       5.083226326091040692e-02
3.990000000000000213e+00       5.060931130495312236e-02
4.000000000000000000e+00       5.038778347597176049e-02
4.009999999999999787e+00       5.016766635517618672e-02
4.019999999999999574e+00       4.994894671839153477e-02
4.030000000000000249e+00       4.973161153233439380e-02
4.040000000000000036e+00       4.951564795076477538e-02
4.049999999999999822e+00       4.930104331092866055e-02
4.059999999999999609e+00       4.908778512996748306e-02
4.070000000000000284e+00       4.887586110142644324e-02
4.080000000000000071e+00       4.866525909183733872e-02
4.089999999999999858e+00       4.845596713737500283e-02
4.099999999999999645e+00       4.824797344058479043e-02
4.110000000000000320e+00       4.804126636691328361e-02
4.120000000000000107e+00       4.783583444259590506e-02
4.129999999999999893e+00       4.763166635012102551e-02
4.139999999999999680e+00       4.742875092617771654e-02
4.150000000000000355e+00       4.722707715849288473e-02
4.160000000000000142e+00       4.702663418296123415e-02
4.169999999999999929e+00       4.682741128083783844e-02
4.179999999999999716e+00       4.662939787599177516e-02
4.190000000000000391e+00       4.643258353221953183e-02
4.200000000000000178e+00       4.623695795061745495e-02
4.209999999999999964e+00       4.604251096701121593e-02
4.219999999999999751e+00       4.584923254944161392e-02
4.230000000000000426e+00       4.565711279570554282e-02
4.240000000000000213e+00       4.546614193095059597e-02
4.250000000000000000e+00       4.527631030532235090e-02
4.259999999999999787e+00       4.508760839166345291e-02
4.269999999999999574e+00       4.490002678326264485e-02
4.280000000000000249e+00       4.471355619165354872e-02
4.290000000000000036e+00       4.452818744446141591e-02
4.299999999999999822e+00       4.434391148329706878e-02
4.309999999999999609e+00       4.416071936169703449e-02
4.320000000000000284e+00       4.397860224310870536e-02
4.330000000000000071e+00       4.379755139891956806e-02
4.339999999999999858e+00       4.361755820652948173e-02
4.349999999999999645e+00       4.343861414746532507e-02
4.360000000000000320e+00       4.326071080553628434e-02
4.370000000000000107e+00       4.308383986503012270e-02
4.379999999999999893e+00       4.290799310894805735e-02
4.389999999999999680e+00       4.273316241727845299e-02
4.400000000000000355e+00       4.255933976530809626e-02
4.410000000000000142e+00       4.238651722196991323e-02
4.419999999999999929e+00       4.221468694822689410e-02
4.429999999999999716e+00       4.204384119549058746e-02
4.440000000000000391e+00       4.187397230407430282e-02
4.450000000000000178e+00       4.170507270167948116e-02
4.459999999999999964e+00       4.153713490191479618e-02
4.469999999999999751e+00       4.137015150284700793e-02
4.480000000000000426e+00       4.120411518558345781e-02
4.490000000000000213e+00       4.103901871288443554e-02
4.500000000000000000e+00       4.087485492780769392e-02
4.509999999999999787e+00       4.071161675237181671e-02
4.519999999999999574e+00       4.054929718626815172e-02
4.530000000000000249e+00       4.038788930558031426e-02
4.540000000000000036e+00       4.022738626154069574e-02
4.549999999999999822e+00       4.006778127931169553e-02
4.559999999999999609e+00       3.990906765679257118e-02
4.570000000000000284e+00       3.975123876345135199e-02
4.580000000000000071e+00       3.959428803918207257e-02
4.589999999999999858e+00       3.943820899318503659e-02
4.599999999999999645e+00       3.928299520287155400e-02
4.610000000000000320e+00       3.912864031279103538e-02
4.620000000000000107e+00       3.897513803358065160e-02
4.629999999999999893e+00       3.882248214093706601e-02
4.639999999999999680e+00       3.867066647454948936e-02
4.650000000000000355e+00       3.851968493735346416e-02
4.660000000000000142e+00       3.836953149420410658e-02
4.669999999999999929e+00       3.822020017112166129e-02
4.679999999999999716e+00       3.807168505449638751e-02
4.690000000000000391e+00       3.792398028990349307e-02
4.700000000000000178e+00       3.777708008139355617e-02
4.709999999999999964e+00       3.763097869057824979e-02
4.719999999999999751e+00       3.748567043577718388e-02
4.730000000000000426e+00       3.734114969118230987e-02
4.740000000000000213e+00       3.719741088604357898e-02
4.750000000000000000e+00       3.705444850384777972e-02
4.759999999999999787e+00       3.691225708156029711e-02
4.769999999999999574e+00       3.677083120883592460e-02
4.780000000000000249e+00       3.663016552730081338e-02
4.790000000000000036e+00       3.649025472964807087e-02
4.799999999999999822e+00       3.635109355924302788e-02
4.809999999999999609e+00       3.621267680907403613e-02
4.820000000000000284e+00       3.607499932124168252e-02
4.830000000000000071e+00       3.593805598621359343e-02
4.839999999999999858e+00       3.580184174217772991e-02
4.849999999999999645e+00       3.566635157435977393e-02
4.860000000000000320e+00       3.553158051444148258e-02
4.870000000000000107e+00       3.539752363975001009e-02
4.879999999999999893e+00       3.526417607295705137e-02
4.889999999999999680e+00       3.513153298115897355e-02
4.900000000000000355e+00       3.499958957542770310e-02
4.910000000000000142e+00       3.486834111022469457e-02
4.919999999999999929e+00       3.473778288278238369e-02
4.929999999999999716e+00       3.460791023257044768e-02
4.940000000000000391e+00       3.447871854073573245e-02
4.950000000000000178e+00       3.435020322956011674e-02
4.959999999999999964e+00       3.422235976192807699e-02
4.969999999999999751e+00       3.409518364080448699e-02
4.980000000000000426e+00       3.396867040872168786e-02
4.990000000000000213e+00       3.384281564727644603e-02
5.000000000000000000e+00       3.371761497294556431e-02
5.009999999999999787e+00       3.359306405146735008e-02
5.019999999999999574e+00       3.346915857490051494e-02
5.030000000000000249e+00       3.334589427624742169e-02
5.040000000000000036e+00       3.322326692519215335e-02
5.049999999999999822e+00       3.310127232764938088e-02
5.059999999999999609e+00       3.297990632532143973e-02
5.070000000000000284e+00       3.285916479526310163e-02
5.080000000000000071e+00       3.273904364945408318e-02
5.089999999999999858e+00       3.261953883437890972e-02
5.099999999999999645e+00       3.250064633061441888e-02
5.110000000000000320e+00       3.238236215242418919e-02
5.120000000000000107e+00       3.226468234736004637e-02
5.129999999999999893e+00       3.214760299587042514e-02
5.139999999999999680e+00       3.203112021091561457e-02
5.150000000000000355e+00       3.191523013758926219e-02
5.160000000000000142e+00       3.179992895274653952e-02
5.169999999999999929e+00       3.168521286463844844e-02
5.179999999999999716e+00       3.157107811255246282e-02
5.190000000000000391e+00       3.145752096645888091e-02
5.200000000000000178e+00       3.134453772666327687e-02
5.209999999999999964e+00       3.123212472346475338e-02
5.219999999999999751e+00       3.112027831681952669e-02
5.230000000000000426e+00       3.100899489601045139e-02
5.240000000000000213e+00       3.089827087932140934e-02
5.250000000000000000e+00       3.078810271371750645e-02
5.259999999999999787e+00       3.067848687452999490e-02
5.269999999999999574e+00       3.056941986514656942e-02
5.280000000000000249e+00       3.046089821669493644e-02
5.290000000000000036e+00       3.035291848758712302e-02
5.299999999999999822e+00       3.024547726341651060e-02
5.309999999999999609e+00       3.013857115680820473e-02
5.320000000000000284e+00       3.003219680696616808e-02
5.330000000000000071e+00       2.992635087939156044e-02
5.339999999999999858e+00       2.982103006560532163e-02
5.349999999999999645e+00       2.971623108287512263e-02
5.360000000000000320e+00       2.961195067394649383e-02
5.370000000000000107e+00       2.950818560677784252e-02
5.379999999999999893e+00       2.940493267427989402e-02
5.389999999999999680e+00       2.930218869406095786e-02
5.400000000000000355e+00       2.919995050816431847e-02
5.410000000000000142e+00       2.909821498283334668e-02
5.419999999999999929e+00       2.899697900825631142e-02
5.429999999999999716e+00       2.889623949834356498e-02
5.440000000000000391e+00       2.879599339040455480e-02
5.450000000000000178e+00       2.869623764508297953e-02
5.459999999999999964e+00       2.859696924595144310e-02
5.469999999999999751e+00       2.849818519937893924e-02
5.480000000000000426e+00       2.839988253427444889e-02
5.490000000000000213e+00       2.830205830187697627e-02
5.500000000000000000e+00       2.820470957552418181e-02
5.509999999999999787e+00       2.810783345045231307e-02
5.519999999999999574e+00       2.801142704358928689e-02
5.530000000000000249e+00       2.791548749326834902e-02
5.540000000000000036e+00       2.782001195917885306e-02
5.549999999999999822e+00       2.772499762200592369e-02
5.559999999999999609e+00       2.763044168330706929e-02
5.570000000000000284e+00       2.753634136529452270e-02
5.580000000000000071e+00       2.744269391065489241e-02
5.589999999999999858e+00       2.734949658233323463e-02
5.599999999999999645e+00       2.725674666335771434e-02
5.610000000000000320e+00       2.716444145664798429e-02
5.620000000000000107e+00       2.707257828482968406e-02
5.629999999999999893e+00       2.698115449005143024e-02
5.639999999999999680e+00       2.689016743380417615e-02
5.650000000000000355e+00       2.679961449674297946e-02
5.660000000000000142e+00       2.670949307851108040e-02
5.669999999999999929e+00       2.661980059756606162e-02
5.679999999999999716e+00       2.653053449033975289e-02
5.690000000000000391e+00       2.644169221376103940e-02
5.700000000000000178e+00       2.635327124102395530e-02
5.709999999999999964e+00       2.626526906545946158e-02
5.719999999999999751e+00       2.617768319444236519e-02
5.730000000000000426e+00       2.609051115710843069e-02
5.740000000000000213e+00       2.600375049893445187e-02
5.750000000000000000e+00       2.591739878289866031e-02
5.759999999999999787e+00       2.583145358932587704e-02
5.769999999999999574e+00       2.574591251573411441e-02
5.780000000000000249e+00       2.566077317668332552e-02
5.790000000000000036e+00       2.557603320362589888e-02
5.799999999999999822e+00       2.549169024475890152e-02
5.809999999999999609e+00       2.540774196487819228e-02
5.820000000000000284e+00       2.532418604523408931e-02
5.830000000000000071e+00       2.524102018338894929e-02
5.839999999999999858e+00       2.515824209307624196e-02
5.849999999999999645e+00       2.507584950406143570e-02
5.860000000000000320e+00       2.499384016200430561e-02
5.870000000000000107e+00       2.491221182710542936e-02
5.879999999999999893e+00       2.483096227884433460e-02
5.889999999999999680e+00       2.475008930853395475e-02
5.900000000000000355e+00       2.466959072406698858e-02
5.910000000000000142e+00       2.458946434856599736e-02
5.919999999999999929e+00       2.450970802025486187e-02
5.929999999999999716e+00       2.443031959233196021e-02
5.940000000000000391e+00       2.435129693284429284e-02
5.950000000000000178e+00       2.427263792456363714e-02
5.959999999999999964e+00       2.419434046486350354e-02
5.969999999999999751e+00       2.411640246559782624e-02
5.980000000000000426e+00       2.403882185298084409e-02
5.990000000000000213e+00       2.396159656746824768e-02
6.000000000000000000e+00       2.388472456363958593e-02
6.009999999999999787e+00       2.380820381008219230e-02
6.019999999999999574e+00       2.373203228927609973e-02
6.030000000000000249e+00       2.365620799748021849e-02
6.040000000000000036e+00       2.358072894461984287e-02
6.049999999999999822e+00       2.350559315417525760e-02
6.059999999999999609e+00       2.343079866381031495e-02
6.070000000000000284e+00       2.335634352229229438e-02
6.080000000000000071e+00       2.328222579387376201e-02
6.089999999999999858e+00       2.320844355515574303e-02
6.099999999999999645e+00       2.313499489576350057e-02
6.110000000000000320e+00       2.306187791823326172e-02
6.120000000000000107e+00       2.298909073790855392e-02
6.129999999999999893e+00       2.291663148283791529e-02
6.139999999999999680e+00       2.284449829367335774e-02
6.150000000000000355e+00       2.277268932357009307e-02
6.160000000000000142e+00       2.270120273808715755e-02
6.169999999999999929e+00       2.263003671508907397e-02
6.179999999999999716e+00       2.255918944464844686e-02
6.190000000000000391e+00       2.248865912894958130e-02
6.200000000000000178e+00       2.241844398219306617e-02
6.209999999999999964e+00       2.234854223050125599e-02
6.219999999999999751e+00       2.227895211182471732e-02
6.230000000000000426e+00       2.220967187584963268e-02
6.240000000000000213e+00       2.214069978390596077e-02
6.250000000000000000e+00       2.207203410887668971e-02
6.259999999999999787e+00       2.200367313510782560e-02
6.269999999999999574e+00       2.193561515831940131e-02
6.280000000000000249e+00       2.186785848551703673e-02
6.290000000000000036e+00       2.180040143490479670e-02
6.299999999999999822e+00       2.173324233579850343e-02
6.309999999999999609e+00       2.166637952854004109e-02
6.320000000000000284e+00       2.159981136441242386e-02
6.330000000000000071e+00       2.153353620555579703e-02
6.339999999999999858e+00       2.146755242488396914e-02
6.349999999999999645e+00       2.140185840600201256e-02
6.360000000000000320e+00       2.133645254312444700e-02
6.370000000000000107e+00       2.127133324107254378e-02
6.379999999999999893e+00       2.120649891488319075e-02
6.389999999999999680e+00       2.114194799019245355e-02
6.400000000000000355e+00       2.107767890285022760e-02
6.410000000000000142e+00       2.101369009891837503e-02
6.419999999999999929e+00       2.094998003474064785e-02
6.429999999999999716e+00       2.088654717628159879e-02
6.440000000000000391e+00       2.082338999992085216e-02
6.450000000000000178e+00       2.076050699180189557e-02
6.459999999999999964e+00       2.069789664790065015e-02
6.469999999999999751e+00       2.063555747395146370e-02
6.480000000000000426e+00       2.057348798560879391e-02
6.490000000000000213e+00       2.051168670743397371e-02
6.500000000000000000e+00       2.045015217423651679e-02
6.509999999999999787e+00       2.038888293005922114e-02
6.519999999999999574e+00       2.032787752834396347e-02
6.530000000000000249e+00       2.026713453186148456e-02
6.540000000000000036e+00       2.020665251264229870e-02
6.549999999999999822e+00       2.014643005190772107e-02
6.559999999999999609e+00       2.008646574000176252e-02
6.570000000000000284e+00       2.002675817632369043e-02
6.580000000000000071e+00       1.996730596926094697e-02
6.589999999999999858e+00       1.990810773612281329e-02
6.599999999999999645e+00       1.984916210307461487e-02
6.610000000000000320e+00       1.979046770507253417e-02
6.620000000000000107e+00       1.973202318579890535e-02
6.629999999999999893e+00       1.967382719759808163e-02
6.639999999999999680e+00       1.961587840141303801e-02
6.650000000000000355e+00       1.955817546672217189e-02
6.660000000000000142e+00       1.950071707125948517e-02
6.669999999999999929e+00       1.944350190182307994e-02
6.679999999999999716e+00       1.938652865290732899e-02
6.690000000000000391e+00       1.932979602751346004e-02
6.700000000000000178e+00       1.927330273687126450e-02
6.709999999999999964e+00       1.921704750037914883e-02
6.719999999999999751e+00       1.916102904554494238e-02
6.730000000000000426e+00       1.910524610792689593e-02
6.740000000000000213e+00       1.904969743107544702e-02
6.750000000000000000e+00       1.899438176647536697e-02
6.759999999999999787e+00       1.893929787348838309e-02
6.769999999999999574e+00       1.888444451929625553e-02
6.780000000000000249e+00       1.882982047884442650e-02
6.790000000000000036e+00       1.877542453478684564e-02
6.799999999999999822e+00       1.872125547742657312e-02
6.809999999999999609e+00       1.866731210466859858e-02
6.820000000000000284e+00       1.861359322195745014e-02
6.830000000000000071e+00       1.856009764222787267e-02
6.839999999999999858e+00       1.850682418584614214e-02
6.849999999999999645e+00       1.845377168056532013e-02
6.860000000000000320e+00       1.840093896146395222e-02
6.870000000000000107e+00       1.834832487089804037e-02
6.879999999999999893e+00       1.829592825844823453e-02
6.889999999999999680e+00       1.824374798099754127e-02
6.900000000000000355e+00       1.819178290216227206e-02
6.910000000000000142e+00       1.814003189302009281e-02
6.919999999999999929e+00       1.808849383153951496e-02
6.929999999999999716e+00       1.803716760266033114e-02
6.940000000000000391e+00       1.798605209824429355e-02
6.950000000000000178e+00       1.793514621702599690e-02
6.959999999999999964e+00       1.788444886456426811e-02
6.969999999999999751e+00       1.783395895319392702e-02
6.980000000000000426e+00       1.778367540197791849e-02
6.990000000000000213e+00       1.773359713665981219e-02
7.000000000000000000e+00       1.768372308961678116e-02
7.009999999999999787e+00       1.763405219926227063e-02
7.019999999999999574e+00       1.758458341220344931e-02
7.030000000000000249e+00       1.753531567988692377e-02
7.040000000000000036e+00       1.748624796076064802e-02
7.049999999999999822e+00       1.743737921967618634e-02
7.059999999999999609e+00       1.738870842784392620e-02
7.070000000000000284e+00       1.734023456278847158e-02
7.080000000000000071e+00       1.729195660830455672e-02
7.089999999999999858e+00       1.724387355441312636e-02
7.099999999999999645e+00       1.719598439731787401e-02
7.110000000000000320e+00       1.714828813936219651e-02
7.120000000000000107e+00       1.710078378898625961e-02
7.129999999999999893e+00       1.705347036068462913e-02
7.139999999999999680e+00       1.700634687496409628e-02
7.150000000000000355e+00       1.695941235830194377e-02
7.160000000000000142e+00       1.691266584310437485e-02
7.169999999999999929e+00       1.686610636766546628e-02
7.179999999999999716e+00       1.681973297612625665e-02
7.190000000000000391e+00       1.677354471843431338e-02
7.200000000000000178e+00       1.672754065030348028e-02
7.209999999999999964e+00       1.668171983317408985e-02
7.219999999999999751e+00       1.663608133417322429e-02
7.230000000000000426e+00       1.659062422607567727e-02
7.240000000000000213e+00       1.654534758727879695e-02
7.250000000000000000e+00       1.650025050170837379e-02
7.259999999999999787e+00       1.645533205886298700e-02
7.269999999999999574e+00       1.641059135372124889e-02
7.280000000000000249e+00       1.636602748671753607e-02
7.290000000000000036e+00       1.632163956370451946e-02
7.299999999999999822e+00       1.627742669599037059e-02
7.309999999999999609e+00       1.623338800000647536e-02
7.320000000000000284e+00       1.618952259771095498e-02
7.330000000000000071e+00       1.614582961626079630e-02
7.339999999999999858e+00       1.610230818804817346e-02
7.349999999999999645e+00       1.605895745066474381e-02
7.360000000000000320e+00       1.601577654686604443e-02
7.370000000000000107e+00       1.597276462453632584e-02
7.379999999999999893e+00       1.592992083665356953e-02
7.389999999999999680e+00       1.588724434125473109e-02
7.400000000000000355e+00       1.584473430140137876e-02
7.410000000000000142e+00       1.580238988514546042e-02
7.419999999999999929e+00       1.576021026549543833e-02
7.429999999999999716e+00       1.571819462038252790e-02
7.440000000000000391e+00       1.567634213262739107e-02
7.450000000000000178e+00       1.563465198990698565e-02
7.459999999999999964e+00       1.559312338472156577e-02
7.469999999999999751e+00       1.555175551436211931e-02
7.480000000000000426e+00       1.551054758087795464e-02
7.490000000000000213e+00       1.546949879104445730e-02
7.500000000000000000e+00       1.542860835633126301e-02
7.509999999999999787e+00       1.538787549287056432e-02
7.519999999999999574e+00       1.534729942142559062e-02
7.530000000000000249e+00       1.530687936735947857e-02
7.540000000000000036e+00       1.526661456060431597e-02
7.549999999999999822e+00       1.522650423563030875e-02
7.559999999999999609e+00       1.518654763141534872e-02
7.570000000000000284e+00       1.514674399141473747e-02
7.580000000000000071e+00       1.510709256353107328e-02
7.589999999999999858e+00       1.506759260008446767e-02
7.599999999999999645e+00       1.502824335778293885e-02
7.610000000000000320e+00       1.498904409769298215e-02
7.620000000000000107e+00       1.494999408521045445e-02
7.629999999999999893e+00       1.491109259003159729e-02
7.639999999999999680e+00       1.487233888612429951e-02
7.650000000000000355e+00       1.483373225169961479e-02
7.660000000000000142e+00       1.479527196918334515e-02
7.669999999999999929e+00       1.475695732518807722e-02
7.679999999999999716e+00       1.471878761048523408e-02
7.690000000000000391e+00       1.468076211997734574e-02
7.700000000000000178e+00       1.464288015267061968e-02
7.709999999999999964e+00       1.460514101164766751e-02
7.719999999999999751e+00       1.456754400404039994e-02
7.730000000000000426e+00       1.453008844100317845e-02
7.740000000000000213e+00       1.449277363768611097e-02
7.750000000000000000e+00       1.445559891320858346e-02
7.759999999999999787e+00       1.441856359063341426e-02
7.769999999999999574e+00       1.438166699693861975e-02
7.780000000000000249e+00       1.434490846299577363e-02
7.790000000000000036e+00       1.430828732354001535e-02
7.799999999999999822e+00       1.427180291714668856e-02
7.809999999999999609e+00       1.423545458620560471e-02
7.820000000000000284e+00       1.419924167689580290e-02
7.830000000000000071e+00       1.416316353916068603e-02
7.839999999999999858e+00       1.412721952668317439e-02
7.849999999999999645e+00       1.409140899686115583e-02
7.860000000000000320e+00       1.405573131078297761e-02
7.870000000000000107e+00       1.402018583320334931e-02
7.879999999999999893e+00       1.398477193251910708e-02
7.889999999999999680e+00       1.394948898074544787e-02
7.900000000000000355e+00       1.391433635349214638e-02
7.910000000000000142e+00       1.387931342994006174e-02
7.919999999999999929e+00       1.384441959281772737e-02
7.929999999999999716e+00       1.380965422837814906e-02
7.940000000000000391e+00       1.377501672637580429e-02
7.950000000000000178e+00       1.374050648004373522e-02
7.959999999999999964e+00       1.370612288597365148e-02
7.969999999999999751e+00       1.367186534448252416e-02
7.980000000000000426e+00       1.363773325900607611e-02
7.990000000000000213e+00       1.360372603646632129e-02
8.000000000000000000e+00       1.356984308715195216e-02
8.009999999999999787e+00       1.353608382469651504e-02
8.019999999999999574e+00       1.350244766605659778e-02
8.029999999999999361e+00       1.346893403149033476e-02
8.039999999999999147e+00       1.343554234453592060e-02
8.050000000000000711e+00       1.340227203199036154e-02
8.060000000000000497e+00       1.336912252388840726e-02
8.070000000000000284e+00       1.333609325348151207e-02
8.080000000000000071e+00       1.330318365721708772e-02
8.089999999999999858e+00       1.327039317471780805e-02
8.099999999999999645e+00       1.323772124876107167e-02
8.109999999999999432e+00       1.320516732525875425e-02
8.119999999999999218e+00       1.317273085323683937e-02
8.130000000000000782e+00       1.314041128481538943e-02
8.140000000000000568e+00       1.310820807518871603e-02
8.150000000000000355e+00       1.307612068260543582e-02
8.160000000000000142e+00       1.304414856834892021e-02
8.169999999999999929e+00       1.301229119671778317e-02
8.179999999999999716e+00       1.298054803500646621e-02
8.189999999999999503e+00       1.294891855348607665e-02
8.199999999999999289e+00       1.291740222538523448e-02
8.210000000000000853e+00       1.288599852687113967e-02
8.220000000000000639e+00       1.285470693703076595e-02
8.230000000000000426e+00       1.282352693785217095e-02
8.240000000000000213e+00       1.279245801420591210e-02
8.250000000000000000e+00       1.276149965382663599e-02
8.259999999999999787e+00       1.273065134737953220e-02
8.269999999999999574e+00       1.269991258810284490e-02
8.279999999999999361e+00       1.266928287229949525e-02
8.289999999999999147e+00       1.263876169897893212e-02
8.300000000000000711e+00       1.260834856992453304e-02
8.310000000000000497e+00       1.257804298967595859e-02
8.320000000000000284e+00       1.254784446551162475e-02
8.330000000000000071e+00       1.251775250743130362e-02
8.339999999999999858e+00       1.248776662813880049e-02
8.349999999999999645e+00       1.245788634302493099e-02
8.359999999999999432e+00       1.242811117015028832e-02
8.369999999999999218e+00       1.239844063022847546e-02
8.380000000000000782e+00       1.236887424660925751e-02
8.390000000000000568e+00       1.233941154526188230e-02
8.400000000000000355e+00       1.231005205475849823e-02
8.410000000000000142e+00       1.228079530625776454e-02
8.419999999999999929e+00       1.225164083348849117e-02
8.429999999999999716e+00       1.222258817273339307e-02
8.439999999999999503e+00       1.219363686281303531e-02
8.449999999999999289e+00       1.216478644506986846e-02
8.460000000000000853e+00       1.213603646335225175e-02
8.470000000000000639e+00       1.210738646399875905e-02
8.480000000000000426e+00       1.207883599582258369e-02
8.490000000000000213e+00       1.205038461009583402e-02
8.500000000000000000e+00       1.202203186053427304e-02
8.509999999999999787e+00       1.199377730328186550e-02
8.519999999999999574e+00       1.196562049689560772e-02
8.529999999999999361e+00       1.193756100233041295e-02
8.539999999999999147e+00       1.190959838292410082e-02
8.550000000000000711e+00       1.188173220438246830e-02
8.560000000000000497e+00       1.185396203476454975e-02
8.570000000000000284e+00       1.182628744446782149e-02
8.580000000000000071e+00       1.179870800621373415e-02
8.589999999999999858e+00       1.177122329503308557e-02
8.599999999999999645e+00       1.174383288825173177e-02
8.609999999999999432e+00       1.171653636547625478e-02
8.619999999999999218e+00       1.168933330857975690e-02
8.630000000000000782e+00       1.166222330168776786e-02
8.640000000000000568e+00       1.163520593116431322e-02
8.650000000000000355e+00       1.160828078559787528e-02
8.660000000000000142e+00       1.158144745578777203e-02
8.669999999999999929e+00       1.155470553473025505e-02
8.679999999999999716e+00       1.152805461760504635e-02
8.689999999999999503e+00       1.150149430176175373e-02
8.699999999999999289e+00       1.147502418670646486e-02
8.710000000000000853e+00       1.144864387408837947e-02
8.720000000000000639e+00       1.142235296768662027e-02
8.730000000000000426e+00       1.139615107339701436e-02
8.740000000000000213e+00       1.137003779921913482e-02
8.750000000000000000e+00       1.134401275524320185e-02
8.759999999999999787e+00       1.131807555363732731e-02
8.769999999999999574e+00       1.129222580863464311e-02
8.779999999999999361e+00       1.126646313652062206e-02
8.789999999999999147e+00       1.124078715562046131e-02
8.800000000000000711e+00       1.121519748628656103e-02
8.810000000000000497e+00       1.118969375088605181e-02
8.820000000000000284e+00       1.116427557378848676e-02
8.830000000000000071e+00       1.113894258135351631e-02
8.839999999999999858e+00       1.111369440191870700e-02
8.849999999999999645e+00       1.108853066578748513e-02
8.859999999999999432e+00       1.106345100521703359e-02
8.869999999999999218e+00       1.103845505440641771e-02
8.880000000000000782e+00       1.101354244948469195e-02
8.890000000000000568e+00       1.098871282849913505e-02
8.900000000000000355e+00       1.096396583140353542e-02
8.910000000000000142e+00       1.093930110004658583e-02
8.919999999999999929e+00       1.091471827816034926e-02
8.929999999999999716e+00       1.089021701134877847e-02
8.939999999999999503e+00       1.086579694707633277e-02
8.949999999999999289e+00       1.084145773465672140e-02
8.960000000000000853e+00       1.081719902524160178e-02
8.970000000000000639e+00       1.079302047180947556e-02
8.980000000000000426e+00       1.076892172915459855e-02
8.990000000000000213e+00       1.074490245387598256e-02
9.000000000000000000e+00       1.072096230436644232e-02
9.009999999999999787e+00       1.069710094039860032e-02
9.019999999999999574e+00       1.067331802060349569e-02
9.029999999999999361e+00       1.064961320249416775e-02
9.039999999999999147e+00       1.062598614362707250e-02
9.050000000000000711e+00       1.060243650204130590e-02
9.060000000000000497e+00       1.057896393650897132e-02
9.070000000000000284e+00       1.055556810671243184e-02
9.080000000000000071e+00       1.053224867334617149e-02
9.089999999999999858e+00       1.050900529825156242e-02
9.099999999999999645e+00       1.048583764445614776e-02
9.109999999999999432e+00       1.046274537627025179e-02
9.119999999999999218e+00       1.043972815932926387e-02
9.130000000000000782e+00       1.041678566062277309e-02
9.140000000000000568e+00       1.039391754856143144e-02
9.150000000000000355e+00       1.037112349299273290e-02
9.160000000000000142e+00       1.034840316523386039e-02
9.169999999999999929e+00       1.032575623809637785e-02
9.179999999999999716e+00       1.030318238591526950e-02
9.189999999999999503e+00       1.028068128453884893e-02
9.199999999999999289e+00       1.025825261138573093e-02
9.210000000000000853e+00       1.023589604543267452e-02
9.220000000000000639e+00       1.021361126723261022e-02
9.230000000000000426e+00       1.019139795892478988e-02
9.240000000000000213e+00       1.016925580424181234e-02
9.250000000000000000e+00       1.014718448853215056e-02
9.259999999999999787e+00       1.012518369872059468e-02
9.269999999999999574e+00       1.010325312337197537e-02
9.279999999999999361e+00       1.008139245265897259e-02
9.289999999999999147e+00       1.005960137837311891e-02
9.300000000000000711e+00       1.003787959392656547e-02
9.310000000000000497e+00       1.001622679435313669e-02
9.320000000000000284e+00       9.994642676308564469e-03
9.330000000000000071e+00       9.973126938070040609e-03
9.339999999999999858e+00       9.951679279546699758e-03
9.349999999999999645e+00       9.930299402232979633e-03
9.359999999999999432e+00       9.908987009272332211e-03
9.369999999999999218e+00       9.887741805411643867e-03
9.380000000000000782e+00       9.866563497023528306e-03
9.390000000000000568e+00       9.845451792043040384e-03
9.400000000000000355e+00       9.824406400053345423e-03
9.410000000000000142e+00       9.803427032221628118e-03
9.419999999999999929e+00       9.782513401309358633e-03
9.429999999999999716e+00       9.761665221667322617e-03
9.439999999999999503e+00       9.740882209230401420e-03
9.449999999999999289e+00       9.720164081511956794e-03
9.460000000000000853e+00       9.699510557598088958e-03
9.470000000000000639e+00       9.678921358141594558e-03
9.480000000000000426e+00       9.658396205355690434e-03
9.490000000000000213e+00       9.637934823007600349e-03
9.500000000000000000e+00       9.617536936411876305e-03
9.509999999999999787e+00       9.597202272423581079e-03
9.519999999999999574e+00       9.576930559431333714e-03
9.529999999999999361e+00       9.556721527350082665e-03
9.539999999999999147e+00       9.536574907613844243e-03
9.550000000000000711e+00       9.516490433168189531e-03
9.560000000000000497e+00       9.496467838462530064e-03
9.570000000000000284e+00       9.476506859442112088e-03
9.580000000000000071e+00       9.456607233539344667e-03
9.589999999999999858e+00       9.436768699663764318e-03
9.599999999999999645e+00       9.416990998187088624e-03
9.609999999999999432e+00       9.397273871488106764e-03
9.619999999999999218e+00       9.377617062011242913e-03
9.630000000000000782e+00       9.358020314906215567e-03
9.640000000000000568e+00       9.338483376377583467e-03
9.650000000000000355e+00       9.319005994062956946e-03
9.660000000000000142e+00       9.299587917407885554e-03
9.669999999999999929e+00       9.280228896029399724e-03
9.679999999999999716e+00       9.260928682331444686e-03
9.689999999999999503e+00       9.241687029582041843e-03
9.699999999999999289e+00       9.222503692451653259e-03
9.710000000000000853e+00       9.203378426997988956e-03
9.720000000000000639e+00       9.184310990655411219e-03
9.730000000000000426e+00       9.165301142225561887e-03
9.740000000000000213e+00       9.146348641868645366e-03
9.750000000000000000e+00       9.127453251094732462e-03
9.759999999999999787e+00       9.108614732755279317e-03
9.769999999999999574e+00       9.089832851034632469e-03
9.779999999999999361e+00       9.071107371441629319e-03
9.789999999999999147e+00       9.052438060801134417e-03
9.800000000000000711e+00       9.033824687245634727e-03
9.810000000000000497e+00       9.015267020206902543e-03
9.820000000000000284e+00       8.996764830407569941e-03
9.830000000000000071e+00       8.978317889852836797e-03
9.839999999999999858e+00       8.959925971822152793e-03
9.849999999999999645e+00       8.941588850860699919e-03
9.859999999999999432e+00       8.923306302771450912e-03
9.869999999999999218e+00       8.905078104606686459e-03
9.880000000000000782e+00       8.886904034659798626e-03
9.890000000000000568e+00       8.868783872457092557e-03
9.900000000000000355e+00       8.850717398749647150e-03
9.910000000000000142e+00       8.832704395505090733e-03
9.919999999999999929e+00       8.814744645899576236e-03
9.929999999999999716e+00       8.796837934309631457e-03
9.939999999999999503e+00       8.778984046304146374e-03
9.949999999999999289e+00       8.761182768636308418e-03
9.960000000000000853e+00       8.743433889235709480e-03
9.970000000000000639e+00       8.725737197200338427e-03
9.980000000000000426e+00       8.708092482788703723e-03
9.990000000000000213e+00       8.690499537411971662e-03
