1.000000000000000021e-02       0.000000000000000000e+00
2.000000000000000042e-02       0.000000000000000000e+00
2.999999999999999889e-02       0.000000000000000000e+00
4.000000000000000083e-02       0.000000000000000000e+00
5.000000000000000278e-02       0.000000000000000000e+00
5.999999999999999778e-02       0.000000000000000000e+00
7.000000000000000666e-02       0.000000000000000000e+00
8.000000000000000167e-02       0.000000000000000000e+00
8.999999999999999667e-02       0.000000000000000000e+00
1.000000000000000056e-01       0.000000000000000000e+00
1.100000000000000006e-01       0.000000000000000000e+00
1.199999999999999956e-01       0.000000000000000000e+00
1.300000000000000044e-01       0.000000000000000000e+00
1.400000000000000133e-01       0.000000000000000000e+00
1.499999999999999944e-01       0.000000000000000000e+00
1.600000000000000033e-01       0.000000000000000000e+00
1.700000000000000122e-01       0.000000000000000000e+00
1.799999999999999933e-01       0.000000000000000000e+00
1.900000000000000022e-01       0.000000000000000000e+00
2.000000000000000111e-01       0.000000000000000000e+00
2.099999999999999922e-01       0.000000000000000000e+00
2.200000000000000011e-01       0.000000000000000000e+00
2.300000000000000100e-01       0.000000000000000000e+00
2.399999999999999911e-01       0.000000000000000000e+00
2.500000000000000000e-01       0.000000000000000000e+00
2.600000000000000089e-01       0.000000000000000000e+00
2.700000000000000178e-01       0.000000000000000000e+00
2.800000000000000266e-01       0.000000000000000000e+00
2.899999999999999800e-01       0.000000000000000000e+00
2.999999999999999889e-01       0.000000000000000000e+00
3.099999999999999978e-01       0.000000000000000000e+00
3.200000000000000067e-01       0.000000000000000000e+00
3.300000000000000155e-01       0.000000000000000000e+00
3.400000000000000244e-01       0.000000000000000000e+00
3.499999999999999778e-01       0.000000000000000000e+00
3.599999999999999867e-01       0.000000000000000000e+00
3.699999999999999956e-01       0.000000000000000000e+00
3.800000000000000044e-01       0.000000000000000000e+00
3.900000000000000133e-01       0.000000000000000000e+00
4.000000000000000222e-01       0.000000000000000000e+00
4.099999999999999756e-01       0.000000000000000000e+00
4.199999999999999845e-01       0.000000000000000000e+00
4.299999999999999933e-01       0.000000000000000000e+00
4.400000000000000022e-01       0.000000000000000000e+00
4.500000000000000111e-01       0.000000000000000000e+00
4.600000000000000200e-01       0.000000000000000000e+00
4.699999999999999734e-01       0.000000000000000000e+00
4.799999999999999822e-01       0.000000000000000000e+00
4.899999999999999911e-01       0.000000000000000000e+00
5.000000000000000000e-01       9.881747216033968503e-06
5.100000000000000089e-01       2.443168569337812149e-04
5.200000000000000178e-01       7.349519055255320172e-04
5.300000000000000266e-01       1.418680650271712633e-03
5.400000000000000355e-01       2.244264493562223798e-03
5.500000000000000444e-01       3.170261938427581042e-03
5.600000000000000533e-01       4.162704660296779637e-03
5.699999999999999512e-01       5.194273780391080002e-03
5.799999999999999600e-01       6.243409583428046437e-03
5.899999999999999689e-01       7.293145607791422236e-03
5.999999999999999778e-01       8.330279118184831175e-03
6.099999999999999867e-01       9.344677661082165590e-03
6.199999999999999956e-01       1.032870296615499839e-02
6.300000000000000044e-01       1.127673467378198513e-02
6.400000000000000133e-01       1.218477812838724555e-02
6.500000000000000222e-01       1.305014242756587749e-02
6.600000000000000311e-01       1.387117684622354158e-02
6.700000000000000400e-01       1.464705554952370169e-02
6.800000000000000488e-01       1.537760211700075694e-02
6.899999999999999467e-01       1.606314680198944744e-02
6.999999999999999556e-01       1.670441065568625122e-02
7.099999999999999645e-01       1.730241166295998570e-02
7.199999999999999734e-01       1.785838889183937947e-02
7.299999999999999822e-01       1.837374137000577154e-02
7.399999999999999911e-01       1.884997899087142992e-02
7.500000000000000000e-01       1.928868323825814676e-02
7.600000000000000089e-01       1.969147591845929121e-02
7.700000000000000178e-01       2.005999441745183812e-02
7.800000000000000266e-01       2.038951617706722882e-02
7.900000000000000355e-01       2.063896918500573302e-02
8.000000000000000444e-01       2.081046005268436666e-02
8.100000000000000533e-01       2.091595680499029955e-02
8.199999999999999512e-01       2.096636408353398651e-02
8.299999999999999600e-01       2.097132336834595448e-02
8.399999999999999689e-01       2.093919022802691668e-02
8.499999999999999778e-01       2.087709340273195130e-02
8.599999999999999867e-01       2.079103982031806075e-02
8.699999999999999956e-01       2.068604055947353623e-02
8.800000000000000044e-01       2.056624150228643713e-02
8.900000000000000133e-01       2.043504870880602856e-02
9.000000000000000222e-01       2.029323865258473442e-02
9.100000000000000311e-01       2.014014521827668311e-02
9.200000000000000400e-01       1.997870768434444749e-02
9.300000000000000488e-01       1.981138043576248162e-02
9.399999999999999467e-01       1.964014175120841824e-02
9.499999999999999556e-01       1.946657509935673797e-02
9.599999999999999645e-01       1.929192711655579318e-02
9.699999999999999734e-01       1.911689926422122099e-02
9.799999999999999822e-01       1.894219719422991083e-02
9.899999999999999911e-01       1.876848676792950560e-02
1.000000000000000000e+00       1.859627984444811935e-02
1.010000000000000009e+00       1.842596338581489399e-02
1.020000000000000018e+00       1.825781925285775709e-02
1.030000000000000027e+00       1.809057669636595159e-02
1.040000000000000036e+00       1.792356598255435973e-02
1.050000000000000044e+00       1.775736073001174184e-02
1.060000000000000053e+00       1.759241441843514137e-02
1.070000000000000062e+00       1.742908098266133382e-02
1.080000000000000071e+00       1.726763215237386156e-02
1.090000000000000080e+00       1.710827200391887640e-02
1.100000000000000089e+00       1.695114913886628175e-02
1.110000000000000098e+00       1.679636685230173274e-02
1.120000000000000107e+00       1.664399160497228441e-02
1.129999999999999893e+00       1.649406006879643519e-02
1.139999999999999902e+00       1.634658497537445909e-02
1.149999999999999911e+00       1.620155996218256358e-02
1.159999999999999920e+00       1.605896358080875427e-02
1.169999999999999929e+00       1.591876260557557529e-02
1.179999999999999938e+00       1.578091475864894927e-02
1.189999999999999947e+00       1.564537094904087933e-02
1.199999999999999956e+00       1.551207710684263802e-02
1.209999999999999964e+00       1.538097568083919044e-02
1.219999999999999973e+00       1.525200685632363030e-02
1.229999999999999982e+00       1.512510954057330256e-02
1.239999999999999991e+00       1.500022215557772834e-02
1.250000000000000000e+00       1.487728327135209687e-02
1.260000000000000009e+00       1.475623210542705878e-02
1.270000000000000018e+00       1.463700891651880526e-02
1.280000000000000027e+00       1.451955530438950141e-02
1.290000000000000036e+00       1.440381443764256544e-02
1.300000000000000044e+00       1.428973122005070852e-02
1.310000000000000053e+00       1.417725240710062187e-02
1.320000000000000062e+00       1.406632668191180706e-02
1.330000000000000071e+00       1.395690469819320552e-02
1.340000000000000080e+00       1.384893909659603781e-02
1.350000000000000089e+00       1.374238449977829672e-02
1.360000000000000098e+00       1.363719749054428595e-02
1.370000000000000107e+00       1.353333657671895729e-02
1.379999999999999893e+00       1.343076214575958383e-02
1.389999999999999902e+00       1.332943641159396904e-02
1.399999999999999911e+00       1.322932335572864909e-02
1.409999999999999920e+00       1.313038866431904053e-02
1.419999999999999929e+00       1.303259966256433040e-02
1.429999999999999938e+00       1.293592524755764195e-02
1.439999999999999947e+00       1.284033582049591733e-02
1.449999999999999956e+00       1.274580321898022978e-02
1.459999999999999964e+00       1.265230064554611136e-02
1.469999999999999973e+00       1.255980261962370489e-02
1.479999999999999982e+00       1.246828488624020584e-02
1.489999999999999991e+00       1.237772437139511052e-02
1.500000000000000000e+00       1.228809911687003126e-02
1.510000000000000009e+00       1.219938822166719526e-02
1.520000000000000018e+00       1.211157178508995638e-02
1.530000000000000027e+00       1.202463085046714258e-02
1.540000000000000036e+00       1.193854735124288101e-02
1.550000000000000044e+00       1.185330406003413592e-02
1.560000000000000053e+00       1.176888454051912801e-02
1.570000000000000062e+00       1.168527310199190400e-02
1.580000000000000071e+00       1.160245475648638905e-02
1.590000000000000080e+00       1.152041517830058523e-02
1.600000000000000089e+00       1.143914064696196185e-02
1.610000000000000098e+00       1.135861768081777683e-02
1.620000000000000107e+00       1.127883279559794769e-02
1.629999999999999893e+00       1.119977268840830972e-02
1.639999999999999902e+00       1.112142430512856953e-02
1.649999999999999911e+00       1.104377486724880675e-02
1.659999999999999920e+00       1.096681188593673535e-02
1.669999999999999929e+00       1.089052316979159836e-02
1.679999999999999938e+00       1.081489682949143827e-02
1.689999999999999947e+00       1.073992128020170855e-02
1.699999999999999956e+00       1.066558524223809590e-02
1.709999999999999964e+00       1.059187774135171393e-02
1.719999999999999973e+00       1.051878810690183574e-02
1.729999999999999982e+00       1.044630597080216730e-02
1.739999999999999991e+00       1.037442126473699620e-02
1.750000000000000000e+00       1.030312421716499290e-02
1.760000000000000009e+00       1.023240534984242930e-02
1.770000000000000018e+00       1.016225547387205122e-02
1.780000000000000027e+00       1.009266568532984562e-02
1.790000000000000036e+00       1.002362736026384503e-02
1.800000000000000044e+00       9.955132146577300861e-03
1.810000000000000053e+00       9.887171952520259002e-03
1.820000000000000062e+00       9.819738935585664227e-03
1.830000000000000071e+00       9.752825492783093533e-03
1.840000000000000080e+00       9.686424251799146540e-03
1.850000000000000089e+00       9.620528063063675528e-03
1.860000000000000098e+00       9.555129992562746283e-03
1.870000000000000107e+00       9.490217167395920486e-03
1.879999999999999893e+00       9.425740622001292646e-03
1.889999999999999902e+00       9.361685596409825838e-03
1.899999999999999911e+00       9.298051306620582976e-03
1.909999999999999920e+00       9.234836786286976240e-03
1.919999999999999929e+00       9.172040903820011248e-03
1.929999999999999938e+00       9.109662380065691734e-03
1.939999999999999947e+00       9.047699804650064653e-03
1.949999999999999956e+00       8.986151650688391571e-03
1.959999999999999964e+00       8.925016289051086044e-03
1.969999999999999973e+00       8.864268444333045852e-03
1.979999999999999982e+00       8.802670799481871616e-03
1.989999999999999991e+00       8.739684635187910250e-03
2.000000000000000000e+00       8.675501742678748754e-03
2.009999999999999787e+00       8.610298736390820454e-03
2.020000000000000018e+00       8.544195488964834856e-03
2.029999999999999805e+00       8.477320870199039557e-03
2.040000000000000036e+00       8.409823757983311832e-03
2.049999999999999822e+00       8.341841148369895376e-03
2.060000000000000053e+00       8.273498832260551064e-03
2.069999999999999840e+00       8.204912039937197615e-03
2.080000000000000071e+00       8.136186077186633933e-03
2.089999999999999858e+00       8.067416947542168856e-03
2.100000000000000089e+00       7.998691956848824614e-03
2.109999999999999876e+00       7.930090296959957374e-03
2.120000000000000107e+00       7.861683606250514586e-03
2.129999999999999893e+00       7.793536505347837574e-03
2.140000000000000124e+00       7.725707107031568564e-03
2.149999999999999911e+00       7.658247499748833433e-03
2.160000000000000142e+00       7.591204204578478991e-03
2.169999999999999929e+00       7.524618605822811467e-03
2.180000000000000160e+00       7.458527355641609430e-03
2.189999999999999947e+00       7.392962753368625614e-03
2.200000000000000178e+00       7.327953100299390218e-03
2.209999999999999964e+00       7.263523030860283107e-03
2.220000000000000195e+00       7.199693821153296466e-03
2.229999999999999982e+00       7.136483675926980942e-03
2.240000000000000213e+00       7.073907995057531102e-03
2.250000000000000000e+00       7.011979620637541141e-03
2.259999999999999787e+00       6.950709065768683262e-03
2.270000000000000018e+00       6.890104726140511629e-03
2.279999999999999805e+00       6.830173075453999966e-03
2.290000000000000036e+00       6.770918845717414404e-03
2.299999999999999822e+00       6.712345193405354002e-03
2.310000000000000053e+00       6.654453852431163260e-03
2.319999999999999840e+00       6.597245274839613587e-03
2.330000000000000071e+00       6.540718760081726778e-03
2.339999999999999858e+00       6.484872573687786544e-03
2.350000000000000089e+00       6.429704056108940906e-03
2.359999999999999876e+00       6.375209837722664412e-03
2.370000000000000107e+00       6.321385353791213017e-03
2.379999999999999893e+00       6.268226080683359305e-03
2.390000000000000124e+00       6.215726459503799137e-03
2.399999999999999911e+00       6.163880542137540643e-03
2.410000000000000142e+00       6.112681939566806319e-03
2.419999999999999929e+00       6.062123879824706137e-03
2.430000000000000160e+00       6.012199260697259108e-03
2.439999999999999947e+00       5.962900697683386035e-03
2.450000000000000178e+00       5.914220567651074997e-03
2.459999999999999964e+00       5.866151048395044920e-03
2.470000000000000195e+00       5.818684154479419890e-03
2.479999999999999982e+00       5.771811769696807981e-03
2.490000000000000213e+00       5.725525676415527294e-03
2.500000000000000000e+00       5.679817582071452868e-03
2.509999999999999787e+00       5.634679143043581397e-03
2.520000000000000018e+00       5.590101986134158804e-03
2.529999999999999805e+00       5.546077727856845059e-03
2.540000000000000036e+00       5.502597991720079018e-03
2.549999999999999822e+00       5.459654423678075678e-03
2.560000000000000053e+00       5.417238705907783183e-03
2.569999999999999840e+00       5.375342569057556252e-03
2.580000000000000071e+00       5.333957803101477962e-03
2.589999999999999858e+00       5.293076266922194274e-03
2.600000000000000089e+00       5.252689896735325374e-03
2.609999999999999876e+00       5.212790713459033304e-03
2.620000000000000107e+00       5.173370829123921481e-03
2.629999999999999893e+00       5.134422452410522704e-03
2.640000000000000124e+00       5.095937893394370671e-03
2.649999999999999911e+00       5.057909567572001740e-03
2.660000000000000142e+00       5.020329999235153412e-03
2.669999999999999929e+00       4.983191824254669389e-03
2.680000000000000160e+00       4.946487812099734094e-03
2.689999999999999947e+00       4.910210768759383330e-03
2.700000000000000178e+00       4.874353735834890955e-03
2.709999999999999964e+00       4.838909793516922922e-03
2.720000000000000195e+00       4.803872160430045814e-03
2.729999999999999982e+00       4.769234173717617348e-03
2.740000000000000213e+00       4.734989289684787654e-03
2.750000000000000000e+00       4.701131082662733315e-03
2.759999999999999787e+00       4.667653245084349423e-03
2.770000000000000018e+00       4.634549586646172573e-03
2.779999999999999805e+00       4.601814033460461043e-03
2.790000000000000036e+00       4.569440627030558685e-03
2.799999999999999822e+00       4.537423523083259497e-03
2.810000000000000053e+00       4.505756990284363710e-03
2.819999999999999840e+00       4.474435408850930239e-03
2.830000000000000071e+00       4.443453269073231564e-03
2.839999999999999858e+00       4.412805169759099685e-03
2.850000000000000089e+00       4.382485816612428919e-03
2.859999999999999876e+00       4.352490020556579534e-03
2.870000000000000107e+00       4.322812696012253569e-03
2.879999999999999893e+00       4.293448859138669117e-03
2.890000000000000124e+00       4.264393626045894815e-03
2.899999999999999911e+00       4.235642210985461273e-03
2.910000000000000142e+00       4.207189924525655753e-03
2.919999999999999929e+00       4.179032171717271538e-03
2.930000000000000160e+00       4.151164450254988397e-03
2.939999999999999947e+00       4.123582348639000250e-03
2.950000000000000178e+00       4.096281544341043822e-03
2.959999999999999964e+00       4.069257801978479888e-03
2.970000000000000195e+00       4.042506971499776856e-03
2.979999999999999982e+00       4.016024986384208670e-03
2.990000000000000213e+00       3.989807861858385603e-03
3.000000000000000000e+00       3.963851693131853135e-03
3.009999999999999787e+00       3.938152651338209381e-03
3.020000000000000018e+00       3.912706967752363658e-03
3.029999999999999805e+00       3.887510933405529789e-03
3.040000000000000036e+00       3.862560904911964063e-03
3.049999999999999822e+00       3.837853305826104035e-03
3.060000000000000053e+00       3.813384626781500357e-03
3.069999999999999840e+00       3.789151424886149852e-03
3.080000000000000071e+00       3.765150323890570708e-03
3.089999999999999858e+00       3.741378012050780143e-03
3.100000000000000089e+00       3.717830681570623817e-03
3.109999999999999876e+00       3.694500146351871461e-03
3.120000000000000107e+00       3.671382530800240511e-03
3.129999999999999893e+00       3.648475283037484924e-03
3.140000000000000124e+00       3.625775880141888976e-03
3.149999999999999911e+00       3.603281828662816162e-03
3.160000000000000142e+00       3.580990654204838346e-03
3.169999999999999929e+00       3.558899945231407385e-03
3.180000000000000160e+00       3.537007287896246771e-03
3.189999999999999947e+00       3.515310309965357857e-03
3.200000000000000178e+00       3.493806669955394888e-03
3.209999999999999964e+00       3.472494057189736468e-03
3.220000000000000195e+00       3.451370191793466571e-03
3.229999999999999982e+00       3.430432824650474395e-03
3.240000000000000213e+00       3.409679737314236670e-03
3.250000000000000000e+00       3.389108741881841601e-03
3.259999999999999787e+00       3.368717680834240787e-03
3.270000000000000018e+00       3.348504426846641777e-03
3.279999999999999805e+00       3.328466882571789066e-03
3.290000000000000036e+00       3.308602980399457695e-03
3.299999999999999822e+00       3.288910682194718174e-03
3.310000000000000053e+00       3.269387979017465088e-03
3.319999999999999840e+00       3.250032890829344673e-03
3.330000000000000071e+00       3.230843466168032731e-03
3.339999999999999858e+00       3.211817781843391301e-03
3.350000000000000089e+00       3.192953942589940239e-03
3.359999999999999876e+00       3.174250080725756797e-03
3.370000000000000107e+00       3.155704355800512378e-03
3.379999999999999893e+00       3.137314954236944658e-03
3.390000000000000124e+00       3.119080088966948161e-03
3.399999999999999911e+00       3.100997999063429510e-03
3.410000000000000142e+00       3.083066949369092646e-03
3.419999999999999929e+00       3.065285230121441926e-03
3.430000000000000160e+00       3.047651156579740239e-03
3.439999999999999947e+00       3.030163068646485845e-03
3.450000000000000178e+00       3.012819330492257173e-03
3.459999999999999964e+00       2.995618330179652088e-03
3.470000000000000195e+00       2.978558479288487444e-03
3.479999999999999982e+00       2.961638212542562921e-03
3.490000000000000213e+00       2.944855987438397237e-03
3.500000000000000000e+00       2.928210283876407291e-03
3.509999999999999787e+00       2.911699603794822098e-03
3.520000000000000018e+00       2.895322470806723555e-03
3.529999999999999805e+00       2.879077429840473830e-03
3.540000000000000036e+00       2.862963046782784297e-03
3.549999999999999822e+00       2.846977908130874854e-03
3.560000000000000053e+00       2.831120620595541874e-03
3.569999999999999840e+00       2.815389809805712244e-03
3.580000000000000071e+00       2.799784119246275654e-03
3.589999999999999858e+00       2.784302210698289762e-03
3.600000000000000089e+00       2.768942764272965158e-03
3.609999999999999876e+00       2.753704478273151166e-03
3.620000000000000107e+00       2.738586068995541804e-03
3.629999999999999893e+00       2.723586270505772792e-03
3.640000000000000124e+00       2.708703834397405141e-03
3.649999999999999911e+00       2.693937529539580135e-03
3.660000000000000142e+00       2.679286141821125497e-03
3.669999999999999929e+00       2.664748473891524749e-03
3.680000000000000160e+00       2.650323344899705585e-03
3.689999999999999947e+00       2.636009590233572442e-03
3.700000000000000178e+00       2.621806061259040772e-03
3.709999999999999964e+00       2.607711625144761448e-03
3.720000000000000195e+00       2.593725164276635114e-03
3.729999999999999982e+00       2.579845576497154583e-03
3.740000000000000213e+00       2.566071774524599034e-03
3.750000000000000000e+00       2.552402685787223940e-03
3.759999999999999787e+00       2.538837252178085223e-03
3.770000000000000018e+00       2.525374429815034193e-03
3.779999999999999805e+00       2.512013188795542140e-03
3.790000000000000036e+00       2.498752512971517611e-03
3.799999999999999822e+00       2.485591399711992774e-03
3.810000000000000053e+00       2.472528859677035600e-03
3.819999999999999840e+00       2.459563916593968374e-03
3.830000000000000071e+00       2.446695607037243422e-03
3.839999999999999858e+00       2.433922980212127867e-03
3.850000000000000089e+00       2.421245097742074671e-03
3.859999999999999876e+00       2.408661033459859758e-03
3.870000000000000107e+00       2.396169873202538565e-03
3.879999999999999893e+00       2.383770714609528135e-03
3.890000000000000124e+00       2.371462666925385106e-03
3.899999999999999911e+00       2.359244850805648080e-03
3.910000000000000142e+00       2.347116398125708835e-03
3.919999999999999929e+00       2.335076451794272732e-03
3.930000000000000160e+00       2.323124165569764692e-03
3.939999999999999947e+00       2.311258703880324315e-03
3.950000000000000178e+00       2.299479241647220135e-03
3.959999999999999964e+00       2.287784964111753711e-03
3.970000000000000195e+00       2.276175066664972227e-03
3.979999999999999982e+00       2.264648754681679744e-03
3.990000000000000213e+00       2.253205243356656319e-03
4.000000000000000000e+00       2.241843757544542161e-03
4.009999999999999787e+00       2.230563531602751046e-03
4.019999999999999574e+00       2.219363809236930309e-03
4.030000000000000249e+00       2.208243843352057818e-03
4.040000000000000036e+00       2.197202895901053093e-03
4.049999999999999822e+00       2.186240237741925423e-03
4.059999999999999609e+00       2.175355148494846538e-03
4.070000000000000284e+00       2.164546916402602071e-03
4.080000000000000071e+00       2.153814838193799080e-03
4.089999999999999858e+00       2.143158218948764109e-03
4.099999999999999645e+00       2.132576371968045517e-03
4.110000000000000320e+00       2.122068618636494854e-03
4.120000000000000107e+00       2.111634288323654702e-03
4.129999999999999893e+00       2.101272718221254120e-03
4.139999999999999680e+00       2.090983253246565029e-03
4.150000000000000355e+00       2.080765245917277906e-03
4.160000000000000142e+00       2.070618056234708928e-03
4.169999999999999929e+00       2.060541051569293042e-03
4.179999999999999716e+00       2.050533606548293579e-03
4.190000000000000391e+00       2.040595102945699357e-03
4.200000000000000178e+00       2.030724929574253754e-03
4.209999999999999964e+00       2.020922482179577165e-03
4.219999999999999751e+00       2.011187163336316044e-03
4.230000000000000426e+00       2.001518382346314639e-03
4.240000000000000213e+00       1.991915555138729609e-03
4.250000000000000000e+00       1.982378104172051979e-03
4.259999999999999787e+00       1.972905458338025143e-03
4.269999999999999574e+00       1.963497052867364812e-03
4.280000000000000249e+00       1.954152329237295212e-03
4.290000000000000036e+00       1.944870735080818499e-03
4.299999999999999822e+00       1.935651724097716938e-03
4.309999999999999609e+00       1.926494755967210004e-03
4.320000000000000284e+00       1.917399296262272930e-03
4.330000000000000071e+00       1.908364816365541641e-03
4.339999999999999858e+00       1.899390793386791960e-03
4.349999999999999645e+00       1.890476710081954266e-03
4.360000000000000320e+00       1.881622054773625201e-03
4.370000000000000107e+00       1.872826321273054562e-03
4.379999999999999893e+00       1.864089008803543378e-03
4.389999999999999680e+00       1.855409621925277258e-03
4.400000000000000355e+00       1.846787670461502414e-03
4.410000000000000142e+00       1.838222669426068647e-03
4.419999999999999929e+00       1.829714138952259718e-03
4.429999999999999716e+00       1.821261604222926267e-03
4.440000000000000391e+00       1.812864595401869920e-03
4.450000000000000178e+00       1.804522647566444288e-03
4.459999999999999964e+00       1.796235300641373534e-03
4.469999999999999751e+00       1.788002099333728216e-03
4.480000000000000426e+00       1.779822593069064910e-03
4.490000000000000213e+00       1.771696335928684297e-03
4.500000000000000000e+00       1.763622886588027232e-03
4.509999999999999787e+00       1.755601808255920389e-03
4.519999999999999574e+00       1.747632668615349766e-03
4.530000000000000249e+00       1.739715039764777810e-03
4.540000000000000036e+00       1.731848498160709756e-03
4.549999999999999822e+00       1.724032624561202794e-03
4.559999999999999609e+00       1.716267003970332146e-03
4.570000000000000284e+00       1.708551225583601705e-03
4.580000000000000071e+00       1.700884882734282101e-03
4.589999999999999858e+00       1.693267572840652987e-03
4.599999999999999645e+00       1.685698897354118543e-03
4.610000000000000320e+00       1.678178461708204009e-03
4.620000000000000107e+00       1.670705875268386391e-03
4.629999999999999893e+00       1.663280751282763051e-03
4.639999999999999680e+00       1.655902706832060008e-03
4.650000000000000355e+00       1.648571362787793230e-03
4.660000000000000142e+00       1.641286343756454338e-03
4.669999999999999929e+00       1.634047278038028381e-03
4.679999999999999716e+00       1.626853797583757222e-03
4.690000000000000391e+00       1.619705537944631912e-03
4.700000000000000178e+00       1.612602138231788952e-03
4.709999999999999964e+00       1.605543241072140189e-03
4.719999999999999751e+00       1.598528492565767789e-03
4.730000000000000426e+00       1.591557542243988814e-03
4.740000000000000213e+00       1.584630043028180694e-03
4.750000000000000000e+00       1.577745651188704927e-03
4.759999999999999787e+00       1.570904026305572875e-03
4.769999999999999574e+00       1.564104831228616292e-03
4.780000000000000249e+00       1.557347732039615932e-03
4.790000000000000036e+00       1.550632398010144295e-03
4.799999999999999822e+00       1.543958501571972329e-03
4.809999999999999609e+00       1.537325718271860802e-03
4.820000000000000284e+00       1.530733726739615152e-03
4.830000000000000071e+00       1.524182208650675524e-03
4.839999999999999858e+00       1.517670848691301741e-03
4.849999999999999645e+00       1.511199334523115551e-03
4.860000000000000320e+00       1.504767356750271205e-03
4.870000000000000107e+00       1.498374608881356809e-03
4.879999999999999893e+00       1.492020787303696347e-03
4.889999999999999680e+00       1.485705591243049453e-03
4.900000000000000355e+00       1.479428722734778138e-03
4.910000000000000142e+00       1.473189886591923540e-03
4.919999999999999929e+00       1.466988790372719762e-03
4.929999999999999716e+00       1.460825144350312533e-03
4.940000000000000391e+00       1.454698661482051571e-03
4.950000000000000178e+00       1.448609057379390309e-03
4.959999999999999964e+00       1.442556050278209984e-03
4.969999999999999751e+00       1.436539361009570243e-03
4.980000000000000426e+00       1.430558712970861129e-03
4.990000000000000213e+00       1.424613832097368360e-03
5.000000000000000000e+00       1.418704446747086822e-03
5.009999999999999787e+00       1.412830288024233705e-03
5.019999999999999574e+00       1.406991089221204007e-03
5.030000000000000249e+00       1.401186586148318912e-03
5.040000000000000036e+00       1.395416517017406335e-03
5.049999999999999822e+00       1.389680622415640204e-03
5.059999999999999609e+00       1.383978645279733194e-03
5.070000000000000284e+00       1.378310330870481399e-03
5.080000000000000071e+00       1.372675426747642933e-03
5.089999999999999858e+00       1.367073682745166508e-03
5.099999999999999645e+00       1.361504850946738347e-03
5.110000000000000320e+00       1.355968685661669733e-03
5.120000000000000107e+00       1.350464943401091193e-03
5.129999999999999893e+00       1.344993382854466936e-03
5.139999999999999680e+00       1.339553764866418520e-03
5.150000000000000355e+00       1.334145852413850782e-03
5.160000000000000142e+00       1.328769410583379405e-03
5.169999999999999929e+00       1.323424206549048609e-03
5.179999999999999716e+00       1.318110009550339844e-03
5.190000000000000391e+00       1.312826590870462377e-03
5.200000000000000178e+00       1.307573723814926640e-03
5.209999999999999964e+00       1.302351183690395563e-03
5.219999999999999751e+00       1.297158747783774000e-03
5.230000000000000426e+00       1.291996195341629707e-03
5.240000000000000213e+00       1.286863307549810124e-03
5.250000000000000000e+00       1.281759867513346252e-03
5.259999999999999787e+00       1.276685660236612403e-03
5.269999999999999574e+00       1.271640472603717759e-03
5.280000000000000249e+00       1.266624093308516344e-03
5.290000000000000036e+00       1.261636277808728937e-03
5.299999999999999822e+00       1.256676790165560777e-03
5.309999999999999609e+00       1.251745427178160537e-03
5.320000000000000284e+00       1.246841987351130811e-03
5.330000000000000071e+00       1.241966270875212832e-03
5.339999999999999858e+00       1.237118079600482180e-03
5.349999999999999645e+00       1.232297217051618468e-03
5.360000000000000320e+00       1.227503488398838313e-03
5.370000000000000107e+00       1.222736695938881702e-03
5.379999999999999893e+00       1.217996586372401425e-03
5.389999999999999680e+00       1.213282952743542902e-03
5.400000000000000355e+00       1.208595609986192441e-03
5.410000000000000142e+00       1.203934374500673782e-03
5.419999999999999929e+00       1.199299064141882585e-03
5.429999999999999716e+00       1.194689498208137586e-03
5.440000000000000391e+00       1.190105497427742555e-03
5.450000000000000178e+00       1.185546883951393415e-03
5.459999999999999964e+00       1.181013481336841767e-03
5.469999999999999751e+00       1.176505114539740321e-03
5.480000000000000426e+00       1.172021609901673740e-03
5.490000000000000213e+00       1.167562795139232045e-03
5.500000000000000000e+00       1.163128499332603729e-03
5.509999999999999787e+00       1.158718552914862754e-03
5.519999999999999574e+00       1.154332787661115469e-03
5.530000000000000249e+00       1.149971036675843635e-03
5.540000000000000036e+00       1.145633134385610997e-03
5.549999999999999822e+00       1.141318916524759839e-03
5.559999999999999609e+00       1.137028220126443979e-03
5.570000000000000284e+00       1.132760883511559286e-03
5.580000000000000071e+00       1.128516746278526587e-03
5.589999999999999858e+00       1.124295649292266202e-03
5.599999999999999645e+00       1.120097434674127441e-03
5.610000000000000320e+00       1.115921945791439711e-03
5.620000000000000107e+00       1.111769027247231029e-03
5.629999999999999893e+00       1.107638524870018740e-03
5.639999999999999680e+00       1.103530285703668108e-03
5.650000000000000355e+00       1.099444157997326145e-03
5.660000000000000142e+00       1.095379991195421371e-03
5.669999999999999929e+00       1.091337635927747476e-03
5.679999999999999716e+00       1.087316943984673696e-03
5.690000000000000391e+00       1.083317768367471953e-03
5.700000000000000178e+00       1.079339963187848613e-03
5.709999999999999964e+00       1.075383383748379062e-03
5.719999999999999751e+00       1.071447886400801611e-03
5.730000000000000426e+00       1.067533328712048316e-03
5.740000000000000213e+00       1.063639569337585661e-03
5.750000000000000000e+00       1.059766468041428494e-03
5.759999999999999787e+00       1.055913885686862947e-03
5.769999999999999574e+00       1.052081684227236351e-03
5.780000000000000249e+00       1.048269726696817415e-03
5.790000000000000036e+00       1.044477877201731211e-03
5.799999999999999822e+00       1.040706000910959642e-03
5.809999999999999609e+00       1.036953964047416729e-03
5.820000000000000284e+00       1.033221633879093278e-03
5.830000000000000071e+00       1.029508878710266384e-03
5.839999999999999858e+00       1.025815567872779849e-03
5.849999999999999645e+00       1.022141571717403519e-03
5.860000000000000320e+00       1.018486761605245320e-03
5.870000000000000107e+00       1.014851009872418412e-03
5.879999999999999893e+00       1.011234189928970515e-03
5.889999999999999680e+00       1.007636176089340063e-03
5.900000000000000355e+00       1.004056843671570672e-03
5.910000000000000142e+00       1.000496068962174103e-03
5.919999999999999929e+00       9.969537292079577642e-04
5.929999999999999716e+00       9.934297026079135732e-04
5.940000000000000391e+00       9.899238683051848897e-04
5.950000000000000178e+00       9.864361063790902558e-04
5.959999999999999964e+00       9.829662978372128400e-04
5.969999999999999751e+00       9.795143246075623065e-04
5.980000000000000426e+00       9.760800695307962063e-04
5.990000000000000213e+00       9.726634163525076137e-04
6.000000000000000000e+00       9.692642497155723935e-04
6.009999999999999787e+00       9.658824551519999040e-04
6.019999999999999574e+00       9.625179190718484391e-04
6.030000000000000249e+00       9.591705287558987322e-04
6.040000000000000036e+00       9.558401723499844460e-04
6.049999999999999822e+00       9.525267388583328948e-04
6.059999999999999609e+00       9.492301181527676435e-04
6.070000000000000284e+00       9.459502009010844863e-04
6.080000000000000071e+00       9.426868786578796160e-04
6.089999999999999858e+00       9.394400437916349683e-04
6.099999999999999645e+00       9.362095894948441275e-04
6.110000000000000320e+00       9.329954097769539538e-04
6.120000000000000107e+00       9.297973994575668526e-04
6.129999999999999893e+00       9.266154541596589812e-04
6.139999999999999680e+00       9.234494703028688209e-04
6.150000000000000355e+00       9.202993450968051554e-04
6.160000000000000142e+00       9.171649765344520866e-04
6.169999999999999929e+00       9.140462633855842402e-04
6.179999999999999716e+00       9.109431051902461577e-04
6.190000000000000391e+00       9.078554022522946796e-04
6.200000000000000178e+00       9.047830556329638802e-04
6.209999999999999964e+00       9.017259671445279059e-04
6.219999999999999751e+00       8.986840393439728125e-04
6.230000000000000426e+00       8.956571755267432123e-04
6.240000000000000213e+00       8.926452797205328311e-04
6.250000000000000000e+00       8.896482566791323121e-04
6.259999999999999787e+00       8.866660118763286264e-04
6.269999999999999574e+00       8.836984514998337580e-04
6.280000000000000249e+00       8.807454821953415421e-04
6.290000000000000036e+00       8.778070101344274566e-04
6.299999999999999822e+00       8.748829434428756924e-04
6.309999999999999609e+00       8.719731911683234211e-04
6.320000000000000284e+00       8.690776630411852161e-04
6.330000000000000071e+00       8.661962694689424522e-04
6.339999999999999858e+00       8.633289215304842034e-04
6.349999999999999645e+00       8.604755309704955214e-04
6.360000000000000320e+00       8.576360101938939598e-04
6.370000000000000107e+00       8.548102722619911739e-04
6.379999999999999893e+00       8.519982308803687211e-04
6.389999999999999680e+00       8.491998004033685012e-04
6.400000000000000355e+00       8.464148958221577503e-04
6.410000000000000142e+00       8.436434327610286589e-04
6.419999999999999929e+00       8.408853274752579399e-04
6.429999999999999716e+00       8.381404968333985546e-04
6.440000000000000391e+00       8.354088583306603939e-04
6.450000000000000178e+00       8.326903300714725122e-04
6.459999999999999964e+00       8.299848307674313839e-04
6.469999999999999751e+00       8.272922797322429913e-04
6.480000000000000426e+00       8.246125968817105733e-04
6.490000000000000213e+00       8.219457027087412717e-04
6.500000000000000000e+00       8.192915183085029826e-04
6.509999999999999787e+00       8.166499653534524698e-04
6.519999999999999574e+00       8.140209660935283529e-04
6.530000000000000249e+00       8.114044433513487422e-04
6.540000000000000036e+00       8.088003205174584213e-04
6.549999999999999822e+00       8.062085215456159292e-04
6.559999999999999609e+00       8.036289709481154444e-04
6.570000000000000284e+00       8.010615937911611450e-04
6.580000000000000071e+00       7.985063156902734438e-04
6.589999999999999858e+00       7.959630628057340384e-04
6.599999999999999645e+00       7.934317618380832193e-04
6.610000000000000320e+00       7.909123400236431995e-04
6.620000000000000107e+00       7.884047251300856790e-04
6.629999999999999893e+00       7.859088454520435363e-04
6.639999999999999680e+00       7.834246298067522275e-04
6.650000000000000355e+00       7.809520075297376974e-04
6.660000000000000142e+00       7.784909084659460878e-04
6.669999999999999929e+00       7.760412629838738191e-04
6.679999999999999716e+00       7.736030019437956963e-04
6.690000000000000391e+00       7.711760567119901833e-04
6.700000000000000178e+00       7.687603591520106002e-04
6.709999999999999964e+00       7.663558416205918256e-04
6.719999999999999751e+00       7.639624369635967908e-04
6.730000000000000426e+00       7.615800785119917040e-04
6.740000000000000213e+00       7.592087000778655103e-04
6.750000000000000000e+00       7.568482359504777584e-04
6.759999999999999787e+00       7.544986208923459316e-04
6.769999999999999574e+00       7.521597901353647628e-04
6.780000000000000249e+00       7.498316793769586180e-04
6.790000000000000036e+00       7.475142247762881983e-04
6.799999999999999822e+00       7.452073629503914304e-04
6.809999999999999609e+00       7.429110309705990942e-04
6.820000000000000284e+00       7.406251663586630287e-04
6.830000000000000071e+00       7.383497070831752289e-04
6.839999999999999858e+00       7.360845915558183496e-04
6.849999999999999645e+00       7.338297586279272661e-04
6.860000000000000320e+00       7.315851475867287367e-04
6.870000000000000107e+00       7.293506981518835556e-04
6.879999999999999893e+00       7.271263504719475013e-04
6.889999999999999680e+00       7.249120451235821451e-04
6.900000000000000355e+00       7.227077230972753664e-04
6.910000000000000142e+00       7.205133258101902331e-04
6.919999999999999929e+00       7.183287950918910460e-04
6.929999999999999716e+00       7.161540731837038763e-04
6.940000000000000391e+00       7.139891027353799336e-04
6.950000000000000178e+00       7.118338268017888578e-04
6.959999999999999964e+00       7.096881888396406332e-04
6.969999999999999751e+00       7.075521327042365608e-04
6.980000000000000426e+00       7.054256026462499361e-04
6.990000000000000213e+00       7.033085433085328568e-04
7.000000000000000000e+00       7.012008997229556657e-04
7.009999999999999787e+00       6.991026172958222625e-04
7.019999999999999574e+00       6.970136418505812727e-04
7.030000000000000249e+00       6.949339195559601405e-04
7.040000000000000036e+00       6.928633969688109554e-04
7.049999999999999822e+00       6.908020210195976469e-04
7.059999999999999609e+00       6.887497390093970818e-04
7.070000000000000284e+00       6.867064986069234709e-04
7.080000000000000071e+00       6.846722478455836763e-04
7.089999999999999858e+00       6.826469351205530093e-04
7.099999999999999645e+00       6.806305091858810613e-04
7.110000000000000320e+00       6.786229191516234471e-04
7.120000000000000107e+00       6.766241144809919793e-04
7.129999999999999893e+00       6.746340449875398628e-04
7.139999999999999680e+00       6.726526608323632602e-04
7.150000000000000355e+00       6.706799125213331074e-04
7.160000000000000142e+00       6.687157509023444919e-04
7.169999999999999929e+00       6.667601271626004021e-04
7.179999999999999716e+00       6.648129928259083766e-04
7.190000000000000391e+00       6.628742997500079465e-04
7.200000000000000178e+00       6.609440001239209536e-04
7.209999999999999964e+00       6.590220464653204083e-04
7.219999999999999751e+00       6.571083916179253689e-04
7.230000000000000426e+00       6.552029887489237928e-04
7.240000000000000213e+00       6.533057913466941945e-04
7.250000000000000000e+00       6.514167532171288985e-04
7.259999999999999787e+00       6.495358284828225146e-04
7.269999999999999574e+00       6.476629715794491845e-04
7.280000000000000249e+00       6.457981372535726017e-04
7.290000000000000036e+00       6.439412805601961486e-04
7.299999999999999822e+00       6.420923568618606232e-04
7.309999999999999609e+00       6.402513218201679466e-04
7.320000000000000284e+00       6.384181314024423926e-04
7.330000000000000071e+00       6.365927418733723650e-04
7.339999999999999858e+00       6.347751097941526852e-04
7.349999999999999645e+00       6.329651920201602791e-04
7.360000000000000320e+00       6.311629456986525251e-04
7.370000000000000107e+00       6.293683282664793701e-04
7.379999999999999893e+00       6.275812974478222261e-04
7.389999999999999680e+00       6.258018112519471779e-04
7.400000000000000355e+00       6.240298279709808509e-04
7.410000000000000142e+00       6.222653061777037344e-04
7.419999999999999929e+00       6.205082047233654056e-04
7.429999999999999716e+00       6.187584827355128731e-04
7.440000000000000391e+00       6.170160996158445066e-04
7.450000000000000178e+00       6.152810150380804474e-04
7.459999999999999964e+00       6.135531889458455948e-04
7.469999999999999751e+00       6.118325815505828427e-04
7.480000000000000426e+00       6.101191533294702185e-04
7.490000000000000213e+00       6.084128650233690304e-04
7.500000000000000000e+00       6.067136776347794962e-04
7.509999999999999787e+00       6.050215524258207656e-04
7.519999999999999574e+00       6.033364509162256889e-04
7.530000000000000249e+00       6.016583348813513057e-04
7.540000000000000036e+00       5.999871663502104758e-04
7.549999999999999822e+00       5.983229076035166292e-04
7.559999999999999609e+00       5.966655211717471641e-04
7.570000000000000284e+00       5.950149698332238670e-04
7.580000000000000071e+00       5.933712166122085113e-04
7.589999999999999858e+00       5.917342247770146111e-04
7.599999999999999645e+00       5.901039578381390158e-04
7.610000000000000320e+00       5.884803795464010933e-04
7.620000000000000107e+00       5.868634538911104287e-04
7.629999999999999893e+00       5.852531450982387511e-04
7.639999999999999680e+00       5.836494176286119179e-04
7.650000000000000355e+00       5.820522361761184876e-04
7.660000000000000142e+00       5.804615656659331459e-04
7.669999999999999929e+00       5.788773712527522756e-04
7.679999999999999716e+00       5.772996183190496917e-04
7.690000000000000391e+00       5.757282724733421347e-04
7.700000000000000178e+00       5.741632995484740633e-04
7.709999999999999964e+00       5.726046655999112280e-04
7.719999999999999751e+00       5.710523369040558213e-04
7.730000000000000426e+00       5.695062799565722526e-04
7.740000000000000213e+00       5.679664614707249579e-04
7.750000000000000000e+00       5.664328483757340984e-04
7.759999999999999787e+00       5.649054078151538117e-04
7.769999999999999574e+00       5.633841071452089363e-04
7.780000000000000249e+00       5.618689139332785389e-04
7.790000000000000036e+00       5.603597959562175686e-04
7.799999999999999822e+00       5.588567211988244464e-04
7.809999999999999609e+00       5.573596578522684291e-04
7.820000000000000284e+00       5.558685743125375747e-04
7.830000000000000071e+00       5.543834391789018851e-04
7.839999999999999858e+00       5.529042212523892436e-04
7.849999999999999645e+00       5.514308895342742538e-04
7.860000000000000320e+00       5.499634132245772699e-04
7.870000000000000107e+00       5.485017617205788232e-04
7.879999999999999893e+00       5.470459046153464079e-04
7.889999999999999680e+00       5.455958116962729768e-04
7.900000000000000355e+00       5.441514529436259533e-04
7.910000000000000142e+00       5.427127985291130491e-04
7.919999999999999929e+00       5.412798188144538275e-04
7.929999999999999716e+00       5.398524843499693734e-04
7.940000000000000391e+00       5.384307658731798778e-04
7.950000000000000178e+00       5.370146343074155577e-04
7.959999999999999964e+00       5.356040607584780728e-04
7.969999999999999751e+00       5.341990165211195005e-04
7.980000000000000426e+00       5.327994730659105877e-04
7.990000000000000213e+00       5.314054020457544209e-04
8.000000000000000000e+00       5.300167752925893667e-04
8.009999999999999787e+00       5.286335648160653700e-04
8.019999999999999574e+00       5.272557428022349967e-04
8.029999999999999361e+00       5.258832816122524989e-04
8.039999999999999147e+00       5.245161537810877350e-04
8.050000000000000711e+00       5.231543320162437751e-04
8.060000000000000497e+00       5.217977891964944558e-04
8.070000000000000284e+00       5.204464983706233450e-04
8.080000000000000071e+00       5.191004327561804868e-04
8.089999999999999858e+00       5.177595657382409906e-04
8.099999999999999645e+00       5.164238708682027590e-04
8.109999999999999432e+00       5.150933218625008405e-04
8.119999999999999218e+00       5.137678926014974242e-04
8.130000000000000782e+00       5.124475571282266582e-04
8.140000000000000568e+00       5.111322896472191577e-04
8.150000000000000355e+00       5.098220645233286817e-04
8.160000000000000142e+00       5.085168562805668325e-04
8.169999999999999929e+00       5.072166396009412243e-04
8.179999999999999716e+00       5.059213893233133847e-04
8.189999999999999503e+00       5.046310804422584999e-04
8.199999999999999289e+00       5.033456881069348077e-04
8.210000000000000853e+00       5.020651876199668700e-04
8.220000000000000639e+00       5.007895544363348073e-04
8.230000000000000426e+00       4.995187641622707980e-04
8.240000000000000213e+00       4.982527925541702140e-04
8.250000000000000000e+00       4.969916155175054667e-04
8.259999999999999787e+00       4.957352091074480145e-04
8.269999999999999574e+00       4.944835495210141846e-04
8.279999999999999361e+00       4.932366131062046726e-04
8.289999999999999147e+00       4.919943763541471124e-04
8.300000000000000711e+00       4.907568158997638362e-04
8.310000000000000497e+00       4.895239085207364615e-04
8.320000000000000284e+00       4.882956311364878253e-04
8.330000000000000071e+00       4.870719608071613703e-04
8.339999999999999858e+00       4.858528747326192878e-04
8.349999999999999645e+00       4.846383502514432090e-04
8.359999999999999432e+00       4.834283648399418883e-04
8.369999999999999218e+00       4.822228961111709768e-04
8.380000000000000782e+00       4.810219218139578901e-04
8.390000000000000568e+00       4.798254198319364897e-04
8.400000000000000355e+00       4.786333681825868046e-04
8.410000000000000142e+00       4.774457450162849451e-04
8.419999999999999929e+00       4.762625286153591964e-04
8.429999999999999716e+00       4.750836973931567915e-04
8.439999999999999503e+00       4.739092298931122564e-04
8.449999999999999289e+00       4.727391047878291993e-04
8.460000000000000853e+00       4.715733008781665446e-04
8.470000000000000639e+00       4.704117970923320864e-04
8.480000000000000426e+00       4.692545724849833048e-04
8.490000000000000213e+00       4.681016062363372904e-04
8.500000000000000000e+00       4.669528776512870652e-04
8.509999999999999787e+00       4.658083661585211564e-04
8.519999999999999574e+00       4.646680513096556925e-04
8.529999999999999361e+00       4.635319127783708902e-04
8.539999999999999147e+00       4.623999303595544268e-04
8.550000000000000711e+00       4.612720839684522384e-04
8.560000000000000497e+00       4.601483536398237096e-04
8.570000000000000284e+00       4.590287195271075971e-04
8.580000000000000071e+00       4.579131619015932653e-04
8.589999999999999858e+00       4.568016611515946326e-04
8.599999999999999645e+00       4.556941977816370199e-04
8.609999999999999432e+00       4.545907524116453544e-04
8.619999999999999218e+00       4.534913057761422932e-04
8.630000000000000782e+00       4.523958387234478114e-04
8.640000000000000568e+00       4.513043322148926678e-04
8.650000000000000355e+00       4.502167673240315446e-04
8.660000000000000142e+00       4.491331252358643738e-04
8.669999999999999929e+00       4.480533872460648191e-04
8.679999999999999716e+00       4.469775347602150998e-04
8.689999999999999503e+00       4.459055492930428209e-04
8.699999999999999289e+00       4.448374124676708684e-04
8.710000000000000853e+00       4.437731060148645385e-04
8.720000000000000639e+00       4.427126117722947687e-04
8.730000000000000426e+00       4.416559116837958927e-04
8.740000000000000213e+00       4.406029877986385201e-04
8.750000000000000000e+00       4.395538222708012780e-04
8.759999999999999787e+00       4.385083973582549121e-04
8.769999999999999574e+00       4.374666954222440575e-04
8.779999999999999361e+00       4.364286989265790911e-04
8.789999999999999147e+00       4.353943904369308050e-04
8.800000000000000711e+00       4.343637526201289808e-04
8.810000000000000497e+00       4.333367682434564124e-04
8.820000000000000284e+00       4.323134201739431979e-04
8.830000000000000071e+00       4.312936913776070939e-04
8.839999999999999858e+00       4.302775649185430025e-04
8.849999999999999645e+00       4.292650239570100046e-04
8.859999999999999432e+00       4.282560517312919532e-04
8.869999999999999218e+00       4.272506317332725768e-04
8.880000000000000782e+00       4.262487471978435309e-04
8.890000000000000568e+00       4.252503817964526441e-04
8.900000000000000355e+00       4.242555191543498361e-04
8.910000000000000142e+00       4.232641430048564020e-04
8.919999999999999929e+00       4.222762371758954805e-04
8.929999999999999716e+00       4.212917855883085050e-04
8.939999999999999503e+00       4.203107722550067610e-04
8.949999999999999289e+00       4.193331812802861703e-04
8.960000000000000853e+00       4.183589968591918404e-04
8.970000000000000639e+00       4.173882032768931301e-04
8.980000000000000426e+00       4.164207849080743822e-04
8.990000000000000213e+00       4.154567262163306974e-04
9.000000000000000000e+00       4.144960117535694010e-04
9.009999999999999787e+00       4.135386261514762329e-04
9.019999999999999574e+00       4.125845540715061973e-04
9.029999999999999361e+00       4.116337802050210395e-04
9.039999999999999147e+00       4.106862892958353388e-04
9.050000000000000711e+00       4.097420661485159672e-04
9.060000000000000497e+00       4.088010956329725474e-04
9.070000000000000284e+00       4.078633626875924237e-04
9.080000000000000071e+00       4.069288523209048576e-04
9.089999999999999858e+00       4.059975496138854998e-04
9.099999999999999645e+00       4.050694397203826445e-04
9.109999999999999432e+00       4.041445078686760404e-04
9.119999999999999218e+00       4.032227393619672762e-04
9.130000000000000782e+00       4.023041195786102812e-04
9.140000000000000568e+00       4.013886339730904146e-04
9.150000000000000355e+00       4.004762680759978480e-04
9.160000000000000142e+00       3.995670074943362383e-04
9.169999999999999929e+00       3.986608379116796650e-04
9.179999999999999716e+00       3.977577450884102342e-04
9.189999999999999503e+00       3.968577148611918603e-04
9.199999999999999289e+00       3.959607331437660165e-04
9.210000000000000853e+00       3.950667859263857270e-04
9.220000000000000639e+00       3.941758592758511288e-04
9.230000000000000426e+00       3.932879393353867943e-04
9.240000000000000213e+00       3.924030123244648437e-04
9.250000000000000000e+00       3.915210645389315255e-04
9.259999999999999787e+00       3.906420823499157503e-04
9.269999999999999574e+00       3.897660522047740814e-04
9.279999999999999361e+00       3.888929606261471534e-04
9.289999999999999147e+00       3.880227942118693587e-04
9.300000000000000711e+00       3.871555396347039764e-04
9.310000000000000497e+00       3.862911836420567261e-04
9.320000000000000284e+00       3.854297130556862865e-04
9.330000000000000071e+00       3.845711147713946464e-04
9.339999999999999858e+00       3.837153757589390683e-04
9.349999999999999645e+00       3.828624830608277018e-04
9.359999999999999432e+00       3.820124237932724350e-04
9.369999999999999218e+00       3.811651851450136735e-04
9.380000000000000782e+00       3.803207543774659487e-04
9.390000000000000568e+00       3.794791188231994928e-04
9.400000000000000355e+00       3.786402658873293725e-04
9.410000000000000142e+00       3.778041830459877943e-04
9.419999999999999929e+00       3.769708578462441988e-04
9.429999999999999716e+00       3.761402779057327825e-04
9.439999999999999503e+00       3.753124309122767141e-04
9.449999999999999289e+00       3.744873046235086631e-04
9.460000000000000853e+00       3.736648868664886190e-04
9.470000000000000639e+00       3.728451655373173730e-04
9.480000000000000426e+00       3.720281286007516260e-04
9.490000000000000213e+00       3.712137640898131885e-04
9.500000000000000000e+00       3.704020601053964988e-04
9.509999999999999787e+00       3.695930048158814008e-04
9.519999999999999574e+00       3.687865864567331812e-04
9.529999999999999361e+00       3.679827933301131788e-04
9.539999999999999147e+00       3.671816138044793642e-04
9.550000000000000711e+00       3.663830363141912564e-04
9.560000000000000497e+00       3.655870493591074129e-04
9.570000000000000284e+00       3.647936415041831367e-04
9.580000000000000071e+00       3.640028013790581538e-04
9.589999999999999858e+00       3.632145176776137166e-04
9.599999999999999645e+00       3.624287791574414539e-04
9.609999999999999432e+00       3.616455746502293764e-04
9.619999999999999218e+00       3.608648930236623624e-04
9.630000000000000782e+00       3.600867232326643709e-04
9.640000000000000568e+00       3.593110542869777614e-04
9.650000000000000355e+00       3.585378752583074811e-04
9.660000000000000142e+00       3.577671752873931533e-04
9.669999999999999929e+00       3.569989435518926236e-04
9.679999999999999716e+00       3.562331693171208870e-04
9.689999999999999503e+00       3.554698418983565523e-04
9.699999999999999289e+00       3.547089506711066350e-04
9.710000000000000853e+00       3.539504850705899887e-04
9.720000000000000639e+00       3.531944345913082327e-04
9.730000000000000426e+00       3.524407887866511557e-04
9.740000000000000213e+00       3.516895372685033142e-04
9.750000000000000000e+00       3.509406697068632053e-04
9.759999999999999787e+00       3.501941758294633091e-04
9.769999999999999574e+00       3.494500454213951709e-04
9.779999999999999361e+00       3.487082683247321531e-04
9.789999999999999147e+00       3.479688344381580965e-04
9.800000000000000711e+00       3.472317337165988535e-04
9.810000000000000497e+00       3.464969561708506241e-04
9.820000000000000284e+00       3.457644918672152842e-04
9.830000000000000071e+00       3.450343309271369611e-04
9.839999999999999858e+00       3.443064635268364409e-04
9.849999999999999645e+00       3.435808798969507247e-04
9.859999999999999432e+00       3.428575703221761642e-04
9.869999999999999218e+00       3.421365251409136561e-04
9.880000000000000782e+00       3.414177347449079284e-04
9.890000000000000568e+00       3.407011895789007036e-04
9.900000000000000355e+00       3.399868801402763821e-04
9.910000000000000142e+00       3.392747969787171026e-04
9.919999999999999929e+00       3.385649306958541174e-04
9.929999999999999716e+00       3.378572719449204139e-04
9.939999999999999503e+00       3.371518114304158584e-04
9.949999999999999289e+00       3.364485399077620409e-04
9.960000000000000853e+00       3.357474481829641664e-04
9.970000000000000639e+00       3.350485271122778793e-04
9.980000000000000426e+00       3.343517676018744624e-04
9.990000000000000213e+00       3.336571606075062514e-04
