1.000000000000000021e-02       0.000000000000000000e+00
2.000000000000000042e-02       0.000000000000000000e+00
2.999999999999999889e-02       0.000000000000000000e+00
4.000000000000000083e-02       0.000000000000000000e+00
5.000000000000000278e-02       0.000000000000000000e+00
5.999999999999999778e-02       0.000000000000000000e+00
7.000000000000000666e-02       0.000000000000000000e+00
8.000000000000000167e-02       0.000000000000000000e+00
8.999999999999999667e-02       0.000000000000000000e+00
1.000000000000000056e-01       0.000000000000000000e+00
1.100000000000000006e-01       0.000000000000000000e+00
1.199999999999999956e-01       0.000000000000000000e+00
1.300000000000000044e-01       0.000000000000000000e+00
1.400000000000000133e-01       0.000000000000000000e+00
1.499999999999999944e-01       0.000000000000000000e+00
1.600000000000000033e-01       0.000000000000000000e+00
1.700000000000000122e-01       0.000000000000000000e+00
1.799999999999999933e-01       0.000000000000000000e+00
1.900000000000000022e-01       0.000000000000000000e+00
2.000000000000000111e-01       0.000000000000000000e+00
2.099999999999999922e-01       0.000000000000000000e+00
2.200000000000000011e-01       0.000000000000000000e+00
2.300000000000000100e-01       0.000000000000000000e+00
2.399999999999999911e-01       0.000000000000000000e+00
2.500000000000000000e-01       0.000000000000000000e+00
2.600000000000000089e-01       0.000000000000000000e+00
2.700000000000000178e-01       0.000000000000000000e+00
2.800000000000000266e-01       0.000000000000000000e+00
2.899999999999999800e-01       0.000000000000000000e+00
2.999999999999999889e-01       0.000000000000000000e+00
3.099999999999999978e-01       0.000000000000000000e+00
3.200000000000000067e-01       0.000000000000000000e+00
3.300000000000000155e-01       0.000000000000000000e+00
3.400000000000000244e-01       0.000000000000000000e+00
3.499999999999999778e-01       0.000000000000000000e+00
3.599999999999999867e-01       0.000000000000000000e+00
3.699999999999999956e-01       0.000000000000000000e+00
3.800000000000000044e-01       0.000000000000000000e+00
3.900000000000000133e-01       0.000000000000000000e+00
4.000000000000000222e-01       0.000000000000000000e+00
4.099999999999999756e-01       0.000000000000000000e+00
4.199999999999999845e-01       0.000000000000000000e+00
4.299999999999999933e-01       0.000000000000000000e+00
4.400000000000000022e-01       0.000000000000000000e+00
4.500000000000000111e-01       0.000000000000000000e+00
4.600000000000000200e-01       0.000000000000000000e+00
4.699999999999999734e-01       0.000000000000000000e+00
4.799999999999999822e-01       0.000000000000000000e+00
4.899999999999999911e-01       0.000000000000000000e+00
5.000000000000000000e-01       0.000000000000000000e+00
5.100000000000000089e-01       0.000000000000000000e+00
5.200000000000000178e-01       0.000000000000000000e+00
5.300000000000000266e-01       0.000000000000000000e+00
5.400000000000000355e-01       0.000000000000000000e+00
5.500000000000000444e-01       0.000000000000000000e+00
5.600000000000000533e-01       0.000000000000000000e+00
5.699999999999999512e-01       0.000000000000000000e+00
5.799999999999999600e-01       0.000000000000000000e+00
5.899999999999999689e-01       0.000000000000000000e+00
5.999999999999999778e-01       0.000000000000000000e+00
6.099999999999999867e-01       0.000000000000000000e+00
6.199999999999999956e-01       0.000000000000000000e+00
6.300000000000000044e-01       0.000000000000000000e+00
6.400000000000000133e-01       0.000000000000000000e+00
6.500000000000000222e-01       0.000000000000000000e+00
6.600000000000000311e-01       0.000000000000000000e+00
6.700000000000000400e-01       0.000000000000000000e+00
6.800000000000000488e-01       0.000000000000000000e+00
6.899999999999999467e-01       0.000000000000000000e+00
6.999999999999999556e-01       0.000000000000000000e+00
7.099999999999999645e-01       0.000000000000000000e+00
7.199999999999999734e-01       0.000000000000000000e+00
7.299999999999999822e-01       0.000000000000000000e+00
7.399999999999999911e-01       0.000000000000000000e+00
7.500000000000000000e-01       0.000000000000000000e+00
7.600000000000000089e-01       0.000000000000000000e+00
7.700000000000000178e-01       0.000000000000000000e+00
7.800000000000000266e-01       0.000000000000000000e+00
7.900000000000000355e-01       0.000000000000000000e+00
8.000000000000000444e-01       0.000000000000000000e+00
8.100000000000000533e-01       0.000000000000000000e+00
8.199999999999999512e-01       0.000000000000000000e+00
8.299999999999999600e-01       0.000000000000000000e+00
8.399999999999999689e-01       0.000000000000000000e+00
8.499999999999999778e-01       0.000000000000000000e+00
8.599999999999999867e-01       0.000000000000000000e+00
8.699999999999999956e-01       0.000000000000000000e+00
8.800000000000000044e-01       0.000000000000000000e+00
8.900000000000000133e-01       0.000000000000000000e+00
9.000000000000000222e-01       0.000000000000000000e+00
9.100000000000000311e-01       0.000000000000000000e+00
9.200000000000000400e-01       0.000000000000000000e+00
9.300000000000000488e-01       0.000000000000000000e+00
9.399999999999999467e-01       0.000000000000000000e+00
9.499999999999999556e-01       0.000000000000000000e+00
9.599999999999999645e-01       0.000000000000000000e+00
9.699999999999999734e-01       0.000000000000000000e+00
9.799999999999999822e-01       0.000000000000000000e+00
9.899999999999999911e-01       0.000000000000000000e+00
1.000000000000000000e+00       0.000000000000000000e+00
1.010000000000000009e+00       0.000000000000000000e+00
1.020000000000000018e+00       0.000000000000000000e+00
1.030000000000000027e+00       0.000000000000000000e+00
1.040000000000000036e+00       0.000000000000000000e+00
1.050000000000000044e+00       0.000000000000000000e+00
1.060000000000000053e+00       0.000000000000000000e+00
1.070000000000000062e+00       0.000000000000000000e+00
1.080000000000000071e+00       0.000000000000000000e+00
1.090000000000000080e+00       0.000000000000000000e+00
1.100000000000000089e+00       0.000000000000000000e+00
1.110000000000000098e+00       0.000000000000000000e+00
1.120000000000000107e+00       0.000000000000000000e+00
1.129999999999999893e+00       0.000000000000000000e+00
1.139999999999999902e+00       0.000000000000000000e+00
1.149999999999999911e+00       0.000000000000000000e+00
1.159999999999999920e+00       0.000000000000000000e+00
1.169999999999999929e+00       0.000000000000000000e+00
1.179999999999999938e+00       0.000000000000000000e+00
1.189999999999999947e+00       0.000000000000000000e+00
1.199999999999999956e+00       0.000000000000000000e+00
1.209999999999999964e+00       0.000000000000000000e+00
1.219999999999999973e+00       0.000000000000000000e+00
1.229999999999999982e+00       0.000000000000000000e+00
1.239999999999999991e+00       0.000000000000000000e+00
1.250000000000000000e+00       0.000000000000000000e+00
1.260000000000000009e+00       0.000000000000000000e+00
1.270000000000000018e+00       0.000000000000000000e+00
1.280000000000000027e+00       0.000000000000000000e+00
1.290000000000000036e+00       0.000000000000000000e+00
1.300000000000000044e+00       0.000000000000000000e+00
1.310000000000000053e+00       0.000000000000000000e+00
1.320000000000000062e+00       0.000000000000000000e+00
1.330000000000000071e+00       0.000000000000000000e+00
1.340000000000000080e+00       0.000000000000000000e+00
1.350000000000000089e+00       0.000000000000000000e+00
1.360000000000000098e+00       0.000000000000000000e+00
1.370000000000000107e+00       0.000000000000000000e+00
1.379999999999999893e+00       0.000000000000000000e+00
1.389999999999999902e+00       0.000000000000000000e+00
1.399999999999999911e+00       0.000000000000000000e+00
1.409999999999999920e+00       0.000000000000000000e+00
1.419999999999999929e+00       0.000000000000000000e+00
1.429999999999999938e+00       0.000000000000000000e+00
1.439999999999999947e+00       0.000000000000000000e+00
1.449999999999999956e+00       0.000000000000000000e+00
1.459999999999999964e+00       0.000000000000000000e+00
1.469999999999999973e+00       0.000000000000000000e+00
1.479999999999999982e+00       0.000000000000000000e+00
1.489999999999999991e+00       0.000000000000000000e+00
1.500000000000000000e+00       0.000000000000000000e+00
1.510000000000000009e+00       0.000000000000000000e+00
1.520000000000000018e+00       0.000000000000000000e+00
1.530000000000000027e+00       0.000000000000000000e+00
1.540000000000000036e+00       0.000000000000000000e+00
1.550000000000000044e+00       0.000000000000000000e+00
1.560000000000000053e+00       0.000000000000000000e+00
1.570000000000000062e+00       0.000000000000000000e+00
1.580000000000000071e+00       0.000000000000000000e+00
1.590000000000000080e+00       0.000000000000000000e+00
1.600000000000000089e+00       0.000000000000000000e+00
1.610000000000000098e+00       0.000000000000000000e+00
1.620000000000000107e+00       0.000000000000000000e+00
1.629999999999999893e+00       0.000000000000000000e+00
1.639999999999999902e+00       0.000000000000000000e+00
1.649999999999999911e+00       0.000000000000000000e+00
1.659999999999999920e+00       0.000000000000000000e+00
1.669999999999999929e+00       0.000000000000000000e+00
1.679999999999999938e+00       0.000000000000000000e+00
1.689999999999999947e+00       0.000000000000000000e+00
1.699999999999999956e+00       0.000000000000000000e+00
1.709999999999999964e+00       0.000000000000000000e+00
1.719999999999999973e+00       0.000000000000000000e+00
1.729999999999999982e+00       0.000000000000000000e+00
1.739999999999999991e+00       0.000000000000000000e+00
1.750000000000000000e+00       0.000000000000000000e+00
1.760000000000000009e+00       0.000000000000000000e+00
1.770000000000000018e+00       0.000000000000000000e+00
1.780000000000000027e+00       0.000000000000000000e+00
1.790000000000000036e+00       0.000000000000000000e+00
1.800000000000000044e+00       0.000000000000000000e+00
1.810000000000000053e+00       0.000000000000000000e+00
1.820000000000000062e+00       0.000000000000000000e+00
1.830000000000000071e+00       0.000000000000000000e+00
1.840000000000000080e+00       0.000000000000000000e+00
1.850000000000000089e+00       0.000000000000000000e+00
1.860000000000000098e+00       0.000000000000000000e+00
1.870000000000000107e+00       0.000000000000000000e+00
1.879999999999999893e+00       0.000000000000000000e+00
1.889999999999999902e+00       0.000000000000000000e+00
1.899999999999999911e+00       0.000000000000000000e+00
1.909999999999999920e+00       0.000000000000000000e+00
1.919999999999999929e+00       0.000000000000000000e+00
1.929999999999999938e+00       0.000000000000000000e+00
1.939999999999999947e+00       0.000000000000000000e+00
1.949999999999999956e+00       0.000000000000000000e+00
1.959999999999999964e+00       0.000000000000000000e+00
1.969999999999999973e+00       0.000000000000000000e+00
1.979999999999999982e+00       0.000000000000000000e+00
1.989999999999999991e+00       0.000000000000000000e+00
2.000000000000000000e+00       0.000000000000000000e+00
2.009999999999999787e+00       0.000000000000000000e+00
2.020000000000000018e+00       0.000000000000000000e+00
2.029999999999999805e+00       0.000000000000000000e+00
2.040000000000000036e+00       0.000000000000000000e+00
2.049999999999999822e+00       0.000000000000000000e+00
2.060000000000000053e+00       0.000000000000000000e+00
2.069999999999999840e+00       0.000000000000000000e+00
2.080000000000000071e+00       0.000000000000000000e+00
2.089999999999999858e+00       0.000000000000000000e+00
2.100000000000000089e+00       0.000000000000000000e+00
2.109999999999999876e+00       0.000000000000000000e+00
2.120000000000000107e+00       0.000000000000000000e+00
2.129999999999999893e+00       0.000000000000000000e+00
2.140000000000000124e+00       0.000000000000000000e+00
2.149999999999999911e+00       0.000000000000000000e+00
2.160000000000000142e+00       0.000000000000000000e+00
2.169999999999999929e+00       0.000000000000000000e+00
2.180000000000000160e+00       0.000000000000000000e+00
2.189999999999999947e+00       0.000000000000000000e+00
2.200000000000000178e+00       0.000000000000000000e+00
2.209999999999999964e+00       0.000000000000000000e+00
2.220000000000000195e+00       0.000000000000000000e+00
2.229999999999999982e+00       0.000000000000000000e+00
2.240000000000000213e+00       0.000000000000000000e+00
2.250000000000000000e+00       0.000000000000000000e+00
2.259999999999999787e+00       0.000000000000000000e+00
2.270000000000000018e+00       0.000000000000000000e+00
2.279999999999999805e+00       0.000000000000000000e+00
2.290000000000000036e+00       0.000000000000000000e+00
2.299999999999999822e+00       0.000000000000000000e+00
2.310000000000000053e+00       0.000000000000000000e+00
2.319999999999999840e+00       0.000000000000000000e+00
2.330000000000000071e+00       0.000000000000000000e+00
2.339999999999999858e+00       0.000000000000000000e+00
2.350000000000000089e+00       0.000000000000000000e+00
2.359999999999999876e+00       0.000000000000000000e+00
2.370000000000000107e+00       0.000000000000000000e+00
2.379999999999999893e+00       0.000000000000000000e+00
2.390000000000000124e+00       0.000000000000000000e+00
2.399999999999999911e+00       0.000000000000000000e+00
2.410000000000000142e+00       0.000000000000000000e+00
2.419999999999999929e+00       0.000000000000000000e+00
2.430000000000000160e+00       0.000000000000000000e+00
2.439999999999999947e+00       0.000000000000000000e+00
2.450000000000000178e+00       0.000000000000000000e+00
2.459999999999999964e+00       0.000000000000000000e+00
2.470000000000000195e+00       0.000000000000000000e+00
2.479999999999999982e+00       0.000000000000000000e+00
2.490000000000000213e+00       0.000000000000000000e+00
2.500000000000000000e+00       0.000000000000000000e+00
2.509999999999999787e+00       0.000000000000000000e+00
2.520000000000000018e+00       0.000000000000000000e+00
2.529999999999999805e+00       0.000000000000000000e+00
2.540000000000000036e+00       0.000000000000000000e+00
2.549999999999999822e+00       0.000000000000000000e+00
2.560000000000000053e+00       0.000000000000000000e+00
2.569999999999999840e+00       0.000000000000000000e+00
2.580000000000000071e+00       0.000000000000000000e+00
2.589999999999999858e+00       0.000000000000000000e+00
2.600000000000000089e+00       0.000000000000000000e+00
2.609999999999999876e+00       0.000000000000000000e+00
2.620000000000000107e+00       0.000000000000000000e+00
2.629999999999999893e+00       0.000000000000000000e+00
2.640000000000000124e+00       0.000000000000000000e+00
2.649999999999999911e+00       0.000000000000000000e+00
2.660000000000000142e+00       0.000000000000000000e+00
2.669999999999999929e+00       0.000000000000000000e+00
2.680000000000000160e+00       0.000000000000000000e+00
2.689999999999999947e+00       0.000000000000000000e+00
2.700000000000000178e+00       0.000000000000000000e+00
2.709999999999999964e+00       0.000000000000000000e+00
2.720000000000000195e+00       0.000000000000000000e+00
2.729999999999999982e+00       0.000000000000000000e+00
2.740000000000000213e+00       0.000000000000000000e+00
2.750000000000000000e+00       0.000000000000000000e+00
2.759999999999999787e+00       0.000000000000000000e+00
2.770000000000000018e+00       0.000000000000000000e+00
2.779999999999999805e+00       0.000000000000000000e+00
2.790000000000000036e+00       0.000000000000000000e+00
2.799999999999999822e+00       0.000000000000000000e+00
2.810000000000000053e+00       0.000000000000000000e+00
2.819999999999999840e+00       0.000000000000000000e+00
2.830000000000000071e+00       0.000000000000000000e+00
2.839999999999999858e+00       0.000000000000000000e+00
2.850000000000000089e+00       0.000000000000000000e+00
2.859999999999999876e+00       0.000000000000000000e+00
2.870000000000000107e+00       0.000000000000000000e+00
2.879999999999999893e+00       0.000000000000000000e+00
2.890000000000000124e+00       0.000000000000000000e+00
2.899999999999999911e+00       0.000000000000000000e+00
2.910000000000000142e+00       0.000000000000000000e+00
2.919999999999999929e+00       0.000000000000000000e+00
2.930000000000000160e+00       0.000000000000000000e+00
2.939999999999999947e+00       0.000000000000000000e+00
2.950000000000000178e+00       0.000000000000000000e+00
2.959999999999999964e+00       0.000000000000000000e+00
2.970000000000000195e+00       0.000000000000000000e+00
2.979999999999999982e+00       0.000000000000000000e+00
2.990000000000000213e+00       0.000000000000000000e+00
3.000000000000000000e+00       0.000000000000000000e+00
3.009999999999999787e+00       0.000000000000000000e+00
3.020000000000000018e+00       0.000000000000000000e+00
3.029999999999999805e+00       0.000000000000000000e+00
3.040000000000000036e+00       0.000000000000000000e+00
3.049999999999999822e+00       0.000000000000000000e+00
3.060000000000000053e+00       0.000000000000000000e+00
3.069999999999999840e+00       0.000000000000000000e+00
3.080000000000000071e+00       0.000000000000000000e+00
3.089999999999999858e+00       0.000000000000000000e+00
3.100000000000000089e+00       0.000000000000000000e+00
3.109999999999999876e+00       0.000000000000000000e+00
3.120000000000000107e+00       0.000000000000000000e+00
3.129999999999999893e+00       0.000000000000000000e+00
3.140000000000000124e+00       0.000000000000000000e+00
3.149999999999999911e+00       0.000000000000000000e+00
3.160000000000000142e+00       0.000000000000000000e+00
3.169999999999999929e+00       0.000000000000000000e+00
3.180000000000000160e+00       0.000000000000000000e+00
3.189999999999999947e+00       0.000000000000000000e+00
3.200000000000000178e+00       0.000000000000000000e+00
3.209999999999999964e+00       0.000000000000000000e+00
3.220000000000000195e+00       0.000000000000000000e+00
3.229999999999999982e+00       0.000000000000000000e+00
3.240000000000000213e+00       0.000000000000000000e+00
3.250000000000000000e+00       0.000000000000000000e+00
3.259999999999999787e+00       0.000000000000000000e+00
3.270000000000000018e+00       0.000000000000000000e+00
3.279999999999999805e+00       0.000000000000000000e+00
3.290000000000000036e+00       0.000000000000000000e+00
3.299999999999999822e+00       0.000000000000000000e+00
3.310000000000000053e+00       0.000000000000000000e+00
3.319999999999999840e+00       0.000000000000000000e+00
3.330000000000000071e+00       0.000000000000000000e+00
3.339999999999999858e+00       0.000000000000000000e+00
3.350000000000000089e+00       0.000000000000000000e+00
3.359999999999999876e+00       0.000000000000000000e+00
3.370000000000000107e+00       0.000000000000000000e+00
3.379999999999999893e+00       0.000000000000000000e+00
3.390000000000000124e+00       0.000000000000000000e+00
3.399999999999999911e+00       0.000000000000000000e+00
3.410000000000000142e+00       0.000000000000000000e+00
3.419999999999999929e+00       0.000000000000000000e+00
3.430000000000000160e+00       0.000000000000000000e+00
3.439999999999999947e+00       0.000000000000000000e+00
3.450000000000000178e+00       0.000000000000000000e+00
3.459999999999999964e+00       0.000000000000000000e+00
3.470000000000000195e+00       0.000000000000000000e+00
3.479999999999999982e+00       0.000000000000000000e+00
3.490000000000000213e+00       0.000000000000000000e+00
3.500000000000000000e+00       0.000000000000000000e+00
3.509999999999999787e+00       0.000000000000000000e+00
3.520000000000000018e+00       0.000000000000000000e+00
3.529999999999999805e+00       0.000000000000000000e+00
3.540000000000000036e+00       0.000000000000000000e+00
3.549999999999999822e+00       0.000000000000000000e+00
3.560000000000000053e+00       0.000000000000000000e+00
3.569999999999999840e+00       0.000000000000000000e+00
3.580000000000000071e+00       0.000000000000000000e+00
3.589999999999999858e+00       0.000000000000000000e+00
3.600000000000000089e+00       0.000000000000000000e+00
3.609999999999999876e+00       0.000000000000000000e+00
3.620000000000000107e+00       0.000000000000000000e+00
3.629999999999999893e+00       0.000000000000000000e+00
3.640000000000000124e+00       0.000000000000000000e+00
3.649999999999999911e+00       0.000000000000000000e+00
3.660000000000000142e+00       0.000000000000000000e+00
3.669999999999999929e+00       0.000000000000000000e+00
3.680000000000000160e+00       0.000000000000000000e+00
3.689999999999999947e+00       0.000000000000000000e+00
3.700000000000000178e+00       0.000000000000000000e+00
3.709999999999999964e+00       0.000000000000000000e+00
3.720000000000000195e+00       0.000000000000000000e+00
3.729999999999999982e+00       0.000000000000000000e+00
3.740000000000000213e+00       0.000000000000000000e+00
3.750000000000000000e+00       0.000000000000000000e+00
3.759999999999999787e+00       0.000000000000000000e+00
3.770000000000000018e+00       0.000000000000000000e+00
3.779999999999999805e+00       0.000000000000000000e+00
3.790000000000000036e+00       0.000000000000000000e+00
3.799999999999999822e+00       0.000000000000000000e+00
3.810000000000000053e+00       0.000000000000000000e+00
3.819999999999999840e+00       0.000000000000000000e+00
3.830000000000000071e+00       0.000000000000000000e+00
3.839999999999999858e+00       0.000000000000000000e+00
3.850000000000000089e+00       0.000000000000000000e+00
3.859999999999999876e+00       0.000000000000000000e+00
3.870000000000000107e+00       0.000000000000000000e+00
3.879999999999999893e+00       0.000000000000000000e+00
3.890000000000000124e+00       0.000000000000000000e+00
3.899999999999999911e+00       0.000000000000000000e+00
3.910000000000000142e+00       0.000000000000000000e+00
3.919999999999999929e+00       0.000000000000000000e+00
3.930000000000000160e+00       0.000000000000000000e+00
3.939999999999999947e+00       0.000000000000000000e+00
3.950000000000000178e+00       0.000000000000000000e+00
3.959999999999999964e+00       0.000000000000000000e+00
3.970000000000000195e+00       0.000000000000000000e+00
3.979999999999999982e+00       0.000000000000000000e+00
3.990000000000000213e+00       0.000000000000000000e+00
4.000000000000000000e+00       0.000000000000000000e+00
4.009999999999999787e+00       0.000000000000000000e+00
4.019999999999999574e+00       0.000000000000000000e+00
4.030000000000000249e+00       0.000000000000000000e+00
4.040000000000000036e+00       0.000000000000000000e+00
4.049999999999999822e+00       0.000000000000000000e+00
4.059999999999999609e+00       0.000000000000000000e+00
4.070000000000000284e+00       0.000000000000000000e+00
4.080000000000000071e+00       0.000000000000000000e+00
4.089999999999999858e+00       0.000000000000000000e+00
4.099999999999999645e+00       0.000000000000000000e+00
4.110000000000000320e+00       0.000000000000000000e+00
4.120000000000000107e+00       0.000000000000000000e+00
4.129999999999999893e+00       0.000000000000000000e+00
4.139999999999999680e+00       0.000000000000000000e+00
4.150000000000000355e+00       0.000000000000000000e+00
4.160000000000000142e+00       0.000000000000000000e+00
4.169999999999999929e+00       0.000000000000000000e+00
4.179999999999999716e+00       0.000000000000000000e+00
4.190000000000000391e+00       0.000000000000000000e+00
4.200000000000000178e+00       0.000000000000000000e+00
4.209999999999999964e+00       0.000000000000000000e+00
4.219999999999999751e+00       0.000000000000000000e+00
4.230000000000000426e+00       0.000000000000000000e+00
4.240000000000000213e+00       0.000000000000000000e+00
4.250000000000000000e+00       0.000000000000000000e+00
4.259999999999999787e+00       0.000000000000000000e+00
4.269999999999999574e+00       0.000000000000000000e+00
4.280000000000000249e+00       0.000000000000000000e+00
4.290000000000000036e+00       0.000000000000000000e+00
4.299999999999999822e+00       0.000000000000000000e+00
4.309999999999999609e+00       0.000000000000000000e+00
4.320000000000000284e+00       0.000000000000000000e+00
4.330000000000000071e+00       0.000000000000000000e+00
4.339999999999999858e+00       0.000000000000000000e+00
4.349999999999999645e+00       0.000000000000000000e+00
4.360000000000000320e+00       0.000000000000000000e+00
4.370000000000000107e+00       0.000000000000000000e+00
4.379999999999999893e+00       0.000000000000000000e+00
4.389999999999999680e+00       0.000000000000000000e+00
4.400000000000000355e+00       0.000000000000000000e+00
4.410000000000000142e+00       0.000000000000000000e+00
4.419999999999999929e+00       0.000000000000000000e+00
4.429999999999999716e+00       0.000000000000000000e+00
4.440000000000000391e+00       0.000000000000000000e+00
4.450000000000000178e+00       0.000000000000000000e+00
4.459999999999999964e+00       0.000000000000000000e+00
4.469999999999999751e+00       0.000000000000000000e+00
4.480000000000000426e+00       0.000000000000000000e+00
4.490000000000000213e+00       0.000000000000000000e+00
4.500000000000000000e+00       0.000000000000000000e+00
4.509999999999999787e+00       2.280440861429372308e-18
4.519999999999999574e+00       8.599988944407383170e-17
4.530000000000000249e+00       6.655222534733511185e-16
4.540000000000000036e+00       2.796814519419197369e-15
4.549999999999999822e+00       8.458458392333027021e-15
4.559999999999999609e+00       2.080674879019312433e-14
4.570000000000000284e+00       4.440640023302826335e-14
4.580000000000000071e+00       8.543832508535519661e-14
4.589999999999999858e+00       1.518858747898916197e-13
4.599999999999999645e+00       2.537008642931186650e-13
4.610000000000000320e+00       4.029506319612800834e-13
4.620000000000000107e+00       6.139473226328103233e-13
4.629999999999999893e+00       9.033605199361357974e-13
4.639999999999999680e+00       1.290314295447774310e-12
4.650000000000000355e+00       1.796469686542907541e-12
4.660000000000000142e+00       2.446065271905205516e-12
4.669999999999999929e+00       3.266076981675618582e-12
4.679999999999999716e+00       4.286118883609130292e-12
4.690000000000000391e+00       5.538565369181426640e-12
4.700000000000000178e+00       7.058524450596438259e-12
4.709999999999999964e+00       8.883959664006097430e-12
4.719999999999999751e+00       1.105554194260283426e-11
4.730000000000000426e+00       1.361674217501822831e-11
4.740000000000000213e+00       1.661379737613609082e-11
4.750000000000000000e+00       2.009569260775454870e-11
4.759999999999999787e+00       2.411410148857001231e-11
4.769999999999999574e+00       2.872348898519983876e-11
4.780000000000000249e+00       3.398088481446870283e-11
4.790000000000000036e+00       3.994596427593449357e-11
4.799999999999999822e+00       4.668097376613608575e-11
4.809999999999999609e+00       5.425068133013842494e-11
4.820000000000000284e+00       6.272232348993086416e-11
4.830000000000000071e+00       7.216551173075312610e-11
4.839999999999999858e+00       8.265231552271381334e-11
4.849999999999999645e+00       9.425699372380686462e-11
4.860000000000000320e+00       1.070560628881437636e-10
4.870000000000000107e+00       1.211281983986874904e-10
4.879999999999999893e+00       1.365541659160610174e-10
4.889999999999999680e+00       1.534167512463119915e-10
4.900000000000000355e+00       1.718006888655325835e-10
4.910000000000000142e+00       1.917925893215068861e-10
4.919999999999999929e+00       2.134808270713439804e-10
4.929999999999999716e+00       2.369556165919206536e-10
4.940000000000000391e+00       2.623087181112113249e-10
4.950000000000000178e+00       2.896335049747610779e-10
4.959999999999999964e+00       3.190248535548198450e-10
4.969999999999999751e+00       3.505790678156432044e-10
4.980000000000000426e+00       3.843938039461427377e-10
4.990000000000000213e+00       4.205679951863237650e-10
5.000000000000000000e+00       4.592017769366417517e-10
5.009999999999999787e+00       5.003964124263025943e-10
5.019999999999999574e+00       5.442542186264114182e-10
5.030000000000000249e+00       5.908784930475079377e-10
5.040000000000000036e+00       6.403733777806372910e-10
5.049999999999999822e+00       6.928440357606854677e-10
5.059999999999999609e+00       7.483962150943834933e-10
5.070000000000000284e+00       8.071364173205348756e-10
5.080000000000000071e+00       8.691717698738671925e-10
5.089999999999999858e+00       9.346099580085045341e-10
5.099999999999999645e+00       1.003559157796949792e-09
5.110000000000000320e+00       1.076127970248469070e-09
5.120000000000000107e+00       1.152425356586247873e-09
5.129999999999999893e+00       1.232560574718182780e-09
5.139999999999999680e+00       1.316643116932113208e-09
5.150000000000000355e+00       1.404782648842695120e-09
5.160000000000000142e+00       1.497088949612855613e-09
5.169999999999999929e+00       1.593671853470273625e-09
5.179999999999999716e+00       1.694641192535178482e-09
5.190000000000000391e+00       1.800106740973622245e-09
5.200000000000000178e+00       1.910178160486885320e-09
5.209999999999999964e+00       2.024964947145485662e-09
5.219999999999999751e+00       2.144576379573692263e-09
5.230000000000000426e+00       2.269121468487981101e-09
5.240000000000000213e+00       2.398708907590993409e-09
5.250000000000000000e+00       2.533447025820451970e-09
5.259999999999999787e+00       2.673443740950326647e-09
5.269999999999999574e+00       2.818806514540626068e-09
5.280000000000000249e+00       2.969642308110696161e-09
5.290000000000000036e+00       3.126057453944437915e-09
5.299999999999999822e+00       3.288157699228031664e-09
5.309999999999999609e+00       3.456048235914735580e-09
5.320000000000000284e+00       3.629833593554580105e-09
5.330000000000000071e+00       3.809617602161856779e-09
5.339999999999999858e+00       3.995503356335983812e-09
5.349999999999999645e+00       4.187593180780858200e-09
5.360000000000000320e+00       4.385988596948955102e-09
5.370000000000000107e+00       4.590790274050699518e-09
5.379999999999999893e+00       4.802097786152733827e-09
5.389999999999999680e+00       5.020009948296427631e-09
5.400000000000000355e+00       5.244624722834379001e-09
5.410000000000000142e+00       5.476039119212430019e-09
5.419999999999999929e+00       5.714349167834807643e-09
5.429999999999999716e+00       5.959649895063822194e-09
5.440000000000000391e+00       6.212035299321093307e-09
5.450000000000000178e+00       6.471598328310162313e-09
5.459999999999999964e+00       6.738430857274015920e-09
5.469999999999999751e+00       7.012623668336391864e-09
5.480000000000000426e+00       7.294266430861546554e-09
5.490000000000000213e+00       7.583447682832243166e-09
5.500000000000000000e+00       7.880254813216869089e-09
5.509999999999999787e+00       8.184774045312354342e-09
5.519999999999999574e+00       8.497090421037809208e-09
5.530000000000000249e+00       8.817287786144912904e-09
5.540000000000000036e+00       9.145448776377889871e-09
5.549999999999999822e+00       9.481654804471458089e-09
5.559999999999999609e+00       9.825986048056975367e-09
5.570000000000000284e+00       1.017852143840219014e-08
5.580000000000000071e+00       1.053933864998632557e-08
5.589999999999999858e+00       1.090851409087654615e-08
5.599999999999999645e+00       1.128612289390186115e-08
5.610000000000000320e+00       1.167223890859182273e-08
5.620000000000000107e+00       1.206693469386646948e-08
5.629999999999999893e+00       1.247028151145676968e-08
5.639999999999999680e+00       1.288234932003603959e-08
5.650000000000000355e+00       1.330320677004383923e-08
5.660000000000000142e+00       1.373292119918330074e-08
5.669999999999999929e+00       1.417155862857352922e-08
5.679999999999999716e+00       1.461918375933761503e-08
5.690000000000000391e+00       1.507585997081178116e-08
5.700000000000000178e+00       1.554164931735367371e-08
5.709999999999999964e+00       1.601661252816603684e-08
5.719999999999999751e+00       1.650080900453004336e-08
5.730000000000000426e+00       1.699429682208147907e-08
5.740000000000000213e+00       1.749713272934640810e-08
5.750000000000000000e+00       1.800937214891719213e-08
5.759999999999999787e+00       1.853106917870544400e-08
5.769999999999999574e+00       1.906227659367796220e-08
5.780000000000000249e+00       1.960304584805998598e-08
5.790000000000000036e+00       2.015342707799131201e-08
5.799999999999999822e+00       2.071346910461879182e-08
5.809999999999999609e+00       2.128321943761126703e-08
5.820000000000000284e+00       2.186272427908239407e-08
5.830000000000000071e+00       2.245202852790650196e-08
5.839999999999999858e+00       2.305117578441401693e-08
5.849999999999999645e+00       2.366020835545202105e-08
5.860000000000000320e+00       2.427916725979815596e-08
5.870000000000000107e+00       2.490809223325346799e-08
5.879999999999999893e+00       2.554702173733764149e-08
5.889999999999999680e+00       2.619599296178168767e-08
5.900000000000000355e+00       2.685504183380385873e-08
5.910000000000000142e+00       2.752420302444911040e-08
5.919999999999999929e+00       2.820350995584955073e-08
5.929999999999999716e+00       2.889299480874914993e-08
5.940000000000000391e+00       2.959268853028291413e-08
5.950000000000000178e+00       3.030262084200059355e-08
5.959999999999999964e+00       3.102282024812179944e-08
5.969999999999999751e+00       3.175331404401413549e-08
5.980000000000000426e+00       3.249412832488279641e-08
5.990000000000000213e+00       3.324528799466292156e-08
6.000000000000000000e+00       3.400681677510234255e-08
6.009999999999999787e+00       3.477873721500878744e-08
6.019999999999999574e+00       3.556107069955470979e-08
6.030000000000000249e+00       3.635383745986715739e-08
6.040000000000000036e+00       3.715705658283380659e-08
6.049999999999999822e+00       3.797074602102424591e-08
6.059999999999999609e+00       3.879492260339808057e-08
6.070000000000000284e+00       3.962960204285621796e-08
6.080000000000000071e+00       4.047479895048732657e-08
6.089999999999999858e+00       4.133052684333348033e-08
6.099999999999999645e+00       4.219679815558940327e-08
6.110000000000000320e+00       4.307362424921407182e-08
6.120000000000000107e+00       4.396101542464404706e-08
6.129999999999999893e+00       4.485898093159133825e-08
6.139999999999999680e+00       4.576752897992085438e-08
6.150000000000000355e+00       4.668666675060034312e-08
6.160000000000000142e+00       4.761640040671751020e-08
6.169999999999999929e+00       4.855673510455761552e-08
6.179999999999999716e+00       4.950767500473330082e-08
6.190000000000000391e+00       5.046922328336605982e-08
6.200000000000000178e+00       5.144138214330796235e-08
6.209999999999999964e+00       5.242415282540310955e-08
6.219999999999999751e+00       5.341753561978088597e-08
6.230000000000000426e+00       5.442152987717534388e-08
6.240000000000000213e+00       5.543613402026838398e-08
6.250000000000000000e+00       5.646134555504945319e-08
6.259999999999999787e+00       5.749716108218876855e-08
6.269999999999999574e+00       5.854357630841879307e-08
6.280000000000000249e+00       5.960058604100335538e-08
6.290000000000000036e+00       6.066818413331323521e-08
6.299999999999999822e+00       6.174636365934860017e-08
6.309999999999999609e+00       6.283511686018181400e-08
6.320000000000000284e+00       6.393443513986271385e-08
6.330000000000000071e+00       6.504430907676599303e-08
6.339999999999999858e+00       6.616472843491952550e-08
6.349999999999999645e+00       6.729568217530999262e-08
6.360000000000000320e+00       6.843715846716319140e-08
6.370000000000000107e+00       6.958914469933145288e-08
6.379999999999999893e+00       7.075162749097511134e-08
6.389999999999999680e+00       7.192459270354414272e-08
6.400000000000000355e+00       7.310802545140096363e-08
6.410000000000000142e+00       7.430191011305624395e-08
6.419999999999999929e+00       7.550623034251407940e-08
6.429999999999999716e+00       7.672096907917784333e-08
6.440000000000000391e+00       7.794610856047132171e-08
6.450000000000000178e+00       7.918163033167023782e-08
6.459999999999999964e+00       8.042751525704207222e-08
6.469999999999999751e+00       8.168374353065727363e-08
6.480000000000000426e+00       8.295029468765065463e-08
6.490000000000000213e+00       8.422714761291635693e-08
6.500000000000000000e+00       8.551428055474316271e-08
6.509999999999999787e+00       8.681167113340076180e-08
6.519999999999999574e+00       8.811929635214849325e-08
6.530000000000000249e+00       8.943713260768460848e-08
6.540000000000000036e+00       9.076515570052548217e-08
6.549999999999999822e+00       9.210334084532189119e-08
6.559999999999999609e+00       9.345166268110064882e-08
6.570000000000000284e+00       9.481009528143719245e-08
6.580000000000000071e+00       9.617861216455782799e-08
6.589999999999999858e+00       9.755718630336603233e-08
6.599999999999999645e+00       9.894579013539526255e-08
6.610000000000000320e+00       1.003443955726871865e-07
6.620000000000000107e+00       1.017529740115924628e-07
6.629999999999999893e+00       1.031714963424946526e-07
6.639999999999999680e+00       1.045999329594562307e-07
6.650000000000000355e+00       1.060382537697848172e-07
6.660000000000000142e+00       1.074864282028868418e-07
6.669999999999999929e+00       1.089444252221988369e-07
6.679999999999999716e+00       1.104122133307392754e-07
6.690000000000000391e+00       1.118897605828592340e-07
6.700000000000000178e+00       1.133770345927789493e-07
6.709999999999999964e+00       1.148740025436668208e-07
6.719999999999999751e+00       1.163806311966361045e-07
6.730000000000000426e+00       1.178968868996553425e-07
6.740000000000000213e+00       1.194227355963767489e-07
6.750000000000000000e+00       1.209581428348810180e-07
6.759999999999999787e+00       1.225030737763353112e-07
6.769999999999999574e+00       1.240574932035685122e-07
6.780000000000000249e+00       1.256213655295596890e-07
6.790000000000000036e+00       1.271946548058455043e-07
6.799999999999999822e+00       1.287773247308244470e-07
6.809999999999999609e+00       1.303693386580188978e-07
6.820000000000000284e+00       1.319706596041948926e-07
6.830000000000000071e+00       1.335812502574392436e-07
6.839999999999999858e+00       1.352010729851202724e-07
6.849999999999999645e+00       1.368300898418089181e-07
6.860000000000000320e+00       1.384682625770529383e-07
6.870000000000000107e+00       1.401155526431119075e-07
6.879999999999999893e+00       1.417719212025901757e-07
6.889999999999999680e+00       1.434373291365173240e-07
6.900000000000000355e+00       1.451117370496830433e-07
6.910000000000000142e+00       1.467951052812082638e-07
6.919999999999999929e+00       1.484873939097150738e-07
6.929999999999999716e+00       1.501885627610662186e-07
6.940000000000000391e+00       1.518985714154915591e-07
6.950000000000000178e+00       1.536173792146294305e-07
6.959999999999999964e+00       1.553449452684855468e-07
6.969999999999999751e+00       1.570812284623056414e-07
6.980000000000000426e+00       1.588261874633700213e-07
6.990000000000000213e+00       1.605797807276989176e-07
7.000000000000000000e+00       1.623419665066810217e-07
7.009999999999999787e+00       1.641127028509301321e-07
7.019999999999999574e+00       1.658919476274656031e-07
7.030000000000000249e+00       1.676796585100579425e-07
7.040000000000000036e+00       1.694757929961920759e-07
7.049999999999999822e+00       1.712803084106297025e-07
7.059999999999999609e+00       1.730931619115451754e-07
7.070000000000000284e+00       1.749143104965894104e-07
7.080000000000000071e+00       1.767437110088690121e-07
7.089999999999999858e+00       1.785813201428485320e-07
7.099999999999999645e+00       1.804270944501737140e-07
7.110000000000000320e+00       1.822809903454205451e-07
7.120000000000000107e+00       1.841429641117614297e-07
7.129999999999999893e+00       1.860129719065576186e-07
7.139999999999999680e+00       1.878909697668780522e-07
7.150000000000000355e+00       1.897769136149371000e-07
7.160000000000000142e+00       1.916707592634614146e-07
7.169999999999999929e+00       1.935724624209786202e-07
7.179999999999999716e+00       1.954819786970374439e-07
7.190000000000000391e+00       1.973992636073463475e-07
7.200000000000000178e+00       1.993242725788481806e-07
7.209999999999999964e+00       2.012569609547144730e-07
7.219999999999999751e+00       2.031972839992712746e-07
7.230000000000000426e+00       2.051451969028574721e-07
7.240000000000000213e+00       2.071006547866949374e-07
7.250000000000000000e+00       2.090636127072441293e-07
7.259999999999999787e+00       2.110340256613845741e-07
7.269999999999999574e+00       2.130118485906337246e-07
7.280000000000000249e+00       2.149970363857454226e-07
7.290000000000000036e+00       2.169895438911438517e-07
7.299999999999999822e+00       2.189893259098211611e-07
7.309999999999999609e+00       2.209963372055756977e-07
7.320000000000000284e+00       2.230105325103186703e-07
7.330000000000000071e+00       2.250318665262239466e-07
7.339999999999999858e+00       2.270602939303372087e-07
7.349999999999999645e+00       2.290957693786208799e-07
7.360000000000000320e+00       2.311382475099362384e-07
7.370000000000000107e+00       2.331876829499605475e-07
7.379999999999999893e+00       2.352440303150447611e-07
7.389999999999999680e+00       2.373072442160053994e-07
7.400000000000000355e+00       2.393772792618585875e-07
7.410000000000000142e+00       2.414540900634923671e-07
7.419999999999999929e+00       2.435376312372782856e-07
7.429999999999999716e+00       2.456278574086258114e-07
7.440000000000000391e+00       2.477247232154745186e-07
7.450000000000000178e+00       2.498281833117312931e-07
7.459999999999999964e+00       2.519381923706467657e-07
7.469999999999999751e+00       2.540547050881417682e-07
7.480000000000000426e+00       2.561776761860647583e-07
7.490000000000000213e+00       2.583070604154082680e-07
7.500000000000000000e+00       2.604428125594563723e-07
7.509999999999999787e+00       2.625848874368900176e-07
7.519999999999999574e+00       2.647332399048280292e-07
7.530000000000000249e+00       2.668878248618207371e-07
7.540000000000000036e+00       2.690485972507891278e-07
7.549999999999999822e+00       2.712155120619121144e-07
7.559999999999999609e+00       2.733885243354577978e-07
7.570000000000000284e+00       2.755675891645734337e-07
7.580000000000000071e+00       2.777526616980148910e-07
7.589999999999999858e+00       2.799436971428298401e-07
7.599999999999999645e+00       2.821406507669942490e-07
7.610000000000000320e+00       2.843434779019959395e-07
7.620000000000000107e+00       2.865521339453716625e-07
7.629999999999999893e+00       2.887665743631964756e-07
7.639999999999999680e+00       2.909867546925278027e-07
7.650000000000000355e+00       2.932126305437957619e-07
7.660000000000000142e+00       2.954441576031583930e-07
7.669999999999999929e+00       2.976812916348020402e-07
7.679999999999999716e+00       2.999239884832026129e-07
7.690000000000000391e+00       3.021722040753371350e-07
7.700000000000000178e+00       3.044258944228586086e-07
7.709999999999999964e+00       3.066850156242197371e-07
7.719999999999999751e+00       3.089495238667579496e-07
7.730000000000000426e+00       3.112193754287397680e-07
7.740000000000000213e+00       3.134945266813614457e-07
7.750000000000000000e+00       3.157749340907035495e-07
7.759999999999999787e+00       3.180605542196604472e-07
7.769999999999999574e+00       3.203513437297899632e-07
7.780000000000000249e+00       3.226472593832037442e-07
7.790000000000000036e+00       3.249482580443142644e-07
7.799999999999999822e+00       3.272542966816229654e-07
7.809999999999999609e+00       3.295653323694383565e-07
7.820000000000000284e+00       3.318813222895560516e-07
7.830000000000000071e+00       3.342022237329119125e-07
7.839999999999999858e+00       3.365279941011888710e-07
7.849999999999999645e+00       3.388585909083944744e-07
7.860000000000000320e+00       3.411939717823954447e-07
7.870000000000000107e+00       3.435340944664256617e-07
7.879999999999999893e+00       3.458789168205521656e-07
7.889999999999999680e+00       3.482283968231091306e-07
7.900000000000000355e+00       3.505824925720976929e-07
7.910000000000000142e+00       3.529411622865533263e-07
7.919999999999999929e+00       3.553043643078821959e-07
7.929999999999999716e+00       3.576720571011561122e-07
7.940000000000000391e+00       3.600441992563868925e-07
7.950000000000000178e+00       3.624207494897613878e-07
7.959999999999999964e+00       3.648016666435121514e-07
7.969999999999999751e+00       3.671869096924251932e-07
7.980000000000000426e+00       3.695764377369981235e-07
7.990000000000000213e+00       3.719702100098716221e-07
8.000000000000000000e+00       3.743681858755868154e-07
8.009999999999999787e+00       3.767703248316438034e-07
8.019999999999999574e+00       3.791765865095245580e-07
8.029999999999999361e+00       3.815869306756940624e-07
8.039999999999999147e+00       3.840013172325745053e-07
8.050000000000000711e+00       3.864197062194803525e-07
8.060000000000000497e+00       3.888420578135445240e-07
8.070000000000000284e+00       3.912683323306013202e-07
8.080000000000000071e+00       3.936984902260521957e-07
8.089999999999999858e+00       3.961324920957006687e-07
8.099999999999999645e+00       3.985702986765805076e-07
8.109999999999999432e+00       4.010118708476892086e-07
8.119999999999999218e+00       4.034571696308232762e-07
8.130000000000000782e+00       4.059061561912689783e-07
8.140000000000000568e+00       4.083587918385243891e-07
8.150000000000000355e+00       4.108150380269891384e-07
8.160000000000000142e+00       4.132748563566333561e-07
8.169999999999999929e+00       4.157382085736349055e-07
8.179999999999999716e+00       4.182050565710030114e-07
8.189999999999999503e+00       4.206753623891767417e-07
8.199999999999999289e+00       4.231490882165929960e-07
8.210000000000000853e+00       4.256261963902525885e-07
8.220000000000000639e+00       4.281066493962426022e-07
8.230000000000000426e+00       4.305904098702493207e-07
8.240000000000000213e+00       4.330774405980517305e-07
8.250000000000000000e+00       4.355677045159934244e-07
8.259999999999999787e+00       4.380611647129229423e-07
8.269999999999999574e+00       4.405577844246451225e-07
8.279999999999999361e+00       4.430575270433027866e-07
8.289999999999999147e+00       4.455603561117888095e-07
8.300000000000000711e+00       4.480662353256147800e-07
8.310000000000000497e+00       4.505751285332635787e-07
8.320000000000000284e+00       4.530869997365298849e-07
8.330000000000000071e+00       4.556018130908291319e-07
8.339999999999999858e+00       4.581195329055095328e-07
8.349999999999999645e+00       4.606401236441263076e-07
8.359999999999999432e+00       4.631635499247114628e-07
8.369999999999999218e+00       4.656897765200233489e-07
8.380000000000000782e+00       4.682187683577784824e-07
8.390000000000000568e+00       4.707504905208663217e-07
8.400000000000000355e+00       4.732849082475531904e-07
8.410000000000000142e+00       4.758219869316621658e-07
8.419999999999999929e+00       4.783616921227471443e-07
8.429999999999999716e+00       4.809039895262446188e-07
8.439999999999999503e+00       4.834488450036107396e-07
8.449999999999999289e+00       4.859962245724495868e-07
8.460000000000000853e+00       4.885460944066193140e-07
8.470000000000000639e+00       4.910984208363305101e-07
8.480000000000000426e+00       4.936531703482233853e-07
8.490000000000000213e+00       4.962103095854417805e-07
8.500000000000000000e+00       4.987698053476842008e-07
8.509999999999999787e+00       5.013316245912448970e-07
8.519999999999999574e+00       5.038957344290405470e-07
8.529999999999999361e+00       5.064621021306291020e-07
8.539999999999999147e+00       5.090306951222096812e-07
8.550000000000000711e+00       5.116014809866165361e-07
8.560000000000000497e+00       5.141744274632915223e-07
8.570000000000000284e+00       5.167495024482542413e-07
8.580000000000000071e+00       5.193266739940568305e-07
8.589999999999999858e+00       5.219059103097262588e-07
8.599999999999999645e+00       5.244871797606952934e-07
8.609999999999999432e+00       5.270704508687262670e-07
8.619999999999999218e+00       5.296556923118165276e-07
8.630000000000000782e+00       5.322428729241026180e-07
8.640000000000000568e+00       5.348319616957430676e-07
8.650000000000000355e+00       5.374229277728037252e-07
8.660000000000000142e+00       5.400157404571222340e-07
8.669999999999999929e+00       5.426103692061652003e-07
8.679999999999999716e+00       5.452067836328808100e-07
8.689999999999999503e+00       5.478049535055365159e-07
8.699999999999999289e+00       5.504048487475463489e-07
8.710000000000000853e+00       5.530064394372956878e-07
8.720000000000000639e+00       5.556096958079519478e-07
8.730000000000000426e+00       5.582145882472652098e-07
8.740000000000000213e+00       5.608210872973659916e-07
8.750000000000000000e+00       5.634291636545436425e-07
8.759999999999999787e+00       5.660387881690343738e-07
8.769999999999999574e+00       5.686499318447800656e-07
8.779999999999999361e+00       5.712625658391920511e-07
8.789999999999999147e+00       5.738766614629002883e-07
8.800000000000000711e+00       5.764921901794936393e-07
8.810000000000000497e+00       5.791091236052356901e-07
8.820000000000000284e+00       5.817274335087783477e-07
8.830000000000000071e+00       5.843470918107639466e-07
8.839999999999999858e+00       5.869680705832260790e-07
8.849999999999999645e+00       5.895903420475734439e-07
8.859999999999999432e+00       5.922138785500540564e-07
8.869999999999999218e+00       5.948386528059163056e-07
8.880000000000000782e+00       5.974646371917389740e-07
8.890000000000000568e+00       6.000918047080756055e-07
8.900000000000000355e+00       6.027201283103726987e-07
8.910000000000000142e+00       6.053495811235249518e-07
8.919999999999999929e+00       6.079801364237346762e-07
8.929999999999999716e+00       6.106117676367167216e-07
8.939999999999999503e+00       6.132444483370362022e-07
8.949999999999999289e+00       6.158781522476757687e-07
8.960000000000000853e+00       6.185128532396431145e-07
8.970000000000000639e+00       6.211485253315965870e-07
8.980000000000000426e+00       6.237851426894742932e-07
8.990000000000000213e+00       6.264226796261129347e-07
9.000000000000000000e+00       6.290611106008744783e-07
9.009999999999999787e+00       6.317004102071334670e-07
9.019999999999999574e+00       6.343405530955110599e-07
9.029999999999999361e+00       6.369815139717381797e-07
9.039999999999999147e+00       6.396232676294221349e-07
9.050000000000000711e+00       6.422657889618319188e-07
9.060000000000000497e+00       6.449090529683370366e-07
9.070000000000000284e+00       6.475530347588286992e-07
9.080000000000000071e+00       6.501977095559928366e-07
9.089999999999999858e+00       6.528430526987278756e-07
9.099999999999999645e+00       6.554890396426804882e-07
9.109999999999999432e+00       6.581356459626816582e-07
9.119999999999999218e+00       6.607828473535190697e-07
9.130000000000000782e+00       6.634306196303643291e-07
9.140000000000000568e+00       6.660789387304494550e-07
9.150000000000000355e+00       6.687277807131598403e-07
9.160000000000000142e+00       6.713771217607048905e-07
9.169999999999999929e+00       6.740269381785756329e-07
9.179999999999999716e+00       6.766772063961677098e-07
9.189999999999999503e+00       6.793279029661358334e-07
9.199999999999999289e+00       6.819790045660134183e-07
9.210000000000000853e+00       6.846304879975489316e-07
9.220000000000000639e+00       6.872823301870721289e-07
9.230000000000000426e+00       6.899345081856108382e-07
9.240000000000000213e+00       6.925869991689289716e-07
9.250000000000000000e+00       6.952397804381141532e-07
9.259999999999999787e+00       6.978928294180188621e-07
9.269999999999999574e+00       7.005461236593174508e-07
9.279999999999999361e+00       7.031996408372323142e-07
9.289999999999999147e+00       7.058533587517750819e-07
9.300000000000000711e+00       7.085072553276876440e-07
9.310000000000000497e+00       7.111613086143443180e-07
9.320000000000000284e+00       7.138154967856619582e-07
9.330000000000000071e+00       7.164697981399700417e-07
9.339999999999999858e+00       7.191241911003086120e-07
9.349999999999999645e+00       7.217786542126255817e-07
9.359999999999999432e+00       7.244331661480264514e-07
9.369999999999999218e+00       7.270877057010385279e-07
9.380000000000000782e+00       7.297422517903659480e-07
9.390000000000000568e+00       7.323967834564530824e-07
9.400000000000000355e+00       7.350512798646317922e-07
9.410000000000000142e+00       7.377057203026741395e-07
9.419999999999999929e+00       7.403600841811258003e-07
9.429999999999999716e+00       7.430143510330650839e-07
9.439999999999999503e+00       7.456685005138642811e-07
9.449999999999999289e+00       7.483225124009391546e-07
9.460000000000000853e+00       7.509763665934910168e-07
9.470000000000000639e+00       7.536300431122311274e-07
9.480000000000000426e+00       7.562835220991251002e-07
9.490000000000000213e+00       7.589367838170980307e-07
9.500000000000000000e+00       7.615898086497506332e-07
9.509999999999999787e+00       7.642425771010749565e-07
9.519999999999999574e+00       7.668950697951447922e-07
9.529999999999999361e+00       7.695472674758205905e-07
9.539999999999999147e+00       7.721991510064275872e-07
9.550000000000000711e+00       7.748507013694468485e-07
9.560000000000000497e+00       7.775018996661817519e-07
9.570000000000000284e+00       7.801527271164131380e-07
9.580000000000000071e+00       7.828031650580415445e-07
9.589999999999999858e+00       7.854531949466473848e-07
9.599999999999999645e+00       7.881027983548516499e-07
9.609999999999999432e+00       7.907519569955404925e-07
9.619999999999999218e+00       7.934006526392513515e-07
9.630000000000000782e+00       7.960488672263409718e-07
9.640000000000000568e+00       7.986965827969264626e-07
9.650000000000000355e+00       8.013437815069020549e-07
9.660000000000000142e+00       8.039904456443730233e-07
9.669999999999999929e+00       8.066365575580406380e-07
9.679999999999999716e+00       8.092820997715251434e-07
9.689999999999999503e+00       8.119270548994163225e-07
9.699999999999999289e+00       8.145714056707282626e-07
9.710000000000000853e+00       8.172151349282376110e-07
9.720000000000000639e+00       8.198582256280003425e-07
9.730000000000000426e+00       8.225006608389479368e-07
9.740000000000000213e+00       8.251424237424813318e-07
9.750000000000000000e+00       8.277834976320711238e-07
9.759999999999999787e+00       8.304238659128778857e-07
9.769999999999999574e+00       8.330635121013607313e-07
9.779999999999999361e+00       8.357024198248722219e-07
9.789999999999999147e+00       8.383405728212822838e-07
9.800000000000000711e+00       8.409779549385715267e-07
9.810000000000000497e+00       8.436145501344433022e-07
9.820000000000000284e+00       8.462503424759147992e-07
9.830000000000000071e+00       8.488853161389347138e-07
9.839999999999999858e+00       8.515194554079617452e-07
9.849999999999999645e+00       8.541527446755715716e-07
9.859999999999999432e+00       8.567851684420527104e-07
9.869999999999999218e+00       8.594167113150080948e-07
9.880000000000000782e+00       8.620473580089330392e-07
9.890000000000000568e+00       8.646770933448171345e-07
9.900000000000000355e+00       8.673059022497294130e-07
9.910000000000000142e+00       8.699337697564177021e-07
9.919999999999999929e+00       8.725606810028859552e-07
9.929999999999999716e+00       8.751866212319804755e-07
9.939999999999999503e+00       8.778115757909885285e-07
9.949999999999999289e+00       8.804355301312145082e-07
9.960000000000000853e+00       8.830584698075640433e-07
9.970000000000000639e+00       8.856803804781326576e-07
9.980000000000000426e+00       8.883012479037861703e-07
9.990000000000000213e+00       8.909210579477353800e-07
