1.000000000000000021e-02       6.381363323870392623e-01
2.000000000000000042e-02       6.319148311876547908e-01
2.999999999999999889e-02       6.307591067403970353e-01
4.000000000000000083e-02       6.303541956753374587e-01
5.000000000000000278e-02       6.301666918733779266e-01
5.999999999999999778e-02       6.300648114428293312e-01
7.000000000000000666e-02       6.300033707687728857e-01
8.000000000000000167e-02       6.299634891746259679e-01
8.999999999999999667e-02       6.299361444195773485e-01
1.000000000000000056e-01       6.299165880044471644e-01
1.100000000000000006e-01       6.299016853395493776e-01
1.199999999999999956e-01       6.297890036617990184e-01
1.300000000000000044e-01       6.290192067230646611e-01
1.400000000000000133e-01       3.801703683103599407e-01
1.499999999999999944e-01       2.223159693520526392e-01
1.600000000000000033e-01       1.308657974725493667e-01
1.700000000000000122e-01       9.283283137856231104e-02
1.799999999999999933e-01       7.445989425249495419e-02
1.900000000000000022e-01       6.448964487589123329e-02
2.000000000000000111e-01       5.871006693802958976e-02
2.099999999999999922e-01       5.527910284177876832e-02
2.200000000000000011e-01       5.328592460516538148e-02
2.300000000000000100e-01       5.223497699193900556e-02
2.399999999999999911e-01       5.183556843069224429e-02
2.500000000000000000e-01       5.190659357169547655e-02
2.600000000000000089e-01       5.232945360009986363e-02
2.700000000000000178e-01       5.302314502981583105e-02
2.800000000000000266e-01       5.393030365546075400e-02
2.899999999999999800e-01       5.500900112955219023e-02
2.999999999999999889e-01       5.622772202633204153e-02
3.099999999999999978e-01       5.756217857362382062e-02
3.200000000000000067e-01       5.899322833313683928e-02
3.300000000000000155e-01       6.050547623799718694e-02
3.400000000000000244e-01       6.208631373284327626e-02
3.499999999999999778e-01       6.372524438068964681e-02
3.599999999999999867e-01       6.541340166508050058e-02
3.699999999999999956e-01       6.714319804707234718e-02
3.800000000000000044e-01       6.890806584861779160e-02
3.900000000000000133e-01       7.070226296187949455e-02
4.000000000000000222e-01       7.252072527049921447e-02
4.099999999999999756e-01       7.435895316066856719e-02
4.199999999999999845e-01       7.621292292064928142e-02
4.299999999999999933e-01       7.807901737432450251e-02
4.400000000000000022e-01       7.995397018491673391e-02
4.500000000000000111e-01       8.183482117543315615e-02
4.600000000000000200e-01       8.371887988511170220e-02
4.699999999999999734e-01       8.560369554734198472e-02
4.799999999999999822e-01       8.748703208724807612e-02
4.899999999999999911e-01       8.936684707635079994e-02
5.000000000000000000e-01       9.123693685348485682e-02
5.100000000000000089e-01       9.305946467718026471e-02
5.200000000000000178e-01       9.482847737677843614e-02
5.300000000000000266e-01       9.655039767571158005e-02
5.400000000000000355e-01       9.823069408510938516e-02
5.500000000000000444e-01       9.987328890039448570e-02
5.600000000000000533e-01       1.014624962926748697e-01
5.699999999999999512e-01       1.029964332660693593e-01
5.799999999999999600e-01       1.044822994097778235e-01
5.899999999999999689e-01       1.059262580531069031e-01
5.999999999999999778e-01       1.073335651529465917e-01
6.099999999999999867e-01       1.087086878872096929e-01
6.199999999999999956e-01       1.100554116269320537e-01
6.300000000000000044e-01       1.113769350758605364e-01
6.400000000000000133e-01       1.126759539823725120e-01
6.500000000000000222e-01       1.139547342037774830e-01
6.600000000000000311e-01       1.152151750859542606e-01
6.700000000000000400e-01       1.164588641789389561e-01
6.800000000000000488e-01       1.176871243083347646e-01
6.899999999999999467e-01       1.189010539479083278e-01
6.999999999999999556e-01       1.201015617786608536e-01
7.099999999999999645e-01       1.212893962191068653e-01
7.199999999999999734e-01       1.224651706264276718e-01
7.299999999999999822e-01       1.236293847813565994e-01
7.399999999999999911e-01       1.247824431892097380e-01
7.500000000000000000e-01       1.259246706589625953e-01
7.600000000000000089e-01       1.270563255553512627e-01
7.700000000000000178e-01       1.281776110672623870e-01
7.800000000000000266e-01       1.292328831702846126e-01
7.900000000000000355e-01       1.298502069295098260e-01
8.000000000000000444e-01       1.300398175925764066e-01
8.100000000000000533e-01       1.298959757663232517e-01
8.199999999999999512e-01       1.295011456286485341e-01
8.299999999999999600e-01       1.289249672229795252e-01
8.399999999999999689e-01       1.282247853686395433e-01
8.499999999999999778e-01       1.274468194858031644e-01
8.599999999999999867e-01       1.266276168828017745e-01
8.699999999999999956e-01       1.257955580939714157e-01
8.800000000000000044e-01       1.249722791851983483e-01
8.900000000000000133e-01       1.241739415983325601e-01
9.000000000000000222e-01       1.233956488072994601e-01
9.100000000000000311e-01       1.226214085701879813e-01
9.200000000000000400e-01       1.218660183160987925e-01
9.300000000000000488e-01       1.211409970930284463e-01
9.399999999999999467e-01       1.204546744753241944e-01
9.499999999999999556e-01       1.198128545035054143e-01
9.599999999999999645e-01       1.192192649361496354e-01
9.699999999999999734e-01       1.186737539142948689e-01
9.799999999999999822e-01       1.181768215510398123e-01
9.899999999999999911e-01       1.177292134147857050e-01
1.000000000000000000e+00       1.173309116402474900e-01
1.010000000000000009e+00       1.169813249602040528e-01
1.020000000000000018e+00       1.166794026587387317e-01
1.030000000000000027e+00       1.164110281197214686e-01
1.040000000000000036e+00       1.161673406905898431e-01
1.050000000000000044e+00       1.159504927201529673e-01
1.060000000000000053e+00       1.157619292373505554e-01
1.070000000000000062e+00       1.156025268928524974e-01
1.080000000000000071e+00       1.154727086838655409e-01
1.090000000000000080e+00       1.153725382869644350e-01
1.100000000000000089e+00       1.153017973366673582e-01
1.110000000000000098e+00       1.152600485182259382e-01
1.120000000000000107e+00       1.152466869115390258e-01
1.129999999999999893e+00       1.152609816388090042e-01
1.139999999999999902e+00       1.153021095328391754e-01
1.149999999999999911e+00       1.153691822549192808e-01
1.159999999999999920e+00       1.154612680465155472e-01
1.169999999999999929e+00       1.155774090932532722e-01
1.179999999999999938e+00       1.157166353070258613e-01
1.189999999999999947e+00       1.158779751900872734e-01
1.199999999999999956e+00       1.160604643245555789e-01
1.209999999999999964e+00       1.162631519345318082e-01
1.219999999999999973e+00       1.164851058862091809e-01
1.229999999999999982e+00       1.167254164253431759e-01
1.239999999999999991e+00       1.169831988968157155e-01
1.250000000000000000e+00       1.172575956496056532e-01
1.260000000000000009e+00       1.175477772697927359e-01
1.270000000000000018e+00       1.178529433283821287e-01
1.280000000000000027e+00       1.181723226770099722e-01
1.290000000000000036e+00       1.185051734413197083e-01
1.300000000000000044e+00       1.188507827554338148e-01
1.310000000000000053e+00       1.192084663024070984e-01
1.320000000000000062e+00       1.195775677073403487e-01
1.330000000000000071e+00       1.199574578213360165e-01
1.340000000000000080e+00       1.203475339269031302e-01
1.350000000000000089e+00       1.207472188897673326e-01
1.360000000000000098e+00       1.211559602764959026e-01
1.370000000000000107e+00       1.215732294538611480e-01
1.379999999999999893e+00       1.219985206822426088e-01
1.389999999999999902e+00       1.224313502128055037e-01
1.399999999999999911e+00       1.228712553959277892e-01
1.409999999999999920e+00       1.233177938067493984e-01
1.419999999999999929e+00       1.237705423919906733e-01
1.429999999999999938e+00       1.242290966413102382e-01
1.439999999999999947e+00       1.246930697853666503e-01
1.449999999999999956e+00       1.251620920220532784e-01
1.459999999999999964e+00       1.256358097110645000e-01
1.469999999999999973e+00       1.261138849017363339e-01
1.479999999999999982e+00       1.265959942819609163e-01
1.489999999999999991e+00       1.270818287652898115e-01
1.500000000000000000e+00       1.275710928018404244e-01
1.510000000000000009e+00       1.280635037782261176e-01
1.520000000000000018e+00       1.285587914446774116e-01
1.530000000000000027e+00       1.290566973684394714e-01
1.540000000000000036e+00       1.295569744126485179e-01
1.550000000000000044e+00       1.300593862393528422e-01
1.560000000000000053e+00       1.305637068361481523e-01
1.570000000000000062e+00       1.310697200649364458e-01
1.580000000000000071e+00       1.315772192323621526e-01
1.590000000000000080e+00       1.320860066803202226e-01
1.600000000000000089e+00       1.325958933960521557e-01
1.610000000000000098e+00       1.331066986406745922e-01
1.620000000000000107e+00       1.336182495952936422e-01
1.629999999999999893e+00       1.341303810238249350e-01
1.639999999999999902e+00       1.346429349516821972e-01
1.649999999999999911e+00       1.351557603595331114e-01
1.659999999999999920e+00       1.356687128913597051e-01
1.669999999999999929e+00       1.361816545760911601e-01
1.679999999999999938e+00       1.366944535621217871e-01
1.689999999999999947e+00       1.372069838644660866e-01
1.699999999999999956e+00       1.377191251214711920e-01
1.709999999999999964e+00       1.382307623692577148e-01
1.719999999999999973e+00       1.387417858089884659e-01
1.729999999999999982e+00       1.392520906131020086e-01
1.739999999999999991e+00       1.397615767135159393e-01
1.750000000000000000e+00       1.402701486125678687e-01
1.760000000000000009e+00       1.407777151992590237e-01
1.770000000000000018e+00       1.412841895738461417e-01
1.780000000000000027e+00       1.417894888798522934e-01
1.790000000000000036e+00       1.422935341381331986e-01
1.800000000000000044e+00       1.427962500305303417e-01
1.810000000000000053e+00       1.432975646213997256e-01
1.820000000000000062e+00       1.437974090921798898e-01
1.830000000000000071e+00       1.442957175047159535e-01
1.840000000000000080e+00       1.447924265906253838e-01
1.850000000000000089e+00       1.452874755632478365e-01
1.860000000000000098e+00       1.457808059513763244e-01
1.870000000000000107e+00       1.462722251299591048e-01
1.879999999999999893e+00       1.467607224171665059e-01
1.889999999999999902e+00       1.472460172393262323e-01
1.899999999999999911e+00       1.477281377065605417e-01
1.909999999999999920e+00       1.482071098519308350e-01
1.919999999999999929e+00       1.486829576969121713e-01
1.929999999999999938e+00       1.491557033601417226e-01
1.939999999999999947e+00       1.496253671651018302e-01
1.949999999999999956e+00       1.500919677372577754e-01
1.959999999999999964e+00       1.505555221171240299e-01
1.969999999999999973e+00       1.510154621220973215e-01
1.979999999999999982e+00       1.514408313319405008e-01
1.989999999999999991e+00       1.518170243581271339e-01
2.000000000000000000e+00       1.521475504488433994e-01
2.009999999999999787e+00       1.524357347663876650e-01
2.020000000000000018e+00       1.526836110445802530e-01
2.029999999999999805e+00       1.528935791170888403e-01
2.040000000000000036e+00       1.530687085096119893e-01
2.049999999999999822e+00       1.532119057342923585e-01
2.060000000000000053e+00       1.533259161374885826e-01
2.069999999999999840e+00       1.534133262693049005e-01
2.080000000000000071e+00       1.534765673173370537e-01
2.089999999999999858e+00       1.535179193848983659e-01
2.100000000000000089e+00       1.535395164350747688e-01
2.109999999999999876e+00       1.535433517363475886e-01
2.120000000000000107e+00       1.535312836692317440e-01
2.129999999999999893e+00       1.535050417742502005e-01
2.140000000000000124e+00       1.534662329389918922e-01
2.149999999999999911e+00       1.534163476387003511e-01
2.160000000000000142e+00       1.533567661591008491e-01
2.169999999999999929e+00       1.532887647436403100e-01
2.180000000000000160e+00       1.532135216178904524e-01
2.189999999999999947e+00       1.531321228542600610e-01
2.200000000000000178e+00       1.530455680483454595e-01
2.209999999999999964e+00       1.529547757855863055e-01
2.220000000000000195e+00       1.528605888830388559e-01
2.229999999999999982e+00       1.527637793962677015e-01
2.240000000000000213e+00       1.526650533856866720e-01
2.250000000000000000e+00       1.525650554402529224e-01
2.259999999999999787e+00       1.524643729593412045e-01
2.270000000000000018e+00       1.523635401959838043e-01
2.279999999999999805e+00       1.522630420665268824e-01
2.290000000000000036e+00       1.521633177332087916e-01
2.299999999999999822e+00       1.520647639672715878e-01
2.310000000000000053e+00       1.519677383010143157e-01
2.319999999999999840e+00       1.518725619777569757e-01
2.330000000000000071e+00       1.517795227090368015e-01
2.339999999999999858e+00       1.516888772485285586e-01
2.350000000000000089e+00       1.516008537922342581e-01
2.359999999999999876e+00       1.515156582495905679e-01
2.370000000000000107e+00       1.514334561485486952e-01
2.379999999999999893e+00       1.513544149224191893e-01
2.390000000000000124e+00       1.512786653562064043e-01
2.399999999999999911e+00       1.512063234319851179e-01
2.410000000000000142e+00       1.511374878431896440e-01
2.419999999999999929e+00       1.510722414315371909e-01
2.430000000000000160e+00       1.510106525163653346e-01
2.439999999999999947e+00       1.509527761267973611e-01
2.450000000000000178e+00       1.508986551454437608e-01
2.459999999999999964e+00       1.508483213643568577e-01
2.470000000000000195e+00       1.508017964610545436e-01
2.479999999999999982e+00       1.507590929011720093e-01
2.490000000000000213e+00       1.507202147725999475e-01
2.500000000000000000e+00       1.506851585558720286e-01
2.509999999999999787e+00       1.506539138353527874e-01
2.520000000000000018e+00       1.506264639554997509e-01
2.529999999999999805e+00       1.506027866261855919e-01
2.540000000000000036e+00       1.505828544807978620e-01
2.549999999999999822e+00       1.505666355905787845e-01
2.560000000000000053e+00       1.505540939384282240e-01
2.569999999999999840e+00       1.505451898551677381e-01
2.580000000000000071e+00       1.505398804210530128e-01
2.589999999999999858e+00       1.505381198351224692e-01
2.600000000000000089e+00       1.505398597547895623e-01
2.609999999999999876e+00       1.505450496079051015e-01
2.620000000000000107e+00       1.505536368793649604e-01
2.629999999999999893e+00       1.505655673741796152e-01
2.640000000000000124e+00       1.505807854587842276e-01
2.649999999999999911e+00       1.505992342822429775e-01
2.660000000000000142e+00       1.506208559788689283e-01
2.669999999999999929e+00       1.506455918536808436e-01
2.680000000000000160e+00       1.506733834520607440e-01
2.689999999999999947e+00       1.507041682144165951e-01
2.700000000000000178e+00       1.507378886213215086e-01
2.709999999999999964e+00       1.507744833093530301e-01
2.720000000000000195e+00       1.508138917077161689e-01
2.729999999999999982e+00       1.508560532312912261e-01
2.740000000000000213e+00       1.509009073855263616e-01
2.750000000000000000e+00       1.509483938477367559e-01
2.759999999999999787e+00       1.509984525503355601e-01
2.770000000000000018e+00       1.510510237515516052e-01
2.779999999999999805e+00       1.511060481012352630e-01
2.790000000000000036e+00       1.511634666991935882e-01
2.799999999999999822e+00       1.512232211472493149e-01
2.810000000000000053e+00       1.512852535959398059e-01
2.819999999999999840e+00       1.513495067861921617e-01
2.830000000000000071e+00       1.514159240863185985e-01
2.839999999999999858e+00       1.514844495246975564e-01
2.850000000000000089e+00       1.515550278184862043e-01
2.859999999999999876e+00       1.516276043986876654e-01
2.870000000000000107e+00       1.517021254318702550e-01
2.879999999999999893e+00       1.517785378388143702e-01
2.890000000000000124e+00       1.518567893103395516e-01
2.899999999999999911e+00       1.519368283205485282e-01
2.910000000000000142e+00       1.520186041377022124e-01
2.919999999999999929e+00       1.521020668329288728e-01
2.930000000000000160e+00       1.521871672869495318e-01
2.939999999999999947e+00       1.522738571949925901e-01
2.950000000000000178e+00       1.523620890700550234e-01
2.959999999999999964e+00       1.524518162446537872e-01
2.970000000000000195e+00       1.525429928712060679e-01
2.979999999999999982e+00       1.526355739211586182e-01
2.990000000000000213e+00       1.527295151829824726e-01
3.000000000000000000e+00       1.528247732591397900e-01
3.009999999999999787e+00       1.529213054242896108e-01
3.020000000000000018e+00       1.530190687712182085e-01
3.029999999999999805e+00       1.531180202452030736e-01
3.040000000000000036e+00       1.532181170578628682e-01
3.049999999999999822e+00       1.533193168452726129e-01
3.060000000000000053e+00       1.534215777568321837e-01
3.069999999999999840e+00       1.535248585135873811e-01
3.080000000000000071e+00       1.536291184500163387e-01
3.089999999999999858e+00       1.537343175438370957e-01
3.100000000000000089e+00       1.538403806102643656e-01
3.109999999999999876e+00       1.539469458277949454e-01
3.120000000000000107e+00       1.540539178031802570e-01
3.129999999999999893e+00       1.541612828642995869e-01
3.140000000000000124e+00       1.542690269537417280e-01
3.149999999999999911e+00       1.543771356817949525e-01
3.160000000000000142e+00       1.544855942574261676e-01
3.169999999999999929e+00       1.545943880060176301e-01
3.180000000000000160e+00       1.547035017008210334e-01
3.189999999999999947e+00       1.548129200749193690e-01
3.200000000000000178e+00       1.549226277376891669e-01
3.209999999999999964e+00       1.550326092074211237e-01
3.220000000000000195e+00       1.551428489407896960e-01
3.229999999999999982e+00       1.552533313605903853e-01
3.240000000000000213e+00       1.553640408810134654e-01
3.250000000000000000e+00       1.554749619309736264e-01
3.259999999999999787e+00       1.555860789755698359e-01
3.270000000000000018e+00       1.556973765358403428e-01
3.279999999999999805e+00       1.558088392068912864e-01
3.290000000000000036e+00       1.559204516745415214e-01
3.299999999999999822e+00       1.560321987305771374e-01
3.310000000000000053e+00       1.561440652867095713e-01
3.319999999999999840e+00       1.562560363876247804e-01
3.330000000000000071e+00       1.563680972215313603e-01
3.339999999999999858e+00       1.564802331322582285e-01
3.350000000000000089e+00       1.565924296279034567e-01
3.359999999999999876e+00       1.567046723897527194e-01
3.370000000000000107e+00       1.568169472801203834e-01
3.379999999999999893e+00       1.569292403493969812e-01
3.390000000000000124e+00       1.570415378423556940e-01
3.399999999999999911e+00       1.571538262037690259e-01
3.410000000000000142e+00       1.572660920833993115e-01
3.419999999999999929e+00       1.573783223402755727e-01
3.430000000000000160e+00       1.574905040466923201e-01
3.439999999999999947e+00       1.576026244913100172e-01
3.450000000000000178e+00       1.577146711820504588e-01
3.459999999999999964e+00       1.578266318484261022e-01
3.470000000000000195e+00       1.579384944434656102e-01
3.479999999999999982e+00       1.580502471452465696e-01
3.490000000000000213e+00       1.581618783580616139e-01
3.500000000000000000e+00       1.582733767132457614e-01
3.509999999999999787e+00       1.583847310696862576e-01
3.520000000000000018e+00       1.584959305140393737e-01
3.529999999999999805e+00       1.586069643606752566e-01
3.540000000000000036e+00       1.587178221512795806e-01
3.549999999999999822e+00       1.588284936546859039e-01
3.560000000000000053e+00       1.589389688617003915e-01
3.569999999999999840e+00       1.590492378973643317e-01
3.580000000000000071e+00       1.591592909502923814e-01
3.589999999999999858e+00       1.592691183372503816e-01
3.600000000000000089e+00       1.593787105323459519e-01
3.609999999999999876e+00       1.594880581808755249e-01
3.620000000000000107e+00       1.595971521077108601e-01
3.629999999999999893e+00       1.597059833229979853e-01
3.640000000000000124e+00       1.598145430260864419e-01
3.649999999999999911e+00       1.599228226080586512e-01
3.660000000000000142e+00       1.600308136535538994e-01
3.669999999999999929e+00       1.601385079418930490e-01
3.680000000000000160e+00       1.602458974475728659e-01
3.689999999999999947e+00       1.603529743403926677e-01
3.700000000000000178e+00       1.604597309850844256e-01
3.709999999999999964e+00       1.605661599408559626e-01
3.720000000000000195e+00       1.606722539604543698e-01
3.729999999999999982e+00       1.607780059891035507e-01
3.740000000000000213e+00       1.608834091632238283e-01
3.750000000000000000e+00       1.609884568089787193e-01
3.759999999999999787e+00       1.610931424406713830e-01
3.770000000000000018e+00       1.611974597592004677e-01
3.779999999999999805e+00       1.613014026494986042e-01
3.790000000000000036e+00       1.614049651795836093e-01
3.799999999999999822e+00       1.615081415978799062e-01
3.810000000000000053e+00       1.616109263312495437e-01
3.819999999999999840e+00       1.617133139828037802e-01
3.830000000000000071e+00       1.618152993296544384e-01
3.839999999999999858e+00       1.619168773206141054e-01
3.850000000000000089e+00       1.620180430738517308e-01
3.859999999999999876e+00       1.621187918745108647e-01
3.870000000000000107e+00       1.622191191723084958e-01
3.879999999999999893e+00       1.623190205790431828e-01
3.890000000000000124e+00       1.624184918661974175e-01
3.899999999999999911e+00       1.625175289624583019e-01
3.910000000000000142e+00       1.626161279511616764e-01
3.919999999999999929e+00       1.627142850678426900e-01
3.930000000000000160e+00       1.628119966977148725e-01
3.939999999999999947e+00       1.629092593731622518e-01
3.950000000000000178e+00       1.630060697712288620e-01
3.959999999999999964e+00       1.631024247111257097e-01
3.970000000000000195e+00       1.631983211516813137e-01
3.979999999999999982e+00       1.632937561889218625e-01
3.990000000000000213e+00       1.633887270535396563e-01
4.000000000000000000e+00       1.634832311084336021e-01
4.009999999999999787e+00       1.635772658462517903e-01
4.019999999999999574e+00       1.636708288868856942e-01
4.030000000000000249e+00       1.637639179753043461e-01
4.040000000000000036e+00       1.638565309787382851e-01
4.049999999999999822e+00       1.639486658845750733e-01
4.059999999999999609e+00       1.640403207979147238e-01
4.070000000000000284e+00       1.641314939392222449e-01
4.080000000000000071e+00       1.642221836420006409e-01
4.089999999999999858e+00       1.643123883504900573e-01
4.099999999999999645e+00       1.644021066173875778e-01
4.110000000000000320e+00       1.644913371006758440e-01
4.120000000000000107e+00       1.645800785648822706e-01
4.129999999999999893e+00       1.646683298738516321e-01
4.139999999999999680e+00       1.647560899917962507e-01
4.150000000000000355e+00       1.648433579803616766e-01
4.160000000000000142e+00       1.649301329965017493e-01
4.169999999999999929e+00       1.650164142903796094e-01
4.179999999999999716e+00       1.651022012032962727e-01
4.190000000000000391e+00       1.651874931656464873e-01
4.200000000000000178e+00       1.652722896949031517e-01
4.209999999999999964e+00       1.653565903936287940e-01
4.219999999999999751e+00       1.654403949475149460e-01
4.230000000000000426e+00       1.655237031234502720e-01
4.240000000000000213e+00       1.656065147676163141e-01
4.250000000000000000e+00       1.656888298036113816e-01
4.259999999999999787e+00       1.657706482306027795e-01
4.269999999999999574e+00       1.658519701215069309e-01
4.280000000000000249e+00       1.659327956211976152e-01
4.290000000000000036e+00       1.660131249447418800e-01
4.299999999999999822e+00       1.660929583756645400e-01
4.309999999999999609e+00       1.661722962642393497e-01
4.320000000000000284e+00       1.662511390258088750e-01
4.330000000000000071e+00       1.663294871391310936e-01
4.339999999999999858e+00       1.664073411447534734e-01
4.349999999999999645e+00       1.664847016434143345e-01
4.360000000000000320e+00       1.665615692944707737e-01
4.370000000000000107e+00       1.666379448143540387e-01
4.379999999999999893e+00       1.667138289750506597e-01
4.389999999999999680e+00       1.667892226026098657e-01
4.400000000000000355e+00       1.668641265756782566e-01
4.410000000000000142e+00       1.669385418240582897e-01
4.419999999999999929e+00       1.670124693272946326e-01
4.429999999999999716e+00       1.670859101132838587e-01
4.440000000000000391e+00       1.671588652569105382e-01
4.450000000000000178e+00       1.672313358787074766e-01
4.459999999999999964e+00       1.673033231435407941e-01
4.469999999999999751e+00       1.673748282593191250e-01
4.480000000000000426e+00       1.674458524757267697e-01
4.490000000000000213e+00       1.675163970829808280e-01
4.500000000000000000e+00       1.675864634106197515e-01
4.509999999999999787e+00       1.676560528262737437e-01
4.519999999999999574e+00       1.677251667345407427e-01
4.530000000000000249e+00       1.677938065758027286e-01
4.540000000000000036e+00       1.678619738251043159e-01
4.549999999999999822e+00       1.679296699910467483e-01
4.559999999999999609e+00       1.679968966147024900e-01
4.570000000000000284e+00       1.680636552685509932e-01
4.580000000000000071e+00       1.681299475554371980e-01
4.589999999999999858e+00       1.681957751075485730e-01
4.599999999999999645e+00       1.682611395854145819e-01
4.610000000000000320e+00       1.683260426769251916e-01
4.620000000000000107e+00       1.683904860963694461e-01
4.629999999999999893e+00       1.684544715834948858e-01
4.639999999999999680e+00       1.685180009023238556e-01
4.650000000000000355e+00       1.685810758412954746e-01
4.660000000000000142e+00       1.686436982108107663e-01
4.669999999999999929e+00       1.687058698431952164e-01
4.679999999999999716e+00       1.687675925924342346e-01
4.690000000000000391e+00       1.688288683321199357e-01
4.700000000000000178e+00       1.688896989554285466e-01
4.709999999999999964e+00       1.689500863741333625e-01
4.719999999999999751e+00       1.690100325178273688e-01
4.730000000000000426e+00       1.690695393331624330e-01
4.740000000000000213e+00       1.691286087831259666e-01
4.750000000000000000e+00       1.691872428462273537e-01
4.759999999999999787e+00       1.692454435159128079e-01
4.769999999999999574e+00       1.693032127997851355e-01
4.780000000000000249e+00       1.693605527190937821e-01
4.790000000000000036e+00       1.694174653073094727e-01
4.799999999999999822e+00       1.694739526110040917e-01
4.809999999999999609e+00       1.695300166876503867e-01
4.820000000000000284e+00       1.695856596058639976e-01
4.830000000000000071e+00       1.696408834445095049e-01
4.839999999999999858e+00       1.696956902922177046e-01
4.849999999999999645e+00       1.697500822466849468e-01
4.860000000000000320e+00       1.698040614144062654e-01
4.870000000000000107e+00       1.698576299092686148e-01
4.879999999999999893e+00       1.699107898535360539e-01
4.889999999999999680e+00       1.699635433758314718e-01
4.900000000000000355e+00       1.700158926113246594e-01
4.910000000000000142e+00       1.700678397012278797e-01
4.919999999999999929e+00       1.701193867920890723e-01
4.929999999999999716e+00       1.701705360354558993e-01
4.940000000000000391e+00       1.702212895873724541e-01
4.950000000000000178e+00       1.702716496079242914e-01
4.959999999999999964e+00       1.703216182607929230e-01
4.969999999999999751e+00       1.703711977128227750e-01
4.980000000000000426e+00       1.704203901335976934e-01
4.990000000000000213e+00       1.704691976950291343e-01
5.000000000000000000e+00       1.705176225522926081e-01
5.009999999999999787e+00       1.705656669185466046e-01
5.019999999999999574e+00       1.706133329511623498e-01
5.030000000000000249e+00       1.706606228274450410e-01
5.040000000000000036e+00       1.707075387251173748e-01
5.049999999999999822e+00       1.707540828219667184e-01
5.059999999999999609e+00       1.708002572955015230e-01
5.070000000000000284e+00       1.708460643226171749e-01
5.080000000000000071e+00       1.708915060792699503e-01
5.089999999999999858e+00       1.709365847401599636e-01
5.099999999999999645e+00       1.709813024784232749e-01
5.110000000000000320e+00       1.710256614653316298e-01
5.120000000000000107e+00       1.710696638700003880e-01
5.129999999999999893e+00       1.711133118591050550e-01
5.139999999999999680e+00       1.711566075966056977e-01
5.150000000000000355e+00       1.711995532434783529e-01
5.160000000000000142e+00       1.712421509574544864e-01
5.169999999999999929e+00       1.712844028927679452e-01
5.179999999999999716e+00       1.713263111999092925e-01
5.190000000000000391e+00       1.713678780253869161e-01
5.200000000000000178e+00       1.714091055114947970e-01
5.209999999999999964e+00       1.714499957960883558e-01
5.219999999999999751e+00       1.714905510123654886e-01
5.230000000000000426e+00       1.715307732886556247e-01
5.240000000000000213e+00       1.715706647482132530e-01
5.250000000000000000e+00       1.716102275090202745e-01
5.259999999999999787e+00       1.716494636835922960e-01
5.269999999999999574e+00       1.716883753787917521e-01
5.280000000000000249e+00       1.717269646955832119e-01
5.290000000000000036e+00       1.717652337279753916e-01
5.299999999999999822e+00       1.718031845639268473e-01
5.309999999999999609e+00       1.718408192859887107e-01
5.320000000000000284e+00       1.718781399702098978e-01
5.330000000000000071e+00       1.719151486859836764e-01
5.339999999999999858e+00       1.719518474959001730e-01
5.349999999999999645e+00       1.719882384556020438e-01
5.360000000000000320e+00       1.720243236136477782e-01
5.370000000000000107e+00       1.720601050113774455e-01
5.379999999999999893e+00       1.720955846827847968e-01
5.389999999999999680e+00       1.721307646544076586e-01
5.400000000000000355e+00       1.721656469451512683e-01
5.410000000000000142e+00       1.722002335662584926e-01
5.419999999999999929e+00       1.722345265211433496e-01
5.429999999999999716e+00       1.722685278053982250e-01
5.440000000000000391e+00       1.723022394061884677e-01
5.450000000000000178e+00       1.723356633031683516e-01
5.459999999999999964e+00       1.723688014673507851e-01
5.469999999999999751e+00       1.724016558615889538e-01
5.480000000000000426e+00       1.724342284403011516e-01
5.490000000000000213e+00       1.724665211494599282e-01
5.500000000000000000e+00       1.724985359264358808e-01
5.509999999999999787e+00       1.725302747000154457e-01
5.519999999999999574e+00       1.725617393903657038e-01
5.530000000000000249e+00       1.725929319084917868e-01
5.540000000000000036e+00       1.726238541571417373e-01
5.549999999999999822e+00       1.726545080297805235e-01
5.559999999999999609e+00       1.726848954110095369e-01
5.570000000000000284e+00       1.727150181763903170e-01
5.580000000000000071e+00       1.727448781924888765e-01
5.589999999999999858e+00       1.727744773166803582e-01
5.599999999999999645e+00       1.728038173971979952e-01
5.610000000000000320e+00       1.728329002730637776e-01
5.620000000000000107e+00       1.728617277740475411e-01
5.629999999999999893e+00       1.728903017206264714e-01
5.639999999999999680e+00       1.729186239239490219e-01
5.650000000000000355e+00       1.729466961858005247e-01
5.660000000000000142e+00       1.729745202985714658e-01
5.669999999999999929e+00       1.730020980452278145e-01
5.679999999999999716e+00       1.730294311949228947e-01
5.690000000000000391e+00       1.730565215205146501e-01
5.700000000000000178e+00       1.730833707720800807e-01
5.709999999999999964e+00       1.731099807032652205e-01
5.719999999999999751e+00       1.731363530322762578e-01
5.730000000000000426e+00       1.731624894936960035e-01
5.740000000000000213e+00       1.731883918038853443e-01
5.750000000000000000e+00       1.732140616696246083e-01
5.759999999999999787e+00       1.732395007881037952e-01
5.769999999999999574e+00       1.732647108469127506e-01
5.780000000000000249e+00       1.732896935240353098e-01
5.790000000000000036e+00       1.733144504878438574e-01
5.799999999999999822e+00       1.733389833970959693e-01
5.809999999999999609e+00       1.733632939009330243e-01
5.820000000000000284e+00       1.733873836388797329e-01
5.830000000000000071e+00       1.734112542408458302e-01
5.839999999999999858e+00       1.734349073271290176e-01
5.849999999999999645e+00       1.734583445084195708e-01
5.860000000000000320e+00       1.734815673858062512e-01
5.870000000000000107e+00       1.735045775423034453e-01
5.879999999999999893e+00       1.735273765767670895e-01
5.889999999999999680e+00       1.735499660530611943e-01
5.900000000000000355e+00       1.735723475339541466e-01
5.910000000000000142e+00       1.735945225726635288e-01
5.919999999999999929e+00       1.736164927128685809e-01
5.929999999999999716e+00       1.736382594887267428e-01
5.940000000000000391e+00       1.736598244248871714e-01
5.950000000000000178e+00       1.736811890365104194e-01
5.959999999999999964e+00       1.737023548292851438e-01
5.969999999999999751e+00       1.737233232994482013e-01
5.980000000000000426e+00       1.737440959338046598e-01
5.990000000000000213e+00       1.737646742097492258e-01
6.000000000000000000e+00       1.737850595952881994e-01
6.009999999999999787e+00       1.738052535490633155e-01
6.019999999999999574e+00       1.738252575203750039e-01
6.030000000000000249e+00       1.738450729492081182e-01
6.040000000000000036e+00       1.738647012662568603e-01
6.049999999999999822e+00       1.738841438929521199e-01
6.059999999999999609e+00       1.739034022469712892e-01
6.070000000000000284e+00       1.739224777202331984e-01
6.080000000000000071e+00       1.739413717121952585e-01
6.089999999999999858e+00       1.739600856074494384e-01
6.099999999999999645e+00       1.739786207815329222e-01
6.110000000000000320e+00       1.739969786008948027e-01
6.120000000000000107e+00       1.740151604229266125e-01
6.129999999999999893e+00       1.740331675959952973e-01
6.139999999999999680e+00       1.740510014594747468e-01
6.150000000000000355e+00       1.740686633437802944e-01
6.160000000000000142e+00       1.740861545704018298e-01
6.169999999999999929e+00       1.741034764519385492e-01
6.179999999999999716e+00       1.741206302921333993e-01
6.190000000000000391e+00       1.741376173859085774e-01
6.200000000000000178e+00       1.741544390194015302e-01
6.209999999999999964e+00       1.741710964700010078e-01
6.219999999999999751e+00       1.741875910063837296e-01
6.230000000000000426e+00       1.742039238885516317e-01
6.240000000000000213e+00       1.742200963678691983e-01
6.250000000000000000e+00       1.742361096871013759e-01
6.259999999999999787e+00       1.742519650804517928e-01
6.269999999999999574e+00       1.742676637736015055e-01
6.280000000000000249e+00       1.742832069837471909e-01
6.290000000000000036e+00       1.742985959196415024e-01
6.299999999999999822e+00       1.743138317816317340e-01
6.309999999999999609e+00       1.743289157616994545e-01
6.320000000000000284e+00       1.743438490435012811e-01
6.330000000000000071e+00       1.743586328024088195e-01
6.339999999999999858e+00       1.743732682055487704e-01
6.349999999999999645e+00       1.743877564118443413e-01
6.360000000000000320e+00       1.744020985720561578e-01
6.370000000000000107e+00       1.744162958294648846e-01
6.379999999999999893e+00       1.744303493173657849e-01
6.389999999999999680e+00       1.744442601629007661e-01
6.400000000000000355e+00       1.744580294845927693e-01
6.410000000000000142e+00       1.744716583930096820e-01
6.419999999999999929e+00       1.744851479920323245e-01
6.429999999999999716e+00       1.744984993740336388e-01
6.440000000000000391e+00       1.745117136271560621e-01
6.450000000000000178e+00       1.745247918305680435e-01
6.459999999999999964e+00       1.745377350556949481e-01
6.469999999999999751e+00       1.745505443662604683e-01
6.480000000000000426e+00       1.745632208203220792e-01
6.490000000000000213e+00       1.745757654623376343e-01
6.500000000000000000e+00       1.745881793351815869e-01
6.509999999999999787e+00       1.746004634721987914e-01
6.519999999999999574e+00       1.746126188992470907e-01
6.530000000000000249e+00       1.746246466347389781e-01
6.540000000000000036e+00       1.746365476896856450e-01
6.549999999999999822e+00       1.746483230677391973e-01
6.559999999999999609e+00       1.746599737652357043e-01
6.570000000000000284e+00       1.746715007712383583e-01
6.580000000000000071e+00       1.746829050675803296e-01
6.589999999999999858e+00       1.746941876289077600e-01
6.599999999999999645e+00       1.747053494227224224e-01
6.610000000000000320e+00       1.747163914094249093e-01
6.620000000000000107e+00       1.747273145423575424e-01
6.629999999999999893e+00       1.747381197678467279e-01
6.639999999999999680e+00       1.747488080252464215e-01
6.650000000000000355e+00       1.747593802469803448e-01
6.660000000000000142e+00       1.747698373566354824e-01
6.669999999999999929e+00       1.747801802768001733e-01
6.679999999999999716e+00       1.747904099174159287e-01
6.690000000000000391e+00       1.748005271836121088e-01
6.700000000000000178e+00       1.748105329738013358e-01
6.709999999999999964e+00       1.748204281797206550e-01
6.719999999999999751e+00       1.748302136864748335e-01
6.730000000000000426e+00       1.748398903725777720e-01
6.740000000000000213e+00       1.748494591099947759e-01
6.750000000000000000e+00       1.748589207641848553e-01
6.759999999999999787e+00       1.748682761941420249e-01
6.769999999999999574e+00       1.748775262524374652e-01
6.780000000000000249e+00       1.748866717852608499e-01
6.790000000000000036e+00       1.748957136324693074e-01
6.799999999999999822e+00       1.749046526275926383e-01
6.809999999999999609e+00       1.749134895979467252e-01
6.820000000000000284e+00       1.749222253646026404e-01
6.830000000000000071e+00       1.749308607424714113e-01
6.839999999999999858e+00       1.749393965402984419e-01
6.849999999999999645e+00       1.749478335607833612e-01
6.860000000000000320e+00       1.749561726005410822e-01
6.870000000000000107e+00       1.749644144501820708e-01
6.879999999999999893e+00       1.749725598943452365e-01
6.889999999999999680e+00       1.749806097129766591e-01
6.900000000000000355e+00       1.749885646764052782e-01
6.910000000000000142e+00       1.749964255528408119e-01
6.919999999999999929e+00       1.750041931034345410e-01
6.929999999999999716e+00       1.750118680835644203e-01
6.940000000000000391e+00       1.750194512428757121e-01
6.950000000000000178e+00       1.750269433253192064e-01
6.959999999999999964e+00       1.750343450691909108e-01
6.969999999999999751e+00       1.750416572071709642e-01
6.980000000000000426e+00       1.750488804663620779e-01
6.990000000000000213e+00       1.750560155683281438e-01
7.000000000000000000e+00       1.750630632291327315e-01
7.009999999999999787e+00       1.750700241539120960e-01
7.019999999999999574e+00       1.750768990587753537e-01
7.030000000000000249e+00       1.750836886380454371e-01
7.040000000000000036e+00       1.750903935861652938e-01
7.049999999999999822e+00       1.750970145922668419e-01
7.059999999999999609e+00       1.751035523402082461e-01
7.070000000000000284e+00       1.751100075086111374e-01
7.080000000000000071e+00       1.751163807708979170e-01
7.089999999999999858e+00       1.751226727953282269e-01
7.099999999999999645e+00       1.751288842450349492e-01
7.110000000000000320e+00       1.751350157780622030e-01
7.120000000000000107e+00       1.751410680474001502e-01
7.129999999999999893e+00       1.751470417010216052e-01
7.139999999999999680e+00       1.751529373819178392e-01
7.150000000000000355e+00       1.751587557281344687e-01
7.160000000000000142e+00       1.751644973728064547e-01
7.169999999999999929e+00       1.751701629441938801e-01
7.179999999999999716e+00       1.751757530657165052e-01
7.190000000000000391e+00       1.751812683559893502e-01
7.200000000000000178e+00       1.751867094288567794e-01
7.209999999999999964e+00       1.751920768934275841e-01
7.219999999999999751e+00       1.751973713541087052e-01
7.230000000000000426e+00       1.752025934106402894e-01
7.240000000000000213e+00       1.752077436582762937e-01
7.250000000000000000e+00       1.752128226872319006e-01
7.259999999999999787e+00       1.752178310835912078e-01
7.269999999999999574e+00       1.752227694287624704e-01
7.280000000000000249e+00       1.752276382996539872e-01
7.290000000000000036e+00       1.752324382687072413e-01
7.299999999999999822e+00       1.752371699047306497e-01
7.309999999999999609e+00       1.752418337697537187e-01
7.320000000000000284e+00       1.752464304237923431e-01
7.330000000000000071e+00       1.752509604217479533e-01
7.339999999999999858e+00       1.752554243142172286e-01
7.349999999999999645e+00       1.752598226475242105e-01
7.360000000000000320e+00       1.752641559637519164e-01
7.370000000000000107e+00       1.752684248007734535e-01
7.379999999999999893e+00       1.752726296922834659e-01
7.389999999999999680e+00       1.752767711678292206e-01
7.400000000000000355e+00       1.752808497528410558e-01
7.410000000000000142e+00       1.752848659686640220e-01
7.419999999999999929e+00       1.752888203325873029e-01
7.429999999999999716e+00       1.752927133578746632e-01
7.440000000000000391e+00       1.752965455537950634e-01
7.450000000000000178e+00       1.753003174256523022e-01
7.459999999999999964e+00       1.753040294748141881e-01
7.469999999999999751e+00       1.753076821987429590e-01
7.480000000000000426e+00       1.753112760910240098e-01
7.490000000000000213e+00       1.753148116413949242e-01
7.500000000000000000e+00       1.753182893357747574e-01
7.509999999999999787e+00       1.753217096562928734e-01
7.519999999999999574e+00       1.753250730813169234e-01
7.530000000000000249e+00       1.753283800854817942e-01
7.540000000000000036e+00       1.753316311397176419e-01
7.549999999999999822e+00       1.753348267112775916e-01
7.559999999999999609e+00       1.753379672637658260e-01
7.570000000000000284e+00       1.753410532571655911e-01
7.580000000000000071e+00       1.753440851478656193e-01
7.589999999999999858e+00       1.753470633886882735e-01
7.599999999999999645e+00       1.753499884289165256e-01
7.610000000000000320e+00       1.753528607143201856e-01
7.620000000000000107e+00       1.753556806871834350e-01
7.629999999999999893e+00       1.753584487863310004e-01
7.639999999999999680e+00       1.753611654471542991e-01
7.650000000000000355e+00       1.753638311016380291e-01
7.660000000000000142e+00       1.753664461783854545e-01
7.669999999999999929e+00       1.753690111026451059e-01
7.679999999999999716e+00       1.753715262963363719e-01
7.690000000000000391e+00       1.753739921780735345e-01
7.700000000000000178e+00       1.753764091631928868e-01
7.709999999999999964e+00       1.753787776637765750e-01
7.719999999999999751e+00       1.753810980886784665e-01
7.730000000000000426e+00       1.753833708435478256e-01
7.740000000000000213e+00       1.753855963308547372e-01
7.750000000000000000e+00       1.753877749499140326e-01
7.759999999999999787e+00       1.753899070969154594e-01
7.769999999999999574e+00       1.753919931649207120e-01
7.780000000000000249e+00       1.753940335439398424e-01
7.790000000000000036e+00       1.753960286209030051e-01
7.799999999999999822e+00       1.753979787797099454e-01
7.809999999999999609e+00       1.753998844012484570e-01
7.820000000000000284e+00       1.754017458634166970e-01
7.830000000000000071e+00       1.754035635411474725e-01
7.839999999999999858e+00       1.754053378064301116e-01
7.849999999999999645e+00       1.754070690283340561e-01
7.860000000000000320e+00       1.754087575730301218e-01
7.870000000000000107e+00       1.754104038038147018e-01
7.879999999999999893e+00       1.754120080811303328e-01
7.889999999999999680e+00       1.754135707625887608e-01
7.900000000000000355e+00       1.754150922029922011e-01
7.910000000000000142e+00       1.754165727543556264e-01
7.919999999999999929e+00       1.754180127659283051e-01
7.929999999999999716e+00       1.754194125842147844e-01
7.940000000000000391e+00       1.754207725529968176e-01
7.950000000000000178e+00       1.754220930133535972e-01
7.959999999999999964e+00       1.754233743024394554e-01
7.969999999999999751e+00       1.754246167584814498e-01
7.980000000000000426e+00       1.754258207133330139e-01
7.990000000000000213e+00       1.754269864974737914e-01
8.000000000000000000e+00       1.754281144387843383e-01
8.009999999999999787e+00       1.754292048625672173e-01
8.019999999999999574e+00       1.754302580915657050e-01
8.029999999999999361e+00       1.754312744459852746e-01
8.039999999999999147e+00       1.754322542435121368e-01
8.050000000000000711e+00       1.754331977993332237e-01
8.060000000000000497e+00       1.754341054261563393e-01
8.070000000000000284e+00       1.754349774342280899e-01
8.080000000000000071e+00       1.754358141313542840e-01
8.089999999999999858e+00       1.754366158229183070e-01
8.099999999999999645e+00       1.754373828119002166e-01
8.109999999999999432e+00       1.754381153988957831e-01
8.119999999999999218e+00       1.754388138821344478e-01
8.130000000000000782e+00       1.754394785574980298e-01
8.140000000000000568e+00       1.754401097185396829e-01
8.150000000000000355e+00       1.754407076565009382e-01
8.160000000000000142e+00       1.754412726603309658e-01
8.169999999999999929e+00       1.754418050167032839e-01
8.179999999999999716e+00       1.754423050100344939e-01
8.189999999999999503e+00       1.754427729225016552e-01
8.199999999999999289e+00       1.754432090340596606e-01
8.210000000000000853e+00       1.754436136224582499e-01
8.220000000000000639e+00       1.754439869632602456e-01
8.230000000000000426e+00       1.754443293298579010e-01
8.240000000000000213e+00       1.754446409934899698e-01
8.250000000000000000e+00       1.754449222232586647e-01
8.259999999999999787e+00       1.754451732873134884e-01
8.269999999999999574e+00       1.754453944481957628e-01
8.279999999999999361e+00       1.754455859698688946e-01
8.289999999999999147e+00       1.754457481130548835e-01
8.300000000000000711e+00       1.754458811364217607e-01
8.310000000000000497e+00       1.754459852965992994e-01
8.320000000000000284e+00       1.754460608481950568e-01
8.330000000000000071e+00       1.754461080438104448e-01
8.339999999999999858e+00       1.754461271340559958e-01
8.349999999999999645e+00       1.754461183675679881e-01
8.359999999999999432e+00       1.754460819910226288e-01
8.369999999999999218e+00       1.754460182491523190e-01
8.380000000000000782e+00       1.754459273847605028e-01
8.390000000000000568e+00       1.754458096387368771e-01
8.400000000000000355e+00       1.754456652500724356e-01
8.410000000000000142e+00       1.754454944558743457e-01
8.419999999999999929e+00       1.754452974913808527e-01
8.429999999999999716e+00       1.754450745899757136e-01
8.439999999999999503e+00       1.754448259832028234e-01
8.449999999999999289e+00       1.754445519007811205e-01
8.460000000000000853e+00       1.754442525706179923e-01
8.470000000000000639e+00       1.754439282188238192e-01
8.480000000000000426e+00       1.754435790697271846e-01
8.490000000000000213e+00       1.754432053458868657e-01
8.500000000000000000e+00       1.754428072681074313e-01
8.509999999999999787e+00       1.754423850554524544e-01
8.519999999999999574e+00       1.754419389252575567e-01
8.529999999999999361e+00       1.754414690931450083e-01
8.539999999999999147e+00       1.754409757730365782e-01
8.550000000000000711e+00       1.754404591771669963e-01
8.560000000000000497e+00       1.754399195160972202e-01
8.570000000000000284e+00       1.754393569987273971e-01
8.580000000000000071e+00       1.754387718323108247e-01
8.589999999999999858e+00       1.754381642224649984e-01
8.599999999999999645e+00       1.754375343731865988e-01
8.609999999999999432e+00       1.754368824868628718e-01
8.619999999999999218e+00       1.754362087642846180e-01
8.630000000000000782e+00       1.754355134046585996e-01
8.640000000000000568e+00       1.754347966056209740e-01
8.650000000000000355e+00       1.754340585632473692e-01
8.660000000000000142e+00       1.754332994720681493e-01
8.669999999999999929e+00       1.754325195250778235e-01
8.679999999999999716e+00       1.754317189137485078e-01
8.689999999999999503e+00       1.754308978280421094e-01
8.699999999999999289e+00       1.754300564564213738e-01
8.710000000000000853e+00       1.754291949858620692e-01
8.720000000000000639e+00       1.754283136018646716e-01
8.730000000000000426e+00       1.754274124884654951e-01
8.740000000000000213e+00       1.754264918282494312e-01
8.750000000000000000e+00       1.754255518023594973e-01
8.759999999999999787e+00       1.754245925905099646e-01
8.769999999999999574e+00       1.754236143709964613e-01
8.779999999999999361e+00       1.754226173207074635e-01
8.789999999999999147e+00       1.754216016151354252e-01
8.800000000000000711e+00       1.754205674283874916e-01
8.810000000000000497e+00       1.754195149331966019e-01
8.820000000000000284e+00       1.754184443009322580e-01
8.830000000000000071e+00       1.754173557016111828e-01
8.839999999999999858e+00       1.754162493039077286e-01
8.849999999999999645e+00       1.754151252751650902e-01
8.859999999999999432e+00       1.754139837814047420e-01
8.869999999999999218e+00       1.754128249873377898e-01
8.880000000000000782e+00       1.754116490563746300e-01
8.890000000000000568e+00       1.754104561506355797e-01
8.900000000000000355e+00       1.754092464309603139e-01
8.910000000000000142e+00       1.754080200569190506e-01
8.919999999999999929e+00       1.754067771868213776e-01
8.929999999999999716e+00       1.754055179777267992e-01
8.939999999999999503e+00       1.754042425854542842e-01
8.949999999999999289e+00       1.754029511645923134e-01
8.960000000000000853e+00       1.754016438685079837e-01
8.970000000000000639e+00       1.754003208493571664e-01
8.980000000000000426e+00       1.753989822580936941e-01
8.990000000000000213e+00       1.753976282444788537e-01
9.000000000000000000e+00       1.753962589570906005e-01
9.009999999999999787e+00       1.753948745367221174e-01
9.019999999999999574e+00       1.753934750750615612e-01
9.029999999999999361e+00       1.753920606147347239e-01
9.039999999999999147e+00       1.753906311681330266e-01
9.050000000000000711e+00       1.753891867245484237e-01
9.060000000000000497e+00       1.753877272542746224e-01
9.070000000000000284e+00       1.753862527115471470e-01
9.080000000000000071e+00       1.753847630362691257e-01
9.089999999999999858e+00       1.753832581563079529e-01
9.099999999999999645e+00       1.753817379882256777e-01
9.109999999999999432e+00       1.753802024389798653e-01
9.119999999999999218e+00       1.753786514067337821e-01
9.130000000000000782e+00       1.753770847814548339e-01
9.140000000000000568e+00       1.753755024461577106e-01
9.150000000000000355e+00       1.753739042772988199e-01
9.160000000000000142e+00       1.753722901454641270e-01
9.169999999999999929e+00       1.753706599159273460e-01
9.179999999999999716e+00       1.753690134492877362e-01
9.189999999999999503e+00       1.753673506014484795e-01
9.199999999999999289e+00       1.753656712247395888e-01
9.210000000000000853e+00       1.753639751678706116e-01
9.220000000000000639e+00       1.753622622763995054e-01
9.230000000000000426e+00       1.753605323930707283e-01
9.240000000000000213e+00       1.753587853581035361e-01
9.250000000000000000e+00       1.753570210097496751e-01
9.259999999999999787e+00       1.753552391837825686e-01
9.269999999999999574e+00       1.753534397147709367e-01
9.279999999999999361e+00       1.753516224356994058e-01
9.289999999999999147e+00       1.753497871783354090e-01
9.300000000000000711e+00       1.753479337734392407e-01
9.310000000000000497e+00       1.753460620509615930e-01
9.320000000000000284e+00       1.753441718402292959e-01
9.330000000000000071e+00       1.753422629701190949e-01
9.339999999999999858e+00       1.753403352694256068e-01
9.349999999999999645e+00       1.753383885662232189e-01
9.359999999999999432e+00       1.753364226891720723e-01
9.369999999999999218e+00       1.753344374669008332e-01
9.380000000000000782e+00       1.753324327285855910e-01
9.390000000000000568e+00       1.753304083030123861e-01
9.400000000000000355e+00       1.753283640202835392e-01
9.410000000000000142e+00       1.753262997108659960e-01
9.419999999999999929e+00       1.753242152059588388e-01
9.429999999999999716e+00       1.753221103375917356e-01
9.439999999999999503e+00       1.753199849387157283e-01
9.449999999999999289e+00       1.753178388432902746e-01
9.460000000000000853e+00       1.753156718863653207e-01
9.470000000000000639e+00       1.753134839041575188e-01
9.480000000000000426e+00       1.753112747341236122e-01
9.490000000000000213e+00       1.753090442150289086e-01
9.500000000000000000e+00       1.753067921870112011e-01
9.509999999999999787e+00       1.753045184916418586e-01
9.519999999999999574e+00       1.753022229719826408e-01
9.529999999999999361e+00       1.752999054726387673e-01
9.539999999999999147e+00       1.752975658398084613e-01
9.550000000000000711e+00       1.752952039213284963e-01
9.560000000000000497e+00       1.752928195667148858e-01
9.570000000000000284e+00       1.752904126271969953e-01
9.580000000000000071e+00       1.752879829557390523e-01
9.589999999999999858e+00       1.752855304070340403e-01
9.599999999999999645e+00       1.752830548374065545e-01
9.609999999999999432e+00       1.752805561151530300e-01
9.619999999999999218e+00       1.752780340845399298e-01
9.630000000000000782e+00       1.752754886151522695e-01
9.640000000000000568e+00       1.752729195713390031e-01
9.650000000000000355e+00       1.752703268194286401e-01
9.660000000000000142e+00       1.752677102349715632e-01
9.669999999999999929e+00       1.752650696720843282e-01
9.679999999999999716e+00       1.752624050128795685e-01
9.689999999999999503e+00       1.752597161314444763e-01
9.699999999999999289e+00       1.752570029041404798e-01
9.710000000000000853e+00       1.752542652094890852e-01
9.720000000000000639e+00       1.752515029281426773e-01
9.730000000000000426e+00       1.752487159428770258e-01
9.740000000000000213e+00       1.752459041385945326e-01
9.750000000000000000e+00       1.752430674023276735e-01
9.759999999999999787e+00       1.752402056232441607e-01
9.769999999999999574e+00       1.752373186926518833e-01
9.779999999999999361e+00       1.752344065040030985e-01
9.789999999999999147e+00       1.752314689528972902e-01
9.800000000000000711e+00       1.752285059370840004e-01
9.810000000000000497e+00       1.752255173564644941e-01
9.820000000000000284e+00       1.752225031130923705e-01
9.830000000000000071e+00       1.752194631111736733e-01
9.839999999999999858e+00       1.752163972570670303e-01
9.849999999999999645e+00       1.752133054592773798e-01
9.859999999999999432e+00       1.752101876284605231e-01
9.869999999999999218e+00       1.752070436774150197e-01
9.880000000000000782e+00       1.752038735210801335e-01
9.890000000000000568e+00       1.752006770765304200e-01
9.900000000000000355e+00       1.751974542629716469e-01
9.910000000000000142e+00       1.751942050017338548e-01
9.919999999999999929e+00       1.751909292162661391e-01
9.929999999999999716e+00       1.751876268321288233e-01
9.939999999999999503e+00       1.751842977769864640e-01
9.949999999999999289e+00       1.751809419805994694e-01
9.960000000000000853e+00       1.751775593748159665e-01
9.970000000000000639e+00       1.751741498935633079e-01
9.980000000000000426e+00       1.751707134728375526e-01
9.990000000000000213e+00       1.751672500506947505e-01
