1.000000000000000021e-02       0.000000000000000000e+00
2.000000000000000042e-02       0.000000000000000000e+00
2.999999999999999889e-02       0.000000000000000000e+00
4.000000000000000083e-02       0.000000000000000000e+00
5.000000000000000278e-02       0.000000000000000000e+00
5.999999999999999778e-02       0.000000000000000000e+00
7.000000000000000666e-02       0.000000000000000000e+00
8.000000000000000167e-02       0.000000000000000000e+00
8.999999999999999667e-02       0.000000000000000000e+00
1.000000000000000056e-01       0.000000000000000000e+00
1.100000000000000006e-01       0.000000000000000000e+00
1.199999999999999956e-01       0.000000000000000000e+00
1.300000000000000044e-01       0.000000000000000000e+00
1.400000000000000133e-01       0.000000000000000000e+00
1.499999999999999944e-01       0.000000000000000000e+00
1.600000000000000033e-01       0.000000000000000000e+00
1.700000000000000122e-01       0.000000000000000000e+00
1.799999999999999933e-01       0.000000000000000000e+00
1.900000000000000022e-01       3.378369179354659923e-07
2.000000000000000111e-01       1.942301914768955121e-05
2.099999999999999922e-01       9.579569462323378329e-05
2.200000000000000011e-01       2.504652009614396634e-04
2.300000000000000100e-01       4.896799206135940639e-04
2.399999999999999911e-01       8.121123056174443626e-04
2.500000000000000000e-01       1.212918817085390996e-03
2.600000000000000089e-01       1.685804562247436057e-03
2.700000000000000178e-01       2.224046995127016303e-03
2.800000000000000266e-01       2.820993890958321815e-03
2.899999999999999800e-01       3.470296050838826956e-03
2.999999999999999889e-01       4.166005747513083085e-03
3.099999999999999978e-01       4.902607452279779399e-03
3.200000000000000067e-01       5.675015019296283589e-03
3.300000000000000155e-01       6.478553022093640895e-03
3.400000000000000244e-01       7.308931398821127447e-03
3.499999999999999778e-01       8.162218090467765821e-03
3.599999999999999867e-01       9.034812016080437033e-03
3.699999999999999956e-01       9.923417429178234966e-03
3.800000000000000044e-01       1.082502012486593994e-02
3.900000000000000133e-01       1.173686555872749220e-02
4.000000000000000222e-01       1.265643881844594545e-02
4.099999999999999756e-01       1.358144635231300738e-02
4.199999999999999845e-01       1.450979901085668565e-02
4.299999999999999933e-01       1.543959693091362037e-02
4.400000000000000022e-01       1.636911520474322243e-02
4.500000000000000111e-01       1.729679086523733603e-02
4.600000000000000200e-01       1.822121081875607493e-02
4.699999999999999734e-01       1.914110066261049889e-02
4.799999999999999822e-01       2.005531430409203744e-02
4.899999999999999911e-01       2.096282430900352212e-02
5.000000000000000000e-01       2.186189460190442538e-02
5.100000000000000089e-01       2.274474781656440556e-02
5.200000000000000178e-01       2.360947969758860759e-02
5.300000000000000266e-01       2.445668428979400760e-02
5.400000000000000355e-01       2.528694099292642591e-02
5.500000000000000444e-01       2.610066086455063716e-02
5.600000000000000533e-01       2.689437059996210855e-02
5.699999999999999512e-01       2.766737715552615440e-02
5.799999999999999600e-01       2.842092734930460815e-02
5.899999999999999689e-01       2.915616263945859307e-02
5.999999999999999778e-01       2.987412237898969328e-02
6.099999999999999867e-01       3.057574935471294234e-02
6.199999999999999956e-01       3.126189660872642773e-02
6.300000000000000044e-01       3.193333485717978620e-02
6.400000000000000133e-01       3.259076003789623810e-02
6.500000000000000222e-01       3.323480068161218520e-02
6.600000000000000311e-01       3.386602491135926735e-02
6.700000000000000400e-01       3.448494698329525321e-02
6.800000000000000488e-01       3.509203326466615869e-02
6.899999999999999467e-01       3.568770769901524059e-02
6.999999999999999556e-01       3.627235671530890798e-02
7.099999999999999645e-01       3.684633362911391569e-02
7.199999999999999734e-01       3.740996256352785432e-02
7.299999999999999822e-01       3.796354192675017308e-02
7.399999999999999911e-01       3.850734748879247604e-02
7.500000000000000000e-01       3.904163509219894801e-02
7.600000000000000089e-01       3.956664303712426750e-02
7.700000000000000178e-01       4.008259417521661816e-02
7.800000000000000266e-01       4.057704852419816849e-02
7.900000000000000355e-01       4.096557588715637327e-02
8.000000000000000444e-01       4.124974802799223628e-02
8.100000000000000533e-01       4.145008207538414258e-02
8.199999999999999512e-01       4.158458134267309370e-02
8.299999999999999600e-01       4.166860810495869732e-02
8.399999999999999689e-01       4.171502439472504764e-02
8.499999999999999778e-01       4.173442880305811009e-02
8.599999999999999867e-01       4.173543458046476140e-02
8.699999999999999956e-01       4.172495365633494685e-02
8.800000000000000044e-01       4.170846564036054943e-02
8.900000000000000133e-01       4.169026064957301325e-02
9.000000000000000222e-01       4.166953548979497601e-02
9.100000000000000311e-01       4.164267576106375768e-02
9.200000000000000400e-01       4.161364896079607772e-02
9.300000000000000488e-01       4.158568766064295319e-02
9.399999999999999467e-01       4.156127877733174769e-02
9.499999999999999556e-01       4.154230185835691008e-02
9.599999999999999645e-01       4.153012050284836387e-02
9.699999999999999734e-01       4.152509782029176894e-02
9.799999999999999822e-01       4.152774463656611070e-02
9.899999999999999911e-01       4.153861820466187710e-02
1.000000000000000000e+00       4.155805914294320030e-02
1.010000000000000009e+00       4.158623693926744719e-02
1.020000000000000018e+00       4.162317739324304655e-02
1.030000000000000027e+00       4.166541287445005293e-02
1.040000000000000036e+00       4.171080421540104138e-02
1.050000000000000044e+00       4.176011319105563807e-02
1.060000000000000053e+00       4.181391018676933885e-02
1.070000000000000062e+00       4.187260790861539045e-02
1.080000000000000071e+00       4.193648970637649243e-02
1.090000000000000080e+00       4.200573329276739709e-02
1.100000000000000089e+00       4.208043055243178288e-02
1.110000000000000098e+00       4.216060404536640938e-02
1.120000000000000107e+00       4.224622072729807692e-02
1.129999999999999893e+00       4.233720333263654712e-02
1.139999999999999902e+00       4.243343980027228235e-02
1.149999999999999911e+00       4.253479106290331685e-02
1.159999999999999920e+00       4.264109747064939032e-02
1.169999999999999929e+00       4.275218407543334570e-02
1.179999999999999938e+00       4.286786496900290427e-02
1.189999999999999947e+00       4.298794682893836150e-02
1.199999999999999956e+00       4.311223181189131892e-02
1.209999999999999964e+00       4.324051990047594884e-02
1.219999999999999973e+00       4.337261079848822587e-02
1.229999999999999982e+00       4.350830545120271120e-02
1.239999999999999991e+00       4.364740725509239083e-02
1.250000000000000000e+00       4.378972301146782237e-02
1.260000000000000009e+00       4.393506366294137183e-02
1.270000000000000018e+00       4.408324486468387371e-02
1.280000000000000027e+00       4.423408740052650612e-02
1.290000000000000036e+00       4.438741748663504322e-02
1.300000000000000044e+00       4.454306697632455514e-02
1.310000000000000053e+00       4.470087348565787710e-02
1.320000000000000062e+00       4.486068045449510128e-02
1.330000000000000071e+00       4.502233715535298997e-02
1.340000000000000080e+00       4.518569866019489512e-02
1.350000000000000089e+00       4.535062577382370508e-02
1.360000000000000098e+00       4.551698494076102108e-02
1.370000000000000107e+00       4.568464813154300697e-02
1.379999999999999893e+00       4.585349271322896464e-02
1.389999999999999902e+00       4.602340130806611279e-02
1.399999999999999911e+00       4.619426164388149014e-02
1.409999999999999920e+00       4.636596639818151011e-02
1.419999999999999929e+00       4.653841303911291499e-02
1.429999999999999938e+00       4.671150366438080181e-02
1.439999999999999947e+00       4.688514483986169074e-02
1.449999999999999956e+00       4.705924743904178753e-02
1.459999999999999964e+00       4.723372646763035476e-02
1.469999999999999973e+00       4.740850097373803390e-02
1.479999999999999982e+00       4.758349379481445485e-02
1.489999999999999991e+00       4.775863147467189485e-02
1.500000000000000000e+00       4.793384410099225945e-02
1.510000000000000009e+00       4.810906516361075635e-02
1.520000000000000018e+00       4.828423141479698533e-02
1.530000000000000027e+00       4.845928272734074255e-02
1.540000000000000036e+00       4.863416195607537379e-02
1.550000000000000044e+00       4.880881480728817973e-02
1.560000000000000053e+00       4.898318971303957520e-02
1.570000000000000062e+00       4.915723771265849418e-02
1.580000000000000071e+00       4.933091233819610066e-02
1.590000000000000080e+00       4.950416950673799943e-02
1.600000000000000089e+00       4.967696733503044332e-02
1.610000000000000098e+00       4.984926458653528986e-02
1.620000000000000107e+00       5.002101957628118933e-02
1.629999999999999893e+00       5.019219091816782413e-02
1.639999999999999902e+00       5.036273779812616008e-02
1.649999999999999911e+00       5.053262008358423707e-02
1.659999999999999920e+00       5.070179838454672711e-02
1.669999999999999929e+00       5.087023409221723413e-02
1.679999999999999938e+00       5.103788940813516750e-02
1.689999999999999947e+00       5.120472736682772641e-02
1.699999999999999956e+00       5.137071185351450159e-02
1.709999999999999964e+00       5.153580760937442190e-02
1.719999999999999973e+00       5.169998029846056831e-02
1.729999999999999982e+00       5.186319644189721356e-02
1.739999999999999991e+00       5.202542348422152518e-02
1.750000000000000000e+00       5.218662978947465059e-02
1.760000000000000009e+00       5.234678465197768749e-02
1.770000000000000018e+00       5.250585830522166292e-02
1.780000000000000027e+00       5.266382192953575347e-02
1.790000000000000036e+00       5.282064765721955490e-02
1.800000000000000044e+00       5.297630856159644963e-02
1.810000000000000053e+00       5.313077862728843304e-02
1.820000000000000062e+00       5.328403272096974425e-02
1.830000000000000071e+00       5.343604656796573787e-02
1.840000000000000080e+00       5.358679673238652547e-02
1.850000000000000089e+00       5.373626060113452507e-02
1.860000000000000098e+00       5.388441637114169819e-02
1.870000000000000107e+00       5.403120803725592475e-02
1.879999999999999893e+00       5.417637043369567112e-02
1.889999999999999902e+00       5.431982721951647552e-02
1.899999999999999911e+00       5.446158162933287944e-02
1.909999999999999920e+00       5.460163657060926323e-02
1.919999999999999929e+00       5.473999466575411171e-02
1.929999999999999938e+00       5.487665830288682850e-02
1.939999999999999947e+00       5.501162968400626768e-02
1.949999999999999956e+00       5.514491086827051636e-02
1.959999999999999964e+00       5.527650381721501555e-02
1.969999999999999973e+00       5.540626319304276653e-02
1.979999999999999982e+00       5.552639328092103671e-02
1.989999999999999991e+00       5.563326065352473121e-02
2.000000000000000000e+00       5.572779797954217906e-02
2.009999999999999787e+00       5.581088185959395820e-02
2.020000000000000018e+00       5.588305710353502764e-02
2.029999999999999805e+00       5.594495438823456762e-02
2.040000000000000036e+00       5.599736659783596110e-02
2.049999999999999822e+00       5.604104092434083334e-02
2.060000000000000053e+00       5.607668034812591379e-02
2.069999999999999840e+00       5.610494508845501049e-02
2.080000000000000071e+00       5.612645417863725006e-02
2.089999999999999858e+00       5.614178712807785937e-02
2.100000000000000089e+00       5.615148564392280495e-02
2.109999999999999876e+00       5.615605538337514052e-02
2.120000000000000107e+00       5.615596771844065527e-02
2.129999999999999893e+00       5.615166149284175207e-02
2.140000000000000124e+00       5.614354475723772747e-02
2.149999999999999911e+00       5.613199647034070733e-02
2.160000000000000142e+00       5.611736815730294231e-02
2.169999999999999929e+00       5.609998551646062231e-02
2.180000000000000160e+00       5.608014997034464072e-02
2.189999999999999947e+00       5.605814015601465194e-02
2.200000000000000178e+00       5.603421335229077233e-02
2.209999999999999964e+00       5.600860684221606323e-02
2.220000000000000195e+00       5.598153921004658112e-02
2.229999999999999982e+00       5.595321157282175106e-02
2.240000000000000213e+00       5.592380874718724804e-02
2.250000000000000000e+00       5.589350035263648819e-02
2.259999999999999787e+00       5.586244185273035040e-02
2.270000000000000018e+00       5.583077553615628519e-02
2.279999999999999805e+00       5.579863143971681982e-02
2.290000000000000036e+00       5.576612821549803423e-02
2.299999999999999822e+00       5.573337394458327543e-02
2.310000000000000053e+00       5.570046689973683768e-02
2.319999999999999840e+00       5.566749625951752239e-02
2.330000000000000071e+00       5.563454277627649658e-02
2.339999999999999858e+00       5.560167940047046342e-02
2.350000000000000089e+00       5.556897186367963648e-02
2.359999999999999876e+00       5.553646214578898677e-02
2.370000000000000107e+00       5.550425436668292301e-02
2.379999999999999893e+00       5.547234449036318737e-02
2.390000000000000124e+00       5.544079153403496524e-02
2.399999999999999911e+00       5.540963259337212260e-02
2.410000000000000142e+00       5.537890029899616984e-02
2.419999999999999929e+00       5.534862316882042249e-02
2.430000000000000160e+00       5.531882594526062180e-02
2.439999999999999947e+00       5.528952990458523703e-02
2.450000000000000178e+00       5.526075313118045118e-02
2.459999999999999964e+00       5.523251078173789519e-02
2.470000000000000195e+00       5.520481533262878299e-02
2.479999999999999982e+00       5.517767680750570308e-02
2.490000000000000213e+00       5.515110298781090298e-02
2.500000000000000000e+00       5.512509960784347379e-02
2.509999999999999787e+00       5.509967053550661464e-02
2.520000000000000018e+00       5.507481793971291673e-02
2.529999999999999805e+00       5.505054244536892322e-02
2.540000000000000036e+00       5.502684327679766702e-02
2.549999999999999822e+00       5.500371839040876093e-02
2.560000000000000053e+00       5.498116459736968054e-02
2.569999999999999840e+00       5.495917767698411949e-02
2.580000000000000071e+00       5.493775248143324685e-02
2.589999999999999858e+00       5.491688303249474962e-02
2.600000000000000089e+00       5.489656261080941291e-02
2.609999999999999876e+00       5.487678383822745115e-02
2.620000000000000107e+00       5.485753875373042959e-02
2.629999999999999893e+00       5.483881888338849875e-02
2.640000000000000124e+00       5.482061530478284789e-02
2.649999999999999911e+00       5.480291870629215578e-02
2.660000000000000142e+00       5.478571944161370055e-02
2.669999999999999929e+00       5.476900757986398471e-02
2.680000000000000160e+00       5.475277317040707498e-02
2.689999999999999947e+00       5.473700519092383754e-02
2.700000000000000178e+00       5.472169377626997372e-02
2.709999999999999964e+00       5.470682805800332338e-02
2.720000000000000195e+00       5.469239730224417090e-02
2.729999999999999982e+00       5.467839071127723188e-02
2.740000000000000213e+00       5.466479745908987831e-02
2.750000000000000000e+00       5.465160670599034098e-02
2.759999999999999787e+00       5.463880762739969227e-02
2.770000000000000018e+00       5.462638943244842171e-02
2.779999999999999805e+00       5.461434138258366988e-02
2.790000000000000036e+00       5.460265280818384082e-02
2.799999999999999822e+00       5.459131312347766801e-02
2.810000000000000053e+00       5.458031183999618313e-02
2.819999999999999840e+00       5.456963857864834816e-02
2.830000000000000071e+00       5.455928308050913417e-02
2.839999999999999858e+00       5.454923521641882878e-02
2.850000000000000089e+00       5.453948499548236239e-02
2.859999999999999876e+00       5.453002257255525759e-02
2.870000000000000107e+00       5.452083825479574902e-02
2.879999999999999893e+00       5.451192250735484301e-02
2.890000000000000124e+00       5.450326595827402476e-02
2.899999999999999911e+00       5.449485940265323680e-02
2.910000000000000142e+00       5.448669380614738073e-02
2.919999999999999929e+00       5.447876030784629814e-02
2.930000000000000160e+00       5.447105022258854484e-02
2.939999999999999947e+00       5.446355504275575410e-02
2.950000000000000178e+00       5.445626643959098484e-02
2.959999999999999964e+00       5.444917626408161959e-02
2.970000000000000195e+00       5.444227654744415029e-02
2.979999999999999982e+00       5.443555950124528281e-02
2.990000000000000213e+00       5.442901751719156356e-02
3.000000000000000000e+00       5.442264316661753892e-02
3.009999999999999787e+00       5.441642916770515759e-02
3.020000000000000018e+00       5.441036818787823443e-02
3.029999999999999805e+00       5.440445285363389172e-02
3.040000000000000036e+00       5.439867584792340560e-02
3.049999999999999822e+00       5.439302994757336945e-02
3.060000000000000053e+00       5.438750804435614483e-02
3.069999999999999840e+00       5.438210315576383347e-02
3.080000000000000071e+00       5.437680844691603066e-02
3.089999999999999858e+00       5.437161721935813291e-02
3.100000000000000089e+00       5.436651473310897403e-02
3.109999999999999876e+00       5.436142084717824480e-02
3.120000000000000107e+00       5.435631665173441818e-02
3.129999999999999893e+00       5.435120192305605002e-02
3.140000000000000124e+00       5.434607631302387776e-02
3.149999999999999911e+00       5.434093936261071012e-02
3.160000000000000142e+00       5.433579034993604728e-02
3.169999999999999929e+00       5.433062896038153705e-02
3.180000000000000160e+00       5.432545430752026838e-02
3.189999999999999947e+00       5.432026560355750211e-02
3.200000000000000178e+00       5.431506200302575749e-02
3.209999999999999964e+00       5.430984261000617458e-02
3.220000000000000195e+00       5.430460648710872668e-02
3.229999999999999982e+00       5.429935266147187939e-02
3.240000000000000213e+00       5.429408013138144196e-02
3.250000000000000000e+00       5.428878787213271828e-02
3.259999999999999787e+00       5.428347484146318902e-02
3.270000000000000018e+00       5.427813998444901145e-02
3.279999999999999805e+00       5.427278223808385677e-02
3.290000000000000036e+00       5.426740053543004094e-02
3.299999999999999822e+00       5.426199380942520883e-02
3.310000000000000053e+00       5.425656099636125274e-02
3.319999999999999840e+00       5.425110103791984384e-02
3.330000000000000071e+00       5.424561288821089927e-02
3.339999999999999858e+00       5.424009551055662681e-02
3.350000000000000089e+00       5.423454788353787581e-02
3.359999999999999876e+00       5.422896900225916000e-02
3.370000000000000107e+00       5.422335788027601855e-02
3.379999999999999893e+00       5.421771355132234960e-02
3.390000000000000124e+00       5.421203507085353007e-02
3.399999999999999911e+00       5.420632151741718030e-02
3.410000000000000142e+00       5.420057199379318263e-02
3.419999999999999929e+00       5.419478562841397590e-02
3.430000000000000160e+00       5.418896157557484550e-02
3.439999999999999947e+00       5.418309901694628311e-02
3.450000000000000178e+00       5.417719716189513257e-02
3.459999999999999964e+00       5.417125524812511916e-02
3.470000000000000195e+00       5.416527254214364290e-02
3.479999999999999982e+00       5.415924833963510487e-02
3.490000000000000213e+00       5.415318196574608889e-02
3.500000000000000000e+00       5.414707277529110657e-02
3.509999999999999787e+00       5.414092015288332616e-02
3.520000000000000018e+00       5.413472351299708496e-02
3.529999999999999805e+00       5.412848229996757715e-02
3.540000000000000036e+00       5.412219598826450984e-02
3.549999999999999822e+00       5.411586408099249706e-02
3.560000000000000053e+00       5.410948611110581036e-02
3.569999999999999840e+00       5.410306162126461010e-02
3.580000000000000071e+00       5.409659014953299705e-02
3.589999999999999858e+00       5.409007124324348437e-02
3.600000000000000089e+00       5.408350446528590455e-02
3.609999999999999876e+00       5.407688939711114556e-02
3.620000000000000107e+00       5.407022564055892488e-02
3.629999999999999893e+00       5.406351281910137113e-02
3.640000000000000124e+00       5.405675057870253097e-02
3.649999999999999911e+00       5.404993858837402881e-02
3.660000000000000142e+00       5.404307654057573240e-02
3.669999999999999929e+00       5.403616415146416524e-02
3.680000000000000160e+00       5.402920116100514564e-02
3.689999999999999947e+00       5.402218733300638565e-02
3.700000000000000178e+00       5.401512245504468818e-02
3.709999999999999964e+00       5.400800634006885231e-02
3.720000000000000195e+00       5.400083881942006198e-02
3.729999999999999982e+00       5.399361975280026621e-02
3.740000000000000213e+00       5.398634902121159096e-02
3.750000000000000000e+00       5.397902652835816911e-02
3.759999999999999787e+00       5.397165220031711896e-02
3.770000000000000018e+00       5.396422598522336578e-02
3.779999999999999805e+00       5.395674785274785085e-02
3.790000000000000036e+00       5.394921779390774580e-02
3.799999999999999822e+00       5.394163582052476091e-02
3.810000000000000053e+00       5.393400196483119635e-02
3.819999999999999840e+00       5.392631627903386737e-02
3.830000000000000071e+00       5.391857883486850939e-02
3.839999999999999858e+00       5.391078972314616857e-02
3.850000000000000089e+00       5.390294905329422182e-02
3.859999999999999876e+00       5.389505695289271286e-02
3.870000000000000107e+00       5.388711356720921053e-02
3.879999999999999893e+00       5.387911905871956703e-02
3.890000000000000124e+00       5.387107360665064487e-02
3.899999999999999911e+00       5.386297740650908966e-02
3.910000000000000142e+00       5.385483066959923654e-02
3.919999999999999929e+00       5.384663362256490032e-02
3.930000000000000160e+00       5.383838650692039651e-02
3.939999999999999947e+00       5.383008957858754356e-02
3.950000000000000178e+00       5.382174310743554485e-02
3.959999999999999964e+00       5.381334737678250546e-02
3.970000000000000195e+00       5.380490268311392821e-02
3.979999999999999982e+00       5.379640933537929715e-02
3.990000000000000213e+00       5.378786765472202275e-02
4.000000000000000000e+00       5.377927797400020721e-02
4.009999999999999787e+00       5.377064063735594035e-02
4.019999999999999574e+00       5.376195599977814932e-02
4.030000000000000249e+00       5.375322442673596823e-02
4.040000000000000036e+00       5.374444629368622245e-02
4.049999999999999822e+00       5.373562198572454096e-02
4.059999999999999609e+00       5.372675189717159017e-02
4.070000000000000284e+00       5.371783643118097085e-02
4.080000000000000071e+00       5.370887599935442874e-02
4.089999999999999858e+00       5.369987102136221380e-02
4.099999999999999645e+00       5.369082192457047542e-02
4.110000000000000320e+00       5.368172914681035301e-02
4.120000000000000107e+00       5.367259312409839583e-02
4.129999999999999893e+00       5.366341430745660140e-02
4.139999999999999680e+00       5.365419315153191482e-02
4.150000000000000355e+00       5.364493011693399760e-02
4.160000000000000142e+00       5.363562566990877356e-02
4.169999999999999929e+00       5.362628028201982949e-02
4.179999999999999716e+00       5.361689442983632453e-02
4.190000000000000391e+00       5.360746859462913599e-02
4.200000000000000178e+00       5.359800326207313226e-02
4.209999999999999964e+00       5.358849892195749476e-02
4.219999999999999751e+00       5.357895606790248622e-02
4.230000000000000426e+00       5.356937519708347695e-02
4.240000000000000213e+00       5.355975680996211130e-02
4.250000000000000000e+00       5.355010141002403828e-02
4.259999999999999787e+00       5.354040950352358802e-02
4.269999999999999574e+00       5.353068159923506097e-02
4.280000000000000249e+00       5.352091820821115731e-02
4.290000000000000036e+00       5.351111984354688100e-02
4.299999999999999822e+00       5.350128702015127802e-02
4.309999999999999609e+00       5.349142025452423288e-02
4.320000000000000284e+00       5.348152006454053031e-02
4.330000000000000071e+00       5.347158696923950960e-02
4.339999999999999858e+00       5.346162148862106112e-02
4.349999999999999645e+00       5.345162414344767354e-02
4.360000000000000320e+00       5.344159545505182407e-02
4.370000000000000107e+00       5.343153594514996746e-02
4.379999999999999893e+00       5.342144613566140315e-02
4.389999999999999680e+00       5.341132654853347067e-02
4.400000000000000355e+00       5.340117770557146343e-02
4.410000000000000142e+00       5.339100012827460717e-02
4.419999999999999929e+00       5.338079433767650706e-02
4.429999999999999716e+00       5.337056085419189522e-02
4.440000000000000391e+00       5.336030019746708375e-02
4.450000000000000178e+00       5.335001288623668347e-02
4.459999999999999964e+00       5.333969943818393789e-02
4.469999999999999751e+00       5.332936036980703842e-02
4.480000000000000426e+00       5.331899619628900633e-02
4.490000000000000213e+00       5.330860743137299379e-02
4.500000000000000000e+00       5.329819458724278924e-02
4.509999999999999787e+00       5.328775817440106061e-02
4.519999999999999574e+00       5.327729870156588249e-02
4.530000000000000249e+00       5.326681667555709793e-02
4.540000000000000036e+00       5.325631260119414317e-02
4.549999999999999822e+00       5.324578698119613457e-02
4.559999999999999609e+00       5.323524031608603546e-02
4.570000000000000284e+00       5.322467310409846608e-02
4.580000000000000071e+00       5.321408584109149631e-02
4.589999999999999858e+00       5.320347902046165811e-02
4.599999999999999645e+00       5.319285313306287843e-02
4.610000000000000320e+00       5.318220866712854850e-02
4.620000000000000107e+00       5.317154610819714577e-02
4.629999999999999893e+00       5.316086593904114505e-02
4.639999999999999680e+00       5.315016864043745071e-02
4.650000000000000355e+00       5.313945468773967340e-02
4.660000000000000142e+00       5.312872455587448056e-02
4.669999999999999929e+00       5.311797871586119296e-02
4.679999999999999716e+00       5.310721763575623061e-02
4.690000000000000391e+00       5.309644178037941503e-02
4.700000000000000178e+00       5.308565161140590266e-02
4.709999999999999964e+00       5.307484758728338997e-02
4.719999999999999751e+00       5.306403016318744087e-02
4.730000000000000426e+00       5.305319979097822269e-02
4.740000000000000213e+00       5.304235691909171824e-02
4.750000000000000000e+00       5.303150199277446158e-02
4.759999999999999787e+00       5.302063545364254366e-02
4.769999999999999574e+00       5.300975773991585538e-02
4.780000000000000249e+00       5.299886928584181950e-02
4.790000000000000036e+00       5.298797052407872021e-02
4.799999999999999822e+00       5.297706188080859857e-02
4.809999999999999609e+00       5.296614378067738410e-02
4.820000000000000284e+00       5.295521664402914191e-02
4.830000000000000071e+00       5.294428088779377234e-02
4.839999999999999858e+00       5.293333692511616173e-02
4.849999999999999645e+00       5.292238516571924623e-02
4.860000000000000320e+00       5.291142601494257941e-02
4.870000000000000107e+00       5.290045987641982250e-02
4.879999999999999893e+00       5.288948714725519307e-02
4.889999999999999680e+00       5.287850822271274176e-02
4.900000000000000355e+00       5.286752349398902290e-02
4.910000000000000142e+00       5.285653334821098503e-02
4.919999999999999929e+00       5.284553816910988328e-02
4.929999999999999716e+00       5.283453833656557436e-02
4.940000000000000391e+00       5.282353422671434706e-02
4.950000000000000178e+00       5.281252621194611196e-02
4.959999999999999964e+00       5.280151466090298590e-02
4.969999999999999751e+00       5.279049993847887562e-02
4.980000000000000426e+00       5.277948240582078232e-02
4.990000000000000213e+00       5.276846242033030043e-02
5.000000000000000000e+00       5.275744039385108636e-02
5.009999999999999787e+00       5.274641655844362204e-02
5.019999999999999574e+00       5.273539132005498897e-02
5.030000000000000249e+00       5.272436502114047352e-02
5.040000000000000036e+00       5.271333800043634388e-02
5.049999999999999822e+00       5.270231059296780901e-02
5.059999999999999609e+00       5.269128313005756736e-02
5.070000000000000284e+00       5.268025593933541723e-02
5.080000000000000071e+00       5.266922934474866508e-02
5.089999999999999858e+00       5.265820366657356089e-02
5.099999999999999645e+00       5.264717922142640033e-02
5.110000000000000320e+00       5.263615632227723606e-02
5.120000000000000107e+00       5.262513527846234690e-02
5.129999999999999893e+00       5.261411639569867765e-02
5.139999999999999680e+00       5.260309997609817489e-02
5.150000000000000355e+00       5.259208631818328150e-02
5.160000000000000142e+00       5.258107571690236876e-02
5.169999999999999929e+00       5.257006846364663949e-02
5.179999999999999716e+00       5.255906484626655939e-02
5.190000000000000391e+00       5.254806514908927362e-02
5.200000000000000178e+00       5.253706965293686304e-02
5.209999999999999964e+00       5.252607863514457964e-02
5.219999999999999751e+00       5.251509236957891541e-02
5.230000000000000426e+00       5.250411112665787083e-02
5.240000000000000213e+00       5.249313517337015483e-02
5.250000000000000000e+00       5.248216477329507856e-02
5.259999999999999787e+00       5.247120018662291413e-02
5.269999999999999574e+00       5.246024167017553780e-02
5.280000000000000249e+00       5.244928947533060437e-02
5.290000000000000036e+00       5.243834239215945658e-02
5.299999999999999822e+00       5.242739946850494964e-02
5.309999999999999609e+00       5.241646102658003431e-02
5.320000000000000284e+00       5.240552738348103201e-02
5.330000000000000071e+00       5.239459885110777509e-02
5.339999999999999858e+00       5.238367573575563457e-02
5.349999999999999645e+00       5.237275833947852011e-02
5.360000000000000320e+00       5.236184695958125135e-02
5.370000000000000107e+00       5.235094169585798041e-02
5.379999999999999893e+00       5.234004018214548359e-02
5.389999999999999680e+00       5.232914193850548429e-02
5.400000000000000355e+00       5.231824734858716436e-02
5.410000000000000142e+00       5.230735678904027686e-02
5.419999999999999929e+00       5.229647062961879922e-02
5.429999999999999716e+00       5.228558923331113467e-02
5.440000000000000391e+00       5.227471295636473836e-02
5.450000000000000178e+00       5.226384214856281268e-02
5.459999999999999964e+00       5.225297715315702085e-02
5.469999999999999751e+00       5.224211830706602250e-02
5.480000000000000426e+00       5.223126594094622266e-02
5.490000000000000213e+00       5.222042037930398062e-02
5.500000000000000000e+00       5.220958194058112484e-02
5.509999999999999787e+00       5.219875093726755039e-02
5.519999999999999574e+00       5.218792767600232557e-02
5.530000000000000249e+00       5.217711245758895749e-02
5.540000000000000036e+00       5.216630557724833556e-02
5.549999999999999822e+00       5.215550732454953681e-02
5.559999999999999609e+00       5.214471798357839943e-02
5.570000000000000284e+00       5.213393783300494799e-02
5.580000000000000071e+00       5.212316714618594332e-02
5.589999999999999858e+00       5.211240619122539663e-02
5.599999999999999645e+00       5.210165523107398999e-02
5.610000000000000320e+00       5.209091452360714580e-02
5.620000000000000107e+00       5.208018432170524736e-02
5.629999999999999893e+00       5.206946487333328349e-02
5.639999999999999680e+00       5.205875642161908456e-02
5.650000000000000355e+00       5.204805920492937971e-02
5.660000000000000142e+00       5.203737345694581240e-02
5.669999999999999929e+00       5.202669940673931848e-02
5.679999999999999716e+00       5.201603727812855599e-02
5.690000000000000391e+00       5.200538729262488280e-02
5.700000000000000178e+00       5.199474966516858671e-02
5.709999999999999964e+00       5.198412458140951736e-02
5.719999999999999751e+00       5.197351229991816618e-02
5.730000000000000426e+00       5.196291299780124440e-02
5.740000000000000213e+00       5.195232687383373460e-02
5.750000000000000000e+00       5.194175412273228931e-02
5.759999999999999787e+00       5.193119493521915209e-02
5.769999999999999574e+00       5.192064949808548879e-02
5.780000000000000249e+00       5.191011799425342826e-02
5.790000000000000036e+00       5.189960060283728416e-02
5.799999999999999822e+00       5.188909749920357639e-02
5.809999999999999609e+00       5.187860885503040032e-02
5.820000000000000284e+00       5.186813483836544281e-02
5.830000000000000071e+00       5.185767561368377632e-02
5.839999999999999858e+00       5.184723134194382799e-02
5.849999999999999645e+00       5.183680218064307815e-02
5.860000000000000320e+00       5.182638828387287760e-02
5.870000000000000107e+00       5.181598982743754883e-02
5.879999999999999893e+00       5.180560690867015011e-02
5.889999999999999680e+00       5.179523969681264911e-02
5.900000000000000355e+00       5.178488833286101767e-02
5.910000000000000142e+00       5.177455295466604213e-02
5.919999999999999929e+00       5.176423369698268662e-02
5.929999999999999716e+00       5.175393069151874165e-02
5.940000000000000391e+00       5.174364406698347962e-02
5.950000000000000178e+00       5.173337394913481851e-02
5.959999999999999964e+00       5.172312046082583326e-02
5.969999999999999751e+00       5.171288372205096184e-02
5.980000000000000426e+00       5.170266384999125386e-02
5.990000000000000213e+00       5.169246095905861288e-02
6.000000000000000000e+00       5.168227516093980289e-02
6.009999999999999787e+00       5.167210656460921592e-02
6.019999999999999574e+00       5.166195527617946370e-02
6.030000000000000249e+00       5.165182139894688301e-02
6.040000000000000036e+00       5.164170503352220887e-02
6.049999999999999822e+00       5.163160627790588236e-02
6.059999999999999609e+00       5.162152521147671258e-02
6.070000000000000284e+00       5.161146195963232930e-02
6.080000000000000071e+00       5.160141659630774341e-02
6.089999999999999858e+00       5.159138920979693121e-02
6.099999999999999645e+00       5.158137988584397815e-02
6.110000000000000320e+00       5.157138870787771751e-02
6.120000000000000107e+00       5.156141575705323887e-02
6.129999999999999893e+00       5.155146111229168271e-02
6.139999999999999680e+00       5.154152485031953529e-02
6.150000000000000355e+00       5.153160704570559220e-02
6.160000000000000142e+00       5.152170777089942755e-02
6.169999999999999929e+00       5.151182709626667133e-02
6.179999999999999716e+00       5.150196509012489737e-02
6.190000000000000391e+00       5.149212181877829697e-02
6.200000000000000178e+00       5.148229734655112438e-02
6.209999999999999964e+00       5.147249173582203047e-02
6.219999999999999751e+00       5.146270504705630078e-02
6.230000000000000426e+00       5.145293733883791326e-02
6.240000000000000213e+00       5.144318866790122818e-02
6.250000000000000000e+00       5.143345908916185233e-02
6.259999999999999787e+00       5.142374865574741299e-02
6.269999999999999574e+00       5.141405741902586868e-02
6.280000000000000249e+00       5.140438541404775130e-02
6.290000000000000036e+00       5.139473260511882163e-02
6.299999999999999822e+00       5.138509902771293963e-02
6.309999999999999609e+00       5.137548472917870257e-02
6.320000000000000284e+00       5.136588975519355837e-02
6.330000000000000071e+00       5.135631414979161674e-02
6.339999999999999858e+00       5.134675795539075244e-02
6.349999999999999645e+00       5.133722121282016659e-02
6.360000000000000320e+00       5.132770396134651164e-02
6.370000000000000107e+00       5.131820623684204413e-02
6.379999999999999893e+00       5.130872807918622491e-02
6.389999999999999680e+00       5.129926952131297346e-02
6.400000000000000355e+00       5.128983059649722814e-02
6.410000000000000142e+00       5.128041133657823547e-02
6.419999999999999929e+00       5.127101176843861657e-02
6.429999999999999716e+00       5.126163192809082142e-02
6.440000000000000391e+00       5.125227183977565382e-02
6.450000000000000178e+00       5.124293152982584837e-02
6.459999999999999964e+00       5.123361102325519473e-02
6.469999999999999751e+00       5.122431034378037429e-02
6.480000000000000426e+00       5.121502951415340954e-02
6.490000000000000213e+00       5.120576855494070323e-02
6.500000000000000000e+00       5.119652748640932810e-02
6.509999999999999787e+00       5.118730632730351254e-02
6.519999999999999574e+00       5.117810509517643769e-02
6.530000000000000249e+00       5.116892380641022836e-02
6.540000000000000036e+00       5.115976247623612444e-02
6.549999999999999822e+00       5.115062111875390283e-02
6.559999999999999609e+00       5.114149974695109124e-02
6.570000000000000284e+00       5.113239837272184896e-02
6.580000000000000071e+00       5.112331700688586139e-02
6.589999999999999858e+00       5.111425565920645064e-02
6.599999999999999645e+00       5.110521433840872069e-02
6.610000000000000320e+00       5.109619305219735563e-02
6.620000000000000107e+00       5.108719180727409881e-02
6.629999999999999893e+00       5.107821060935509305e-02
6.639999999999999680e+00       5.106924946318767977e-02
6.650000000000000355e+00       5.106030837256725352e-02
6.660000000000000142e+00       5.105138734005274653e-02
6.669999999999999929e+00       5.104248636818631280e-02
6.679999999999999716e+00       5.103360545770414120e-02
6.690000000000000391e+00       5.102474460875557061e-02
6.700000000000000178e+00       5.101590382061778339e-02
6.709999999999999964e+00       5.100708309171064075e-02
6.719999999999999751e+00       5.099828241961232300e-02
6.730000000000000426e+00       5.098950180107332530e-02
6.740000000000000213e+00       5.098074123203169550e-02
6.750000000000000000e+00       5.097200070762678004e-02
6.759999999999999787e+00       5.096328022221371240e-02
6.769999999999999574e+00       5.095457976937698558e-02
6.780000000000000249e+00       5.094589934194424657e-02
6.790000000000000036e+00       5.093723893197934366e-02
6.799999999999999822e+00       5.092859853089797689e-02
6.809999999999999609e+00       5.091997812927533812e-02
6.820000000000000284e+00       5.091137771706480408e-02
6.830000000000000071e+00       5.090279728348487409e-02
6.839999999999999858e+00       5.089423681716490760e-02
6.849999999999999645e+00       5.088569630593232918e-02
6.860000000000000320e+00       5.087717573704961943e-02
6.870000000000000107e+00       5.086867509711400642e-02
6.879999999999999893e+00       5.086019437209124416e-02
6.889999999999999680e+00       5.085173354751691688e-02
6.900000000000000355e+00       5.084329260774875237e-02
6.910000000000000142e+00       5.083487153711797879e-02
6.919999999999999929e+00       5.082647031917909147e-02
6.929999999999999716e+00       5.081808893691097673e-02
6.940000000000000391e+00       5.080972737272830553e-02
6.950000000000000178e+00       5.080138560849128265e-02
6.959999999999999964e+00       5.079306362551647136e-02
6.969999999999999751e+00       5.078476140458700744e-02
6.980000000000000426e+00       5.077647892596232060e-02
6.990000000000000213e+00       5.076821616938827220e-02
7.000000000000000000e+00       5.075997311410694601e-02
7.009999999999999787e+00       5.075174975440407965e-02
7.019999999999999574e+00       5.074354603746043801e-02
7.030000000000000249e+00       5.073536195661303150e-02
7.040000000000000036e+00       5.072719748918272376e-02
7.049999999999999822e+00       5.071905261203309145e-02
7.059999999999999609e+00       5.071092730157947259e-02
7.070000000000000284e+00       5.070282153379728624e-02
7.080000000000000071e+00       5.069473528423109471e-02
7.089999999999999858e+00       5.068666852800284700e-02
7.099999999999999645e+00       5.067862123982020545e-02
7.110000000000000320e+00       5.067059339398501117e-02
7.120000000000000107e+00       5.066258496440123604e-02
7.129999999999999893e+00       5.065459592458302490e-02
7.139999999999999680e+00       5.064662624766250870e-02
7.150000000000000355e+00       5.063867590639753447e-02
7.160000000000000142e+00       5.063074487317950623e-02
7.169999999999999929e+00       5.062283312004053903e-02
7.179999999999999716e+00       5.061494061866111949e-02
7.190000000000000391e+00       5.060706734037737076e-02
7.200000000000000178e+00       5.059921325618829679e-02
7.209999999999999964e+00       5.059137833676263796e-02
7.219999999999999751e+00       5.058356255244584460e-02
7.230000000000000426e+00       5.057576587326712003e-02
7.240000000000000213e+00       5.056798826896842514e-02
7.250000000000000000e+00       5.056022970892248836e-02
7.259999999999999787e+00       5.055249016227131992e-02
7.269999999999999574e+00       5.054476959784517942e-02
7.280000000000000249e+00       5.053706798419090040e-02
7.290000000000000036e+00       5.052938528957791331e-02
7.299999999999999822e+00       5.052172148212472069e-02
7.309999999999999609e+00       5.051407652932739939e-02
7.320000000000000284e+00       5.050645039877688092e-02
7.330000000000000071e+00       5.049884305769383047e-02
7.339999999999999858e+00       5.049125447305161801e-02
7.349999999999999645e+00       5.048368461158161263e-02
7.360000000000000320e+00       5.047613343977925410e-02
7.370000000000000107e+00       5.046860092390918762e-02
7.379999999999999893e+00       5.046108703001087048e-02
7.389999999999999680e+00       5.045359172390409541e-02
7.400000000000000355e+00       5.044611497119397964e-02
7.410000000000000142e+00       5.043865673727634252e-02
7.419999999999999929e+00       5.043121698734277791e-02
7.429999999999999716e+00       5.042379568638569870e-02
7.440000000000000391e+00       5.041639279920327732e-02
7.450000000000000178e+00       5.040900829040438624e-02
7.459999999999999964e+00       5.040164212441330255e-02
7.469999999999999751e+00       5.039429426547466229e-02
7.480000000000000426e+00       5.038696467765783199e-02
7.490000000000000213e+00       5.037965332486164793e-02
7.500000000000000000e+00       5.037236017081916928e-02
7.509999999999999787e+00       5.036508517910154303e-02
7.519999999999999574e+00       5.035782831312307639e-02
7.530000000000000249e+00       5.035058953614501148e-02
7.540000000000000036e+00       5.034336881128002872e-02
7.549999999999999822e+00       5.033616610149651421e-02
7.559999999999999609e+00       5.032898136962229985e-02
7.570000000000000284e+00       5.032181457834918742e-02
7.580000000000000071e+00       5.031466569023663321e-02
7.589999999999999858e+00       5.030753466771576560e-02
7.599999999999999645e+00       5.030042147309323614e-02
7.610000000000000320e+00       5.029332606855503596e-02
7.620000000000000107e+00       5.028624841617026359e-02
7.629999999999999893e+00       5.027918847789483725e-02
7.639999999999999680e+00       5.027214621557499902e-02
7.650000000000000355e+00       5.026512159095104099e-02
7.660000000000000142e+00       5.025811456566078167e-02
7.669999999999999929e+00       5.025112510124291054e-02
7.679999999999999716e+00       5.024415315914061708e-02
7.690000000000000391e+00       5.023719870070472715e-02
7.700000000000000178e+00       5.023026168719725570e-02
7.709999999999999964e+00       5.022334207979430032e-02
7.719999999999999751e+00       5.021643983958953145e-02
7.730000000000000426e+00       5.020955492759741207e-02
7.740000000000000213e+00       5.020268730475582752e-02
7.750000000000000000e+00       5.019583693192974233e-02
7.759999999999999787e+00       5.018900376991456552e-02
7.769999999999999574e+00       5.018218777943529024e-02
7.780000000000000249e+00       5.017538892115735311e-02
7.790000000000000036e+00       5.016860715568140922e-02
7.799999999999999822e+00       5.016184244355040289e-02
7.809999999999999609e+00       5.015509474525120526e-02
7.820000000000000284e+00       5.014836402121773673e-02
7.830000000000000071e+00       5.014165023183303482e-02
7.839999999999999858e+00       5.013495333743258481e-02
7.849999999999999645e+00       5.012827329830664425e-02
7.860000000000000320e+00       5.012161007470253282e-02
7.870000000000000107e+00       5.011496362682753281e-02
7.879999999999999893e+00       5.010833391485104010e-02
7.889999999999999680e+00       5.010172089890729819e-02
7.900000000000000355e+00       5.009512453909758384e-02
7.910000000000000142e+00       5.008854479549264271e-02
7.919999999999999929e+00       5.008198162813497917e-02
7.929999999999999716e+00       5.007543499704111833e-02
7.940000000000000391e+00       5.006890486220381270e-02
7.950000000000000178e+00       5.006239118359454704e-02
7.959999999999999964e+00       5.005589392098203777e-02
7.969999999999999751e+00       5.004941303466735325e-02
7.980000000000000426e+00       5.004294848438691629e-02
7.990000000000000213e+00       5.003650023004703462e-02
8.000000000000000000e+00       5.003006823154340643e-02
8.009999999999999787e+00       5.002365244876251504e-02
8.019999999999999574e+00       5.001725284158364815e-02
8.029999999999999361e+00       5.001086936988111825e-02
8.039999999999999147e+00       5.000450199352581004e-02
8.050000000000000711e+00       4.999815067238735922e-02
8.060000000000000497e+00       4.999181536633574841e-02
8.070000000000000284e+00       4.998549603524316681e-02
8.080000000000000071e+00       4.997919263898597392e-02
8.089999999999999858e+00       4.997290513744602480e-02
8.099999999999999645e+00       4.996663349051436165e-02
8.109999999999999432e+00       4.996037765808657855e-02
8.119999999999999218e+00       4.995413760007345882e-02
8.130000000000000782e+00       4.994791327639695050e-02
8.140000000000000568e+00       4.994170464699266426e-02
8.150000000000000355e+00       4.993551167181214251e-02
8.160000000000000142e+00       4.992933431082385853e-02
8.169999999999999929e+00       4.992317252401493044e-02
8.179999999999999716e+00       4.991702627139264076e-02
8.189999999999999503e+00       4.991089551298592830e-02
8.199999999999999289e+00       4.990478020884657473e-02
8.210000000000000853e+00       4.989868031905100865e-02
8.220000000000000639e+00       4.989259580370149216e-02
8.230000000000000426e+00       4.988652662292719642e-02
8.240000000000000213e+00       4.988047273688612365e-02
8.250000000000000000e+00       4.987443410576595376e-02
8.259999999999999787e+00       4.986841068653864728e-02
8.269999999999999574e+00       4.986240244596021332e-02
8.279999999999999361e+00       4.985640934105765865e-02
8.289999999999999147e+00       4.985043133215059930e-02
8.300000000000000711e+00       4.984446837959505272e-02
8.310000000000000497e+00       4.983852044378404150e-02
8.320000000000000284e+00       4.983258748514925868e-02
8.330000000000000071e+00       4.982666946416158121e-02
8.339999999999999858e+00       4.982076634133295046e-02
8.349999999999999645e+00       4.981487807721676070e-02
8.359999999999999432e+00       4.980900463240937881e-02
8.369999999999999218e+00       4.980314596755105322e-02
8.380000000000000782e+00       4.979730204332685067e-02
8.390000000000000568e+00       4.979147282046789136e-02
8.400000000000000355e+00       4.978565825975233422e-02
8.410000000000000142e+00       4.977985832200591820e-02
8.419999999999999929e+00       4.977407296810338472e-02
8.429999999999999716e+00       4.976830215896951848e-02
8.439999999999999503e+00       4.976254585557957077e-02
8.449999999999999289e+00       4.975680401896051541e-02
8.460000000000000853e+00       4.975107661019192301e-02
8.470000000000000639e+00       4.974536359040661326e-02
8.480000000000000426e+00       4.973966492079172352e-02
8.490000000000000213e+00       4.973398056258943045e-02
8.500000000000000000e+00       4.972831047709799779e-02
8.509999999999999787e+00       4.972265462567222738e-02
8.519999999999999574e+00       4.971701296972430573e-02
8.529999999999999361e+00       4.971138547072499747e-02
8.539999999999999147e+00       4.970577209020379805e-02
8.550000000000000711e+00       4.970017278975021047e-02
8.560000000000000497e+00       4.969458753101391180e-02
8.570000000000000284e+00       4.968901627570605772e-02
8.580000000000000071e+00       4.968345898559959478e-02
8.589999999999999858e+00       4.967791562252992649e-02
8.599999999999999645e+00       4.967238614839597499e-02
8.609999999999999432e+00       4.966687052516032680e-02
8.619999999999999218e+00       4.966136871485018339e-02
8.630000000000000782e+00       4.965588067955778451e-02
8.640000000000000568e+00       4.965040638144124774e-02
8.650000000000000355e+00       4.964494578272504038e-02
8.660000000000000142e+00       4.963949884570052068e-02
8.669999999999999929e+00       4.963406553272659699e-02
8.679999999999999716e+00       4.962864580623042865e-02
8.689999999999999503e+00       4.962323962870741206e-02
8.699999999999999289e+00       4.961784696272236034e-02
8.710000000000000853e+00       4.961246777090952409e-02
8.720000000000000639e+00       4.960710201597375718e-02
8.730000000000000426e+00       4.960174966069000324e-02
8.740000000000000213e+00       4.959641066790472508e-02
8.750000000000000000e+00       4.959108500053560631e-02
8.759999999999999787e+00       4.958577262157250892e-02
8.769999999999999574e+00       4.958047349407745941e-02
8.779999999999999361e+00       4.957518758118509977e-02
8.789999999999999147e+00       4.956991484610266674e-02
8.800000000000000711e+00       4.956465525211009582e-02
8.810000000000000497e+00       4.955940876255863353e-02
8.820000000000000284e+00       4.955417534086889453e-02
8.830000000000000071e+00       4.954895495052250021e-02
8.839999999999999858e+00       4.954374755503481581e-02
8.849999999999999645e+00       4.953855311781175247e-02
8.859999999999999432e+00       4.953337160012698248e-02
8.869999999999999218e+00       4.952820298152672829e-02
8.880000000000000782e+00       4.952304720078897632e-02
8.890000000000000568e+00       4.951790423629938431e-02
8.900000000000000355e+00       4.951277405023178646e-02
8.910000000000000142e+00       4.950765660648454025e-02
8.919999999999999929e+00       4.950255186919456929e-02
8.929999999999999716e+00       4.949745980261564815e-02
8.939999999999999503e+00       4.949238037109318644e-02
8.949999999999999289e+00       4.948731353905641561e-02
8.960000000000000853e+00       4.948225927101684157e-02
8.970000000000000639e+00       4.947721753156668345e-02
8.980000000000000426e+00       4.947218828537873481e-02
8.990000000000000213e+00       4.946717149720647466e-02
9.000000000000000000e+00       4.946216713188373443e-02
9.009999999999999787e+00       4.945717515337563069e-02
9.019999999999999574e+00       4.945219551884420112e-02
9.029999999999999361e+00       4.944722817865973563e-02
9.039999999999999147e+00       4.944227307910911001e-02
9.050000000000000711e+00       4.943733016342238135e-02
9.060000000000000497e+00       4.943239937236348913e-02
9.070000000000000284e+00       4.942748064465261881e-02
9.080000000000000071e+00       4.942257391721498194e-02
9.089999999999999858e+00       4.941767912551055936e-02
9.099999999999999645e+00       4.941279620363893399e-02
9.109999999999999432e+00       4.940792508458324850e-02
9.119999999999999218e+00       4.940306570032639705e-02
9.130000000000000782e+00       4.939821798193606839e-02
9.140000000000000568e+00       4.939338185974305462e-02
9.150000000000000355e+00       4.938855726339691499e-02
9.160000000000000142e+00       4.938374412196394614e-02
9.169999999999999929e+00       4.937894236400659081e-02
9.179999999999999716e+00       4.937415191767402511e-02
9.189999999999999503e+00       4.936937271069805067e-02
9.199999999999999289e+00       4.936460467055337614e-02
9.210000000000000853e+00       4.935984772444952651e-02
9.220000000000000639e+00       4.935510179939716496e-02
9.230000000000000426e+00       4.935036682225558968e-02
9.240000000000000213e+00       4.934564271977261163e-02
9.250000000000000000e+00       4.934092941866372733e-02
9.259999999999999787e+00       4.933622684553716498e-02
9.269999999999999574e+00       4.933153492707589155e-02
9.279999999999999361e+00       4.932685358998135927e-02
9.289999999999999147e+00       4.932218276102508930e-02
9.300000000000000711e+00       4.931752236707775267e-02
9.310000000000000497e+00       4.931287233513550333e-02
9.320000000000000284e+00       4.930823259234597827e-02
9.330000000000000071e+00       4.930360306603132070e-02
9.339999999999999858e+00       4.929898368373964584e-02
9.349999999999999645e+00       4.929437437315297571e-02
9.359999999999999432e+00       4.928977506227165406e-02
9.369999999999999218e+00       4.928518567932577837e-02
9.380000000000000782e+00       4.928060615285580898e-02
9.390000000000000568e+00       4.927603641157819042e-02
9.400000000000000355e+00       4.927147638462642948e-02
9.410000000000000142e+00       4.926692600141533568e-02
9.419999999999999929e+00       4.926238519169131441e-02
9.429999999999999716e+00       4.925785388554512756e-02
9.439999999999999503e+00       4.925333201342380757e-02
9.449999999999999289e+00       4.924881950614184295e-02
9.460000000000000853e+00       4.924431629489135764e-02
9.470000000000000639e+00       4.923982231125198505e-02
9.480000000000000426e+00       4.923533748720049230e-02
9.490000000000000213e+00       4.923086175511909302e-02
9.500000000000000000e+00       4.922639504780393360e-02
9.509999999999999787e+00       4.922193729847351013e-02
9.519999999999999574e+00       4.921748844077611373e-02
9.529999999999999361e+00       4.921304840879903858e-02
9.539999999999999147e+00       4.920861713707692237e-02
9.550000000000000711e+00       4.920419456060347307e-02
9.560000000000000497e+00       4.919978061484706067e-02
9.570000000000000284e+00       4.919537523577693222e-02
9.580000000000000071e+00       4.919097835991557283e-02
9.589999999999999858e+00       4.918658992446146849e-02
9.599999999999999645e+00       4.918220986765224623e-02
9.609999999999999432e+00       4.917783810043158121e-02
9.619999999999999218e+00       4.917347460550102606e-02
9.630000000000000782e+00       4.916911930174042156e-02
9.640000000000000568e+00       4.916477212827424781e-02
9.650000000000000355e+00       4.916043302470522736e-02
9.660000000000000142e+00       4.915610191126920658e-02
9.669999999999999929e+00       4.915177877314006599e-02
9.679999999999999716e+00       4.914746352464042373e-02
9.689999999999999503e+00       4.914315610827967723e-02
9.699999999999999289e+00       4.913885646649394229e-02
9.710000000000000853e+00       4.913456454199483653e-02
9.720000000000000639e+00       4.913028027788614305e-02
9.730000000000000426e+00       4.912600361771170265e-02
9.740000000000000213e+00       4.912173450547568238e-02
9.750000000000000000e+00       4.911747288565373321e-02
9.759999999999999787e+00       4.911321870319836774e-02
9.769999999999999574e+00       4.910897190354185371e-02
9.779999999999999361e+00       4.910473243259760867e-02
9.789999999999999147e+00       4.910050023676066494e-02
9.800000000000000711e+00       4.909627526290809285e-02
9.810000000000000497e+00       4.909205745839805707e-02
9.820000000000000284e+00       4.908784677106947658e-02
9.830000000000000071e+00       4.908364314924108796e-02
9.839999999999999858e+00       4.907944654171025184e-02
9.849999999999999645e+00       4.907525689775148886e-02
9.859999999999999432e+00       4.907107416711534859e-02
9.869999999999999218e+00       4.906689830002736868e-02
9.880000000000000782e+00       4.906272924718526468e-02
9.890000000000000568e+00       4.905856695975839565e-02
9.900000000000000355e+00       4.905441138938513440e-02
9.910000000000000142e+00       4.905026248817154905e-02
9.919999999999999929e+00       4.904612020868920341e-02
9.929999999999999716e+00       4.904198450397258269e-02
9.939999999999999503e+00       4.903785532751796933e-02
9.949999999999999289e+00       4.903373263328054260e-02
9.960000000000000853e+00       4.902961637567235936e-02
9.970000000000000639e+00       4.902550650955978667e-02
9.980000000000000426e+00       4.902140299026191278e-02
9.990000000000000213e+00       4.901730577354673074e-02
