1.000000000000000021e-02       0.000000000000000000e+00
2.000000000000000042e-02       0.000000000000000000e+00
2.999999999999999889e-02       0.000000000000000000e+00
4.000000000000000083e-02       0.000000000000000000e+00
5.000000000000000278e-02       0.000000000000000000e+00
5.999999999999999778e-02       0.000000000000000000e+00
7.000000000000000666e-02       0.000000000000000000e+00
8.000000000000000167e-02       0.000000000000000000e+00
8.999999999999999667e-02       0.000000000000000000e+00
1.000000000000000056e-01       0.000000000000000000e+00
1.100000000000000006e-01       0.000000000000000000e+00
1.199999999999999956e-01       0.000000000000000000e+00
1.300000000000000044e-01       0.000000000000000000e+00
1.400000000000000133e-01       8.480409026159631920e-04
1.499999999999999944e-01       1.078356077145452936e-03
1.600000000000000033e-01       1.134333672499307282e-03
1.700000000000000122e-01       1.203716423863162091e-03
1.799999999999999933e-01       1.304461982416891793e-03
1.900000000000000022e-01       1.431067087721143776e-03
2.000000000000000111e-01       1.577950329624436309e-03
2.099999999999999922e-01       1.741137893551890706e-03
2.200000000000000011e-01       1.917833180292700338e-03
2.300000000000000100e-01       2.105966036977048074e-03
2.399999999999999911e-01       2.303914120439709643e-03
2.500000000000000000e-01       2.510344816065043089e-03
2.600000000000000089e-01       2.724121509527624007e-03
2.700000000000000178e-01       2.944247291639601020e-03
2.800000000000000266e-01       3.169830219572501457e-03
2.899999999999999800e-01       3.400061302109069761e-03
2.999999999999999889e-01       3.634200040453127584e-03
3.099999999999999978e-01       3.871564600106396949e-03
3.200000000000000067e-01       4.111525037551672264e-03
3.300000000000000155e-01       4.353498289548297581e-03
3.400000000000000244e-01       4.596944258705488832e-03
3.499999999999999778e-01       4.841362998267646593e-03
3.599999999999999867e-01       5.086292075611372268e-03
3.699999999999999956e-01       5.331304455629419861e-03
3.800000000000000044e-01       5.576006581556360031e-03
3.900000000000000133e-01       5.820036607881302372e-03
4.000000000000000222e-01       6.063062744213515605e-03
4.099999999999999756e-01       6.304781700473821929e-03
4.199999999999999845e-01       6.544916969595958658e-03
4.299999999999999933e-01       6.783217951643802195e-03
4.400000000000000022e-01       7.019457747314009066e-03
4.500000000000000111e-01       7.253432265247520758e-03
4.600000000000000200e-01       7.484958760777319503e-03
4.699999999999999734e-01       7.713874533091831867e-03
4.799999999999999822e-01       7.940035663800526500e-03
4.899999999999999911e-01       8.163315798514819352e-03
5.000000000000000000e-01       8.383291176756044877e-03
5.100000000000000089e-01       8.597249400271950517e-03
5.200000000000000178e-01       8.804786307851569099e-03
5.300000000000000266e-01       9.006403701329860137e-03
5.400000000000000355e-01       9.202542995739797227e-03
5.500000000000000444e-01       9.393539722981115309e-03
5.600000000000000533e-01       9.578310898438595691e-03
5.699999999999999512e-01       9.756779044187620722e-03
5.799999999999999600e-01       9.929528967643935430e-03
5.899999999999999689e-01       1.009707214808906045e-02
5.999999999999999778e-01       1.025985502413845341e-02
6.099999999999999867e-01       1.041826677636841815e-02
6.199999999999999956e-01       1.057264646802886371e-02
6.300000000000000044e-01       1.072328949169822424e-02
6.400000000000000133e-01       1.087045331897958100e-02
6.500000000000000222e-01       1.101436258222721065e-02
6.600000000000000311e-01       1.115521353503074603e-02
6.700000000000000400e-01       1.129317794644757456e-02
6.800000000000000488e-01       1.142840648751153494e-02
6.899999999999999467e-01       1.156103166623742920e-02
6.999999999999999556e-01       1.169117036557440828e-02
7.099999999999999645e-01       1.181892603362143940e-02
7.199999999999999734e-01       1.194439057099927828e-02
7.299999999999999822e-01       1.206764595538915678e-02
7.399999999999999911e-01       1.218876563853898802e-02
7.500000000000000000e-01       1.230781574680897723e-02
7.600000000000000089e-01       1.242485611216960668e-02
7.700000000000000178e-01       1.253994115734289455e-02
7.800000000000000266e-01       1.264917748447412331e-02
7.900000000000000355e-01       1.272636121743198588e-02
8.000000000000000444e-01       1.277226169531979830e-02
8.100000000000000533e-01       1.279346551897401173e-02
8.199999999999999512e-01       1.279568689138045785e-02
8.299999999999999600e-01       1.278374974366075847e-02
8.399999999999999689e-01       1.276165011738586257e-02
8.499999999999999778e-01       1.273264495665579407e-02
8.599999999999999867e-01       1.269935048032950695e-02
8.699999999999999956e-01       1.266383954278897314e-02
8.800000000000000044e-01       1.262773196467251342e-02
8.900000000000000133e-01       1.259227483148154386e-02
9.000000000000000222e-01       1.255717145716655873e-02
9.100000000000000311e-01       1.252128540964975167e-02
9.200000000000000400e-01       1.248576746437003726e-02
9.300000000000000488e-01       1.245154080070927718e-02
9.399999999999999467e-01       1.241930068401128802e-02
9.499999999999999556e-01       1.238955833689949111e-02
9.599999999999999645e-01       1.236267013286874994e-02
9.699999999999999734e-01       1.233869515634503609e-02
9.799999999999999822e-01       1.231773843036371510e-02
9.899999999999999911e-01       1.229992040932137605e-02
1.000000000000000000e+00       1.228529899397022736e-02
1.010000000000000009e+00       1.227388338566353168e-02
1.020000000000000018e+00       1.226564245081135374e-02
1.030000000000000027e+00       1.225951929060262874e-02
1.040000000000000036e+00       1.225485534382233545e-02
1.050000000000000044e+00       1.225184836065063877e-02
1.060000000000000053e+00       1.225064014339552476e-02
1.070000000000000062e+00       1.225132679256500136e-02
1.080000000000000071e+00       1.225396726712866396e-02
1.090000000000000080e+00       1.225859051269011755e-02
1.100000000000000089e+00       1.226520138003235443e-02
1.110000000000000098e+00       1.227378552655477434e-02
1.120000000000000107e+00       1.228431346554862899e-02
1.129999999999999893e+00       1.229674390358881722e-02
1.139999999999999902e+00       1.231102648460397596e-02
1.149999999999999911e+00       1.232710404040196148e-02
1.159999999999999920e+00       1.234491443129903492e-02
1.169999999999999929e+00       1.236439204680249426e-02
1.179999999999999938e+00       1.238546902466378802e-02
1.189999999999999947e+00       1.240807623696069985e-02
1.199999999999999956e+00       1.243214408354762456e-02
1.209999999999999964e+00       1.245760312651803155e-02
1.219999999999999973e+00       1.248438459353500528e-02
1.229999999999999982e+00       1.251242077317146588e-02
1.239999999999999991e+00       1.254164532144611509e-02
1.250000000000000000e+00       1.257199349572626912e-02
1.260000000000000009e+00       1.260340232754010407e-02
1.270000000000000018e+00       1.263581074947485970e-02
1.280000000000000027e+00       1.266915967920972073e-02
1.290000000000000036e+00       1.270339207304781171e-02
1.300000000000000044e+00       1.273845295288442148e-02
1.310000000000000053e+00       1.277428941225475928e-02
1.320000000000000062e+00       1.281085060564803209e-02
1.330000000000000071e+00       1.284808772458060321e-02
1.340000000000000080e+00       1.288595396329460414e-02
1.350000000000000089e+00       1.292440447647178609e-02
1.360000000000000098e+00       1.296339633088280929e-02
1.370000000000000107e+00       1.300288845258544719e-02
1.379999999999999893e+00       1.304284157096832590e-02
1.389999999999999902e+00       1.308321816070553978e-02
1.399999999999999911e+00       1.312398238248035746e-02
1.409999999999999920e+00       1.316510002318483329e-02
1.419999999999999929e+00       1.320653843614149649e-02
1.429999999999999938e+00       1.324826648180215186e-02
1.439999999999999947e+00       1.329025446927145811e-02
1.449999999999999956e+00       1.333247409892947613e-02
1.459999999999999964e+00       1.337489840166560841e-02
1.469999999999999973e+00       1.341750170309914322e-02
1.479999999999999982e+00       1.346025954227124920e-02
1.489999999999999991e+00       1.350314863917096743e-02
1.500000000000000000e+00       1.354614684034757821e-02
1.510000000000000009e+00       1.358923307097889728e-02
1.520000000000000018e+00       1.363238728803832164e-02
1.530000000000000027e+00       1.367559043330297992e-02
1.540000000000000036e+00       1.371882438799361566e-02
1.550000000000000044e+00       1.376207192971443984e-02
1.560000000000000053e+00       1.380531669156876209e-02
1.570000000000000062e+00       1.384854312329749162e-02
1.580000000000000071e+00       1.389173645436814208e-02
1.590000000000000080e+00       1.393488265886032654e-02
1.600000000000000089e+00       1.397796839902977137e-02
1.610000000000000098e+00       1.402098058451091596e-02
1.620000000000000107e+00       1.406390606143451301e-02
1.629999999999999893e+00       1.410673182020942551e-02
1.639999999999999902e+00       1.414944506972885992e-02
1.649999999999999911e+00       1.419203326555407499e-02
1.659999999999999920e+00       1.423448412456715557e-02
1.669999999999999929e+00       1.427678563340313567e-02
1.679999999999999938e+00       1.431892605431628329e-02
1.689999999999999947e+00       1.436089392933163900e-02
1.699999999999999956e+00       1.440267808311478798e-02
1.709999999999999964e+00       1.444426762623463208e-02
1.719999999999999973e+00       1.448565195636616378e-02
1.729999999999999982e+00       1.452682076121978444e-02
1.739999999999999991e+00       1.456776401972570932e-02
1.750000000000000000e+00       1.460847200343401257e-02
1.760000000000000009e+00       1.464893527769813540e-02
1.770000000000000018e+00       1.468914470257810627e-02
1.780000000000000027e+00       1.472909143346749945e-02
1.790000000000000036e+00       1.476876692107391940e-02
1.800000000000000044e+00       1.480816290696604712e-02
1.810000000000000053e+00       1.484727141393822267e-02
1.820000000000000062e+00       1.488608473657958287e-02
1.830000000000000071e+00       1.492459543354275435e-02
1.840000000000000080e+00       1.496279632086022077e-02
1.850000000000000089e+00       1.500068046639895479e-02
1.860000000000000098e+00       1.503824118526836395e-02
1.870000000000000107e+00       1.507546226996843083e-02
1.879999999999999893e+00       1.511226919744316707e-02
1.889999999999999902e+00       1.514864018790499159e-02
1.899999999999999911e+00       1.518457567918879772e-02
1.909999999999999920e+00       1.522007602710140177e-02
1.919999999999999929e+00       1.525514151701727952e-02
1.929999999999999938e+00       1.528977237787749674e-02
1.939999999999999947e+00       1.532396879544921722e-02
1.949999999999999956e+00       1.535773092420993774e-02
1.959999999999999964e+00       1.539105889976046665e-02
1.969999999999999973e+00       1.542391186084943536e-02
1.979999999999999982e+00       1.545411973358439862e-02
1.989999999999999991e+00       1.548067245001035104e-02
2.000000000000000000e+00       1.550383104682082590e-02
2.009999999999999787e+00       1.552384070695462560e-02
2.020000000000000018e+00       1.554085410712537432e-02
2.029999999999999805e+00       1.555504764248850751e-02
2.040000000000000036e+00       1.556664263124696301e-02
2.049999999999999822e+00       1.557584749550083858e-02
2.060000000000000053e+00       1.558285819160964113e-02
2.069999999999999840e+00       1.558785863097827615e-02
2.080000000000000071e+00       1.559102113428432849e-02
2.089999999999999858e+00       1.559250690873410436e-02
2.100000000000000089e+00       1.559246654046716161e-02
2.109999999999999876e+00       1.559104049486883213e-02
2.120000000000000107e+00       1.558835961881870590e-02
2.129999999999999893e+00       1.558454563997067020e-02
2.140000000000000124e+00       1.557971165899796513e-02
2.149999999999999911e+00       1.557396263154103323e-02
2.160000000000000142e+00       1.556739583725269202e-02
2.169999999999999929e+00       1.556010133396292829e-02
2.180000000000000160e+00       1.555216239543985579e-02
2.189999999999999947e+00       1.554365593169292938e-02
2.200000000000000178e+00       1.553465289110773917e-02
2.209999999999999964e+00       1.552521864401114858e-02
2.220000000000000195e+00       1.551541334751886832e-02
2.229999999999999982e+00       1.550529229172429267e-02
2.240000000000000213e+00       1.549490622745682347e-02
2.250000000000000000e+00       1.548430167597304383e-02
2.259999999999999787e+00       1.547352122104983518e-02
2.270000000000000018e+00       1.546260378403075710e-02
2.279999999999999805e+00       1.545158488243683972e-02
2.290000000000000036e+00       1.544049687279654484e-02
2.299999999999999822e+00       1.542936917837778137e-02
2.310000000000000053e+00       1.541822850252046011e-02
2.319999999999999840e+00       1.540709902827470945e-02
2.330000000000000071e+00       1.539600260504724386e-02
2.339999999999999858e+00       1.538495892294932353e-02
2.350000000000000089e+00       1.537398567552644875e-02
2.359999999999999876e+00       1.536309898931141268e-02
2.370000000000000107e+00       1.535231217637890791e-02
2.379999999999999893e+00       1.534163864390034222e-02
2.390000000000000124e+00       1.533108923899448653e-02
2.399999999999999911e+00       1.532067375173462413e-02
2.410000000000000142e+00       1.531040074349947384e-02
2.419999999999999929e+00       1.530027764562057711e-02
2.430000000000000160e+00       1.529031085086403688e-02
2.439999999999999947e+00       1.528050579843864137e-02
2.450000000000000178e+00       1.527086705310533310e-02
2.459999999999999964e+00       1.526139837841485568e-02
2.470000000000000195e+00       1.525210280459016361e-02
2.479999999999999982e+00       1.524298269148276902e-02
2.490000000000000213e+00       1.523403978691871032e-02
2.500000000000000000e+00       1.522527528074326536e-02
2.509999999999999787e+00       1.521668985486124108e-02
2.520000000000000018e+00       1.520828372955123492e-02
2.529999999999999805e+00       1.520005670631481565e-02
2.540000000000000036e+00       1.519200820750343447e-02
2.549999999999999822e+00       1.518413731295048877e-02
2.560000000000000053e+00       1.517644279382033765e-02
2.569999999999999840e+00       1.516892314387163071e-02
2.580000000000000071e+00       1.516157660831924693e-02
2.589999999999999858e+00       1.515440121046629333e-02
2.600000000000000089e+00       1.514739477626574418e-02
2.609999999999999876e+00       1.514055495696060155e-02
2.620000000000000107e+00       1.513387924994091631e-02
2.629999999999999893e+00       1.512736501794607370e-02
2.640000000000000124e+00       1.512100950673254778e-02
2.649999999999999911e+00       1.511480986131794914e-02
2.660000000000000142e+00       1.510876314090529512e-02
2.669999999999999929e+00       1.510286633258339090e-02
2.680000000000000160e+00       1.509711642423022977e-02
2.689999999999999947e+00       1.509151011434017517e-02
2.700000000000000178e+00       1.508604442614742969e-02
2.709999999999999964e+00       1.508071611305109722e-02
2.720000000000000195e+00       1.507552197036863759e-02
2.729999999999999982e+00       1.507045878172742250e-02
2.740000000000000213e+00       1.506552332843381393e-02
2.750000000000000000e+00       1.506071239337706570e-02
2.759999999999999787e+00       1.505602276884052647e-02
2.770000000000000018e+00       1.505145126150298114e-02
2.779999999999999805e+00       1.504699469744415555e-02
2.790000000000000036e+00       1.504264992660199127e-02
2.799999999999999822e+00       1.503841382676403618e-02
2.810000000000000053e+00       1.503428330715613458e-02
2.819999999999999840e+00       1.503025531165329623e-02
2.830000000000000071e+00       1.502632682163794128e-02
2.839999999999999858e+00       1.502249485853213856e-02
2.850000000000000089e+00       1.501875648602891446e-02
2.859999999999999876e+00       1.501510881204648484e-02
2.870000000000000107e+00       1.501154899042721549e-02
2.879999999999999893e+00       1.500807422240132798e-02
2.890000000000000124e+00       1.500468175783462206e-02
2.899999999999999911e+00       1.500136889627720974e-02
2.910000000000000142e+00       1.499813298782972336e-02
2.919999999999999929e+00       1.499497143384188012e-02
2.930000000000000160e+00       1.499188168745738126e-02
2.939999999999999947e+00       1.498886125401788921e-02
2.950000000000000178e+00       1.498590769133844453e-02
2.959999999999999964e+00       1.498301860986469766e-02
2.970000000000000195e+00       1.498019167272320908e-02
2.979999999999999982e+00       1.497742459567336440e-02
2.990000000000000213e+00       1.497471514697047701e-02
3.000000000000000000e+00       1.497206114714775757e-02
3.009999999999999787e+00       1.496946045992354063e-02
3.020000000000000018e+00       1.496691093777449168e-02
3.029999999999999805e+00       1.496441042458688392e-02
3.040000000000000036e+00       1.496195678238794805e-02
3.049999999999999822e+00       1.495954790157886898e-02
3.060000000000000053e+00       1.495718170666903574e-02
3.069999999999999840e+00       1.495485615917822170e-02
3.080000000000000071e+00       1.495256926360107388e-02
3.089999999999999858e+00       1.495031906426680032e-02
3.100000000000000089e+00       1.494810139674931926e-02
3.109999999999999876e+00       1.494589411824946180e-02
3.120000000000000107e+00       1.494369192618412445e-02
3.129999999999999893e+00       1.494149465767523680e-02
3.140000000000000124e+00       1.493930211728577637e-02
3.149999999999999911e+00       1.493711408070535519e-02
3.160000000000000142e+00       1.493493025296277303e-02
3.169999999999999929e+00       1.493275045259500992e-02
3.180000000000000160e+00       1.493057434250526054e-02
3.189999999999999947e+00       1.492840161422522363e-02
3.200000000000000178e+00       1.492623194485341240e-02
3.209999999999999964e+00       1.492406499929823348e-02
3.220000000000000195e+00       1.492190043230386121e-02
3.229999999999999982e+00       1.491973789034826796e-02
3.240000000000000213e+00       1.491757701337013790e-02
3.250000000000000000e+00       1.491541743635788064e-02
3.259999999999999787e+00       1.491325879080727251e-02
3.270000000000000018e+00       1.491110070605881563e-02
3.279999999999999805e+00       1.490894281052097640e-02
3.290000000000000036e+00       1.490678473278953670e-02
3.299999999999999822e+00       1.490462610266932685e-02
3.310000000000000053e+00       1.490246655210578954e-02
3.319999999999999840e+00       1.490030571605017139e-02
3.330000000000000071e+00       1.489814323316345293e-02
3.339999999999999858e+00       1.489597874660489318e-02
3.350000000000000089e+00       1.489381190460337991e-02
3.359999999999999876e+00       1.489164236103735807e-02
3.370000000000000107e+00       1.488946977594294251e-02
3.379999999999999893e+00       1.488729381596753942e-02
3.390000000000000124e+00       1.488511415477303951e-02
3.399999999999999911e+00       1.488293047339216656e-02
3.410000000000000142e+00       1.488074246054261161e-02
3.419999999999999929e+00       1.487854981289365996e-02
3.430000000000000160e+00       1.487635223531260861e-02
3.439999999999999947e+00       1.487414944105356490e-02
3.450000000000000178e+00       1.487194115193127969e-02
3.459999999999999964e+00       1.486972709845799795e-02
3.470000000000000195e+00       1.486750701995423994e-02
3.479999999999999982e+00       1.486528066463370726e-02
3.490000000000000213e+00       1.486304778966483602e-02
3.500000000000000000e+00       1.486080816121061743e-02
3.509999999999999787e+00       1.485856155444808917e-02
3.520000000000000018e+00       1.485630775356967977e-02
3.529999999999999805e+00       1.485404655176750070e-02
3.540000000000000036e+00       1.485177775119669863e-02
3.549999999999999822e+00       1.484950116295170354e-02
3.560000000000000053e+00       1.484721660675117003e-02
3.569999999999999840e+00       1.484492390584257228e-02
3.580000000000000071e+00       1.484262288294597477e-02
3.589999999999999858e+00       1.484031336404606841e-02
3.600000000000000089e+00       1.483799518010488726e-02
3.609999999999999876e+00       1.483566816787338684e-02
3.620000000000000107e+00       1.483333217038031865e-02
3.629999999999999893e+00       1.483098703726108171e-02
3.640000000000000124e+00       1.482863262498133709e-02
3.649999999999999911e+00       1.482626879697743726e-02
3.660000000000000142e+00       1.482389542375455935e-02
3.669999999999999929e+00       1.482151238294339597e-02
3.680000000000000160e+00       1.481911955931962573e-02
3.689999999999999947e+00       1.481671684480177775e-02
3.700000000000000178e+00       1.481430413842038142e-02
3.709999999999999964e+00       1.481188134674688885e-02
3.720000000000000195e+00       1.480944838196899399e-02
3.729999999999999982e+00       1.480700516461429077e-02
3.740000000000000213e+00       1.480455162160380922e-02
3.750000000000000000e+00       1.480208768662665854e-02
3.759999999999999787e+00       1.479961330004012782e-02
3.770000000000000018e+00       1.479712840877386859e-02
3.779999999999999805e+00       1.479463296617749939e-02
3.790000000000000036e+00       1.479212693195962325e-02
3.799999999999999822e+00       1.478961027203033740e-02
3.810000000000000053e+00       1.478708295838458177e-02
3.819999999999999840e+00       1.478454496897411291e-02
3.830000000000000071e+00       1.478199628757692445e-02
3.839999999999999858e+00       1.477943690366485645e-02
3.850000000000000089e+00       1.477686681226973026e-02
3.859999999999999876e+00       1.477428601384835755e-02
3.870000000000000107e+00       1.477169451414755107e-02
3.879999999999999893e+00       1.476909232406514727e-02
3.890000000000000124e+00       1.476647945951729129e-02
3.899999999999999911e+00       1.476385594130225250e-02
3.910000000000000142e+00       1.476122179496109667e-02
3.919999999999999929e+00       1.475857705064528326e-02
3.930000000000000160e+00       1.475592174298140206e-02
3.939999999999999947e+00       1.475325591093758389e-02
3.950000000000000178e+00       1.475057959769107870e-02
3.959999999999999964e+00       1.474789285049738982e-02
3.970000000000000195e+00       1.474519572055788853e-02
3.979999999999999982e+00       1.474248826289502497e-02
3.990000000000000213e+00       1.473977053622280674e-02
4.000000000000000000e+00       1.473704260282199599e-02
4.009999999999999787e+00       1.473430452841643923e-02
4.019999999999999574e+00       1.473155638204784110e-02
4.030000000000000249e+00       1.472879823596966523e-02
4.040000000000000036e+00       1.472603016550700500e-02
4.049999999999999822e+00       1.472325224895569031e-02
4.059999999999999609e+00       1.472046456746396031e-02
4.070000000000000284e+00       1.471766720492016962e-02
4.080000000000000071e+00       1.471486024784254831e-02
4.089999999999999858e+00       1.471204378527107663e-02
4.099999999999999645e+00       1.470921790866135115e-02
4.110000000000000320e+00       1.470638271173187357e-02
4.120000000000000107e+00       1.470353829054740942e-02
4.129999999999999893e+00       1.470068474315230737e-02
4.139999999999999680e+00       1.469782216964431523e-02
4.150000000000000355e+00       1.469495067203730430e-02
4.160000000000000142e+00       1.469207035416781638e-02
4.169999999999999929e+00       1.468918132160352240e-02
4.179999999999999716e+00       1.468628368155371414e-02
4.190000000000000391e+00       1.468337754278203552e-02
4.200000000000000178e+00       1.468046301552109779e-02
4.209999999999999964e+00       1.467754021138925266e-02
4.219999999999999751e+00       1.467460924330929797e-02
4.230000000000000426e+00       1.467167022542911585e-02
4.240000000000000213e+00       1.466872327304452779e-02
4.250000000000000000e+00       1.466576850252380645e-02
4.259999999999999787e+00       1.466280603123433848e-02
4.269999999999999574e+00       1.465983597747107237e-02
4.280000000000000249e+00       1.465685846038693001e-02
4.290000000000000036e+00       1.465387359992494608e-02
4.299999999999999822e+00       1.465088151675244567e-02
4.309999999999999609e+00       1.464788233219681095e-02
4.320000000000000284e+00       1.464487616818315255e-02
4.330000000000000071e+00       1.464186314717371741e-02
4.339999999999999858e+00       1.463884339210892727e-02
4.349999999999999645e+00       1.463581702635025940e-02
4.360000000000000320e+00       1.463278417362465569e-02
4.370000000000000107e+00       1.462974495797063693e-02
4.379999999999999893e+00       1.462669950368601299e-02
4.389999999999999680e+00       1.462364793527713702e-02
4.400000000000000355e+00       1.462059037740972602e-02
4.410000000000000142e+00       1.461752695486125651e-02
4.419999999999999929e+00       1.461445779247475159e-02
4.429999999999999716e+00       1.461138301511404405e-02
4.440000000000000391e+00       1.460830274762058706e-02
4.450000000000000178e+00       1.460521711477148765e-02
4.459999999999999964e+00       1.460212624123904609e-02
4.469999999999999751e+00       1.459903025155160142e-02
4.480000000000000426e+00       1.459592927005567281e-02
4.490000000000000213e+00       1.459282342087938472e-02
4.500000000000000000e+00       1.458971282789759023e-02
4.509999999999999787e+00       1.458659761469620168e-02
4.519999999999999574e+00       1.458347790454178443e-02
4.530000000000000249e+00       1.458035382034815128e-02
4.540000000000000036e+00       1.457722548464632055e-02
4.549999999999999822e+00       1.457409301955510904e-02
4.559999999999999609e+00       1.457095654675274674e-02
4.570000000000000284e+00       1.456781618744970239e-02
4.580000000000000071e+00       1.456467206236248570e-02
4.589999999999999858e+00       1.456152429168845047e-02
4.599999999999999645e+00       1.455837299508163339e-02
4.610000000000000320e+00       1.455521829162957290e-02
4.620000000000000107e+00       1.455206029983106657e-02
4.629999999999999893e+00       1.454889913757482708e-02
4.639999999999999680e+00       1.454573492210619462e-02
4.650000000000000355e+00       1.454256777005927433e-02
4.660000000000000142e+00       1.453939779736055857e-02
4.669999999999999929e+00       1.453622511925213058e-02
4.679999999999999716e+00       1.453304985030327498e-02
4.690000000000000391e+00       1.452987210433400594e-02
4.700000000000000178e+00       1.452669199443851027e-02
4.709999999999999964e+00       1.452350963296089939e-02
4.719999999999999751e+00       1.452032513148130560e-02
4.730000000000000426e+00       1.451713860080262007e-02
4.740000000000000213e+00       1.451395015093883550e-02
4.750000000000000000e+00       1.451075989109915781e-02
4.759999999999999787e+00       1.450756792968277073e-02
4.769999999999999574e+00       1.450437437426422768e-02
4.780000000000000249e+00       1.450117933159178127e-02
4.790000000000000036e+00       1.449798290754100195e-02
4.799999999999999822e+00       1.449478520718043562e-02
4.809999999999999609e+00       1.449158633468729078e-02
4.820000000000000284e+00       1.448838639338171502e-02
4.830000000000000071e+00       1.448518548570579441e-02
4.839999999999999858e+00       1.448198371322216224e-02
4.849999999999999645e+00       1.447878117660214049e-02
4.860000000000000320e+00       1.447557797563447414e-02
4.870000000000000107e+00       1.447237420917908864e-02
4.879999999999999893e+00       1.446916997523573119e-02
4.889999999999999680e+00       1.446596537086803670e-02
4.900000000000000355e+00       1.446276049223348820e-02
4.910000000000000142e+00       1.445955543457987102e-02
4.919999999999999929e+00       1.445635029223190510e-02
4.929999999999999716e+00       1.445314515859541862e-02
4.940000000000000391e+00       1.444994012615348142e-02
4.950000000000000178e+00       1.444673528646444119e-02
4.959999999999999964e+00       1.444353073016042301e-02
4.969999999999999751e+00       1.444032654694611499e-02
4.980000000000000426e+00       1.443712282559794259e-02
4.990000000000000213e+00       1.443391965396351347e-02
5.000000000000000000e+00       1.443071711807497604e-02
5.009999999999999787e+00       1.442751530571767873e-02
5.019999999999999574e+00       1.442431430104198879e-02
5.030000000000000249e+00       1.442111418818104590e-02
5.040000000000000036e+00       1.441791505034088934e-02
5.049999999999999822e+00       1.441471696980167576e-02
5.059999999999999609e+00       1.441152002791905827e-02
5.070000000000000284e+00       1.440832430512591772e-02
5.080000000000000071e+00       1.440512988093419107e-02
5.089999999999999858e+00       1.440193683393703981e-02
5.099999999999999645e+00       1.439874524181111552e-02
5.110000000000000320e+00       1.439555518131919488e-02
5.120000000000000107e+00       1.439236672831284772e-02
5.129999999999999893e+00       1.438917995773542936e-02
5.139999999999999680e+00       1.438599494362512339e-02
5.150000000000000355e+00       1.438281175911829482e-02
5.160000000000000142e+00       1.437963047645292661e-02
5.169999999999999929e+00       1.437645116697226950e-02
5.179999999999999716e+00       1.437327390112859600e-02
5.190000000000000391e+00       1.437009874848714334e-02
5.200000000000000178e+00       1.436692577773017974e-02
5.209999999999999964e+00       1.436375505666132903e-02
5.219999999999999751e+00       1.436058665220956744e-02
5.230000000000000426e+00       1.435742063043411558e-02
5.240000000000000213e+00       1.435425705652882203e-02
5.250000000000000000e+00       1.435109599482683150e-02
5.259999999999999787e+00       1.434793750880548023e-02
5.269999999999999574e+00       1.434478166109110810e-02
5.280000000000000249e+00       1.434162851289073025e-02
5.290000000000000036e+00       1.433847772590769558e-02
5.299999999999999822e+00       1.433532903241365071e-02
5.309999999999999609e+00       1.433218251321125188e-02
5.320000000000000284e+00       1.432903824776938194e-02
5.330000000000000071e+00       1.432589631420065276e-02
5.339999999999999858e+00       1.432275678914921718e-02
5.349999999999999645e+00       1.431961974816275095e-02
5.360000000000000320e+00       1.431648526555314924e-02
5.370000000000000107e+00       1.431335336169253618e-02
5.379999999999999893e+00       1.431022338280229199e-02
5.389999999999999680e+00       1.430709519089972542e-02
5.400000000000000355e+00       1.430396888417795158e-02
5.410000000000000142e+00       1.430084455897444665e-02
5.419999999999999929e+00       1.429772230979884512e-02
5.429999999999999716e+00       1.429460222936795519e-02
5.440000000000000391e+00       1.429148440861199507e-02
5.450000000000000178e+00       1.428836893674973775e-02
5.459999999999999964e+00       1.428525590126951579e-02
5.469999999999999751e+00       1.428214538798313303e-02
5.480000000000000426e+00       1.427903748104458227e-02
5.490000000000000213e+00       1.427593226298019650e-02
5.500000000000000000e+00       1.427282981471165654e-02
5.509999999999999787e+00       1.426973021558618909e-02
5.519999999999999574e+00       1.426663354340372038e-02
5.530000000000000249e+00       1.426353987442060406e-02
5.540000000000000036e+00       1.426044928341825557e-02
5.549999999999999822e+00       1.425736184368376833e-02
5.559999999999999609e+00       1.425427762705558203e-02
5.570000000000000284e+00       1.425119670394131739e-02
5.580000000000000071e+00       1.424811914334550393e-02
5.589999999999999858e+00       1.424504501288553944e-02
5.599999999999999645e+00       1.424197437881850707e-02
5.610000000000000320e+00       1.423890730606199896e-02
5.620000000000000107e+00       1.423584385821563721e-02
5.629999999999999893e+00       1.423278409758241617e-02
5.639999999999999680e+00       1.422972808518959027e-02
5.650000000000000355e+00       1.422667588080911254e-02
5.660000000000000142e+00       1.422362754297795163e-02
5.669999999999999929e+00       1.422058312901797010e-02
5.679999999999999716e+00       1.421754269486018643e-02
5.690000000000000391e+00       1.421450629584928606e-02
5.700000000000000178e+00       1.421147398557784207e-02
5.709999999999999964e+00       1.420844581708457371e-02
5.719999999999999751e+00       1.420542184113088822e-02
5.730000000000000426e+00       1.420240210853401276e-02
5.740000000000000213e+00       1.419938666863966928e-02
5.750000000000000000e+00       1.419637556972631193e-02
5.759999999999999787e+00       1.419336885902207183e-02
5.769999999999999574e+00       1.419036658272183199e-02
5.780000000000000249e+00       1.418736878600367242e-02
5.790000000000000036e+00       1.418437551304528588e-02
5.799999999999999822e+00       1.418138680704004659e-02
5.809999999999999609e+00       1.417840271021278062e-02
5.820000000000000284e+00       1.417542326383532288e-02
5.830000000000000071e+00       1.417244850824193880e-02
5.839999999999999858e+00       1.416947848284422044e-02
5.849999999999999645e+00       1.416651322614604497e-02
5.860000000000000320e+00       1.416355277575813247e-02
5.870000000000000107e+00       1.416059716803799717e-02
5.879999999999999893e+00       1.415764643960117607e-02
5.889999999999999680e+00       1.415470062508997380e-02
5.900000000000000355e+00       1.415175975868362621e-02
5.910000000000000142e+00       1.414882387373781608e-02
5.919999999999999929e+00       1.414589300279782413e-02
5.929999999999999716e+00       1.414296717761157063e-02
5.940000000000000391e+00       1.414004642914251306e-02
5.950000000000000178e+00       1.413713078758220554e-02
5.959999999999999964e+00       1.413422028236278709e-02
5.969999999999999751e+00       1.413131494216919928e-02
5.980000000000000426e+00       1.412841479495123044e-02
5.990000000000000213e+00       1.412551986793543490e-02
6.000000000000000000e+00       1.412263018763667763e-02
6.009999999999999787e+00       1.411974577986138853e-02
6.019999999999999574e+00       1.411686666966650329e-02
6.030000000000000249e+00       1.411399288137151452e-02
6.040000000000000036e+00       1.411112443859393988e-02
6.049999999999999822e+00       1.410826136426953509e-02
6.059999999999999609e+00       1.410540368090734166e-02
6.070000000000000284e+00       1.410255140964336747e-02
6.080000000000000071e+00       1.409970457170434815e-02
6.089999999999999858e+00       1.409686318744179240e-02
6.099999999999999645e+00       1.409402727659601548e-02
6.110000000000000320e+00       1.409119685830445036e-02
6.120000000000000107e+00       1.408837195111294939e-02
6.129999999999999893e+00       1.408555257298619787e-02
6.139999999999999680e+00       1.408273874131829063e-02
6.150000000000000355e+00       1.407993047294253154e-02
6.160000000000000142e+00       1.407712778414167004e-02
6.169999999999999929e+00       1.407433069065733462e-02
6.179999999999999716e+00       1.407153920769952347e-02
6.190000000000000391e+00       1.406875334995585057e-02
6.200000000000000178e+00       1.406597313160042571e-02
6.209999999999999964e+00       1.406319856630304337e-02
6.219999999999999751e+00       1.406042966723765504e-02
6.230000000000000426e+00       1.405766644709090935e-02
6.240000000000000213e+00       1.405490891807062957e-02
6.250000000000000000e+00       1.405215709191393915e-02
6.259999999999999787e+00       1.404941097989544432e-02
6.269999999999999574e+00       1.404667059283480623e-02
6.280000000000000249e+00       1.404393593711913794e-02
6.290000000000000036e+00       1.404120699983325664e-02
6.299999999999999822e+00       1.403848378753085741e-02
6.309999999999999609e+00       1.403576631003473560e-02
6.320000000000000284e+00       1.403305457673568145e-02
6.330000000000000071e+00       1.403034859659984396e-02
6.339999999999999858e+00       1.402764837817606532e-02
6.349999999999999645e+00       1.402495392960297418e-02
6.360000000000000320e+00       1.402226525861609632e-02
6.370000000000000107e+00       1.401958237258232702e-02
6.379999999999999893e+00       1.401690527839753557e-02
6.389999999999999680e+00       1.401423398265575111e-02
6.400000000000000355e+00       1.401156849154824337e-02
6.410000000000000142e+00       1.400890881089681891e-02
6.419999999999999929e+00       1.400625494621228484e-02
6.429999999999999716e+00       1.400360690249338388e-02
6.440000000000000391e+00       1.400096468454166757e-02
6.450000000000000178e+00       1.399832829676340637e-02
6.459999999999999964e+00       1.399569774322614348e-02
6.469999999999999751e+00       1.399307302766456679e-02
6.480000000000000426e+00       1.399045415357112569e-02
6.490000000000000213e+00       1.398784112386230669e-02
6.500000000000000000e+00       1.398523394139376125e-02
6.509999999999999787e+00       1.398263260862581299e-02
6.519999999999999574e+00       1.398003712771396338e-02
6.530000000000000249e+00       1.397744750051420869e-02
6.540000000000000036e+00       1.397486372858829269e-02
6.549999999999999822e+00       1.397228581320887446e-02
6.559999999999999609e+00       1.396971375536464402e-02
6.570000000000000284e+00       1.396714755576521950e-02
6.580000000000000071e+00       1.396458721484619692e-02
6.589999999999999858e+00       1.396203273277390848e-02
6.599999999999999645e+00       1.395948410945020875e-02
6.610000000000000320e+00       1.395694134451718436e-02
6.620000000000000107e+00       1.395440443736173375e-02
6.629999999999999893e+00       1.395187338712018145e-02
6.639999999999999680e+00       1.394934819268265659e-02
6.650000000000000355e+00       1.394682885269758754e-02
6.660000000000000142e+00       1.394431536549377813e-02
6.669999999999999929e+00       1.394180772941342079e-02
6.679999999999999716e+00       1.393930594232326188e-02
6.690000000000000391e+00       1.393681000194742399e-02
6.700000000000000178e+00       1.393431990578925493e-02
6.709999999999999964e+00       1.393183565113536790e-02
6.719999999999999751e+00       1.392935723505963133e-02
6.730000000000000426e+00       1.392688465442694715e-02
6.740000000000000213e+00       1.392441790589715039e-02
6.750000000000000000e+00       1.392195698592874585e-02
6.759999999999999787e+00       1.391950189078260125e-02
6.769999999999999574e+00       1.391705261652561622e-02
6.780000000000000249e+00       1.391460915903426632e-02
6.790000000000000036e+00       1.391217151399855995e-02
6.799999999999999822e+00       1.390973967692378868e-02
6.809999999999999609e+00       1.390731364313717126e-02
6.820000000000000284e+00       1.390489340778811381e-02
6.830000000000000071e+00       1.390247896585338101e-02
6.839999999999999858e+00       1.390007031213842496e-02
6.849999999999999645e+00       1.389766744128391115e-02
6.860000000000000320e+00       1.389527034776552074e-02
6.870000000000000107e+00       1.389287902589878693e-02
6.879999999999999893e+00       1.389049346984182545e-02
6.889999999999999680e+00       1.388811367365003907e-02
6.900000000000000355e+00       1.388573963107192499e-02
6.910000000000000142e+00       1.388337133586326454e-02
6.919999999999999929e+00       1.388100878158224881e-02
6.929999999999999716e+00       1.387865196164418842e-02
6.940000000000000391e+00       1.387630086932447986e-02
6.950000000000000178e+00       1.387395549776122491e-02
6.959999999999999964e+00       1.387161583995807565e-02
6.969999999999999751e+00       1.386928188878677401e-02
6.980000000000000426e+00       1.386695363698986320e-02
6.990000000000000213e+00       1.386463107718321174e-02
7.000000000000000000e+00       1.386231420185866405e-02
7.009999999999999787e+00       1.386000300315953261e-02
7.019999999999999574e+00       1.385769747379078654e-02
7.030000000000000249e+00       1.385539760565975692e-02
7.040000000000000036e+00       1.385310339078655618e-02
7.049999999999999822e+00       1.385081482107934116e-02
7.059999999999999609e+00       1.384853188833669313e-02
7.070000000000000284e+00       1.384625458424981748e-02
7.080000000000000071e+00       1.384398290040486298e-02
7.089999999999999858e+00       1.384171682828509546e-02
7.099999999999999645e+00       1.383945635927304359e-02
7.110000000000000320e+00       1.383720148465274365e-02
7.120000000000000107e+00       1.383495219561178650e-02
7.129999999999999893e+00       1.383270848324339754e-02
7.139999999999999680e+00       1.383047033854849055e-02
7.150000000000000355e+00       1.382823775243771647e-02
7.160000000000000142e+00       1.382601071573339238e-02
7.169999999999999929e+00       1.382378921917148951e-02
7.179999999999999716e+00       1.382157325340355701e-02
7.190000000000000391e+00       1.381936280899860245e-02
7.200000000000000178e+00       1.381715787644501210e-02
7.209999999999999964e+00       1.381495844615230131e-02
7.219999999999999751e+00       1.381276450845292207e-02
7.230000000000000426e+00       1.381057605360417120e-02
7.240000000000000213e+00       1.380839307179587867e-02
7.250000000000000000e+00       1.380621555312803311e-02
7.259999999999999787e+00       1.380404348764850166e-02
7.269999999999999574e+00       1.380187686533078210e-02
7.280000000000000249e+00       1.379971567608166694e-02
7.290000000000000036e+00       1.379755990974283059e-02
7.299999999999999822e+00       1.379540955612518910e-02
7.309999999999999609e+00       1.379326460488017672e-02
7.320000000000000284e+00       1.379112504569545566e-02
7.330000000000000071e+00       1.378899086816782159e-02
7.339999999999999858e+00       1.378686206183673928e-02
7.349999999999999645e+00       1.378473861618570093e-02
7.360000000000000320e+00       1.378262052064373362e-02
7.370000000000000107e+00       1.378050776458682354e-02
7.379999999999999893e+00       1.377840033733929159e-02
7.389999999999999680e+00       1.377629822817522109e-02
7.400000000000000355e+00       1.377420142631983341e-02
7.410000000000000142e+00       1.377210992095073000e-02
7.419999999999999929e+00       1.377002370119933920e-02
7.429999999999999716e+00       1.376794275615213226e-02
7.440000000000000391e+00       1.376586707485191047e-02
7.450000000000000178e+00       1.376379664629912014e-02
7.459999999999999964e+00       1.376173145945298534e-02
7.469999999999999751e+00       1.375967150323291650e-02
7.480000000000000426e+00       1.375761676651944196e-02
7.490000000000000213e+00       1.375556723815562002e-02
7.500000000000000000e+00       1.375352290694810929e-02
7.509999999999999787e+00       1.375148376166829625e-02
7.519999999999999574e+00       1.374944979105346098e-02
7.530000000000000249e+00       1.374742098380786481e-02
7.540000000000000036e+00       1.374539732860385194e-02
7.549999999999999822e+00       1.374337881408292661e-02
7.559999999999999609e+00       1.374136542885673849e-02
7.570000000000000284e+00       1.373935716150826748e-02
7.580000000000000071e+00       1.373735400059268585e-02
7.589999999999999858e+00       1.373535593463851533e-02
7.599999999999999645e+00       1.373336295214847881e-02
7.610000000000000320e+00       1.373137504160054992e-02
7.620000000000000107e+00       1.372939219144890186e-02
7.629999999999999893e+00       1.372741439012487366e-02
7.639999999999999680e+00       1.372544162603783757e-02
7.650000000000000355e+00       1.372347388757617394e-02
7.660000000000000142e+00       1.372151116310812123e-02
7.669999999999999929e+00       1.371955344098268852e-02
7.679999999999999716e+00       1.371760070953053148e-02
7.690000000000000391e+00       1.371565295706477818e-02
7.700000000000000178e+00       1.371371017188189635e-02
7.709999999999999964e+00       1.371177234226248799e-02
7.719999999999999751e+00       1.370983945647216706e-02
7.730000000000000426e+00       1.370791150276230372e-02
7.740000000000000213e+00       1.370598846937078931e-02
7.750000000000000000e+00       1.370407034452292977e-02
7.759999999999999787e+00       1.370215711643229042e-02
7.769999999999999574e+00       1.370024877330044445e-02
7.780000000000000249e+00       1.369834530331982131e-02
7.790000000000000036e+00       1.369644669467232068e-02
7.799999999999999822e+00       1.369455293553107841e-02
7.809999999999999609e+00       1.369266401406095228e-02
7.820000000000000284e+00       1.369077991841922450e-02
7.830000000000000071e+00       1.368890063675627482e-02
7.839999999999999858e+00       1.368702615721619116e-02
7.849999999999999645e+00       1.368515646793757624e-02
7.860000000000000320e+00       1.368329155705400556e-02
7.870000000000000107e+00       1.368143141269483748e-02
7.879999999999999893e+00       1.367957602298563828e-02
7.889999999999999680e+00       1.367772537604902000e-02
7.900000000000000355e+00       1.367587946000504463e-02
7.910000000000000142e+00       1.367403826297195445e-02
7.919999999999999929e+00       1.367220177306667332e-02
7.929999999999999716e+00       1.367036997840543819e-02
7.940000000000000391e+00       1.366854286710431077e-02
7.950000000000000178e+00       1.366672042727976565e-02
7.959999999999999964e+00       1.366490264699919341e-02
7.969999999999999751e+00       1.366308951448150580e-02
7.980000000000000426e+00       1.366128101779754377e-02
7.990000000000000213e+00       1.365947714507071732e-02
8.000000000000000000e+00       1.365767788442743234e-02
8.009999999999999787e+00       1.365588322399767345e-02
8.019999999999999574e+00       1.365409315191539949e-02
8.029999999999999361e+00       1.365230765631904319e-02
8.039999999999999147e+00       1.365052672535205930e-02
8.050000000000000711e+00       1.364875034716327845e-02
8.060000000000000497e+00       1.364697850990748487e-02
8.070000000000000284e+00       1.364521120174569911e-02
8.080000000000000071e+00       1.364344841084582857e-02
8.089999999999999858e+00       1.364169012538289649e-02
8.099999999999999645e+00       1.363993633354002900e-02
8.109999999999999432e+00       1.363818702350716450e-02
8.119999999999999218e+00       1.363644218348386214e-02
8.130000000000000782e+00       1.363470180167824890e-02
8.140000000000000568e+00       1.363296586630761281e-02
8.150000000000000355e+00       1.363123436559889566e-02
8.160000000000000142e+00       1.362950728778913531e-02
8.169999999999999929e+00       1.362778462112569644e-02
8.179999999999999716e+00       1.362606635386671289e-02
8.189999999999999503e+00       1.362435247428148491e-02
8.199999999999999289e+00       1.362264297065074112e-02
8.210000000000000853e+00       1.362093783126708604e-02
8.220000000000000639e+00       1.361923704443527422e-02
8.230000000000000426e+00       1.361754059847254152e-02
8.240000000000000213e+00       1.361584848170893300e-02
8.250000000000000000e+00       1.361416068248772100e-02
8.259999999999999787e+00       1.361247718921206745e-02
8.269999999999999574e+00       1.361079799015925754e-02
8.279999999999999361e+00       1.360912307376055223e-02
8.289999999999999147e+00       1.360745242841481482e-02
8.300000000000000711e+00       1.360578604253565374e-02
8.310000000000000497e+00       1.360412390455158910e-02
8.320000000000000284e+00       1.360246600290643086e-02
8.330000000000000071e+00       1.360081232605941937e-02
8.339999999999999858e+00       1.359916286248564338e-02
8.349999999999999645e+00       1.359751760067622224e-02
8.359999999999999432e+00       1.359587652913855395e-02
8.369999999999999218e+00       1.359423963639662565e-02
8.380000000000000782e+00       1.359260691099119234e-02
8.390000000000000568e+00       1.359097834148009776e-02
8.400000000000000355e+00       1.358935391643848606e-02
8.410000000000000142e+00       1.358773362445897005e-02
8.419999999999999929e+00       1.358611745415194173e-02
8.429999999999999716e+00       1.358450539414581687e-02
8.439999999999999503e+00       1.358289743308713909e-02
8.449999999999999289e+00       1.358129355964092337e-02
8.460000000000000853e+00       1.357969376249078611e-02
8.470000000000000639e+00       1.357809803033917240e-02
8.480000000000000426e+00       1.357650635190753990e-02
8.490000000000000213e+00       1.357491871593662774e-02
8.500000000000000000e+00       1.357333511118656404e-02
8.509999999999999787e+00       1.357175552643710356e-02
8.519999999999999574e+00       1.357017995048779083e-02
8.529999999999999361e+00       1.356860837215816823e-02
8.539999999999999147e+00       1.356704078028789923e-02
8.550000000000000711e+00       1.356547716373702681e-02
8.560000000000000497e+00       1.356391751138603420e-02
8.570000000000000284e+00       1.356236181213613286e-02
8.580000000000000071e+00       1.356081005490930753e-02
8.589999999999999858e+00       1.355926222864854876e-02
8.599999999999999645e+00       1.355771832231798986e-02
8.609999999999999432e+00       1.355617832490304056e-02
8.619999999999999218e+00       1.355464222541057258e-02
8.630000000000000782e+00       1.355311001286896820e-02
8.640000000000000568e+00       1.355158167632838917e-02
8.650000000000000355e+00       1.355005720486084433e-02
8.660000000000000142e+00       1.354853658756030241e-02
8.669999999999999929e+00       1.354701981354285330e-02
8.679999999999999716e+00       1.354550687194688678e-02
8.689999999999999503e+00       1.354399775193306302e-02
8.699999999999999289e+00       1.354249244268458316e-02
8.710000000000000853e+00       1.354099093340721018e-02
8.720000000000000639e+00       1.353949321332949263e-02
8.730000000000000426e+00       1.353799927170268660e-02
8.740000000000000213e+00       1.353650909780105410e-02
8.750000000000000000e+00       1.353502268092180924e-02
8.759999999999999787e+00       1.353354001038528306e-02
8.769999999999999574e+00       1.353206107553497906e-02
8.779999999999999361e+00       1.353058586573760609e-02
8.789999999999999147e+00       1.352911437038311487e-02
8.800000000000000711e+00       1.352764657888459211e-02
8.810000000000000497e+00       1.352618248067801419e-02
8.820000000000000284e+00       1.352472206522154462e-02
8.830000000000000071e+00       1.352326532199333090e-02
8.839999999999999858e+00       1.352181224048396718e-02
8.849999999999999645e+00       1.352036281015747514e-02
8.859999999999999432e+00       1.351891701989909982e-02
8.869999999999999218e+00       1.351747486358437743e-02
8.880000000000000782e+00       1.351603632396536185e-02
8.890000000000000568e+00       1.351460139460711543e-02
8.900000000000000355e+00       1.351317006465333793e-02
8.910000000000000142e+00       1.351174232372142139e-02
8.919999999999999929e+00       1.351031816149700707e-02
8.929999999999999716e+00       1.350889756770069262e-02
8.939999999999999503e+00       1.350748053208112448e-02
8.949999999999999289e+00       1.350606704441290919e-02
8.960000000000000853e+00       1.350465709449603403e-02
8.970000000000000639e+00       1.350325067215560164e-02
8.980000000000000426e+00       1.350184776724158014e-02
8.990000000000000213e+00       1.350044836962897496e-02
9.000000000000000000e+00       1.349905246921764661e-02
9.009999999999999787e+00       1.349766005567323672e-02
9.019999999999999574e+00       1.349627111680767703e-02
9.029999999999999361e+00       1.349488563858212108e-02
9.039999999999999147e+00       1.349350360584630065e-02
9.050000000000000711e+00       1.349212500261851543e-02
9.060000000000000497e+00       1.349074981224687025e-02
9.070000000000000284e+00       1.348937801752461696e-02
9.080000000000000071e+00       1.348800960075792477e-02
9.089999999999999858e+00       1.348664454385593327e-02
9.099999999999999645e+00       1.348528282835929036e-02
9.109999999999999432e+00       1.348392443550678992e-02
9.119999999999999218e+00       1.348256934626696976e-02
9.130000000000000782e+00       1.348121754136140729e-02
9.140000000000000568e+00       1.347986900131327263e-02
9.150000000000000355e+00       1.347852370646259422e-02
9.160000000000000142e+00       1.347718163699286771e-02
9.169999999999999929e+00       1.347584277295282504e-02
9.179999999999999716e+00       1.347450709428108309e-02
9.189999999999999503e+00       1.347317458080498145e-02
9.199999999999999289e+00       1.347184521228435641e-02
9.210000000000000853e+00       1.347051896840930664e-02
9.220000000000000639e+00       1.346919582881825860e-02
9.230000000000000426e+00       1.346787577311087808e-02
9.240000000000000213e+00       1.346655878085903021e-02
9.250000000000000000e+00       1.346524483162829175e-02
9.259999999999999787e+00       1.346393390495753163e-02
9.269999999999999574e+00       1.346262598040845818e-02
9.279999999999999361e+00       1.346132103755040554e-02
9.289999999999999147e+00       1.346001905597425316e-02
9.300000000000000711e+00       1.345872001530044708e-02
9.310000000000000497e+00       1.345742389518609500e-02
9.320000000000000284e+00       1.345613067533210465e-02
9.330000000000000071e+00       1.345484033548937503e-02
9.339999999999999858e+00       1.345355285547291009e-02
9.349999999999999645e+00       1.345226821513659764e-02
9.359999999999999432e+00       1.345098639442356483e-02
9.369999999999999218e+00       1.344970737334195976e-02
9.380000000000000782e+00       1.344843113198698238e-02
9.390000000000000568e+00       1.344715765050406332e-02
9.400000000000000355e+00       1.344588690915483539e-02
9.410000000000000142e+00       1.344461888827983703e-02
9.419999999999999929e+00       1.344335356831235020e-02
9.429999999999999716e+00       1.344209092978182474e-02
9.439999999999999503e+00       1.344083095331707195e-02
9.449999999999999289e+00       1.343957361964926746e-02
9.460000000000000853e+00       1.343831890961473194e-02
9.470000000000000639e+00       1.343706680415747076e-02
9.480000000000000426e+00       1.343581728433175873e-02
9.490000000000000213e+00       1.343457033130433451e-02
9.500000000000000000e+00       1.343332592635643370e-02
9.509999999999999787e+00       1.343208405088595209e-02
9.519999999999999574e+00       1.343084468640904500e-02
9.529999999999999361e+00       1.342960781456207717e-02
9.539999999999999147e+00       1.342837341710286306e-02
9.550000000000000711e+00       1.342714147591233913e-02
9.560000000000000497e+00       1.342591197299551273e-02
9.570000000000000284e+00       1.342468489048256192e-02
9.580000000000000071e+00       1.342346021062926047e-02
9.589999999999999858e+00       1.342223791581635510e-02
9.599999999999999645e+00       1.342101798854536052e-02
9.609999999999999432e+00       1.341980041183947481e-02
9.619999999999999218e+00       1.341858516784632215e-02
9.630000000000000782e+00       1.341737223975220800e-02
9.640000000000000568e+00       1.341616161059637664e-02
9.650000000000000355e+00       1.341495326355052371e-02
9.660000000000000142e+00       1.341374718219915524e-02
9.669999999999999929e+00       1.341254334935086320e-02
9.679999999999999716e+00       1.341134174895416628e-02
9.689999999999999503e+00       1.341014236470073999e-02
9.699999999999999289e+00       1.340894518042436666e-02
9.710000000000000853e+00       1.340775018009605565e-02
9.720000000000000639e+00       1.340655734782251161e-02
9.730000000000000426e+00       1.340536666784578231e-02
9.740000000000000213e+00       1.340417812454272085e-02
9.750000000000000000e+00       1.340299170242490248e-02
9.759999999999999787e+00       1.340180738613845797e-02
9.769999999999999574e+00       1.340062516046395917e-02
9.779999999999999361e+00       1.339944501031615186e-02
9.789999999999999147e+00       1.339826692074376317e-02
9.800000000000000711e+00       1.339709087692935244e-02
9.810000000000000497e+00       1.339591686418891217e-02
9.820000000000000284e+00       1.339474486797162002e-02
9.830000000000000071e+00       1.339357487385957335e-02
9.839999999999999858e+00       1.339240686756729311e-02
9.849999999999999645e+00       1.339124083494135607e-02
9.859999999999999432e+00       1.339007676196005830e-02
9.869999999999999218e+00       1.338891463473297801e-02
9.880000000000000782e+00       1.338775443950035449e-02
9.890000000000000568e+00       1.338659616263277244e-02
9.900000000000000355e+00       1.338543979063050796e-02
9.910000000000000142e+00       1.338428531012312260e-02
9.919999999999999929e+00       1.338313270786881636e-02
9.929999999999999716e+00       1.338198197075377363e-02
9.939999999999999503e+00       1.338083308579179377e-02
9.949999999999999289e+00       1.337968604012352083e-02
9.960000000000000853e+00       1.337854082101580869e-02
9.970000000000000639e+00       1.337739741586113119e-02
9.980000000000000426e+00       1.337625581217695599e-02
9.990000000000000213e+00       1.337511599760489271e-02
