1.000000000000000021e-02       0.000000000000000000e+00
2.000000000000000042e-02       0.000000000000000000e+00
2.999999999999999889e-02       0.000000000000000000e+00
4.000000000000000083e-02       0.000000000000000000e+00
5.000000000000000278e-02       0.000000000000000000e+00
5.999999999999999778e-02       0.000000000000000000e+00
7.000000000000000666e-02       0.000000000000000000e+00
8.000000000000000167e-02       0.000000000000000000e+00
8.999999999999999667e-02       0.000000000000000000e+00
1.000000000000000056e-01       0.000000000000000000e+00
1.100000000000000006e-01       0.000000000000000000e+00
1.199999999999999956e-01       0.000000000000000000e+00
1.300000000000000044e-01       0.000000000000000000e+00
1.400000000000000133e-01       0.000000000000000000e+00
1.499999999999999944e-01       0.000000000000000000e+00
1.600000000000000033e-01       0.000000000000000000e+00
1.700000000000000122e-01       0.000000000000000000e+00
1.799999999999999933e-01       0.000000000000000000e+00
1.900000000000000022e-01       0.000000000000000000e+00
2.000000000000000111e-01       0.000000000000000000e+00
2.099999999999999922e-01       0.000000000000000000e+00
2.200000000000000011e-01       0.000000000000000000e+00
2.300000000000000100e-01       0.000000000000000000e+00
2.399999999999999911e-01       0.000000000000000000e+00
2.500000000000000000e-01       0.000000000000000000e+00
2.600000000000000089e-01       0.000000000000000000e+00
2.700000000000000178e-01       0.000000000000000000e+00
2.800000000000000266e-01       0.000000000000000000e+00
2.899999999999999800e-01       0.000000000000000000e+00
2.999999999999999889e-01       0.000000000000000000e+00
3.099999999999999978e-01       0.000000000000000000e+00
3.200000000000000067e-01       0.000000000000000000e+00
3.300000000000000155e-01       0.000000000000000000e+00
3.400000000000000244e-01       0.000000000000000000e+00
3.499999999999999778e-01       0.000000000000000000e+00
3.599999999999999867e-01       0.000000000000000000e+00
3.699999999999999956e-01       0.000000000000000000e+00
3.800000000000000044e-01       0.000000000000000000e+00
3.900000000000000133e-01       0.000000000000000000e+00
4.000000000000000222e-01       0.000000000000000000e+00
4.099999999999999756e-01       0.000000000000000000e+00
4.199999999999999845e-01       0.000000000000000000e+00
4.299999999999999933e-01       0.000000000000000000e+00
4.400000000000000022e-01       0.000000000000000000e+00
4.500000000000000111e-01       0.000000000000000000e+00
4.600000000000000200e-01       0.000000000000000000e+00
4.699999999999999734e-01       0.000000000000000000e+00
4.799999999999999822e-01       0.000000000000000000e+00
4.899999999999999911e-01       0.000000000000000000e+00
5.000000000000000000e-01       0.000000000000000000e+00
5.100000000000000089e-01       0.000000000000000000e+00
5.200000000000000178e-01       0.000000000000000000e+00
5.300000000000000266e-01       0.000000000000000000e+00
5.400000000000000355e-01       0.000000000000000000e+00
5.500000000000000444e-01       0.000000000000000000e+00
5.600000000000000533e-01       0.000000000000000000e+00
5.699999999999999512e-01       0.000000000000000000e+00
5.799999999999999600e-01       0.000000000000000000e+00
5.899999999999999689e-01       0.000000000000000000e+00
5.999999999999999778e-01       0.000000000000000000e+00
6.099999999999999867e-01       0.000000000000000000e+00
6.199999999999999956e-01       0.000000000000000000e+00
6.300000000000000044e-01       0.000000000000000000e+00
6.400000000000000133e-01       0.000000000000000000e+00
6.500000000000000222e-01       0.000000000000000000e+00
6.600000000000000311e-01       0.000000000000000000e+00
6.700000000000000400e-01       0.000000000000000000e+00
6.800000000000000488e-01       0.000000000000000000e+00
6.899999999999999467e-01       0.000000000000000000e+00
6.999999999999999556e-01       0.000000000000000000e+00
7.099999999999999645e-01       0.000000000000000000e+00
7.199999999999999734e-01       0.000000000000000000e+00
7.299999999999999822e-01       0.000000000000000000e+00
7.399999999999999911e-01       0.000000000000000000e+00
7.500000000000000000e-01       0.000000000000000000e+00
7.600000000000000089e-01       0.000000000000000000e+00
7.700000000000000178e-01       0.000000000000000000e+00
7.800000000000000266e-01       0.000000000000000000e+00
7.900000000000000355e-01       0.000000000000000000e+00
8.000000000000000444e-01       0.000000000000000000e+00
8.100000000000000533e-01       0.000000000000000000e+00
8.199999999999999512e-01       0.000000000000000000e+00
8.299999999999999600e-01       0.000000000000000000e+00
8.399999999999999689e-01       0.000000000000000000e+00
8.499999999999999778e-01       0.000000000000000000e+00
8.599999999999999867e-01       0.000000000000000000e+00
8.699999999999999956e-01       0.000000000000000000e+00
8.800000000000000044e-01       0.000000000000000000e+00
8.900000000000000133e-01       0.000000000000000000e+00
9.000000000000000222e-01       0.000000000000000000e+00
9.100000000000000311e-01       0.000000000000000000e+00
9.200000000000000400e-01       0.000000000000000000e+00
9.300000000000000488e-01       0.000000000000000000e+00
9.399999999999999467e-01       0.000000000000000000e+00
9.499999999999999556e-01       0.000000000000000000e+00
9.599999999999999645e-01       0.000000000000000000e+00
9.699999999999999734e-01       0.000000000000000000e+00
9.799999999999999822e-01       0.000000000000000000e+00
9.899999999999999911e-01       0.000000000000000000e+00
1.000000000000000000e+00       0.000000000000000000e+00
1.010000000000000009e+00       0.000000000000000000e+00
1.020000000000000018e+00       0.000000000000000000e+00
1.030000000000000027e+00       0.000000000000000000e+00
1.040000000000000036e+00       0.000000000000000000e+00
1.050000000000000044e+00       0.000000000000000000e+00
1.060000000000000053e+00       0.000000000000000000e+00
1.070000000000000062e+00       0.000000000000000000e+00
1.080000000000000071e+00       0.000000000000000000e+00
1.090000000000000080e+00       0.000000000000000000e+00
1.100000000000000089e+00       0.000000000000000000e+00
1.110000000000000098e+00       0.000000000000000000e+00
1.120000000000000107e+00       0.000000000000000000e+00
1.129999999999999893e+00       0.000000000000000000e+00
1.139999999999999902e+00       0.000000000000000000e+00
1.149999999999999911e+00       0.000000000000000000e+00
1.159999999999999920e+00       0.000000000000000000e+00
1.169999999999999929e+00       0.000000000000000000e+00
1.179999999999999938e+00       0.000000000000000000e+00
1.189999999999999947e+00       0.000000000000000000e+00
1.199999999999999956e+00       0.000000000000000000e+00
1.209999999999999964e+00       0.000000000000000000e+00
1.219999999999999973e+00       0.000000000000000000e+00
1.229999999999999982e+00       0.000000000000000000e+00
1.239999999999999991e+00       0.000000000000000000e+00
1.250000000000000000e+00       0.000000000000000000e+00
1.260000000000000009e+00       0.000000000000000000e+00
1.270000000000000018e+00       0.000000000000000000e+00
1.280000000000000027e+00       0.000000000000000000e+00
1.290000000000000036e+00       0.000000000000000000e+00
1.300000000000000044e+00       0.000000000000000000e+00
1.310000000000000053e+00       0.000000000000000000e+00
1.320000000000000062e+00       0.000000000000000000e+00
1.330000000000000071e+00       0.000000000000000000e+00
1.340000000000000080e+00       0.000000000000000000e+00
1.350000000000000089e+00       0.000000000000000000e+00
1.360000000000000098e+00       0.000000000000000000e+00
1.370000000000000107e+00       0.000000000000000000e+00
1.379999999999999893e+00       0.000000000000000000e+00
1.389999999999999902e+00       0.000000000000000000e+00
1.399999999999999911e+00       0.000000000000000000e+00
1.409999999999999920e+00       0.000000000000000000e+00
1.419999999999999929e+00       0.000000000000000000e+00
1.429999999999999938e+00       0.000000000000000000e+00
1.439999999999999947e+00       0.000000000000000000e+00
1.449999999999999956e+00       0.000000000000000000e+00
1.459999999999999964e+00       0.000000000000000000e+00
1.469999999999999973e+00       0.000000000000000000e+00
1.479999999999999982e+00       0.000000000000000000e+00
1.489999999999999991e+00       0.000000000000000000e+00
1.500000000000000000e+00       0.000000000000000000e+00
1.510000000000000009e+00       0.000000000000000000e+00
1.520000000000000018e+00       0.000000000000000000e+00
1.530000000000000027e+00       0.000000000000000000e+00
1.540000000000000036e+00       0.000000000000000000e+00
1.550000000000000044e+00       0.000000000000000000e+00
1.560000000000000053e+00       0.000000000000000000e+00
1.570000000000000062e+00       0.000000000000000000e+00
1.580000000000000071e+00       0.000000000000000000e+00
1.590000000000000080e+00       0.000000000000000000e+00
1.600000000000000089e+00       0.000000000000000000e+00
1.610000000000000098e+00       0.000000000000000000e+00
1.620000000000000107e+00       0.000000000000000000e+00
1.629999999999999893e+00       0.000000000000000000e+00
1.639999999999999902e+00       0.000000000000000000e+00
1.649999999999999911e+00       0.000000000000000000e+00
1.659999999999999920e+00       0.000000000000000000e+00
1.669999999999999929e+00       0.000000000000000000e+00
1.679999999999999938e+00       0.000000000000000000e+00
1.689999999999999947e+00       0.000000000000000000e+00
1.699999999999999956e+00       0.000000000000000000e+00
1.709999999999999964e+00       0.000000000000000000e+00
1.719999999999999973e+00       0.000000000000000000e+00
1.729999999999999982e+00       0.000000000000000000e+00
1.739999999999999991e+00       0.000000000000000000e+00
1.750000000000000000e+00       0.000000000000000000e+00
1.760000000000000009e+00       0.000000000000000000e+00
1.770000000000000018e+00       0.000000000000000000e+00
1.780000000000000027e+00       0.000000000000000000e+00
1.790000000000000036e+00       0.000000000000000000e+00
1.800000000000000044e+00       0.000000000000000000e+00
1.810000000000000053e+00       0.000000000000000000e+00
1.820000000000000062e+00       0.000000000000000000e+00
1.830000000000000071e+00       0.000000000000000000e+00
1.840000000000000080e+00       0.000000000000000000e+00
1.850000000000000089e+00       0.000000000000000000e+00
1.860000000000000098e+00       0.000000000000000000e+00
1.870000000000000107e+00       0.000000000000000000e+00
1.879999999999999893e+00       0.000000000000000000e+00
1.889999999999999902e+00       0.000000000000000000e+00
1.899999999999999911e+00       0.000000000000000000e+00
1.909999999999999920e+00       0.000000000000000000e+00
1.919999999999999929e+00       0.000000000000000000e+00
1.929999999999999938e+00       0.000000000000000000e+00
1.939999999999999947e+00       0.000000000000000000e+00
1.949999999999999956e+00       0.000000000000000000e+00
1.959999999999999964e+00       0.000000000000000000e+00
1.969999999999999973e+00       0.000000000000000000e+00
1.979999999999999982e+00       0.000000000000000000e+00
1.989999999999999991e+00       0.000000000000000000e+00
2.000000000000000000e+00       0.000000000000000000e+00
2.009999999999999787e+00       0.000000000000000000e+00
2.020000000000000018e+00       0.000000000000000000e+00
2.029999999999999805e+00       0.000000000000000000e+00
2.040000000000000036e+00       0.000000000000000000e+00
2.049999999999999822e+00       0.000000000000000000e+00
2.060000000000000053e+00       0.000000000000000000e+00
2.069999999999999840e+00       0.000000000000000000e+00
2.080000000000000071e+00       0.000000000000000000e+00
2.089999999999999858e+00       0.000000000000000000e+00
2.100000000000000089e+00       0.000000000000000000e+00
2.109999999999999876e+00       0.000000000000000000e+00
2.120000000000000107e+00       0.000000000000000000e+00
2.129999999999999893e+00       0.000000000000000000e+00
2.140000000000000124e+00       0.000000000000000000e+00
2.149999999999999911e+00       0.000000000000000000e+00
2.160000000000000142e+00       0.000000000000000000e+00
2.169999999999999929e+00       0.000000000000000000e+00
2.180000000000000160e+00       0.000000000000000000e+00
2.189999999999999947e+00       0.000000000000000000e+00
2.200000000000000178e+00       0.000000000000000000e+00
2.209999999999999964e+00       0.000000000000000000e+00
2.220000000000000195e+00       0.000000000000000000e+00
2.229999999999999982e+00       0.000000000000000000e+00
2.240000000000000213e+00       0.000000000000000000e+00
2.250000000000000000e+00       0.000000000000000000e+00
2.259999999999999787e+00       0.000000000000000000e+00
2.270000000000000018e+00       0.000000000000000000e+00
2.279999999999999805e+00       0.000000000000000000e+00
2.290000000000000036e+00       0.000000000000000000e+00
2.299999999999999822e+00       0.000000000000000000e+00
2.310000000000000053e+00       0.000000000000000000e+00
2.319999999999999840e+00       0.000000000000000000e+00
2.330000000000000071e+00       0.000000000000000000e+00
2.339999999999999858e+00       0.000000000000000000e+00
2.350000000000000089e+00       0.000000000000000000e+00
2.359999999999999876e+00       0.000000000000000000e+00
2.370000000000000107e+00       0.000000000000000000e+00
2.379999999999999893e+00       0.000000000000000000e+00
2.390000000000000124e+00       0.000000000000000000e+00
2.399999999999999911e+00       0.000000000000000000e+00
2.410000000000000142e+00       0.000000000000000000e+00
2.419999999999999929e+00       0.000000000000000000e+00
2.430000000000000160e+00       0.000000000000000000e+00
2.439999999999999947e+00       0.000000000000000000e+00
2.450000000000000178e+00       0.000000000000000000e+00
2.459999999999999964e+00       0.000000000000000000e+00
2.470000000000000195e+00       0.000000000000000000e+00
2.479999999999999982e+00       0.000000000000000000e+00
2.490000000000000213e+00       0.000000000000000000e+00
2.500000000000000000e+00       0.000000000000000000e+00
2.509999999999999787e+00       0.000000000000000000e+00
2.520000000000000018e+00       0.000000000000000000e+00
2.529999999999999805e+00       0.000000000000000000e+00
2.540000000000000036e+00       0.000000000000000000e+00
2.549999999999999822e+00       0.000000000000000000e+00
2.560000000000000053e+00       0.000000000000000000e+00
2.569999999999999840e+00       0.000000000000000000e+00
2.580000000000000071e+00       0.000000000000000000e+00
2.589999999999999858e+00       0.000000000000000000e+00
2.600000000000000089e+00       0.000000000000000000e+00
2.609999999999999876e+00       0.000000000000000000e+00
2.620000000000000107e+00       0.000000000000000000e+00
2.629999999999999893e+00       0.000000000000000000e+00
2.640000000000000124e+00       0.000000000000000000e+00
2.649999999999999911e+00       0.000000000000000000e+00
2.660000000000000142e+00       0.000000000000000000e+00
2.669999999999999929e+00       0.000000000000000000e+00
2.680000000000000160e+00       0.000000000000000000e+00
2.689999999999999947e+00       0.000000000000000000e+00
2.700000000000000178e+00       0.000000000000000000e+00
2.709999999999999964e+00       0.000000000000000000e+00
2.720000000000000195e+00       0.000000000000000000e+00
2.729999999999999982e+00       0.000000000000000000e+00
2.740000000000000213e+00       0.000000000000000000e+00
2.750000000000000000e+00       0.000000000000000000e+00
2.759999999999999787e+00       0.000000000000000000e+00
2.770000000000000018e+00       0.000000000000000000e+00
2.779999999999999805e+00       0.000000000000000000e+00
2.790000000000000036e+00       0.000000000000000000e+00
2.799999999999999822e+00       0.000000000000000000e+00
2.810000000000000053e+00       0.000000000000000000e+00
2.819999999999999840e+00       0.000000000000000000e+00
2.830000000000000071e+00       0.000000000000000000e+00
2.839999999999999858e+00       0.000000000000000000e+00
2.850000000000000089e+00       0.000000000000000000e+00
2.859999999999999876e+00       0.000000000000000000e+00
2.870000000000000107e+00       0.000000000000000000e+00
2.879999999999999893e+00       0.000000000000000000e+00
2.890000000000000124e+00       0.000000000000000000e+00
2.899999999999999911e+00       0.000000000000000000e+00
2.910000000000000142e+00       0.000000000000000000e+00
2.919999999999999929e+00       0.000000000000000000e+00
2.930000000000000160e+00       0.000000000000000000e+00
2.939999999999999947e+00       0.000000000000000000e+00
2.950000000000000178e+00       0.000000000000000000e+00
2.959999999999999964e+00       0.000000000000000000e+00
2.970000000000000195e+00       0.000000000000000000e+00
2.979999999999999982e+00       0.000000000000000000e+00
2.990000000000000213e+00       0.000000000000000000e+00
3.000000000000000000e+00       0.000000000000000000e+00
3.009999999999999787e+00       0.000000000000000000e+00
3.020000000000000018e+00       0.000000000000000000e+00
3.029999999999999805e+00       0.000000000000000000e+00
3.040000000000000036e+00       0.000000000000000000e+00
3.049999999999999822e+00       0.000000000000000000e+00
3.060000000000000053e+00       0.000000000000000000e+00
3.069999999999999840e+00       0.000000000000000000e+00
3.080000000000000071e+00       0.000000000000000000e+00
3.089999999999999858e+00       0.000000000000000000e+00
3.100000000000000089e+00       0.000000000000000000e+00
3.109999999999999876e+00       0.000000000000000000e+00
3.120000000000000107e+00       0.000000000000000000e+00
3.129999999999999893e+00       0.000000000000000000e+00
3.140000000000000124e+00       0.000000000000000000e+00
3.149999999999999911e+00       0.000000000000000000e+00
3.160000000000000142e+00       0.000000000000000000e+00
3.169999999999999929e+00       0.000000000000000000e+00
3.180000000000000160e+00       0.000000000000000000e+00
3.189999999999999947e+00       0.000000000000000000e+00
3.200000000000000178e+00       0.000000000000000000e+00
3.209999999999999964e+00       0.000000000000000000e+00
3.220000000000000195e+00       0.000000000000000000e+00
3.229999999999999982e+00       0.000000000000000000e+00
3.240000000000000213e+00       0.000000000000000000e+00
3.250000000000000000e+00       0.000000000000000000e+00
3.259999999999999787e+00       0.000000000000000000e+00
3.270000000000000018e+00       0.000000000000000000e+00
3.279999999999999805e+00       0.000000000000000000e+00
3.290000000000000036e+00       0.000000000000000000e+00
3.299999999999999822e+00       0.000000000000000000e+00
3.310000000000000053e+00       0.000000000000000000e+00
3.319999999999999840e+00       0.000000000000000000e+00
3.330000000000000071e+00       0.000000000000000000e+00
3.339999999999999858e+00       0.000000000000000000e+00
3.350000000000000089e+00       0.000000000000000000e+00
3.359999999999999876e+00       0.000000000000000000e+00
3.370000000000000107e+00       0.000000000000000000e+00
3.379999999999999893e+00       0.000000000000000000e+00
3.390000000000000124e+00       0.000000000000000000e+00
3.399999999999999911e+00       0.000000000000000000e+00
3.410000000000000142e+00       0.000000000000000000e+00
3.419999999999999929e+00       0.000000000000000000e+00
3.430000000000000160e+00       0.000000000000000000e+00
3.439999999999999947e+00       0.000000000000000000e+00
3.450000000000000178e+00       0.000000000000000000e+00
3.459999999999999964e+00       0.000000000000000000e+00
3.470000000000000195e+00       0.000000000000000000e+00
3.479999999999999982e+00       0.000000000000000000e+00
3.490000000000000213e+00       0.000000000000000000e+00
3.500000000000000000e+00       0.000000000000000000e+00
3.509999999999999787e+00       0.000000000000000000e+00
3.520000000000000018e+00       0.000000000000000000e+00
3.529999999999999805e+00       0.000000000000000000e+00
3.540000000000000036e+00       0.000000000000000000e+00
3.549999999999999822e+00       0.000000000000000000e+00
3.560000000000000053e+00       0.000000000000000000e+00
3.569999999999999840e+00       0.000000000000000000e+00
3.580000000000000071e+00       0.000000000000000000e+00
3.589999999999999858e+00       0.000000000000000000e+00
3.600000000000000089e+00       0.000000000000000000e+00
3.609999999999999876e+00       0.000000000000000000e+00
3.620000000000000107e+00       0.000000000000000000e+00
3.629999999999999893e+00       0.000000000000000000e+00
3.640000000000000124e+00       0.000000000000000000e+00
3.649999999999999911e+00       0.000000000000000000e+00
3.660000000000000142e+00       0.000000000000000000e+00
3.669999999999999929e+00       0.000000000000000000e+00
3.680000000000000160e+00       0.000000000000000000e+00
3.689999999999999947e+00       0.000000000000000000e+00
3.700000000000000178e+00       0.000000000000000000e+00
3.709999999999999964e+00       0.000000000000000000e+00
3.720000000000000195e+00       0.000000000000000000e+00
3.729999999999999982e+00       0.000000000000000000e+00
3.740000000000000213e+00       0.000000000000000000e+00
3.750000000000000000e+00       0.000000000000000000e+00
3.759999999999999787e+00       0.000000000000000000e+00
3.770000000000000018e+00       0.000000000000000000e+00
3.779999999999999805e+00       0.000000000000000000e+00
3.790000000000000036e+00       0.000000000000000000e+00
3.799999999999999822e+00       0.000000000000000000e+00
3.810000000000000053e+00       0.000000000000000000e+00
3.819999999999999840e+00       0.000000000000000000e+00
3.830000000000000071e+00       0.000000000000000000e+00
3.839999999999999858e+00       0.000000000000000000e+00
3.850000000000000089e+00       0.000000000000000000e+00
3.859999999999999876e+00       0.000000000000000000e+00
3.870000000000000107e+00       0.000000000000000000e+00
3.879999999999999893e+00       0.000000000000000000e+00
3.890000000000000124e+00       0.000000000000000000e+00
3.899999999999999911e+00       0.000000000000000000e+00
3.910000000000000142e+00       0.000000000000000000e+00
3.919999999999999929e+00       0.000000000000000000e+00
3.930000000000000160e+00       0.000000000000000000e+00
3.939999999999999947e+00       0.000000000000000000e+00
3.950000000000000178e+00       0.000000000000000000e+00
3.959999999999999964e+00       0.000000000000000000e+00
3.970000000000000195e+00       0.000000000000000000e+00
3.979999999999999982e+00       0.000000000000000000e+00
3.990000000000000213e+00       0.000000000000000000e+00
4.000000000000000000e+00       0.000000000000000000e+00
4.009999999999999787e+00       0.000000000000000000e+00
4.019999999999999574e+00       0.000000000000000000e+00
4.030000000000000249e+00       0.000000000000000000e+00
4.040000000000000036e+00       0.000000000000000000e+00
4.049999999999999822e+00       0.000000000000000000e+00
4.059999999999999609e+00       0.000000000000000000e+00
4.070000000000000284e+00       0.000000000000000000e+00
4.080000000000000071e+00       0.000000000000000000e+00
4.089999999999999858e+00       0.000000000000000000e+00
4.099999999999999645e+00       0.000000000000000000e+00
4.110000000000000320e+00       0.000000000000000000e+00
4.120000000000000107e+00       0.000000000000000000e+00
4.129999999999999893e+00       0.000000000000000000e+00
4.139999999999999680e+00       0.000000000000000000e+00
4.150000000000000355e+00       0.000000000000000000e+00
4.160000000000000142e+00       0.000000000000000000e+00
4.169999999999999929e+00       0.000000000000000000e+00
4.179999999999999716e+00       0.000000000000000000e+00
4.190000000000000391e+00       0.000000000000000000e+00
4.200000000000000178e+00       0.000000000000000000e+00
4.209999999999999964e+00       0.000000000000000000e+00
4.219999999999999751e+00       0.000000000000000000e+00
4.230000000000000426e+00       0.000000000000000000e+00
4.240000000000000213e+00       0.000000000000000000e+00
4.250000000000000000e+00       0.000000000000000000e+00
4.259999999999999787e+00       0.000000000000000000e+00
4.269999999999999574e+00       0.000000000000000000e+00
4.280000000000000249e+00       0.000000000000000000e+00
4.290000000000000036e+00       0.000000000000000000e+00
4.299999999999999822e+00       0.000000000000000000e+00
4.309999999999999609e+00       0.000000000000000000e+00
4.320000000000000284e+00       0.000000000000000000e+00
4.330000000000000071e+00       0.000000000000000000e+00
4.339999999999999858e+00       0.000000000000000000e+00
4.349999999999999645e+00       0.000000000000000000e+00
4.360000000000000320e+00       0.000000000000000000e+00
4.370000000000000107e+00       0.000000000000000000e+00
4.379999999999999893e+00       0.000000000000000000e+00
4.389999999999999680e+00       0.000000000000000000e+00
4.400000000000000355e+00       0.000000000000000000e+00
4.410000000000000142e+00       0.000000000000000000e+00
4.419999999999999929e+00       0.000000000000000000e+00
4.429999999999999716e+00       0.000000000000000000e+00
4.440000000000000391e+00       0.000000000000000000e+00
4.450000000000000178e+00       0.000000000000000000e+00
4.459999999999999964e+00       0.000000000000000000e+00
4.469999999999999751e+00       0.000000000000000000e+00
4.480000000000000426e+00       0.000000000000000000e+00
4.490000000000000213e+00       0.000000000000000000e+00
4.500000000000000000e+00       0.000000000000000000e+00
4.509999999999999787e+00       0.000000000000000000e+00
4.519999999999999574e+00       0.000000000000000000e+00
4.530000000000000249e+00       0.000000000000000000e+00
4.540000000000000036e+00       0.000000000000000000e+00
4.549999999999999822e+00       0.000000000000000000e+00
4.559999999999999609e+00       0.000000000000000000e+00
4.570000000000000284e+00       0.000000000000000000e+00
4.580000000000000071e+00       0.000000000000000000e+00
4.589999999999999858e+00       0.000000000000000000e+00
4.599999999999999645e+00       0.000000000000000000e+00
4.610000000000000320e+00       0.000000000000000000e+00
4.620000000000000107e+00       0.000000000000000000e+00
4.629999999999999893e+00       0.000000000000000000e+00
4.639999999999999680e+00       0.000000000000000000e+00
4.650000000000000355e+00       0.000000000000000000e+00
4.660000000000000142e+00       0.000000000000000000e+00
4.669999999999999929e+00       0.000000000000000000e+00
4.679999999999999716e+00       0.000000000000000000e+00
4.690000000000000391e+00       0.000000000000000000e+00
4.700000000000000178e+00       0.000000000000000000e+00
4.709999999999999964e+00       0.000000000000000000e+00
4.719999999999999751e+00       0.000000000000000000e+00
4.730000000000000426e+00       0.000000000000000000e+00
4.740000000000000213e+00       0.000000000000000000e+00
4.750000000000000000e+00       0.000000000000000000e+00
4.759999999999999787e+00       0.000000000000000000e+00
4.769999999999999574e+00       0.000000000000000000e+00
4.780000000000000249e+00       0.000000000000000000e+00
4.790000000000000036e+00       0.000000000000000000e+00
4.799999999999999822e+00       0.000000000000000000e+00
4.809999999999999609e+00       0.000000000000000000e+00
4.820000000000000284e+00       0.000000000000000000e+00
4.830000000000000071e+00       0.000000000000000000e+00
4.839999999999999858e+00       0.000000000000000000e+00
4.849999999999999645e+00       0.000000000000000000e+00
4.860000000000000320e+00       0.000000000000000000e+00
4.870000000000000107e+00       0.000000000000000000e+00
4.879999999999999893e+00       0.000000000000000000e+00
4.889999999999999680e+00       0.000000000000000000e+00
4.900000000000000355e+00       0.000000000000000000e+00
4.910000000000000142e+00       0.000000000000000000e+00
4.919999999999999929e+00       0.000000000000000000e+00
4.929999999999999716e+00       0.000000000000000000e+00
4.940000000000000391e+00       0.000000000000000000e+00
4.950000000000000178e+00       0.000000000000000000e+00
4.959999999999999964e+00       0.000000000000000000e+00
4.969999999999999751e+00       0.000000000000000000e+00
4.980000000000000426e+00       0.000000000000000000e+00
4.990000000000000213e+00       0.000000000000000000e+00
5.000000000000000000e+00       0.000000000000000000e+00
5.009999999999999787e+00       0.000000000000000000e+00
5.019999999999999574e+00       0.000000000000000000e+00
5.030000000000000249e+00       0.000000000000000000e+00
5.040000000000000036e+00       0.000000000000000000e+00
5.049999999999999822e+00       0.000000000000000000e+00
5.059999999999999609e+00       0.000000000000000000e+00
5.070000000000000284e+00       0.000000000000000000e+00
5.080000000000000071e+00       0.000000000000000000e+00
5.089999999999999858e+00       0.000000000000000000e+00
5.099999999999999645e+00       0.000000000000000000e+00
5.110000000000000320e+00       0.000000000000000000e+00
5.120000000000000107e+00       0.000000000000000000e+00
5.129999999999999893e+00       0.000000000000000000e+00
5.139999999999999680e+00       0.000000000000000000e+00
5.150000000000000355e+00       0.000000000000000000e+00
5.160000000000000142e+00       0.000000000000000000e+00
5.169999999999999929e+00       0.000000000000000000e+00
5.179999999999999716e+00       0.000000000000000000e+00
5.190000000000000391e+00       0.000000000000000000e+00
5.200000000000000178e+00       0.000000000000000000e+00
5.209999999999999964e+00       0.000000000000000000e+00
5.219999999999999751e+00       0.000000000000000000e+00
5.230000000000000426e+00       0.000000000000000000e+00
5.240000000000000213e+00       0.000000000000000000e+00
5.250000000000000000e+00       0.000000000000000000e+00
5.259999999999999787e+00       0.000000000000000000e+00
5.269999999999999574e+00       0.000000000000000000e+00
5.280000000000000249e+00       0.000000000000000000e+00
5.290000000000000036e+00       0.000000000000000000e+00
5.299999999999999822e+00       0.000000000000000000e+00
5.309999999999999609e+00       0.000000000000000000e+00
5.320000000000000284e+00       0.000000000000000000e+00
5.330000000000000071e+00       0.000000000000000000e+00
5.339999999999999858e+00       0.000000000000000000e+00
5.349999999999999645e+00       0.000000000000000000e+00
5.360000000000000320e+00       0.000000000000000000e+00
5.370000000000000107e+00       0.000000000000000000e+00
5.379999999999999893e+00       0.000000000000000000e+00
5.389999999999999680e+00       0.000000000000000000e+00
5.400000000000000355e+00       0.000000000000000000e+00
5.410000000000000142e+00       0.000000000000000000e+00
5.419999999999999929e+00       0.000000000000000000e+00
5.429999999999999716e+00       0.000000000000000000e+00
5.440000000000000391e+00       0.000000000000000000e+00
5.450000000000000178e+00       0.000000000000000000e+00
5.459999999999999964e+00       0.000000000000000000e+00
5.469999999999999751e+00       0.000000000000000000e+00
5.480000000000000426e+00       0.000000000000000000e+00
5.490000000000000213e+00       0.000000000000000000e+00
5.500000000000000000e+00       0.000000000000000000e+00
5.509999999999999787e+00       0.000000000000000000e+00
5.519999999999999574e+00       0.000000000000000000e+00
5.530000000000000249e+00       0.000000000000000000e+00
5.540000000000000036e+00       0.000000000000000000e+00
5.549999999999999822e+00       0.000000000000000000e+00
5.559999999999999609e+00       0.000000000000000000e+00
5.570000000000000284e+00       0.000000000000000000e+00
5.580000000000000071e+00       0.000000000000000000e+00
5.589999999999999858e+00       0.000000000000000000e+00
5.599999999999999645e+00       0.000000000000000000e+00
5.610000000000000320e+00       0.000000000000000000e+00
5.620000000000000107e+00       0.000000000000000000e+00
5.629999999999999893e+00       0.000000000000000000e+00
5.639999999999999680e+00       0.000000000000000000e+00
5.650000000000000355e+00       0.000000000000000000e+00
5.660000000000000142e+00       0.000000000000000000e+00
5.669999999999999929e+00       0.000000000000000000e+00
5.679999999999999716e+00       0.000000000000000000e+00
5.690000000000000391e+00       0.000000000000000000e+00
5.700000000000000178e+00       0.000000000000000000e+00
5.709999999999999964e+00       0.000000000000000000e+00
5.719999999999999751e+00       0.000000000000000000e+00
5.730000000000000426e+00       0.000000000000000000e+00
5.740000000000000213e+00       0.000000000000000000e+00
5.750000000000000000e+00       0.000000000000000000e+00
5.759999999999999787e+00       0.000000000000000000e+00
5.769999999999999574e+00       0.000000000000000000e+00
5.780000000000000249e+00       0.000000000000000000e+00
5.790000000000000036e+00       0.000000000000000000e+00
5.799999999999999822e+00       0.000000000000000000e+00
5.809999999999999609e+00       0.000000000000000000e+00
5.820000000000000284e+00       0.000000000000000000e+00
5.830000000000000071e+00       0.000000000000000000e+00
5.839999999999999858e+00       0.000000000000000000e+00
5.849999999999999645e+00       0.000000000000000000e+00
5.860000000000000320e+00       0.000000000000000000e+00
5.870000000000000107e+00       0.000000000000000000e+00
5.879999999999999893e+00       0.000000000000000000e+00
5.889999999999999680e+00       0.000000000000000000e+00
5.900000000000000355e+00       0.000000000000000000e+00
5.910000000000000142e+00       0.000000000000000000e+00
5.919999999999999929e+00       0.000000000000000000e+00
5.929999999999999716e+00       0.000000000000000000e+00
5.940000000000000391e+00       0.000000000000000000e+00
5.950000000000000178e+00       0.000000000000000000e+00
5.959999999999999964e+00       0.000000000000000000e+00
5.969999999999999751e+00       0.000000000000000000e+00
5.980000000000000426e+00       0.000000000000000000e+00
5.990000000000000213e+00       0.000000000000000000e+00
6.000000000000000000e+00       0.000000000000000000e+00
6.009999999999999787e+00       5.911171094553128125e-13
6.019999999999999574e+00       6.662889964276960130e-12
6.030000000000000249e+00       2.734352266337058187e-11
6.040000000000000036e+00       7.426676090670837682e-11
6.049999999999999822e+00       1.609040362979130897e-10
6.059999999999999609e+00       3.021886178252769488e-10
6.070000000000000284e+00       5.142330845026448175e-10
6.080000000000000071e+00       8.141472120511520161e-10
6.089999999999999858e+00       1.219861475203795195e-09
6.099999999999999645e+00       1.750001689899001078e-09
6.110000000000000320e+00       2.423792700746501546e-09
6.120000000000000107e+00       3.260943902666007368e-09
6.129999999999999893e+00       4.281580956075941356e-09
6.139999999999999680e+00       5.506167205754686586e-09
6.150000000000000355e+00       6.955458291297393005e-09
6.160000000000000142e+00       8.650421984114261253e-09
6.169999999999999929e+00       1.061220359435429848e-08
6.179999999999999716e+00       1.286207751181583947e-08
6.190000000000000391e+00       1.542140224127915351e-08
6.200000000000000178e+00       1.831160095943980150e-08
6.209999999999999964e+00       2.155410363932324211e-08
6.219999999999999751e+00       2.517033253510997707e-08
6.230000000000000426e+00       2.918167086194155782e-08
6.240000000000000213e+00       3.360943765441456179e-08
6.250000000000000000e+00       3.847486479926616043e-08
6.259999999999999787e+00       4.379906921517531940e-08
6.269999999999999574e+00       4.960306005553956999e-08
6.280000000000000249e+00       5.590768274571219419e-08
6.290000000000000036e+00       6.273362762095577200e-08
6.299999999999999822e+00       7.010140934267464481e-08
6.309999999999999609e+00       7.803135340168440034e-08
6.320000000000000284e+00       8.654358381114926333e-08
6.330000000000000071e+00       9.565801188327201663e-08
6.339999999999999858e+00       1.053943259960364304e-07
6.349999999999999645e+00       1.157719822768846945e-07
6.360000000000000320e+00       1.268101961368632179e-07
6.370000000000000107e+00       1.385279345948647076e-07
6.379999999999999893e+00       1.509439093349371750e-07
6.389999999999999680e+00       1.640765704497086077e-07
6.400000000000000355e+00       1.779441008181375703e-07
6.410000000000000142e+00       1.925644110782966932e-07
6.419999999999999929e+00       2.079551351548493207e-07
6.429999999999999716e+00       2.241336263001456289e-07
6.440000000000000391e+00       2.411169536262206058e-07
6.450000000000000178e+00       2.589218990814730270e-07
6.459999999999999964e+00       2.775649548535891174e-07
6.469999999999999751e+00       2.970623211671913235e-07
6.480000000000000426e+00       3.174299044535039547e-07
6.490000000000000213e+00       3.386833158569435178e-07
6.500000000000000000e+00       3.608378700847627953e-07
6.509999999999999787e+00       3.839085845418885867e-07
6.519999999999999574e+00       4.079101787592062334e-07
6.530000000000000249e+00       4.328570740863521501e-07
6.540000000000000036e+00       4.587633936337247323e-07
6.549999999999999822e+00       4.856429624479374369e-07
6.559999999999999609e+00       5.135093079056258405e-07
6.570000000000000284e+00       5.423756603116602637e-07
6.580000000000000071e+00       5.722549536885402446e-07
6.589999999999999858e+00       6.031598267445160864e-07
6.599999999999999645e+00       6.351026240087215329e-07
6.610000000000000320e+00       6.680953971223901584e-07
6.620000000000000107e+00       7.021499062756449563e-07
6.629999999999999893e+00       7.372776217801562494e-07
6.639999999999999680e+00       7.734897257683915312e-07
6.650000000000000355e+00       8.107971140107230607e-07
6.660000000000000142e+00       8.492103978372028946e-07
6.669999999999999929e+00       8.887399061859480635e-07
6.679999999999999716e+00       9.293956876969813476e-07
6.690000000000000391e+00       9.711875129422802446e-07
6.700000000000000178e+00       1.014124876712685247e-06
6.709999999999999964e+00       1.058217000384489568e-06
6.719999999999999751e+00       1.103472834354918270e-06
6.730000000000000426e+00       1.149901060540934325e-06
6.740000000000000213e+00       1.197510094936288572e-06
6.750000000000000000e+00       1.246308090221676094e-06
6.759999999999999787e+00       1.296302938423360247e-06
6.769999999999999574e+00       1.347502273615846424e-06
6.780000000000000249e+00       1.399913474664320419e-06
6.790000000000000036e+00       1.453543668002982558e-06
6.799999999999999822e+00       1.508399730445216300e-06
6.809999999999999609e+00       1.564488292022755646e-06
6.820000000000000284e+00       1.621815738849299394e-06
6.830000000000000071e+00       1.680388216006537468e-06
6.839999999999999858e+00       1.740211630448675390e-06
6.849999999999999645e+00       1.801291653923636826e-06
6.860000000000000320e+00       1.863633725906731067e-06
6.870000000000000107e+00       1.927243056545723700e-06
6.879999999999999893e+00       1.992124629614052972e-06
6.889999999999999680e+00       2.058283205477733581e-06
6.900000000000000355e+00       2.125723324028133928e-06
6.910000000000000142e+00       2.194449307692351113e-06
6.919999999999999929e+00       2.264465264368236006e-06
6.929999999999999716e+00       2.335775090394842077e-06
6.940000000000000391e+00       2.408382473512011029e-06
6.950000000000000178e+00       2.482290895814627630e-06
6.959999999999999964e+00       2.557503636700112256e-06
6.969999999999999751e+00       2.634023775807822158e-06
6.980000000000000426e+00       2.711854195948802471e-06
6.990000000000000213e+00       2.790997586024760437e-06
7.000000000000000000e+00       2.871456443935075272e-06
7.009999999999999787e+00       2.953233079422246540e-06
7.019999999999999574e+00       3.036329617143530387e-06
7.030000000000000249e+00       3.120747999249329425e-06
7.040000000000000036e+00       3.206489988420861685e-06
7.049999999999999822e+00       3.293557170654501052e-06
7.059999999999999609e+00       3.381950958075196362e-06
7.070000000000000284e+00       3.471672591731465823e-06
7.080000000000000071e+00       3.562723144370981259e-06
7.089999999999999858e+00       3.655103523196345335e-06
7.099999999999999645e+00       3.748814472600200333e-06
7.110000000000000320e+00       3.843856576879260623e-06
7.120000000000000107e+00       3.940230262926719971e-06
7.129999999999999893e+00       4.037935802902461067e-06
7.139999999999999680e+00       4.136973316880774218e-06
7.150000000000000355e+00       4.237342775474916039e-06
7.160000000000000142e+00       4.339044002438489938e-06
7.169999999999999929e+00       4.442076677242858103e-06
7.179999999999999716e+00       4.546440337630841655e-06
7.190000000000000391e+00       4.652134382145733178e-06
7.200000000000000178e+00       4.759158072635969755e-06
7.209999999999999964e+00       4.867510536734969304e-06
7.219999999999999751e+00       4.977190770315825283e-06
7.230000000000000426e+00       5.088197639920997829e-06
7.240000000000000213e+00       5.200529885168746223e-06
7.250000000000000000e+00       5.314186121122933100e-06
7.259999999999999787e+00       5.429164840659541337e-06
7.269999999999999574e+00       5.545464416785349658e-06
7.280000000000000249e+00       5.663083104941834305e-06
7.290000000000000036e+00       5.782019045281022900e-06
7.299999999999999822e+00       5.902270264929673646e-06
7.309999999999999609e+00       6.023834680157866876e-06
7.320000000000000284e+00       6.146710098659537069e-06
7.330000000000000071e+00       6.270894221670730310e-06
7.339999999999999858e+00       6.396384646129475622e-06
7.349999999999999645e+00       6.523178866796554719e-06
7.360000000000000320e+00       6.651274278350331379e-06
7.370000000000000107e+00       6.780668177456117302e-06
7.379999999999999893e+00       6.911357764809571338e-06
7.389999999999999680e+00       7.043340147154813080e-06
7.400000000000000355e+00       7.176612339276778186e-06
7.410000000000000142e+00       7.311171265968515931e-06
7.419999999999999929e+00       7.447013763972867391e-06
7.429999999999999716e+00       7.584136583899262887e-06
7.440000000000000391e+00       7.722536392115216862e-06
7.450000000000000178e+00       7.862209772613173249e-06
7.459999999999999964e+00       8.003153228852386239e-06
7.469999999999999751e+00       8.145363185576381086e-06
7.480000000000000426e+00       8.288835990605607863e-06
7.490000000000000213e+00       8.433567916606176697e-06
7.500000000000000000e+00       8.579555162834018886e-06
7.509999999999999787e+00       8.726793856855483562e-06
7.519999999999999574e+00       8.875280056243780357e-06
7.530000000000000249e+00       9.025009750251896580e-06
7.540000000000000036e+00       9.175978861462088851e-06
7.549999999999999822e+00       9.328183247412081324e-06
7.559999999999999609e+00       9.481618702197890892e-06
7.570000000000000284e+00       9.636280958054290710e-06
7.580000000000000071e+00       9.792165686912115852e-06
7.589999999999999858e+00       9.949268501933142907e-06
7.599999999999999645e+00       1.010758495902270787e-05
7.610000000000000320e+00       1.026711055832019105e-05
7.620000000000000107e+00       1.042784074566753674e-05
7.629999999999999893e+00       1.058977091405606847e-05
7.639999999999999680e+00       1.075289640505194046e-05
7.650000000000000355e+00       1.091721251019976268e-05
7.660000000000000142e+00       1.108271447240592083e-05
7.669999999999999929e+00       1.124939748730035292e-05
7.679999999999999716e+00       1.141725670457790052e-05
7.690000000000000391e+00       1.158628722931912949e-05
7.700000000000000178e+00       1.175648412329103048e-05
7.709999999999999964e+00       1.192784240622739558e-05
7.719999999999999751e+00       1.210035705708959807e-05
7.730000000000000426e+00       1.227402301530767527e-05
7.740000000000000213e+00       1.244883518200195164e-05
7.750000000000000000e+00       1.262478842118539015e-05
7.759999999999999787e+00       1.280187756094742764e-05
7.769999999999999574e+00       1.298009739461757437e-05
7.780000000000000249e+00       1.315944268191338261e-05
7.790000000000000036e+00       1.333990815006644813e-05
7.799999999999999822e+00       1.352148849493275017e-05
7.809999999999999609e+00       1.370417838208433796e-05
7.820000000000000284e+00       1.388797244788308389e-05
7.830000000000000071e+00       1.407286530053718606e-05
7.839999999999999858e+00       1.425885152114019304e-05
7.849999999999999645e+00       1.444592566469317615e-05
7.860000000000000320e+00       1.463408226110954097e-05
7.870000000000000107e+00       1.482331581620367903e-05
7.879999999999999893e+00       1.501362081266270103e-05
7.889999999999999680e+00       1.520499171100208307e-05
7.900000000000000355e+00       1.539742295050529558e-05
7.910000000000000142e+00       1.559090895014722338e-05
7.919999999999999929e+00       1.578544410950241707e-05
7.929999999999999716e+00       1.598102280963715937e-05
7.940000000000000391e+00       1.617763941398698614e-05
7.950000000000000178e+00       1.637528826921855933e-05
7.959999999999999964e+00       1.657396370601613714e-05
7.969999999999999751e+00       1.677366004015608944e-05
7.980000000000000426e+00       1.697437157296274385e-05
7.990000000000000213e+00       1.717609259235273331e-05
8.000000000000000000e+00       1.737881737356441000e-05
8.009999999999999787e+00       1.758254017993311771e-05
8.019999999999999574e+00       1.778725526365324024e-05
8.029999999999999361e+00       1.799295686652597904e-05
8.039999999999999147e+00       1.819963922069435755e-05
8.050000000000000711e+00       1.840729654936430380e-05
8.060000000000000497e+00       1.861592306751345429e-05
8.070000000000000284e+00       1.882551298258656130e-05
8.080000000000000071e+00       1.903606049517813707e-05
8.089999999999999858e+00       1.924755979970303282e-05
8.099999999999999645e+00       1.946000508505498318e-05
8.109999999999999432e+00       1.967339053524978540e-05
8.119999999999999218e+00       1.988771033006280344e-05
8.130000000000000782e+00       2.010295864564853191e-05
8.140000000000000568e+00       2.031912965515132719e-05
8.150000000000000355e+00       2.053621752930405301e-05
8.160000000000000142e+00       2.075421643701571466e-05
8.169999999999999929e+00       2.097312054594727536e-05
8.179999999999999716e+00       2.119292402307706093e-05
8.189999999999999503e+00       2.141362103525485826e-05
8.199999999999999289e+00       2.163520574974528351e-05
8.210000000000000853e+00       2.185767233476107750e-05
8.220000000000000639e+00       2.208101495998547430e-05
8.230000000000000426e+00       2.230522779708418856e-05
8.240000000000000213e+00       2.253030502020782810e-05
8.250000000000000000e+00       2.275624080648416226e-05
8.259999999999999787e+00       2.298302933657852575e-05
8.269999999999999574e+00       2.321066479485332847e-05
8.279999999999999361e+00       2.343914137030037791e-05
8.289999999999999147e+00       2.366845325668232009e-05
8.300000000000000711e+00       2.389859465305493703e-05
8.310000000000000497e+00       2.412955976420223708e-05
8.320000000000000284e+00       2.436134280106331545e-05
8.330000000000000071e+00       2.459393798114909108e-05
8.339999999999999858e+00       2.482733952895155904e-05
8.349999999999999645e+00       2.506154167634377984e-05
8.359999999999999432e+00       2.529653866297135094e-05
8.369999999999999218e+00       2.553232473663593312e-05
8.380000000000000782e+00       2.576889415367033357e-05
8.390000000000000568e+00       2.600624117930536269e-05
8.400000000000000355e+00       2.624436008802916238e-05
8.410000000000000142e+00       2.648324516393800980e-05
8.419999999999999929e+00       2.672289070108028393e-05
8.429999999999999716e+00       2.696329100379204645e-05
8.439999999999999503e+00       2.720444038702540593e-05
8.449999999999999289e+00       2.744633317666977032e-05
8.460000000000000853e+00       2.768896370986542193e-05
8.470000000000000639e+00       2.793232633531012981e-05
8.480000000000000426e+00       2.817641541355885712e-05
8.490000000000000213e+00       2.842122531731629240e-05
8.500000000000000000e+00       2.866675043172285875e-05
8.509999999999999787e+00       2.891298515463358078e-05
8.519999999999999574e+00       2.915992389689087323e-05
8.529999999999999361e+00       2.940756108259037047e-05
8.539999999999999147e+00       2.965589114934079955e-05
8.550000000000000711e+00       2.990490854851700928e-05
8.560000000000000497e+00       3.015460774550734110e-05
8.570000000000000284e+00       3.040498321995458290e-05
8.580000000000000071e+00       3.065602946599094608e-05
8.589999999999999858e+00       3.090774099246739126e-05
8.599999999999999645e+00       3.116011232317683502e-05
8.609999999999999432e+00       3.141313799707175604e-05
8.619999999999999218e+00       3.166681256847626169e-05
8.630000000000000782e+00       3.192113060729247264e-05
8.640000000000000568e+00       3.217608669920160851e-05
8.650000000000000355e+00       3.243167544585955764e-05
8.660000000000000142e+00       3.268789146508756108e-05
8.669999999999999929e+00       3.294472939105703524e-05
8.679999999999999716e+00       3.320218387447007119e-05
8.689999999999999503e+00       3.346024958273431649e-05
8.699999999999999289e+00       3.371892120013322201e-05
8.710000000000000853e+00       3.397819342799155221e-05
8.720000000000000639e+00       3.423806098483578601e-05
8.730000000000000426e+00       3.449851860655001160e-05
8.740000000000000213e+00       3.475956104652741649e-05
8.750000000000000000e+00       3.502118307581646514e-05
8.759999999999999787e+00       3.528337948326403396e-05
8.769999999999999574e+00       3.554614507565265094e-05
8.779999999999999361e+00       3.580947467783402875e-05
8.789999999999999147e+00       3.607336313285851168e-05
8.800000000000000711e+00       3.633780530209960980e-05
8.810000000000000497e+00       3.660279606537412180e-05
8.820000000000000284e+00       3.686833032105738569e-05
8.830000000000000071e+00       3.713440298618961869e-05
8.839999999999999858e+00       3.740100899656411705e-05
8.849999999999999645e+00       3.766814330672233656e-05
8.859999999999999432e+00       3.793580088850119708e-05
8.869999999999999218e+00       3.820397674680941005e-05
8.880000000000000782e+00       3.847266587435582393e-05
8.890000000000000568e+00       3.874186331349935666e-05
8.900000000000000355e+00       3.901156411344573066e-05
8.910000000000000142e+00       3.928176334411279233e-05
8.919999999999999929e+00       3.955245609506928138e-05
8.929999999999999716e+00       3.982363747551824934e-05
8.939999999999999503e+00       4.009530261435150682e-05
8.949999999999999289e+00       4.036744666021437750e-05
8.960000000000000853e+00       4.064006478157152950e-05
8.970000000000000639e+00       4.091315216677074684e-05
8.980000000000000426e+00       4.118670402410380059e-05
8.990000000000000213e+00       4.146071558186480605e-05
9.000000000000000000e+00       4.173518208840605918e-05
9.009999999999999787e+00       4.201009881138379100e-05
9.019999999999999574e+00       4.228546103270732371e-05
9.029999999999999361e+00       4.256126404840029957e-05
9.039999999999999147e+00       4.283750317079646137e-05
9.050000000000000711e+00       4.311417372935634121e-05
9.060000000000000497e+00       4.339127107113396219e-05
9.070000000000000284e+00       4.366879056111178228e-05
9.080000000000000071e+00       4.394672758239301147e-05
9.089999999999999858e+00       4.422507753647218119e-05
9.099999999999999645e+00       4.450383584331161449e-05
9.109999999999999432e+00       4.478299794154564224e-05
9.119999999999999218e+00       4.506255928857341763e-05
9.130000000000000782e+00       4.534251536062565560e-05
9.140000000000000568e+00       4.562286165291727495e-05
9.150000000000000355e+00       4.590359367969069866e-05
9.160000000000000142e+00       4.618470697429781280e-05
9.169999999999999929e+00       4.646619708926635358e-05
9.179999999999999716e+00       4.674805959637662821e-05
9.189999999999999503e+00       4.703029008665039507e-05
9.199999999999999289e+00       4.731288417049386315e-05
9.210000000000000853e+00       4.759583747768289275e-05
9.220000000000000639e+00       4.787914565741811356e-05
9.230000000000000426e+00       4.816280437836116415e-05
9.240000000000000213e+00       4.844680932866509706e-05
9.250000000000000000e+00       4.873115621604121305e-05
9.259999999999999787e+00       4.901584076767568601e-05
9.269999999999999574e+00       4.930085873039706540e-05
9.279999999999999361e+00       4.958620587061009243e-05
9.289999999999999147e+00       4.987187797433477210e-05
9.300000000000000711e+00       5.015787084722225667e-05
9.310000000000000497e+00       5.044418031456816782e-05
9.320000000000000284e+00       5.073080222132446193e-05
9.330000000000000071e+00       5.101773243210800198e-05
9.339999999999999858e+00       5.130496683123798971e-05
9.349999999999999645e+00       5.159250132262321528e-05
9.359999999999999432e+00       5.188033182993676299e-05
9.369999999999999218e+00       5.216845429650552424e-05
9.380000000000000782e+00       5.245686468537693697e-05
9.390000000000000568e+00       5.274555897915539311e-05
9.400000000000000355e+00       5.303453318023862851e-05
9.410000000000000142e+00       5.332378331065193493e-05
9.419999999999999929e+00       5.361330541208008294e-05
9.429999999999999716e+00       5.390309554585822146e-05
9.439999999999999503e+00       5.419314979296093409e-05
9.449999999999999289e+00       5.448346425399029928e-05
9.460000000000000853e+00       5.477403504916242597e-05
9.470000000000000639e+00       5.506485831829095333e-05
9.480000000000000426e+00       5.535593022077250891e-05
9.490000000000000213e+00       5.564724693556726080e-05
9.500000000000000000e+00       5.593880466118016765e-05
9.509999999999999787e+00       5.623059961564081256e-05
9.519999999999999574e+00       5.652262803648108882e-05
9.529999999999999361e+00       5.681488618071270949e-05
9.539999999999999147e+00       5.710737032480229787e-05
9.550000000000000711e+00       5.740007676464645083e-05
9.560000000000000497e+00       5.769300181554391549e-05
9.570000000000000284e+00       5.798614181216699338e-05
9.580000000000000071e+00       5.827949310853022732e-05
9.589999999999999858e+00       5.857305207795342336e-05
9.599999999999999645e+00       5.886681511300746777e-05
9.609999999999999432e+00       5.916077862724575725e-05
9.619999999999999218e+00       5.945493904902075680e-05
9.630000000000000782e+00       5.974929282986005097e-05
9.640000000000000568e+00       6.004383643922221389e-05
9.650000000000000355e+00       6.033856636568628063e-05
9.660000000000000142e+00       6.063347911818016861e-05
9.669999999999999929e+00       6.092857122057255523e-05
9.679999999999999716e+00       6.122383922027803459e-05
9.689999999999999503e+00       6.151927968192161603e-05
9.699999999999999289e+00       6.181488918909334269e-05
9.710000000000000853e+00       6.211066434428531293e-05
9.720000000000000639e+00       6.240660176884357563e-05
9.730000000000000426e+00       6.270269810292358303e-05
9.740000000000000213e+00       6.299895000544548094e-05
9.750000000000000000e+00       6.329535415405023921e-05
9.759999999999999787e+00       6.359190724505502329e-05
9.769999999999999574e+00       6.388860599340876899e-05
9.779999999999999361e+00       6.418544713264549405e-05
9.789999999999999147e+00       6.448242741483919537e-05
9.800000000000000711e+00       6.477954361055615758e-05
9.810000000000000497e+00       6.507679250880834599e-05
9.820000000000000284e+00       6.537417091700444124e-05
9.830000000000000071e+00       6.567167566090273076e-05
9.839999999999999858e+00       6.596930358456001571e-05
9.849999999999999645e+00       6.626705155028354019e-05
9.859999999999999432e+00       6.656491643857957296e-05
9.869999999999999218e+00       6.686289514810415751e-05
9.880000000000000782e+00       6.716098459561005397e-05
9.890000000000000568e+00       6.745918171589635078e-05
9.900000000000000355e+00       6.775748346175523038e-05
9.910000000000000142e+00       6.805588680392000880e-05
9.919999999999999929e+00       6.835438873101186072e-05
9.929999999999999716e+00       6.865298624948510786e-05
9.939999999999999503e+00       6.895167638357486560e-05
9.949999999999999289e+00       6.925045617524112527e-05
9.960000000000000853e+00       6.954932268411465242e-05
9.970000000000000639e+00       6.984827298744158411e-05
9.980000000000000426e+00       7.014730418002732145e-05
9.990000000000000213e+00       7.044641337418086938e-05
