1.000000000000000021e-02       0.000000000000000000e+00
2.000000000000000042e-02       0.000000000000000000e+00
2.999999999999999889e-02       0.000000000000000000e+00
4.000000000000000083e-02       0.000000000000000000e+00
5.000000000000000278e-02       0.000000000000000000e+00
5.999999999999999778e-02       0.000000000000000000e+00
7.000000000000000666e-02       0.000000000000000000e+00
8.000000000000000167e-02       0.000000000000000000e+00
8.999999999999999667e-02       0.000000000000000000e+00
1.000000000000000056e-01       0.000000000000000000e+00
1.100000000000000006e-01       5.870239082965715001e-07
1.199999999999999956e-01       1.399402677650166940e-04
1.300000000000000044e-01       1.183493031983402777e-03
1.400000000000000133e-01       3.982776254853237843e-03
1.499999999999999944e-01       4.672588066655256923e-03
1.600000000000000033e-01       4.697184597853628664e-03
1.700000000000000122e-01       5.149141357092862532e-03
1.799999999999999933e-01       5.873585888009130382e-03
1.900000000000000022e-01       6.786665005753645709e-03
2.000000000000000111e-01       7.849002265021812544e-03
2.099999999999999922e-01       9.039332473135477594e-03
2.200000000000000011e-01       1.034428518254564520e-02
2.300000000000000100e-01       1.175382367462460970e-02
2.399999999999999911e-01       1.325959103915932275e-02
2.500000000000000000e-01       1.485440072218655212e-02
2.600000000000000089e-01       1.653184423132732922e-02
2.700000000000000178e-01       1.828605157995779468e-02
2.800000000000000266e-01       2.011154798825464871e-02
2.899999999999999800e-01       2.200316643526663979e-02
2.999999999999999889e-01       2.395599291029529981e-02
3.099999999999999978e-01       2.596533125509126877e-02
3.200000000000000067e-01       2.802668003171321018e-02
3.300000000000000155e-01       3.013571694360021869e-02
3.400000000000000244e-01       3.228828808471211759e-02
3.499999999999999778e-01       3.448040030145368279e-02
3.599999999999999867e-01       3.670821568036942290e-02
3.699999999999999956e-01       3.896804720046469217e-02
3.800000000000000044e-01       4.125635540683757901e-02
3.900000000000000133e-01       4.356974553753369117e-02
4.000000000000000222e-01       4.590496498142294934e-02
4.099999999999999756e-01       4.825890089896032326e-02
4.199999999999999845e-01       5.062857790111337242e-02
4.299999999999999933e-01       5.301115571494392775e-02
4.400000000000000022e-01       5.540392678809018950e-02
4.500000000000000111e-01       5.780431380164021554e-02
4.600000000000000200e-01       6.020986707353631617e-02
4.699999999999999734e-01       6.261826184399087170e-02
4.799999999999999822e-01       6.502729544130551875e-02
4.899999999999999911e-01       6.743488433157925066e-02
5.000000000000000000e-01       6.983552139074077070e-02
5.100000000000000089e-01       7.219727680247624291e-02
5.200000000000000178e-01       7.451332688477077526e-02
5.300000000000000266e-01       7.678727519880319818e-02
5.400000000000000355e-01       7.902233766433285067e-02
5.500000000000000444e-01       8.122073681916572307e-02
5.600000000000000533e-01       8.336767924222203419e-02
5.699999999999999512e-01       8.546015894429280502e-02
5.799999999999999600e-01       8.750338331052237573e-02
5.899999999999999689e-01       8.950197458152518715e-02
5.999999999999999778e-01       9.146001176225075635e-02
6.099999999999999867e-01       9.338107734304855467e-02
6.199999999999999956e-01       9.526830533515101562e-02
6.300000000000000044e-01       9.712442834162263172e-02
6.400000000000000133e-01       9.895182225681745103e-02
6.500000000000000222e-01       1.007525477978708783e-01
6.600000000000000311e-01       1.025283884891971392e-01
6.700000000000000400e-01       1.042808849985253500e-01
6.800000000000000488e-01       1.060113659008981163e-01
6.899999999999999467e-01       1.077209750551232637e-01
6.999999999999999556e-01       1.094106958372053906e-01
7.099999999999999645e-01       1.110813725029758947e-01
7.199999999999999734e-01       1.127337289586299029e-01
7.299999999999999822e-01       1.143683852109388804e-01
7.399999999999999911e-01       1.159858717538582995e-01
7.500000000000000000e-01       1.175866421311334981e-01
7.600000000000000089e-01       1.191710838830207925e-01
7.700000000000000178e-01       1.207395280897378825e-01
7.800000000000000266e-01       1.222300657835103943e-01
7.900000000000000355e-01       1.232581566476286111e-01
8.000000000000000444e-01       1.238353827552868547e-01
8.100000000000000533e-01       1.240558039693249182e-01
8.199999999999999512e-01       1.240029597775077208e-01
8.299999999999999600e-01       1.237482225129313967e-01
8.399999999999999689e-01       1.233509273407094042e-01
8.499999999999999778e-01       1.228593010421590165e-01
8.599999999999999867e-01       1.223117837063754376e-01
8.699999999999999956e-01       1.217384729461254977e-01
8.800000000000000044e-01       1.211625271746268190e-01
8.900000000000000133e-01       1.206014406755173268e-01
9.000000000000000222e-01       1.200506036618544381e-01
9.100000000000000311e-01       1.194936747510482317e-01
9.200000000000000400e-01       1.189466879030001006e-01
9.300000000000000488e-01       1.184222597477394001e-01
9.399999999999999467e-01       1.179296636520050651e-01
9.499999999999999556e-01       1.174755151690883709e-01
9.599999999999999645e-01       1.170642356083963220e-01
9.699999999999999734e-01       1.166961319949662984e-01
9.799999999999999822e-01       1.163721843488669389e-01
9.899999999999999911e-01       1.160936188214514719e-01
1.000000000000000000e+00       1.158608380342872057e-01
1.010000000000000009e+00       1.156736202636530070e-01
1.020000000000000018e+00       1.155312770319456561e-01
1.030000000000000027e+00       1.154327772188344647e-01
1.040000000000000036e+00       1.153768443249379300e-01
1.050000000000000044e+00       1.153620323252222413e-01
1.060000000000000053e+00       1.153867845050026014e-01
1.070000000000000062e+00       1.154494788129235422e-01
1.080000000000000071e+00       1.155484625609137783e-01
1.090000000000000080e+00       1.156820787291608366e-01
1.100000000000000089e+00       1.158486856728855180e-01
1.110000000000000098e+00       1.160466716575803275e-01
1.120000000000000107e+00       1.162744653535201789e-01
1.129999999999999893e+00       1.165305431845133077e-01
1.139999999999999902e+00       1.168134342382561863e-01
1.149999999999999911e+00       1.171217232966457467e-01
1.159999999999999920e+00       1.174540524261802055e-01
1.169999999999999929e+00       1.178091214748632209e-01
1.179999999999999938e+00       1.181856877477751172e-01
1.189999999999999947e+00       1.185825650746925863e-01
1.199999999999999956e+00       1.189986224366046119e-01
1.209999999999999964e+00       1.194327822811708101e-01
1.219999999999999973e+00       1.198840186280711040e-01
1.229999999999999982e+00       1.203513550422075501e-01
1.239999999999999991e+00       1.208338625345678763e-01
1.250000000000000000e+00       1.213306574363367668e-01
1.260000000000000009e+00       1.218408992803466512e-01
1.270000000000000018e+00       1.223637887155077653e-01
1.280000000000000027e+00       1.228985654725581744e-01
1.290000000000000036e+00       1.234445063942552906e-01
1.300000000000000044e+00       1.240009235389048364e-01
1.310000000000000053e+00       1.245671623627960245e-01
1.320000000000000062e+00       1.251425999846783044e-01
1.330000000000000071e+00       1.257266435337577593e-01
1.340000000000000080e+00       1.263187285798500481e-01
1.350000000000000089e+00       1.269183176466241458e-01
1.360000000000000098e+00       1.275248988032623432e-01
1.370000000000000107e+00       1.281379843337205615e-01
1.379999999999999893e+00       1.287571094798531102e-01
1.389999999999999902e+00       1.293818312552997840e-01
1.399999999999999911e+00       1.300117273267586138e-01
1.409999999999999920e+00       1.306463949592167606e-01
1.419999999999999929e+00       1.312854500217290610e-01
1.429999999999999938e+00       1.319285260503863522e-01
1.439999999999999947e+00       1.325752733652036941e-01
1.449999999999999956e+00       1.332253582377742607e-01
1.459999999999999964e+00       1.338784621066606562e-01
1.469999999999999973e+00       1.345342808376320531e-01
1.479999999999999982e+00       1.351925240260026528e-01
1.489999999999999991e+00       1.358529143384700211e-01
1.500000000000000000e+00       1.191502252083202346e-01
1.510000000000000009e+00       1.191841355244136480e-01
1.520000000000000018e+00       1.192173881675161196e-01
1.530000000000000027e+00       1.192499999913637920e-01
1.540000000000000036e+00       1.192819872438657530e-01
1.550000000000000044e+00       1.193133655664804643e-01
1.560000000000000053e+00       1.193441499994260802e-01
1.570000000000000062e+00       1.193743549912272828e-01
1.580000000000000071e+00       1.194039944121481067e-01
1.590000000000000080e+00       1.194330815700983400e-01
1.600000000000000089e+00       1.194616289723785668e-01
1.610000000000000098e+00       1.194896438270768718e-01
1.620000000000000107e+00       1.195171251132175205e-01
1.629999999999999893e+00       1.195440664104372580e-01
1.639999999999999902e+00       1.195704571661907467e-01
1.649999999999999911e+00       1.195962834090084081e-01
1.659999999999999920e+00       1.196215282792428558e-01
1.669999999999999929e+00       1.196461724629814816e-01
1.679999999999999938e+00       1.196701945721591331e-01
1.689999999999999947e+00       1.196935714823903624e-01
1.699999999999999956e+00       1.197162786351435027e-01
1.709999999999999964e+00       1.197382903235888613e-01
1.719999999999999973e+00       1.197595799376746373e-01
1.729999999999999982e+00       1.197801202095955253e-01
1.739999999999999991e+00       1.197998834243234889e-01
1.750000000000000000e+00       1.198188416172048520e-01
1.760000000000000009e+00       1.198369667544915695e-01
1.770000000000000018e+00       1.198542308984136689e-01
1.780000000000000027e+00       1.198706063561186808e-01
1.790000000000000036e+00       1.198860658114606348e-01
1.800000000000000044e+00       1.199005824015183796e-01
1.810000000000000053e+00       1.199141297334429535e-01
1.820000000000000062e+00       1.199266818970165516e-01
1.830000000000000071e+00       1.199382134880884326e-01
1.840000000000000080e+00       1.199486996364058505e-01
1.850000000000000089e+00       1.199581160388358131e-01
1.860000000000000098e+00       1.199664389962498412e-01
1.870000000000000107e+00       1.199736454510781786e-01
1.879999999999999893e+00       1.199797130268892148e-01
1.889999999999999902e+00       1.199846200662835344e-01
1.899999999999999911e+00       1.199883456692308059e-01
1.909999999999999920e+00       1.199908697290113790e-01
1.919999999999999929e+00       1.199921729659015057e-01
1.929999999999999938e+00       1.199922369596223698e-01
1.939999999999999947e+00       1.199910441770773023e-01
1.949999999999999956e+00       1.199885780024060877e-01
1.959999999999999964e+00       1.199848227548471341e-01
1.969999999999999973e+00       1.199797637124174338e-01
1.979999999999999982e+00       1.199733871282576553e-01
1.989999999999999991e+00       1.199656802449071691e-01
2.000000000000000000e+00       1.199566313045070387e-01
2.009999999999999787e+00       1.199462295583209048e-01
2.020000000000000018e+00       1.199344652702133002e-01
2.029999999999999805e+00       1.199213297207155082e-01
2.040000000000000036e+00       1.199068152058562625e-01
2.049999999999999822e+00       1.198909150346691849e-01
2.060000000000000053e+00       1.198736235243591519e-01
2.069999999999999840e+00       1.198549359917578522e-01
2.080000000000000071e+00       1.198348487456075556e-01
2.089999999999999858e+00       1.198133590739679094e-01
2.100000000000000089e+00       1.197904652311403140e-01
2.109999999999999876e+00       1.197661664228656109e-01
2.120000000000000107e+00       1.197404627897471763e-01
2.129999999999999893e+00       1.197133553893789670e-01
2.140000000000000124e+00       1.196848461771715388e-01
2.149999999999999911e+00       1.196549379860727264e-01
2.160000000000000142e+00       1.196236345051677197e-01
2.169999999999999929e+00       1.195909402575042885e-01
2.180000000000000160e+00       1.195568605770308823e-01
2.189999999999999947e+00       1.195214015848894140e-01
2.200000000000000178e+00       1.194845701651212067e-01
2.209999999999999964e+00       1.194463739398898827e-01
2.220000000000000195e+00       1.194068212443124000e-01
2.229999999999999982e+00       1.193659211009848314e-01
2.240000000000000213e+00       1.193236831942851711e-01
2.250000000000000000e+00       1.192801178445279109e-01
2.259999999999999787e+00       1.192352359820425395e-01
2.270000000000000018e+00       1.191890491212432984e-01
2.279999999999999805e+00       1.191415693347486066e-01
2.290000000000000036e+00       1.190928092276125339e-01
2.299999999999999822e+00       1.190427819117153008e-01
2.310000000000000053e+00       1.189915009803672180e-01
2.319999999999999840e+00       1.189389804831603170e-01
2.330000000000000071e+00       1.188852349011296355e-01
2.339999999999999858e+00       1.188302791222329013e-01
2.350000000000000089e+00       1.187741284172032646e-01
2.359999999999999876e+00       1.187168009326679957e-01
2.370000000000000107e+00       1.186583050834493641e-01
2.379999999999999893e+00       1.185986646984308474e-01
2.390000000000000124e+00       1.185378938293703555e-01
2.399999999999999911e+00       1.184760093134042125e-01
2.410000000000000142e+00       1.184130282350001478e-01
2.419999999999999929e+00       1.183489679053845028e-01
2.430000000000000160e+00       1.182838458410447879e-01
2.439999999999999947e+00       1.182176797434335291e-01
2.450000000000000178e+00       1.181504874811608041e-01
2.459999999999999964e+00       1.180822870712229661e-01
2.470000000000000195e+00       1.180130966604607395e-01
2.479999999999999982e+00       1.179429345078760877e-01
2.490000000000000213e+00       1.178718189675896089e-01
2.500000000000000000e+00       1.177997684723633975e-01
2.509999999999999787e+00       1.177268015176777399e-01
2.520000000000000018e+00       1.176529366463624215e-01
2.529999999999999805e+00       1.175781924337793299e-01
2.540000000000000036e+00       1.175025874735522030e-01
2.549999999999999822e+00       1.174261403638416357e-01
2.560000000000000053e+00       1.173488696941545339e-01
2.569999999999999840e+00       1.172707940326857545e-01
2.580000000000000071e+00       1.171919319141808413e-01
2.589999999999999858e+00       1.171123018283151407e-01
2.600000000000000089e+00       1.170319222085765554e-01
2.609999999999999876e+00       1.169508114216479128e-01
2.620000000000000107e+00       1.168689877572743480e-01
2.629999999999999893e+00       1.167864694186088875e-01
2.640000000000000124e+00       1.167032745130261867e-01
2.649999999999999911e+00       1.166194210433919159e-01
2.660000000000000142e+00       1.165349268997791649e-01
2.669999999999999929e+00       1.164498098516200675e-01
2.680000000000000160e+00       1.163640911679220402e-01
2.689999999999999947e+00       1.162777774720625129e-01
2.700000000000000178e+00       1.161908970134464258e-01
2.709999999999999964e+00       1.161034633773641161e-01
2.720000000000000195e+00       1.160154936287158961e-01
2.729999999999999982e+00       1.159270046671605076e-01
2.740000000000000213e+00       1.158380132402394430e-01
2.750000000000000000e+00       1.157485359139197451e-01
2.759999999999999787e+00       1.156585890850179849e-01
2.770000000000000018e+00       1.155681889730097306e-01
2.779999999999999805e+00       1.154773516158310170e-01
2.790000000000000036e+00       1.153860928663884428e-01
2.799999999999999822e+00       1.152944283894726391e-01
2.810000000000000053e+00       1.152023736588778380e-01
2.819999999999999840e+00       1.151099439547627334e-01
2.830000000000000071e+00       1.150171543612682340e-01
2.839999999999999858e+00       1.149240197643886380e-01
2.850000000000000089e+00       1.148305548500856560e-01
2.859999999999999876e+00       1.147367741026360105e-01
2.870000000000000107e+00       1.146426918032028286e-01
2.879999999999999893e+00       1.145483220286213910e-01
2.890000000000000124e+00       1.144536786503908971e-01
2.899999999999999911e+00       1.143587753338627666e-01
2.910000000000000142e+00       1.142636255376177357e-01
2.919999999999999929e+00       1.141682425130210177e-01
2.930000000000000160e+00       1.140726393039528108e-01
2.939999999999999947e+00       1.139768287466996349e-01
2.950000000000000178e+00       1.138808234700037642e-01
2.959999999999999964e+00       1.137846358952617210e-01
2.970000000000000195e+00       1.136882782368630745e-01
2.979999999999999982e+00       1.135917625026662964e-01
2.990000000000000213e+00       1.134951004946005843e-01
3.000000000000000000e+00       1.133983038093896029e-01
3.009999999999999787e+00       1.133013837629857079e-01
3.020000000000000018e+00       1.132043509233312123e-01
3.029999999999999805e+00       1.131072151417833876e-01
3.040000000000000036e+00       1.130099857930992602e-01
3.049999999999999822e+00       1.129126718715604966e-01
3.060000000000000053e+00       1.128152820480006757e-01
3.069999999999999840e+00       1.127178247022122964e-01
3.080000000000000071e+00       1.126203079827358400e-01
3.089999999999999858e+00       1.125227397864445311e-01
3.100000000000000089e+00       1.124251278071202592e-01
3.109999999999999876e+00       1.123274795445573931e-01
3.120000000000000107e+00       1.122298023179882226e-01
3.129999999999999893e+00       1.121321032775045440e-01
3.140000000000000124e+00       1.120343894143569358e-01
3.149999999999999911e+00       1.119366675694397628e-01
3.160000000000000142e+00       1.118389440569911714e-01
3.169999999999999929e+00       1.117412262099508197e-01
3.180000000000000160e+00       1.116435200732699973e-01
3.189999999999999947e+00       1.115458319538642218e-01
3.200000000000000178e+00       1.114481680382631568e-01
3.209999999999999964e+00       1.113505343968743816e-01
3.220000000000000195e+00       1.112529369874931118e-01
3.229999999999999982e+00       1.111553816587519533e-01
3.240000000000000213e+00       1.110578741530841990e-01
3.250000000000000000e+00       1.109604201094307463e-01
3.259999999999999787e+00       1.108630250656869459e-01
3.270000000000000018e+00       1.107656944609386879e-01
3.279999999999999805e+00       1.106684336374903765e-01
3.290000000000000036e+00       1.105712478427261225e-01
3.299999999999999822e+00       1.104741422308175569e-01
3.310000000000000053e+00       1.103771218642971702e-01
3.319999999999999840e+00       1.102801917156622930e-01
3.330000000000000071e+00       1.101833566681830329e-01
3.339999999999999858e+00       1.100866215179271274e-01
3.350000000000000089e+00       1.099899909744579407e-01
3.359999999999999876e+00       1.098934696620596368e-01
3.370000000000000107e+00       1.097970621207845776e-01
3.379999999999999893e+00       1.097007728074479993e-01
3.390000000000000124e+00       1.096046060965749636e-01
3.399999999999999911e+00       1.095085662813065908e-01
3.410000000000000142e+00       1.094126575742797036e-01
3.419999999999999929e+00       1.093168841084219828e-01
3.430000000000000160e+00       1.092212499378569929e-01
3.439999999999999947e+00       1.091257590386044418e-01
3.450000000000000178e+00       1.090304153093979017e-01
3.459999999999999964e+00       1.089352225724327106e-01
3.470000000000000195e+00       1.088401845741083507e-01
3.479999999999999982e+00       1.087453049857605852e-01
3.490000000000000213e+00       1.086505874043843106e-01
3.500000000000000000e+00       1.085560353533487343e-01
3.509999999999999787e+00       1.084616522831075430e-01
3.520000000000000018e+00       1.083674415719040468e-01
3.529999999999999805e+00       1.082734065264734369e-01
3.540000000000000036e+00       1.081795503827012589e-01
3.549999999999999822e+00       1.080858763064970751e-01
3.560000000000000053e+00       1.079923873695421838e-01
3.569999999999999840e+00       1.078990859928792012e-01
3.580000000000000071e+00       1.078059735264235985e-01
3.589999999999999858e+00       1.077130507001893001e-01
3.600000000000000089e+00       1.076203178362542118e-01
3.609999999999999876e+00       1.075277749575316022e-01
3.620000000000000107e+00       1.074354218592144805e-01
3.629999999999999893e+00       1.073432581619174486e-01
3.640000000000000124e+00       1.072512833512477975e-01
3.649999999999999911e+00       1.071594968105848283e-01
3.660000000000000142e+00       1.070678978463012049e-01
3.669999999999999929e+00       1.069764857096227317e-01
3.680000000000000160e+00       1.068852596140666411e-01
3.689999999999999947e+00       1.067942187504741930e-01
3.700000000000000178e+00       1.067033622988629027e-01
3.709999999999999964e+00       1.066126894433784000e-01
3.720000000000000195e+00       1.065221993659877103e-01
3.729999999999999982e+00       1.064318912759592700e-01
3.740000000000000213e+00       1.063417644014518215e-01
3.750000000000000000e+00       1.062518179983781702e-01
3.759999999999999787e+00       1.061620513547194417e-01
3.770000000000000018e+00       1.060724637940090725e-01
3.779999999999999805e+00       1.059830546784313460e-01
3.790000000000000036e+00       1.058938234107987819e-01
3.799999999999999822e+00       1.058047694365349678e-01
3.810000000000000053e+00       1.057158922449633748e-01
3.819999999999999840e+00       1.056271913702542808e-01
3.830000000000000071e+00       1.055386663920293427e-01
3.839999999999999858e+00       1.054503169356676845e-01
3.850000000000000089e+00       1.053621426723495985e-01
3.859999999999999876e+00       1.052741433188721099e-01
3.870000000000000107e+00       1.051863186372615500e-01
3.879999999999999893e+00       1.050986684342314070e-01
3.890000000000000124e+00       1.050111925604567953e-01
3.899999999999999911e+00       1.049238909097366806e-01
3.910000000000000142e+00       1.048367634180661923e-01
3.919999999999999929e+00       1.047498100625779555e-01
3.930000000000000160e+00       1.046630308604233339e-01
3.939999999999999947e+00       1.045764258675821456e-01
3.950000000000000178e+00       1.044899951776173258e-01
3.959999999999999964e+00       1.044037389203891497e-01
3.970000000000000195e+00       1.043176572607093511e-01
3.979999999999999982e+00       1.042317503970172921e-01
3.990000000000000213e+00       1.041460185599866750e-01
4.000000000000000000e+00       1.040604620111435646e-01
4.009999999999999787e+00       1.039750810414721838e-01
4.019999999999999574e+00       1.038898759700376817e-01
4.030000000000000249e+00       1.038048471425162683e-01
4.040000000000000036e+00       1.037199949299274643e-01
4.049999999999999822e+00       1.036353197271746296e-01
4.059999999999999609e+00       1.035508219517050493e-01
4.070000000000000284e+00       1.034665020421636356e-01
4.080000000000000071e+00       1.033823604570661830e-01
4.089999999999999858e+00       1.032983976734944548e-01
4.099999999999999645e+00       1.032146141858137633e-01
4.110000000000000320e+00       1.031310105040530584e-01
4.120000000000000107e+00       1.030475871540541266e-01
4.129999999999999893e+00       1.029643446742789376e-01
4.139999999999999680e+00       1.028812836159135463e-01
4.150000000000000355e+00       1.027984045414112035e-01
4.160000000000000142e+00       1.027157080233762065e-01
4.169999999999999929e+00       1.026331946434767411e-01
4.179999999999999716e+00       1.025508649913899339e-01
4.190000000000000391e+00       1.024687196637763670e-01
4.200000000000000178e+00       1.023867592632865808e-01
4.209999999999999964e+00       1.023049843975977341e-01
4.219999999999999751e+00       1.022233956784825565e-01
4.230000000000000426e+00       1.021419937209085971e-01
4.240000000000000213e+00       1.020607791421683508e-01
4.250000000000000000e+00       1.019797525610392219e-01
4.259999999999999787e+00       1.018989145969757676e-01
4.269999999999999574e+00       1.018182658693292525e-01
4.280000000000000249e+00       1.017378069965989007e-01
4.290000000000000036e+00       1.016575385957111249e-01
4.299999999999999822e+00       1.015774612813275524e-01
4.309999999999999609e+00       1.014975756651818606e-01
4.320000000000000284e+00       1.014178823554432451e-01
4.330000000000000071e+00       1.013383819561082394e-01
4.339999999999999858e+00       1.012590750664179723e-01
4.349999999999999645e+00       1.011799622803026127e-01
4.360000000000000320e+00       1.011010441858503917e-01
4.370000000000000107e+00       1.010223213648020063e-01
4.379999999999999893e+00       1.009437943920692693e-01
4.389999999999999680e+00       1.008654638352773358e-01
4.400000000000000355e+00       1.007873302543303429e-01
4.410000000000000142e+00       1.007093942009996690e-01
4.419999999999999929e+00       1.006316562185331775e-01
4.429999999999999716e+00       1.005541168412871916e-01
4.440000000000000391e+00       1.004767765943786056e-01
4.450000000000000178e+00       1.003996359933568144e-01
4.459999999999999964e+00       1.003226955438955570e-01
4.469999999999999751e+00       1.002459557415043001e-01
4.480000000000000426e+00       1.001694170712568027e-01
4.490000000000000213e+00       1.000930800075390120e-01
4.500000000000000000e+00       1.000169450138105182e-01
4.509999999999999787e+00       9.994101254239551313e-02
4.519999999999999574e+00       9.986528303426606135e-02
4.530000000000000249e+00       9.978975691886483868e-02
4.540000000000000036e+00       9.971443461393060537e-02
4.549999999999999822e+00       9.963931652534156747e-02
4.559999999999999609e+00       9.956440304697219967e-02
4.570000000000000284e+00       9.948969456056359906e-02
4.580000000000000071e+00       9.941519143560804961e-02
4.589999999999999858e+00       9.934089402924517476e-02
4.599999999999999645e+00       9.926680268617071867e-02
4.610000000000000320e+00       9.919291773855724859e-02
4.620000000000000107e+00       9.911923950598590383e-02
4.629999999999999893e+00       9.904576829538949689e-02
4.639999999999999680e+00       9.897250440091527601e-02
4.650000000000000355e+00       9.889944810425074784e-02
4.660000000000000142e+00       9.882659967405214851e-02
4.669999999999999929e+00       9.875395936578378053e-02
4.679999999999999716e+00       9.868152742356062213e-02
4.690000000000000391e+00       9.860930407733793646e-02
4.700000000000000178e+00       9.853728954473268964e-02
4.709999999999999964e+00       9.846548403059883492e-02
4.719999999999999751e+00       9.839388772705043307e-02
4.730000000000000426e+00       9.832250081349179494e-02
4.740000000000000213e+00       9.825132345666182099e-02
4.750000000000000000e+00       9.818035581064865625e-02
4.759999999999999787e+00       9.810959801698206084e-02
4.769999999999999574e+00       9.803905020466127662e-02
4.780000000000000249e+00       9.796871249027282180e-02
4.790000000000000036e+00       9.789858497780315472e-02
4.799999999999999822e+00       9.782866775922371971e-02
4.809999999999999609e+00       9.775896091404182031e-02
4.820000000000000284e+00       9.768946450967282147e-02
4.830000000000000071e+00       9.762017860142825632e-02
4.839999999999999858e+00       9.755110323264323813e-02
4.849999999999999645e+00       9.748223843472902939e-02
4.860000000000000320e+00       9.741358422736966227e-02
4.870000000000000107e+00       9.734514061834011189e-02
4.879999999999999893e+00       9.727690760411344950e-02
4.889999999999999680e+00       9.720888516947616409e-02
4.900000000000000355e+00       9.714107328786837636e-02
4.910000000000000142e+00       9.707347192149654025e-02
4.919999999999999929e+00       9.700608102137654731e-02
4.929999999999999716e+00       9.693890052749708219e-02
4.940000000000000391e+00       9.687193036892766118e-02
4.950000000000000178e+00       9.680517046393939673e-02
4.959999999999999964e+00       9.673862072012741342e-02
4.969999999999999751e+00       9.667228103453592847e-02
4.980000000000000426e+00       9.660615129378405386e-02
4.990000000000000213e+00       9.654023137419286138e-02
5.000000000000000000e+00       9.647452113591939438e-02
5.009999999999999787e+00       9.640902044722680919e-02
5.019999999999999574e+00       9.634372914815500510e-02
5.030000000000000249e+00       9.627864707513186793e-02
5.040000000000000036e+00       9.621377405494113688e-02
5.049999999999999822e+00       9.614910990485511788e-02
5.059999999999999609e+00       9.608465443276856255e-02
5.070000000000000284e+00       9.602040743733289418e-02
5.080000000000000071e+00       9.595636870809080843e-02
5.089999999999999858e+00       9.589253802561090168e-02
5.099999999999999645e+00       9.582891516162328482e-02
5.110000000000000320e+00       9.576549987915418394e-02
5.120000000000000107e+00       9.570229193266133194e-02
5.129999999999999893e+00       9.563929106816958237e-02
5.139999999999999680e+00       9.557649702340483000e-02
5.150000000000000355e+00       9.551390952793012423e-02
5.160000000000000142e+00       9.545152830327953419e-02
5.169999999999999929e+00       9.538935306309295759e-02
5.179999999999999716e+00       9.532738351324922255e-02
5.190000000000000391e+00       9.526561935200035525e-02
5.200000000000000178e+00       9.520406027010443195e-02
5.209999999999999964e+00       9.514270595095819516e-02
5.219999999999999751e+00       9.508155607072693583e-02
5.230000000000000426e+00       9.502061029847948259e-02
5.240000000000000213e+00       9.495986829631561377e-02
5.250000000000000000e+00       9.489932971949724405e-02
5.259999999999999787e+00       9.483899421657679407e-02
5.269999999999999574e+00       9.477886142952626769e-02
5.280000000000000249e+00       9.471893099373991654e-02
5.290000000000000036e+00       9.465920253865856004e-02
5.299999999999999822e+00       9.459967568714690300e-02
5.309999999999999609e+00       9.454035005611863274e-02
5.320000000000000284e+00       9.448122525653458725e-02
5.330000000000000071e+00       9.442230089352526834e-02
5.339999999999999858e+00       9.436357656651343795e-02
5.349999999999999645e+00       9.430505186933380024e-02
5.360000000000000320e+00       9.424672639035329424e-02
5.370000000000000107e+00       9.418859971259778419e-02
5.379999999999999893e+00       9.413067141383674175e-02
5.389999999999999680e+00       9.407294106674542189e-02
5.400000000000000355e+00       9.401540823900023103e-02
5.410000000000000142e+00       9.395807249338225531e-02
5.419999999999999929e+00       9.390093338790246602e-02
5.429999999999999716e+00       9.384399047588920517e-02
5.440000000000000391e+00       9.378724330620615002e-02
5.450000000000000178e+00       9.373069142314570390e-02
5.459999999999999964e+00       9.367433436675755287e-02
5.469999999999999751e+00       9.361817167283473240e-02
5.480000000000000426e+00       9.356220287305881678e-02
5.490000000000000213e+00       9.350642749508973617e-02
5.500000000000000000e+00       9.345084506268529212e-02
5.509999999999999787e+00       9.339545509578352223e-02
5.519999999999999574e+00       9.334025711059602826e-02
5.530000000000000249e+00       9.328525061980746935e-02
5.540000000000000036e+00       9.323043513246961900e-02
5.549999999999999822e+00       9.317581015430168034e-02
5.559999999999999609e+00       9.312137518768524858e-02
5.570000000000000284e+00       9.306712973178482562e-02
5.580000000000000071e+00       9.301307328262052587e-02
5.589999999999999858e+00       9.295920533319100565e-02
5.599999999999999645e+00       9.290552537354468399e-02
5.610000000000000320e+00       9.285203289087409773e-02
5.620000000000000107e+00       9.279872736960538548e-02
5.629999999999999893e+00       9.274560829148517649e-02
5.639999999999999680e+00       9.269267513566703531e-02
5.650000000000000355e+00       9.263992737879662986e-02
5.660000000000000142e+00       9.258736449509556710e-02
5.669999999999999929e+00       9.253498595644400748e-02
5.679999999999999716e+00       9.248279122412274289e-02
5.690000000000000391e+00       9.243077978244872150e-02
5.700000000000000178e+00       9.237895108821625456e-02
5.709999999999999964e+00       9.232730460720403598e-02
5.719999999999999751e+00       9.227583979585370078e-02
5.730000000000000426e+00       9.222455611613973592e-02
5.740000000000000213e+00       9.217345302576968047e-02
5.750000000000000000e+00       9.212252998072871513e-02
5.759999999999999787e+00       9.207178643535231244e-02
5.769999999999999574e+00       9.202122184239702740e-02
5.780000000000000249e+00       9.197083565311107989e-02
5.790000000000000036e+00       9.192062731730268887e-02
5.799999999999999822e+00       9.187059628340807360e-02
5.809999999999999609e+00       9.182074199855851104e-02
5.820000000000000284e+00       9.177106390864575580e-02
5.830000000000000071e+00       9.172156145838654406e-02
5.839999999999999858e+00       9.167223409138613999e-02
5.849999999999999645e+00       9.162308125020141025e-02
5.860000000000000320e+00       9.157410237640152550e-02
5.870000000000000107e+00       9.152529690826308184e-02
5.879999999999999893e+00       9.147666429029199797e-02
5.889999999999999680e+00       9.142820395908798914e-02
5.900000000000000355e+00       9.137991535286528466e-02
5.910000000000000142e+00       9.133179790914273954e-02
5.919999999999999929e+00       9.128385106479966482e-02
5.929999999999999716e+00       9.123607425613015909e-02
5.940000000000000391e+00       9.118846691889657963e-02
5.950000000000000178e+00       9.114102848838265269e-02
5.959999999999999964e+00       9.109375839944440501e-02
5.969999999999999751e+00       9.104665608656124787e-02
5.980000000000000426e+00       9.099972098388621478e-02
5.990000000000000213e+00       9.095295252529421448e-02
6.000000000000000000e+00       9.090635014443053386e-02
6.009999999999999787e+00       9.085991327470571699e-02
6.019999999999999574e+00       9.081364134901445673e-02
6.030000000000000249e+00       9.076753379978752534e-02
6.040000000000000036e+00       9.072159005919112895e-02
6.049999999999999822e+00       9.067580955923036645e-02
6.059999999999999609e+00       9.063019173331871015e-02
6.070000000000000284e+00       9.058473601034468248e-02
6.080000000000000071e+00       9.053944182379290717e-02
6.089999999999999858e+00       9.049430860568687118e-02
6.099999999999999645e+00       9.044933578821612308e-02
6.110000000000000320e+00       9.040452280376543026e-02
6.120000000000000107e+00       9.035986908496412839e-02
6.129999999999999893e+00       9.031537406472858742e-02
6.139999999999999680e+00       9.027103717630671764e-02
6.150000000000000355e+00       9.022685785331735486e-02
6.160000000000000142e+00       9.018283552979308726e-02
6.169999999999999929e+00       9.013896964021742009e-02
6.179999999999999716e+00       9.009525961956287021e-02
6.190000000000000391e+00       9.005170490332808919e-02
6.200000000000000178e+00       9.000830492757211365e-02
6.209999999999999964e+00       8.996505912895060020e-02
6.219999999999999751e+00       8.992196694474868801e-02
6.230000000000000426e+00       8.987902781291401411e-02
6.240000000000000213e+00       8.983624117208814652e-02
6.250000000000000000e+00       8.979360646163825344e-02
6.259999999999999787e+00       8.975112312168732898e-02
6.269999999999999574e+00       8.970879059314224024e-02
6.280000000000000249e+00       8.966660831772461926e-02
6.290000000000000036e+00       8.962457573799777200e-02
6.299999999999999822e+00       8.958269229739392048e-02
6.309999999999999609e+00       8.954095744024075099e-02
6.320000000000000284e+00       8.949937061178729614e-02
6.330000000000000071e+00       8.945793125822931735e-02
6.339999999999999858e+00       8.941663882673404895e-02
6.349999999999999645e+00       8.937549276546363775e-02
6.360000000000000320e+00       8.933449252359841608e-02
6.370000000000000107e+00       8.929363755152924798e-02
6.379999999999999893e+00       8.925292730020900622e-02
6.389999999999999680e+00       8.921236122217141018e-02
6.400000000000000355e+00       8.917193877089221732e-02
6.410000000000000142e+00       8.913165940097382556e-02
6.419999999999999929e+00       8.909152256848493212e-02
6.429999999999999716e+00       8.905152772970928443e-02
6.440000000000000391e+00       8.901167434305547188e-02
6.450000000000000178e+00       8.897196186782507787e-02
6.459999999999999964e+00       8.893238976453962663e-02
6.469999999999999751e+00       8.889295749495861043e-02
6.480000000000000426e+00       8.885366452555019945e-02
6.490000000000000213e+00       8.881451031367941507e-02
6.500000000000000000e+00       8.877549432838659216e-02
6.509999999999999787e+00       8.873661603654724173e-02
6.519999999999999574e+00       8.869787490635422378e-02
6.530000000000000249e+00       8.865927040733287412e-02
6.540000000000000036e+00       8.862080201035486826e-02
6.549999999999999822e+00       8.858246918765221023e-02
6.559999999999999609e+00       8.854427141283036096e-02
6.570000000000000284e+00       8.850620816088142218e-02
6.580000000000000071e+00       8.846827890819640439e-02
6.589999999999999858e+00       8.843048313257785564e-02
6.599999999999999645e+00       8.839282031325117195e-02
6.610000000000000320e+00       8.835528993087626848e-02
6.620000000000000107e+00       8.831789146755877895e-02
6.629999999999999893e+00       8.828062440686029744e-02
6.639999999999999680e+00       8.824348823380910589e-02
6.650000000000000355e+00       8.820648243491030494e-02
6.660000000000000142e+00       8.816960649483697454e-02
6.669999999999999929e+00       8.813285990971225781e-02
6.679999999999999716e+00       8.809624216720825240e-02
6.690000000000000391e+00       8.805975275982962092e-02
6.700000000000000178e+00       8.802339118160300291e-02
6.709999999999999964e+00       8.798715692808427302e-02
6.719999999999999751e+00       8.795104949636706193e-02
6.730000000000000426e+00       8.791506838509005606e-02
6.740000000000000213e+00       8.787921309444397810e-02
6.750000000000000000e+00       8.784348312617880350e-02
6.759999999999999787e+00       8.780787798360976948e-02
6.769999999999999574e+00       8.777239717162482746e-02
6.780000000000000249e+00       8.773704019668933374e-02
6.790000000000000036e+00       8.770180656685498677e-02
6.799999999999999822e+00       8.766669579175549731e-02
6.809999999999999609e+00       8.763170738263005577e-02
6.820000000000000284e+00       8.759684085231064787e-02
6.830000000000000071e+00       8.756209571523794477e-02
6.839999999999999858e+00       8.752747148745355921e-02
6.849999999999999645e+00       8.749296768662466472e-02
6.860000000000000320e+00       8.745858383202848030e-02
6.870000000000000107e+00       8.742431944456530157e-02
6.879999999999999893e+00       8.739017404676130418e-02
6.889999999999999680e+00       8.735614716483670883e-02
6.900000000000000355e+00       8.732223832043232992e-02
6.910000000000000142e+00       8.728844704304969393e-02
6.919999999999999929e+00       8.725477286174819491e-02
6.929999999999999716e+00       8.722121530722751204e-02
6.940000000000000391e+00       8.718777391183055170e-02
6.950000000000000178e+00       8.715444820954464100e-02
6.959999999999999964e+00       8.712123773600512211e-02
6.969999999999999751e+00       8.708814202849571307e-02
6.980000000000000426e+00       8.705516062595124172e-02
6.990000000000000213e+00       8.702229306895886696e-02
7.000000000000000000e+00       8.698953889975905018e-02
7.009999999999999787e+00       8.695689766089653716e-02
7.019999999999999574e+00       8.692436890062534005e-02
7.030000000000000249e+00       8.689195216480094519e-02
7.040000000000000036e+00       8.685964700228827884e-02
7.049999999999999822e+00       8.682745296361069065e-02
7.059999999999999609e+00       8.679536960094937081e-02
7.070000000000000284e+00       8.676339646814396067e-02
7.080000000000000071e+00       8.673153312069324661e-02
7.089999999999999858e+00       8.669977911575393881e-02
7.099999999999999645e+00       8.666813401214118473e-02
7.110000000000000320e+00       8.663659737032823605e-02
7.120000000000000107e+00       8.660516875244587964e-02
7.129999999999999893e+00       8.657384772228170211e-02
7.139999999999999680e+00       8.654263384527979830e-02
7.150000000000000355e+00       8.651152668853903660e-02
7.160000000000000142e+00       8.648052582081325323e-02
7.169999999999999929e+00       8.644963081250928161e-02
7.179999999999999716e+00       8.641884123568609188e-02
7.190000000000000391e+00       8.638815666405340321e-02
7.200000000000000178e+00       8.635757667297015716e-02
7.209999999999999964e+00       8.632710083944339363e-02
7.219999999999999751e+00       8.629672874212579448e-02
7.230000000000000426e+00       8.626645996131485084e-02
7.240000000000000213e+00       8.623629407919000678e-02
7.250000000000000000e+00       8.620623067885858914e-02
7.259999999999999787e+00       8.617626934577281295e-02
7.269999999999999574e+00       8.614640966678784040e-02
7.280000000000000249e+00       8.611665123039301262e-02
7.290000000000000036e+00       8.608699362670947652e-02
7.299999999999999822e+00       8.605743644734860365e-02
7.309999999999999609e+00       8.602797928596137012e-02
7.320000000000000284e+00       8.599862173741408544e-02
7.330000000000000071e+00       8.596936339832977891e-02
7.339999999999999858e+00       8.594020386695026825e-02
7.349999999999999645e+00       8.591114274313332855e-02
7.360000000000000320e+00       8.588217962834962527e-02
7.370000000000000107e+00       8.585331412567998033e-02
7.379999999999999893e+00       8.582454583981238838e-02
7.389999999999999680e+00       8.579587437703832531e-02
7.400000000000000355e+00       8.576729934525018084e-02
7.410000000000000142e+00       8.573882035393774748e-02
7.419999999999999929e+00       8.571043701418472327e-02
7.429999999999999716e+00       8.568214893866565873e-02
7.440000000000000391e+00       8.565395574164226533e-02
7.450000000000000178e+00       8.562585703895972400e-02
7.459999999999999964e+00       8.559785244804367366e-02
7.469999999999999751e+00       8.556994158789567317e-02
7.480000000000000426e+00       8.554212407909060623e-02
7.490000000000000213e+00       8.551439954377215713e-02
7.500000000000000000e+00       8.548676760564909161e-02
7.509999999999999787e+00       8.545922788999166242e-02
7.519999999999999574e+00       8.543178002362766810e-02
7.530000000000000249e+00       8.540442363493827571e-02
7.540000000000000036e+00       8.537715835385427388e-02
7.549999999999999822e+00       8.534998381185165961e-02
7.559999999999999609e+00       8.532289964194834930e-02
7.570000000000000284e+00       8.529590547869884964e-02
7.580000000000000071e+00       8.526900095819105185e-02
7.589999999999999858e+00       8.524218571804190181e-02
7.599999999999999645e+00       8.521545939739272324e-02
7.610000000000000320e+00       8.518882163690499887e-02
7.620000000000000107e+00       8.516227207875658178e-02
7.629999999999999893e+00       8.513581036663660229e-02
7.639999999999999680e+00       8.510943614574155436e-02
7.650000000000000355e+00       8.508314906277084089e-02
7.660000000000000142e+00       8.505694876592198583e-02
7.669999999999999929e+00       8.503083490488641538e-02
7.679999999999999716e+00       8.500480713084479500e-02
7.690000000000000391e+00       8.497886509646272735e-02
7.700000000000000178e+00       8.495300845588564520e-02
7.709999999999999964e+00       8.492723686473499511e-02
7.719999999999999751e+00       8.490154998010275567e-02
7.730000000000000426e+00       8.487594746054728800e-02
7.740000000000000213e+00       8.485042896608854801e-02
7.750000000000000000e+00       8.482499415820315969e-02
7.759999999999999787e+00       8.479964269981941916e-02
7.769999999999999574e+00       8.477437425531611503e-02
7.780000000000000249e+00       8.474918849050941394e-02
7.790000000000000036e+00       8.472408507265703770e-02
7.799999999999999822e+00       8.469906367044852114e-02
7.809999999999999609e+00       8.467412395400203406e-02
7.820000000000000284e+00       8.464926559485841384e-02
7.830000000000000071e+00       8.462448826597743223e-02
7.839999999999999858e+00       8.459979164173236921e-02
7.849999999999999645e+00       8.457517539790510019e-02
7.860000000000000320e+00       8.455063921168137764e-02
7.870000000000000107e+00       8.452618276164559907e-02
7.879999999999999893e+00       8.450180572777625521e-02
7.889999999999999680e+00       8.447750779144082289e-02
7.900000000000000355e+00       8.445328863539088016e-02
7.910000000000000142e+00       8.442914794375676324e-02
7.919999999999999929e+00       8.440508540204320898e-02
7.929999999999999716e+00       8.438110069712392858e-02
7.940000000000000391e+00       8.435719351723662551e-02
7.950000000000000178e+00       8.433336355197816603e-02
7.959999999999999964e+00       8.430961049037863364e-02
7.969999999999999751e+00       8.428593402858185202e-02
7.980000000000000426e+00       8.426233385830862732e-02
7.990000000000000213e+00       8.423880967454197566e-02
8.000000000000000000e+00       8.421536117359919305e-02
8.009999999999999787e+00       8.419198805312612388e-02
8.019999999999999574e+00       8.416869001209299761e-02
8.029999999999999361e+00       8.414546675078866944e-02
8.039999999999999147e+00       8.412231797081562434e-02
8.050000000000000711e+00       8.409924337508550840e-02
8.060000000000000497e+00       8.407624266781330014e-02
8.070000000000000284e+00       8.405331555451300840e-02
8.080000000000000071e+00       8.403046174199210738e-02
8.089999999999999858e+00       8.400768093834644346e-02
8.099999999999999645e+00       8.398497285295790371e-02
8.109999999999999432e+00       8.396233719647985816e-02
8.119999999999999218e+00       8.393977368084620805e-02
8.130000000000000782e+00       8.391728201925639785e-02
8.140000000000000568e+00       8.389486192617366667e-02
8.150000000000000355e+00       8.387251311731903913e-02
8.160000000000000142e+00       8.385023530966746741e-02
8.169999999999999929e+00       8.382802822144137800e-02
8.179999999999999716e+00       8.380589157210655005e-02
8.189999999999999503e+00       8.378382508236731363e-02
8.199999999999999289e+00       8.376182847416031862e-02
8.210000000000000853e+00       8.373990147065070444e-02
8.220000000000000639e+00       8.371804379622682646e-02
8.230000000000000426e+00       8.369625517649464941e-02
8.240000000000000213e+00       8.367453533827333423e-02
8.250000000000000000e+00       8.365288400959002002e-02
8.259999999999999787e+00       8.363130091994054605e-02
8.269999999999999574e+00       8.360978579922091758e-02
8.279999999999999361e+00       8.358833837931892163e-02
8.289999999999999147e+00       8.356695839304396911e-02
8.300000000000000711e+00       8.354564557438849681e-02
8.310000000000000497e+00       8.352439965852291592e-02
8.320000000000000284e+00       8.350322038179092132e-02
8.330000000000000071e+00       8.348210748170460660e-02
8.339999999999999858e+00       8.346106069693921825e-02
8.349999999999999645e+00       8.344007976732828458e-02
8.359999999999999432e+00       8.341916443385886948e-02
8.369999999999999218e+00       8.339831443866678462e-02
8.380000000000000782e+00       8.337752952503114934e-02
8.390000000000000568e+00       8.335680943737003301e-02
8.400000000000000355e+00       8.333615392123561172e-02
8.410000000000000142e+00       8.331556272330827018e-02
8.419999999999999929e+00       8.329503559139349311e-02
8.429999999999999716e+00       8.327457227441546761e-02
8.439999999999999503e+00       8.325417252241322508e-02
8.449999999999999289e+00       8.323383608653496524e-02
8.460000000000000853e+00       8.321356271903401769e-02
8.470000000000000639e+00       8.319335217326380427e-02
8.480000000000000426e+00       8.317320420367256550e-02
8.490000000000000213e+00       8.315311856579951644e-02
8.500000000000000000e+00       8.313309501626915676e-02
8.509999999999999787e+00       8.311313331278696870e-02
8.519999999999999574e+00       8.309323321413471242e-02
8.529999999999999361e+00       8.307339448016541616e-02
8.539999999999999147e+00       8.305361687179901864e-02
8.550000000000000711e+00       8.303390015101720645e-02
8.560000000000000497e+00       8.301424408085908424e-02
8.570000000000000284e+00       8.299464842541666443e-02
8.580000000000000071e+00       8.297511294982946872e-02
8.589999999999999858e+00       8.295563742028042031e-02
8.599999999999999645e+00       8.293622160399137522e-02
8.609999999999999432e+00       8.291686526921789036e-02
8.619999999999999218e+00       8.289756818524524062e-02
8.630000000000000782e+00       8.287833012238313146e-02
8.640000000000000568e+00       8.285915085196188246e-02
8.650000000000000355e+00       8.284003014632712603e-02
8.660000000000000142e+00       8.282096777883576899e-02
8.669999999999999929e+00       8.280196352385119085e-02
8.679999999999999716e+00       8.278301715673891392e-02
8.689999999999999503e+00       8.276412845386156569e-02
8.699999999999999289e+00       8.274529719257500693e-02
8.710000000000000853e+00       8.272652315122358546e-02
8.720000000000000639e+00       8.270780610913552877e-02
8.730000000000000426e+00       8.268914584661835043e-02
8.740000000000000213e+00       8.267054214495501985e-02
8.750000000000000000e+00       8.265199478639853603e-02
8.759999999999999787e+00       8.263350355416809734e-02
8.769999999999999574e+00       8.261506823244460507e-02
8.779999999999999361e+00       8.259668860636509846e-02
8.789999999999999147e+00       8.257836446201916036e-02
8.800000000000000711e+00       8.256009558644275548e-02
8.810000000000000497e+00       8.254188176761211027e-02
8.820000000000000284e+00       8.252372279443531689e-02
8.830000000000000071e+00       8.250561845673438921e-02
8.839999999999999858e+00       8.248756854519904980e-02
8.849999999999999645e+00       8.246957285116196523e-02
8.859999999999999432e+00       8.245163116348783183e-02
8.869999999999999218e+00       8.243374329989572313e-02
8.880000000000000782e+00       8.241590901631180854e-02
8.890000000000000568e+00       8.239812813026153870e-02
8.900000000000000355e+00       8.238040043516847710e-02
8.910000000000000142e+00       8.236272572788527757e-02
8.919999999999999929e+00       8.234510380640977512e-02
8.929999999999999716e+00       8.232753446969119648e-02
8.939999999999999503e+00       8.231001751758855456e-02
8.949999999999999289e+00       8.229255275085384236e-02
8.960000000000000853e+00       8.227513997112402555e-02
8.970000000000000639e+00       8.225777898091557461e-02
8.980000000000000426e+00       8.224046958361887205e-02
8.990000000000000213e+00       8.222321158349399361e-02
9.000000000000000000e+00       8.220600478566664204e-02
9.009999999999999787e+00       8.218884899467011895e-02
9.019999999999999574e+00       8.217174400536379764e-02
9.029999999999999361e+00       8.215468960295617407e-02
9.039999999999999147e+00       8.213768556715428382e-02
9.050000000000000711e+00       8.212073167373667992e-02
9.060000000000000497e+00       8.210382769545483683e-02
9.070000000000000284e+00       8.208697340268099329e-02
9.080000000000000071e+00       8.207016856378482328e-02
9.089999999999999858e+00       8.205341294563762988e-02
9.099999999999999645e+00       8.203670631376951128e-02
9.109999999999999432e+00       8.202004843274028623e-02
9.119999999999999218e+00       8.200343906631341051e-02
9.130000000000000782e+00       8.198687797758484608e-02
9.140000000000000568e+00       8.197036492925058315e-02
9.150000000000000355e+00       8.195389968368962941e-02
9.160000000000000142e+00       8.193748200310999041e-02
9.169999999999999929e+00       8.192111164966653369e-02
9.179999999999999716e+00       8.190478838559550612e-02
9.189999999999999503e+00       8.188851197320523578e-02
9.199999999999999289e+00       8.187228217511642592e-02
9.210000000000000853e+00       8.185609875424675053e-02
9.220000000000000639e+00       8.183996147390759646e-02
9.230000000000000426e+00       8.182387009787275844e-02
9.240000000000000213e+00       8.180782439043637888e-02
9.250000000000000000e+00       8.179182411652799467e-02
9.259999999999999787e+00       8.177586904159603320e-02
9.269999999999999574e+00       8.175995893187976149e-02
9.279999999999999361e+00       8.174409355432063484e-02
9.289999999999999147e+00       8.172827267663680673e-02
9.300000000000000711e+00       8.171249606736187554e-02
9.310000000000000497e+00       8.169676349588363140e-02
9.320000000000000284e+00       8.168107473247672445e-02
9.330000000000000071e+00       8.166542954833584667e-02
9.339999999999999858e+00       8.164982771564854858e-02
9.349999999999999645e+00       8.163426900745174297e-02
9.359999999999999432e+00       8.161875319790798389e-02
9.369999999999999218e+00       8.160328006216684138e-02
9.380000000000000782e+00       8.158784937680815808e-02
9.390000000000000568e+00       8.157246091833174340e-02
9.400000000000000355e+00       8.155711446547539434e-02
9.410000000000000142e+00       8.154180979769841409e-02
9.419999999999999929e+00       8.152654669558158373e-02
9.429999999999999716e+00       8.151132494084230296e-02
9.439999999999999503e+00       8.149614431634789879e-02
9.449999999999999289e+00       8.148100460612903162e-02
9.460000000000000853e+00       8.146590559539065857e-02
9.470000000000000639e+00       8.145084707052317741e-02
9.480000000000000426e+00       8.143582881911137772e-02
9.490000000000000213e+00       8.142085062994418310e-02
9.500000000000000000e+00       8.140591229302179821e-02
9.509999999999999787e+00       8.139101359956295301e-02
9.519999999999999574e+00       8.137615434201141140e-02
9.529999999999999361e+00       8.136133431404132810e-02
9.539999999999999147e+00       8.134655331056273031e-02
9.550000000000000711e+00       8.133181112772373822e-02
9.560000000000000497e+00       8.131710756291526954e-02
9.570000000000000284e+00       8.130244241477153910e-02
9.580000000000000071e+00       8.128781548316908745e-02
9.589999999999999858e+00       8.127322656921988353e-02
9.599999999999999645e+00       8.125867547524430468e-02
9.609999999999999432e+00       8.124416200698961199e-02
9.619999999999999218e+00       8.122968596588053813e-02
9.630000000000000782e+00       8.121524715962867569e-02
9.640000000000000568e+00       8.120084539565392001e-02
9.650000000000000355e+00       8.118648048263106543e-02
9.660000000000000142e+00       8.117215223203952390e-02
9.669999999999999929e+00       8.115786045157522000e-02
9.679999999999999716e+00       8.114360495575922982e-02
9.689999999999999503e+00       8.112938555819662612e-02
9.699999999999999289e+00       8.111520207378331015e-02
9.710000000000000853e+00       8.110105431867575820e-02
9.720000000000000639e+00       8.108694211027984988e-02
9.730000000000000426e+00       8.107286526724348519e-02
9.740000000000000213e+00       8.105882360945190768e-02
9.750000000000000000e+00       8.104481695802352725e-02
9.759999999999999787e+00       8.103084513530520172e-02
9.769999999999999574e+00       8.101690796486890611e-02
9.779999999999999361e+00       8.100300527150659791e-02
9.789999999999999147e+00       8.098913688122620635e-02
9.800000000000000711e+00       8.097530262124681688e-02
9.810000000000000497e+00       8.096150231999442448e-02
9.820000000000000284e+00       8.094773580709627159e-02
9.830000000000000071e+00       8.093400291337668473e-02
9.839999999999999858e+00       8.092030347085163444e-02
9.849999999999999645e+00       8.090663731272240700e-02
9.859999999999999432e+00       8.089300427337239863e-02
9.869999999999999218e+00       8.087940418835953826e-02
9.880000000000000782e+00       8.086583689441122214e-02
9.890000000000000568e+00       8.085230222941952594e-02
9.900000000000000355e+00       8.083880003243372470e-02
9.910000000000000142e+00       8.082533014365590740e-02
9.919999999999999929e+00       8.081189240443358013e-02
9.929999999999999716e+00       8.079848665725450352e-02
9.939999999999999503e+00       8.078511274574000367e-02
9.949999999999999289e+00       8.077177051463935165e-02
9.960000000000000853e+00       8.075845980982181149e-02
9.970000000000000639e+00       8.074518047827279610e-02
9.980000000000000426e+00       8.073193236808499929e-02
9.990000000000000213e+00       8.071871532845285857e-02
