1.000000000000000021e-02       0.000000000000000000e+00
2.000000000000000042e-02       0.000000000000000000e+00
2.999999999999999889e-02       0.000000000000000000e+00
4.000000000000000083e-02       0.000000000000000000e+00
5.000000000000000278e-02       0.000000000000000000e+00
5.999999999999999778e-02       0.000000000000000000e+00
7.000000000000000666e-02       0.000000000000000000e+00
8.000000000000000167e-02       0.000000000000000000e+00
8.999999999999999667e-02       0.000000000000000000e+00
1.000000000000000056e-01       0.000000000000000000e+00
1.100000000000000006e-01       0.000000000000000000e+00
1.199999999999999956e-01       0.000000000000000000e+00
1.300000000000000044e-01       0.000000000000000000e+00
1.400000000000000133e-01       0.000000000000000000e+00
1.499999999999999944e-01       0.000000000000000000e+00
1.600000000000000033e-01       0.000000000000000000e+00
1.700000000000000122e-01       0.000000000000000000e+00
1.799999999999999933e-01       0.000000000000000000e+00
1.900000000000000022e-01       0.000000000000000000e+00
2.000000000000000111e-01       0.000000000000000000e+00
2.099999999999999922e-01       0.000000000000000000e+00
2.200000000000000011e-01       0.000000000000000000e+00
2.300000000000000100e-01       0.000000000000000000e+00
2.399999999999999911e-01       0.000000000000000000e+00
2.500000000000000000e-01       0.000000000000000000e+00
2.600000000000000089e-01       0.000000000000000000e+00
2.700000000000000178e-01       0.000000000000000000e+00
2.800000000000000266e-01       0.000000000000000000e+00
2.899999999999999800e-01       0.000000000000000000e+00
2.999999999999999889e-01       0.000000000000000000e+00
3.099999999999999978e-01       0.000000000000000000e+00
3.200000000000000067e-01       0.000000000000000000e+00
3.300000000000000155e-01       0.000000000000000000e+00
3.400000000000000244e-01       0.000000000000000000e+00
3.499999999999999778e-01       0.000000000000000000e+00
3.599999999999999867e-01       0.000000000000000000e+00
3.699999999999999956e-01       0.000000000000000000e+00
3.800000000000000044e-01       0.000000000000000000e+00
3.900000000000000133e-01       0.000000000000000000e+00
4.000000000000000222e-01       0.000000000000000000e+00
4.099999999999999756e-01       0.000000000000000000e+00
4.199999999999999845e-01       0.000000000000000000e+00
4.299999999999999933e-01       0.000000000000000000e+00
4.400000000000000022e-01       0.000000000000000000e+00
4.500000000000000111e-01       0.000000000000000000e+00
4.600000000000000200e-01       0.000000000000000000e+00
4.699999999999999734e-01       0.000000000000000000e+00
4.799999999999999822e-01       0.000000000000000000e+00
4.899999999999999911e-01       0.000000000000000000e+00
5.000000000000000000e-01       0.000000000000000000e+00
5.100000000000000089e-01       0.000000000000000000e+00
5.200000000000000178e-01       0.000000000000000000e+00
5.300000000000000266e-01       0.000000000000000000e+00
5.400000000000000355e-01       0.000000000000000000e+00
5.500000000000000444e-01       0.000000000000000000e+00
5.600000000000000533e-01       0.000000000000000000e+00
5.699999999999999512e-01       0.000000000000000000e+00
5.799999999999999600e-01       0.000000000000000000e+00
5.899999999999999689e-01       0.000000000000000000e+00
5.999999999999999778e-01       0.000000000000000000e+00
6.099999999999999867e-01       0.000000000000000000e+00
6.199999999999999956e-01       0.000000000000000000e+00
6.300000000000000044e-01       0.000000000000000000e+00
6.400000000000000133e-01       0.000000000000000000e+00
6.500000000000000222e-01       0.000000000000000000e+00
6.600000000000000311e-01       0.000000000000000000e+00
6.700000000000000400e-01       0.000000000000000000e+00
6.800000000000000488e-01       0.000000000000000000e+00
6.899999999999999467e-01       0.000000000000000000e+00
6.999999999999999556e-01       0.000000000000000000e+00
7.099999999999999645e-01       0.000000000000000000e+00
7.199999999999999734e-01       0.000000000000000000e+00
7.299999999999999822e-01       0.000000000000000000e+00
7.399999999999999911e-01       0.000000000000000000e+00
7.500000000000000000e-01       0.000000000000000000e+00
7.600000000000000089e-01       0.000000000000000000e+00
7.700000000000000178e-01       0.000000000000000000e+00
7.800000000000000266e-01       0.000000000000000000e+00
7.900000000000000355e-01       0.000000000000000000e+00
8.000000000000000444e-01       0.000000000000000000e+00
8.100000000000000533e-01       0.000000000000000000e+00
8.199999999999999512e-01       0.000000000000000000e+00
8.299999999999999600e-01       0.000000000000000000e+00
8.399999999999999689e-01       0.000000000000000000e+00
8.499999999999999778e-01       0.000000000000000000e+00
8.599999999999999867e-01       0.000000000000000000e+00
8.699999999999999956e-01       0.000000000000000000e+00
8.800000000000000044e-01       0.000000000000000000e+00
8.900000000000000133e-01       0.000000000000000000e+00
9.000000000000000222e-01       0.000000000000000000e+00
9.100000000000000311e-01       0.000000000000000000e+00
9.200000000000000400e-01       0.000000000000000000e+00
9.300000000000000488e-01       0.000000000000000000e+00
9.399999999999999467e-01       0.000000000000000000e+00
9.499999999999999556e-01       0.000000000000000000e+00
9.599999999999999645e-01       0.000000000000000000e+00
9.699999999999999734e-01       0.000000000000000000e+00
9.799999999999999822e-01       0.000000000000000000e+00
9.899999999999999911e-01       0.000000000000000000e+00
1.000000000000000000e+00       0.000000000000000000e+00
1.010000000000000009e+00       0.000000000000000000e+00
1.020000000000000018e+00       0.000000000000000000e+00
1.030000000000000027e+00       0.000000000000000000e+00
1.040000000000000036e+00       0.000000000000000000e+00
1.050000000000000044e+00       0.000000000000000000e+00
1.060000000000000053e+00       0.000000000000000000e+00
1.070000000000000062e+00       0.000000000000000000e+00
1.080000000000000071e+00       0.000000000000000000e+00
1.090000000000000080e+00       0.000000000000000000e+00
1.100000000000000089e+00       0.000000000000000000e+00
1.110000000000000098e+00       0.000000000000000000e+00
1.120000000000000107e+00       0.000000000000000000e+00
1.129999999999999893e+00       0.000000000000000000e+00
1.139999999999999902e+00       0.000000000000000000e+00
1.149999999999999911e+00       0.000000000000000000e+00
1.159999999999999920e+00       0.000000000000000000e+00
1.169999999999999929e+00       0.000000000000000000e+00
1.179999999999999938e+00       0.000000000000000000e+00
1.189999999999999947e+00       0.000000000000000000e+00
1.199999999999999956e+00       0.000000000000000000e+00
1.209999999999999964e+00       0.000000000000000000e+00
1.219999999999999973e+00       0.000000000000000000e+00
1.229999999999999982e+00       0.000000000000000000e+00
1.239999999999999991e+00       0.000000000000000000e+00
1.250000000000000000e+00       0.000000000000000000e+00
1.260000000000000009e+00       0.000000000000000000e+00
1.270000000000000018e+00       0.000000000000000000e+00
1.280000000000000027e+00       0.000000000000000000e+00
1.290000000000000036e+00       0.000000000000000000e+00
1.300000000000000044e+00       0.000000000000000000e+00
1.310000000000000053e+00       0.000000000000000000e+00
1.320000000000000062e+00       0.000000000000000000e+00
1.330000000000000071e+00       0.000000000000000000e+00
1.340000000000000080e+00       0.000000000000000000e+00
1.350000000000000089e+00       0.000000000000000000e+00
1.360000000000000098e+00       0.000000000000000000e+00
1.370000000000000107e+00       0.000000000000000000e+00
1.379999999999999893e+00       0.000000000000000000e+00
1.389999999999999902e+00       0.000000000000000000e+00
1.399999999999999911e+00       0.000000000000000000e+00
1.409999999999999920e+00       0.000000000000000000e+00
1.419999999999999929e+00       0.000000000000000000e+00
1.429999999999999938e+00       0.000000000000000000e+00
1.439999999999999947e+00       0.000000000000000000e+00
1.449999999999999956e+00       0.000000000000000000e+00
1.459999999999999964e+00       0.000000000000000000e+00
1.469999999999999973e+00       0.000000000000000000e+00
1.479999999999999982e+00       0.000000000000000000e+00
1.489999999999999991e+00       0.000000000000000000e+00
1.500000000000000000e+00       0.000000000000000000e+00
1.510000000000000009e+00       0.000000000000000000e+00
1.520000000000000018e+00       0.000000000000000000e+00
1.530000000000000027e+00       0.000000000000000000e+00
1.540000000000000036e+00       0.000000000000000000e+00
1.550000000000000044e+00       0.000000000000000000e+00
1.560000000000000053e+00       0.000000000000000000e+00
1.570000000000000062e+00       0.000000000000000000e+00
1.580000000000000071e+00       0.000000000000000000e+00
1.590000000000000080e+00       0.000000000000000000e+00
1.600000000000000089e+00       0.000000000000000000e+00
1.610000000000000098e+00       0.000000000000000000e+00
1.620000000000000107e+00       0.000000000000000000e+00
1.629999999999999893e+00       0.000000000000000000e+00
1.639999999999999902e+00       0.000000000000000000e+00
1.649999999999999911e+00       0.000000000000000000e+00
1.659999999999999920e+00       0.000000000000000000e+00
1.669999999999999929e+00       0.000000000000000000e+00
1.679999999999999938e+00       0.000000000000000000e+00
1.689999999999999947e+00       0.000000000000000000e+00
1.699999999999999956e+00       0.000000000000000000e+00
1.709999999999999964e+00       0.000000000000000000e+00
1.719999999999999973e+00       0.000000000000000000e+00
1.729999999999999982e+00       0.000000000000000000e+00
1.739999999999999991e+00       0.000000000000000000e+00
1.750000000000000000e+00       0.000000000000000000e+00
1.760000000000000009e+00       0.000000000000000000e+00
1.770000000000000018e+00       0.000000000000000000e+00
1.780000000000000027e+00       0.000000000000000000e+00
1.790000000000000036e+00       0.000000000000000000e+00
1.800000000000000044e+00       0.000000000000000000e+00
1.810000000000000053e+00       0.000000000000000000e+00
1.820000000000000062e+00       0.000000000000000000e+00
1.830000000000000071e+00       0.000000000000000000e+00
1.840000000000000080e+00       0.000000000000000000e+00
1.850000000000000089e+00       0.000000000000000000e+00
1.860000000000000098e+00       0.000000000000000000e+00
1.870000000000000107e+00       0.000000000000000000e+00
1.879999999999999893e+00       0.000000000000000000e+00
1.889999999999999902e+00       0.000000000000000000e+00
1.899999999999999911e+00       0.000000000000000000e+00
1.909999999999999920e+00       0.000000000000000000e+00
1.919999999999999929e+00       0.000000000000000000e+00
1.929999999999999938e+00       0.000000000000000000e+00
1.939999999999999947e+00       0.000000000000000000e+00
1.949999999999999956e+00       0.000000000000000000e+00
1.959999999999999964e+00       0.000000000000000000e+00
1.969999999999999973e+00       0.000000000000000000e+00
1.979999999999999982e+00       0.000000000000000000e+00
1.989999999999999991e+00       0.000000000000000000e+00
2.000000000000000000e+00       0.000000000000000000e+00
2.009999999999999787e+00       0.000000000000000000e+00
2.020000000000000018e+00       0.000000000000000000e+00
2.029999999999999805e+00       0.000000000000000000e+00
2.040000000000000036e+00       0.000000000000000000e+00
2.049999999999999822e+00       0.000000000000000000e+00
2.060000000000000053e+00       0.000000000000000000e+00
2.069999999999999840e+00       0.000000000000000000e+00
2.080000000000000071e+00       0.000000000000000000e+00
2.089999999999999858e+00       0.000000000000000000e+00
2.100000000000000089e+00       0.000000000000000000e+00
2.109999999999999876e+00       0.000000000000000000e+00
2.120000000000000107e+00       0.000000000000000000e+00
2.129999999999999893e+00       0.000000000000000000e+00
2.140000000000000124e+00       0.000000000000000000e+00
2.149999999999999911e+00       0.000000000000000000e+00
2.160000000000000142e+00       0.000000000000000000e+00
2.169999999999999929e+00       0.000000000000000000e+00
2.180000000000000160e+00       0.000000000000000000e+00
2.189999999999999947e+00       0.000000000000000000e+00
2.200000000000000178e+00       0.000000000000000000e+00
2.209999999999999964e+00       0.000000000000000000e+00
2.220000000000000195e+00       0.000000000000000000e+00
2.229999999999999982e+00       0.000000000000000000e+00
2.240000000000000213e+00       0.000000000000000000e+00
2.250000000000000000e+00       0.000000000000000000e+00
2.259999999999999787e+00       0.000000000000000000e+00
2.270000000000000018e+00       0.000000000000000000e+00
2.279999999999999805e+00       0.000000000000000000e+00
2.290000000000000036e+00       0.000000000000000000e+00
2.299999999999999822e+00       0.000000000000000000e+00
2.310000000000000053e+00       0.000000000000000000e+00
2.319999999999999840e+00       0.000000000000000000e+00
2.330000000000000071e+00       0.000000000000000000e+00
2.339999999999999858e+00       0.000000000000000000e+00
2.350000000000000089e+00       0.000000000000000000e+00
2.359999999999999876e+00       0.000000000000000000e+00
2.370000000000000107e+00       0.000000000000000000e+00
2.379999999999999893e+00       0.000000000000000000e+00
2.390000000000000124e+00       0.000000000000000000e+00
2.399999999999999911e+00       0.000000000000000000e+00
2.410000000000000142e+00       0.000000000000000000e+00
2.419999999999999929e+00       0.000000000000000000e+00
2.430000000000000160e+00       0.000000000000000000e+00
2.439999999999999947e+00       0.000000000000000000e+00
2.450000000000000178e+00       0.000000000000000000e+00
2.459999999999999964e+00       0.000000000000000000e+00
2.470000000000000195e+00       0.000000000000000000e+00
2.479999999999999982e+00       0.000000000000000000e+00
2.490000000000000213e+00       0.000000000000000000e+00
2.500000000000000000e+00       0.000000000000000000e+00
2.509999999999999787e+00       0.000000000000000000e+00
2.520000000000000018e+00       0.000000000000000000e+00
2.529999999999999805e+00       0.000000000000000000e+00
2.540000000000000036e+00       0.000000000000000000e+00
2.549999999999999822e+00       0.000000000000000000e+00
2.560000000000000053e+00       0.000000000000000000e+00
2.569999999999999840e+00       0.000000000000000000e+00
2.580000000000000071e+00       0.000000000000000000e+00
2.589999999999999858e+00       0.000000000000000000e+00
2.600000000000000089e+00       0.000000000000000000e+00
2.609999999999999876e+00       0.000000000000000000e+00
2.620000000000000107e+00       0.000000000000000000e+00
2.629999999999999893e+00       0.000000000000000000e+00
2.640000000000000124e+00       0.000000000000000000e+00
2.649999999999999911e+00       0.000000000000000000e+00
2.660000000000000142e+00       0.000000000000000000e+00
2.669999999999999929e+00       0.000000000000000000e+00
2.680000000000000160e+00       0.000000000000000000e+00
2.689999999999999947e+00       0.000000000000000000e+00
2.700000000000000178e+00       0.000000000000000000e+00
2.709999999999999964e+00       0.000000000000000000e+00
2.720000000000000195e+00       0.000000000000000000e+00
2.729999999999999982e+00       0.000000000000000000e+00
2.740000000000000213e+00       0.000000000000000000e+00
2.750000000000000000e+00       0.000000000000000000e+00
2.759999999999999787e+00       0.000000000000000000e+00
2.770000000000000018e+00       0.000000000000000000e+00
2.779999999999999805e+00       0.000000000000000000e+00
2.790000000000000036e+00       0.000000000000000000e+00
2.799999999999999822e+00       0.000000000000000000e+00
2.810000000000000053e+00       0.000000000000000000e+00
2.819999999999999840e+00       0.000000000000000000e+00
2.830000000000000071e+00       0.000000000000000000e+00
2.839999999999999858e+00       0.000000000000000000e+00
2.850000000000000089e+00       0.000000000000000000e+00
2.859999999999999876e+00       0.000000000000000000e+00
2.870000000000000107e+00       0.000000000000000000e+00
2.879999999999999893e+00       0.000000000000000000e+00
2.890000000000000124e+00       0.000000000000000000e+00
2.899999999999999911e+00       0.000000000000000000e+00
2.910000000000000142e+00       0.000000000000000000e+00
2.919999999999999929e+00       0.000000000000000000e+00
2.930000000000000160e+00       0.000000000000000000e+00
2.939999999999999947e+00       0.000000000000000000e+00
2.950000000000000178e+00       0.000000000000000000e+00
2.959999999999999964e+00       0.000000000000000000e+00
2.970000000000000195e+00       0.000000000000000000e+00
2.979999999999999982e+00       0.000000000000000000e+00
2.990000000000000213e+00       0.000000000000000000e+00
3.000000000000000000e+00       0.000000000000000000e+00
3.009999999999999787e+00       5.879692504562949076e-10
3.020000000000000018e+00       6.552923689992229309e-09
3.029999999999999805e+00       2.668334722344822409e-08
3.040000000000000036e+00       7.195219775027471398e-08
3.049999999999999822e+00       1.547996298348473599e-07
3.060000000000000053e+00       2.887128512189514670e-07
3.069999999999999840e+00       4.879365178690045900e-07
3.080000000000000071e+00       7.672550105672147731e-07
3.089999999999999858e+00       1.141823017138630258e-06
3.100000000000000089e+00       1.627032181060443426e-06
3.109999999999999876e+00       2.238394475981791232e-06
3.120000000000000107e+00       2.991453821079684366e-06
3.129999999999999893e+00       3.901710573195885239e-06
3.140000000000000124e+00       4.984554008105340958e-06
3.149999999999999911e+00       6.255209133579392392e-06
3.160000000000000142e+00       7.728690022864426580e-06
3.169999999999999929e+00       9.419760698803724525e-06
3.180000000000000160e+00       1.134290184876909426e-05
3.189999999999999947e+00       1.351228294148126808e-05
3.200000000000000178e+00       1.594173873869763402e-05
3.209999999999999964e+00       1.864474973317685398e-05
3.220000000000000195e+00       2.163442599849707407e-05
3.229999999999999982e+00       2.492349402892375237e-05
3.240000000000000213e+00       2.852428620717445941e-05
3.250000000000000000e+00       3.244873258722833257e-05
3.259999999999999787e+00       3.670835472023878621e-05
3.270000000000000018e+00       4.131426128596021202e-05
3.279999999999999805e+00       4.627714532114420129e-05
3.290000000000000036e+00       5.160728286114633266e-05
3.299999999999999822e+00       5.731453283219379305e-05
3.310000000000000053e+00       6.340833805012127526e-05
3.319999999999999840e+00       6.989772719734217699e-05
3.330000000000000071e+00       7.679131766315225641e-05
3.339999999999999858e+00       8.409731914615144622e-05
3.350000000000000089e+00       9.182353792579500435e-05
3.359999999999999876e+00       9.997738172184589983e-05
3.370000000000000107e+00       1.085658650675079984e-04
3.379999999999999893e+00       1.175956151298625620e-04
3.390000000000000124e+00       1.270728779177806743e-04
3.399999999999999911e+00       1.370035248233901124e-04
3.410000000000000142e+00       1.473930594484638957e-04
3.419999999999999929e+00       1.582466246717701916e-04
3.430000000000000160e+00       1.695690099179650247e-04
3.439999999999999947e+00       1.813646585918908419e-04
3.450000000000000178e+00       1.936376756463076493e-04
3.459999999999999964e+00       2.063918352536844099e-04
3.470000000000000195e+00       2.196305885557525651e-04
3.479999999999999982e+00       2.333570714670643988e-04
3.490000000000000213e+00       2.475741125110805015e-04
3.500000000000000000e+00       2.622842406695172993e-04
3.509999999999999787e+00       2.774896932275057937e-04
3.520000000000000018e+00       2.931924235989657535e-04
3.529999999999999805e+00       3.093941091181293536e-04
3.540000000000000036e+00       3.260961587845205827e-04
3.549999999999999822e+00       3.432997209508261457e-04
3.560000000000000053e+00       3.610056909364194782e-04
3.569999999999999840e+00       3.792147184404904810e-04
3.580000000000000071e+00       3.979272148604641782e-04
3.589999999999999858e+00       4.171433607059562339e-04
3.600000000000000089e+00       4.368631128802758271e-04
3.609999999999999876e+00       4.570862118432846076e-04
3.620000000000000107e+00       4.778121886621368962e-04
3.629999999999999893e+00       4.990403719487197277e-04
3.640000000000000124e+00       5.207698946811074392e-04
3.649999999999999911e+00       5.429997009062330739e-04
3.660000000000000142e+00       5.657285523221656934e-04
3.669999999999999929e+00       5.889550347378903544e-04
3.680000000000000160e+00       6.126775644088900156e-04
3.689999999999999947e+00       6.368943942476804456e-04
3.700000000000000178e+00       6.616036199080205064e-04
3.709999999999999964e+00       6.868031857646213949e-04
3.720000000000000195e+00       7.124908906584405312e-04
3.729999999999999982e+00       7.386643937279380439e-04
3.740000000000000213e+00       7.653212199023889549e-04
3.750000000000000000e+00       7.924587653738032972e-04
3.759999999999999787e+00       8.200743029222180803e-04
3.770000000000000018e+00       8.481649871166469868e-04
3.779999999999999805e+00       8.767278593890988347e-04
3.790000000000000036e+00       9.057598529909595625e-04
3.799999999999999822e+00       9.352577978223193794e-04
3.810000000000000053e+00       9.652184251431576581e-04
3.819999999999999840e+00       9.956383721648346188e-04
3.830000000000000071e+00       1.026514186523725791e-03
3.839999999999999858e+00       1.057842330638627615e-03
3.850000000000000089e+00       1.089619185953490024e-03
3.859999999999999876e+00       1.121841057067087975e-03
3.870000000000000107e+00       1.154504175751470876e-03
3.879999999999999893e+00       1.187604704860536564e-03
3.890000000000000124e+00       1.221138742131310916e-03
3.899999999999999911e+00       1.255102323879015965e-03
3.910000000000000142e+00       1.289491428587655414e-03
3.919999999999999929e+00       1.324301980398874231e-03
3.930000000000000160e+00       1.359529852500120138e-03
3.939999999999999947e+00       1.395170870414311638e-03
3.950000000000000178e+00       1.431220815192917701e-03
3.959999999999999964e+00       1.467675426514330464e-03
3.970000000000000195e+00       1.504530405689066992e-03
3.979999999999999982e+00       1.541781418574683258e-03
3.990000000000000213e+00       1.579424098400945007e-03
4.000000000000000000e+00       1.617454048508141671e-03
4.009999999999999787e+00       1.655866844999990314e-03
4.019999999999999574e+00       1.694658039312677824e-03
4.030000000000000249e+00       1.733823160704250476e-03
4.040000000000000036e+00       1.773357718660068666e-03
4.049999999999999822e+00       1.813257205224485819e-03
4.059999999999999609e+00       1.853517097254105432e-03
4.070000000000000284e+00       1.894132858596986888e-03
4.080000000000000071e+00       1.935099942199183061e-03
4.089999999999999858e+00       1.976413792140204774e-03
4.099999999999999645e+00       2.018069845599204746e-03
4.110000000000000320e+00       2.060063534746697008e-03
4.120000000000000107e+00       2.102390288602897211e-03
4.129999999999999893e+00       2.145045534768926128e-03
4.139999999999999680e+00       2.188024701155880970e-03
4.150000000000000355e+00       2.231323217623294719e-03
4.160000000000000142e+00       2.274936517563707575e-03
4.169999999999999929e+00       2.318860039429064893e-03
4.179999999999999716e+00       2.363089228200451666e-03
4.190000000000000391e+00       2.407619536802721796e-03
4.200000000000000178e+00       2.452446427465316669e-03
4.209999999999999964e+00       2.497565373030787017e-03
4.219999999999999751e+00       2.542971858212372035e-03
4.230000000000000426e+00       2.588661380802001824e-03
4.240000000000000213e+00       2.634629452830053713e-03
4.250000000000000000e+00       2.680871601678151347e-03
4.259999999999999787e+00       2.727383371146295012e-03
4.269999999999999574e+00       2.774160322475599516e-03
4.280000000000000249e+00       2.821198035327847006e-03
4.290000000000000036e+00       2.868492108723015663e-03
4.299999999999999822e+00       2.916038161936062353e-03
4.309999999999999609e+00       2.963831835354012630e-03
4.320000000000000284e+00       3.011868791294493048e-03
4.330000000000000071e+00       3.060144714786857192e-03
4.339999999999999858e+00       3.108655314316985732e-03
4.349999999999999645e+00       3.157396322536739752e-03
4.360000000000000320e+00       3.206363496939129872e-03
4.370000000000000107e+00       3.255552620500226386e-03
4.379999999999999893e+00       3.304959502288795301e-03
4.389999999999999680e+00       3.354579978044607436e-03
4.400000000000000355e+00       3.404409910726280582e-03
4.410000000000000142e+00       3.454445191029735865e-03
4.419999999999999929e+00       3.504681737877999963e-03
4.429999999999999716e+00       3.555115498883314185e-03
4.440000000000000391e+00       3.605742450782344066e-03
4.450000000000000178e+00       3.656558599845423623e-03
4.459999999999999964e+00       3.707559982260471339e-03
4.469999999999999751e+00       3.758742664492544135e-03
4.480000000000000426e+00       3.810102743619673323e-03
4.490000000000000213e+00       3.861636347645823909e-03
4.500000000000000000e+00       3.913339635791709265e-03
4.509999999999999787e+00       3.965208798763681514e-03
4.519999999999999574e+00       4.017240059002800956e-03
4.530000000000000249e+00       4.069429670912868072e-03
4.540000000000000036e+00       4.121773921069416501e-03
4.549999999999999822e+00       4.174269128409911593e-03
4.559999999999999609e+00       4.226911644405678854e-03
4.570000000000000284e+00       4.279697853216353313e-03
4.580000000000000071e+00       4.332624171827312992e-03
4.589999999999999858e+00       4.385687050170720969e-03
4.599999999999999645e+00       4.438882971230807481e-03
4.610000000000000320e+00       4.492208451133766767e-03
4.620000000000000107e+00       4.545660039223049266e-03
4.629999999999999893e+00       4.599234318120252150e-03
4.639999999999999680e+00       4.652927903768344295e-03
4.650000000000000355e+00       4.706737445482190099e-03
4.660000000000000142e+00       4.760659625945097388e-03
4.669999999999999929e+00       4.814691161230727837e-03
4.679999999999999716e+00       4.868828800809925708e-03
4.690000000000000391e+00       4.923069327516661764e-03
4.700000000000000178e+00       4.977409557535625653e-03
4.709999999999999964e+00       5.031846340363434894e-03
4.719999999999999751e+00       5.086376558762773989e-03
4.730000000000000426e+00       5.140997128706785262e-03
4.740000000000000213e+00       5.195704999314441734e-03
4.750000000000000000e+00       5.250497152775138697e-03
4.759999999999999787e+00       5.305370604268252847e-03
4.769999999999999574e+00       5.360322401870762192e-03
4.780000000000000249e+00       5.415349626461564772e-03
4.790000000000000036e+00       5.470449391601185131e-03
4.799999999999999822e+00       5.525618843445805756e-03
4.809999999999999609e+00       5.580855160598099940e-03
4.820000000000000284e+00       5.636155553995558960e-03
4.830000000000000071e+00       5.691517266771425367e-03
4.839999999999999858e+00       5.746937574116777261e-03
4.849999999999999645e+00       5.802413783132545112e-03
4.860000000000000320e+00       5.857943232683935492e-03
4.870000000000000107e+00       5.913523293227238888e-03
4.879999999999999893e+00       5.969151366677828523e-03
4.889999999999999680e+00       6.024824886214720336e-03
4.900000000000000355e+00       6.080541316123096521e-03
4.910000000000000142e+00       6.136298151619026461e-03
4.919999999999999929e+00       6.192092918665612067e-03
4.929999999999999716e+00       6.247923173792401322e-03
4.940000000000000391e+00       6.303786503907607940e-03
4.950000000000000178e+00       6.359680526107472191e-03
4.959999999999999964e+00       6.415602887482371730e-03
4.969999999999999751e+00       6.471551264919833332e-03
4.980000000000000426e+00       6.527523364904561781e-03
4.990000000000000213e+00       6.583516923315773858e-03
5.000000000000000000e+00       6.639529704814125383e-03
5.009999999999999787e+00       6.695559504272467766e-03
5.019999999999999574e+00       6.751604144097238074e-03
5.030000000000000249e+00       6.807661475669948316e-03
5.040000000000000036e+00       6.863729378717861596e-03
5.049999999999999822e+00       6.919805761098272306e-03
5.059999999999999609e+00       6.975888558581082831e-03
5.070000000000000284e+00       7.031975734629990725e-03
5.080000000000000071e+00       7.088065280182083427e-03
5.089999999999999858e+00       7.144155213426357440e-03
5.099999999999999645e+00       7.200243579581052690e-03
5.110000000000000320e+00       7.256328450669875807e-03
5.120000000000000107e+00       7.312407925297476595e-03
5.129999999999999893e+00       7.368480128423946993e-03
5.139999999999999680e+00       7.424543211138875942e-03
5.150000000000000355e+00       7.480595350434507407e-03
5.160000000000000142e+00       7.536634748978748334e-03
5.169999999999999929e+00       7.592659634887475792e-03
5.179999999999999716e+00       7.648668261496804205e-03
5.190000000000000391e+00       7.704658907134938860e-03
5.200000000000000178e+00       7.760629874894089258e-03
5.209999999999999964e+00       7.816579492402189050e-03
5.219999999999999751e+00       7.872506111594618564e-03
5.230000000000000426e+00       7.928408108486361891e-03
5.240000000000000213e+00       7.984283882943931515e-03
5.250000000000000000e+00       8.040131858457817693e-03
5.259999999999999787e+00       8.095950481915109576e-03
5.269999999999999574e+00       8.151738223372697462e-03
5.280000000000000249e+00       8.207493575502496086e-03
5.290000000000000036e+00       8.263214823936616479e-03
5.299999999999999822e+00       8.318900311829769204e-03
5.309999999999999609e+00       8.374548603485547013e-03
5.320000000000000284e+00       8.430158285301149121e-03
5.330000000000000071e+00       8.485727965517825613e-03
5.339999999999999858e+00       8.541256273917829933e-03
5.349999999999999645e+00       8.596741861809885366e-03
5.360000000000000320e+00       8.652183401715335398e-03
5.370000000000000107e+00       8.707579555073612088e-03
5.379999999999999893e+00       8.762928591168006598e-03
5.389999999999999680e+00       8.818229106868668774e-03
5.400000000000000355e+00       8.873479863287568256e-03
5.410000000000000142e+00       8.928679641683198026e-03
5.419999999999999929e+00       8.983827243238342447e-03
5.429999999999999716e+00       9.038921488843870006e-03
5.440000000000000391e+00       9.093961218865973320e-03
5.450000000000000178e+00       9.148945292958581346e-03
5.459999999999999964e+00       9.203872589818043459e-03
5.469999999999999751e+00       9.258742006985410875e-03
5.480000000000000426e+00       9.313552460628364560e-03
5.490000000000000213e+00       9.368302885331880950e-03
5.500000000000000000e+00       9.422992233886323329e-03
5.509999999999999787e+00       9.477619477081512811e-03
5.519999999999999574e+00       9.532183603501196562e-03
5.530000000000000249e+00       9.586683619303133438e-03
5.540000000000000036e+00       9.641118548044605094e-03
5.549999999999999822e+00       9.695487430450733246e-03
5.559999999999999609e+00       9.749789324228140888e-03
5.570000000000000284e+00       9.804023303861925456e-03
5.580000000000000071e+00       9.858188460420873669e-03
5.589999999999999858e+00       9.912283901356691573e-03
5.599999999999999645e+00       9.966308750312374842e-03
5.610000000000000320e+00       1.002026214692825108e-02
5.620000000000000107e+00       1.007414324665054269e-02
5.629999999999999893e+00       1.012795122054136431e-02
5.639999999999999680e+00       1.018168525509039780e-02
5.650000000000000355e+00       1.023534455202817182e-02
5.660000000000000142e+00       1.028892832814082975e-02
5.669999999999999929e+00       1.034243581508664626e-02
5.679999999999999716e+00       1.039586625907132703e-02
5.690000000000000391e+00       1.044921892124107445e-02
5.700000000000000178e+00       1.050249307663978469e-02
5.709999999999999964e+00       1.055568801489687771e-02
5.719999999999999751e+00       1.060880303876286790e-02
5.730000000000000426e+00       1.066183746564821483e-02
5.740000000000000213e+00       1.071479062631255398e-02
5.750000000000000000e+00       1.076766186497547621e-02
5.759999999999999787e+00       1.082045053914928480e-02
5.769999999999999574e+00       1.087315601947113665e-02
5.780000000000000249e+00       1.092577768953712294e-02
5.790000000000000036e+00       1.097831494573800123e-02
5.799999999999999822e+00       1.103076719709642113e-02
5.809999999999999609e+00       1.108313386510576155e-02
5.820000000000000284e+00       1.113541438357053791e-02
5.830000000000000071e+00       1.118760819844842429e-02
5.839999999999999858e+00       1.123971476769376233e-02
5.849999999999999645e+00       1.129173356110278054e-02
5.860000000000000320e+00       1.134366406016011630e-02
5.870000000000000107e+00       1.139550575758592130e-02
5.879999999999999893e+00       1.144725815838878481e-02
5.889999999999999680e+00       1.149892077791470589e-02
5.900000000000000355e+00       1.155049314289985189e-02
5.910000000000000142e+00       1.160197479102525325e-02
5.919999999999999929e+00       1.165336527077276592e-02
5.929999999999999716e+00       1.170466414128234871e-02
5.940000000000000391e+00       1.175587097221089151e-02
5.950000000000000178e+00       1.180698534359261864e-02
5.959999999999999964e+00       1.185800684570076369e-02
5.969999999999999751e+00       1.190893507891101905e-02
5.980000000000000426e+00       1.195976965356615115e-02
5.990000000000000213e+00       1.201051018984218045e-02
6.000000000000000000e+00       1.206115631761611219e-02
6.009999999999999787e+00       1.211170767632772406e-02
6.019999999999999574e+00       1.216216391480483619e-02
6.030000000000000249e+00       1.221252469113492424e-02
6.040000000000000036e+00       1.226278967255853454e-02
6.049999999999999822e+00       1.231295853535156748e-02
6.059999999999999609e+00       1.236303096491509629e-02
6.070000000000000284e+00       1.241300665481477432e-02
6.080000000000000071e+00       1.246288530793063579e-02
6.089999999999999858e+00       1.251266663548417785e-02
6.099999999999999645e+00       1.256235035714148296e-02
6.110000000000000320e+00       1.261193620089461065e-02
6.120000000000000107e+00       1.266142390294698258e-02
6.129999999999999893e+00       1.271081320759973737e-02
6.139999999999999680e+00       1.276010386713926671e-02
6.150000000000000355e+00       1.280929564172592593e-02
6.160000000000000142e+00       1.285838829928422078e-02
6.169999999999999929e+00       1.290738161539392408e-02
6.179999999999999716e+00       1.295627537318246557e-02
6.190000000000000391e+00       1.300506936321860034e-02
6.200000000000000178e+00       1.305376338340706079e-02
6.209999999999999964e+00       1.310235723888484444e-02
6.219999999999999751e+00       1.315085074191820434e-02
6.230000000000000426e+00       1.319924371180099948e-02
6.240000000000000213e+00       1.324753597475438610e-02
6.250000000000000000e+00       1.329572736382737472e-02
6.259999999999999787e+00       1.334381771879881474e-02
6.269999999999999574e+00       1.339180688608003315e-02
6.280000000000000249e+00       1.343969471480505398e-02
6.290000000000000036e+00       1.348748104237364881e-02
6.299999999999999822e+00       1.353516573139381882e-02
6.309999999999999609e+00       1.358274865426258721e-02
6.320000000000000284e+00       1.363022968953881038e-02
6.330000000000000071e+00       1.367760872185264966e-02
6.339999999999999858e+00       1.372488564181633536e-02
6.349999999999999645e+00       1.377206034593595960e-02
6.360000000000000320e+00       1.381913273652423009e-02
6.370000000000000107e+00       1.386610272164163181e-02
6.379999999999999893e+00       1.391297021490338001e-02
6.389999999999999680e+00       1.395973513555581226e-02
6.400000000000000355e+00       1.400639740828733652e-02
6.410000000000000142e+00       1.405295696317258869e-02
6.419999999999999929e+00       1.409941373564419301e-02
6.429999999999999716e+00       1.414576766620379011e-02
6.440000000000000391e+00       1.419201870065348037e-02
6.450000000000000178e+00       1.423816678981253830e-02
6.459999999999999964e+00       1.428421188949103096e-02
6.469999999999999751e+00       1.433015396041375546e-02
6.480000000000000426e+00       1.437599296823202297e-02
6.490000000000000213e+00       1.442172888310078345e-02
6.500000000000000000e+00       1.446736168012807688e-02
6.509999999999999787e+00       1.451289133895396731e-02
6.519999999999999574e+00       1.455831784376605473e-02
6.530000000000000249e+00       1.460364118322876603e-02
6.540000000000000036e+00       1.464886135041357403e-02
6.549999999999999822e+00       1.469397834273001961e-02
6.559999999999999609e+00       1.473899216185749206e-02
6.570000000000000284e+00       1.478390281367828081e-02
6.580000000000000071e+00       1.482871030821087191e-02
6.589999999999999858e+00       1.487341465954458361e-02
6.599999999999999645e+00       1.491801588577474670e-02
6.610000000000000320e+00       1.496251400893884760e-02
6.620000000000000107e+00       1.500690905495334626e-02
6.629999999999999893e+00       1.505120105355146204e-02
6.639999999999999680e+00       1.509539003822155979e-02
6.650000000000000355e+00       1.513947604614655426e-02
6.660000000000000142e+00       1.518345911805430402e-02
6.669999999999999929e+00       1.522733929851616437e-02
6.679999999999999716e+00       1.527111663535254439e-02
6.690000000000000391e+00       1.531479117993220750e-02
6.700000000000000178e+00       1.535836298702612790e-02
6.709999999999999964e+00       1.540183211475134976e-02
6.719999999999999751e+00       1.544519862451551595e-02
6.730000000000000426e+00       1.548846258096190157e-02
6.740000000000000213e+00       1.553162405191555601e-02
6.750000000000000000e+00       1.557468310832979368e-02
6.759999999999999787e+00       1.561763982423364401e-02
6.769999999999999574e+00       1.566049427667975946e-02
6.780000000000000249e+00       1.570324654569300871e-02
6.790000000000000036e+00       1.574589671422040385e-02
6.799999999999999822e+00       1.578844486807919403e-02
6.809999999999999609e+00       1.583089109591102883e-02
6.820000000000000284e+00       1.587323548912982982e-02
6.830000000000000071e+00       1.591547814187584814e-02
6.839999999999999858e+00       1.595761915096589184e-02
6.849999999999999645e+00       1.599965861585048860e-02
6.860000000000000320e+00       1.604159663856375220e-02
6.870000000000000107e+00       1.608343332367973694e-02
6.879999999999999893e+00       1.612516877826716821e-02
6.889999999999999680e+00       1.616680311190510713e-02
6.900000000000000355e+00       1.620833643639823032e-02
6.910000000000000142e+00       1.624976886609544313e-02
6.919999999999999929e+00       1.629110051760580130e-02
6.929999999999999716e+00       1.633233150981682619e-02
6.940000000000000391e+00       1.637346196385295119e-02
6.950000000000000178e+00       1.641449200303468289e-02
6.959999999999999964e+00       1.645542175283799813e-02
6.969999999999999751e+00       1.649625134085458064e-02
6.980000000000000426e+00       1.653698089675258512e-02
6.990000000000000213e+00       1.657761055223747754e-02
7.000000000000000000e+00       1.661814044101420779e-02
7.009999999999999787e+00       1.665857069847628824e-02
7.019999999999999574e+00       1.669890146275900683e-02
7.030000000000000249e+00       1.673913287306801403e-02
7.040000000000000036e+00       1.677926507073231044e-02
7.049999999999999822e+00       1.681929819889626393e-02
7.059999999999999609e+00       1.685923240248431501e-02
7.070000000000000284e+00       1.689906782816609498e-02
7.080000000000000071e+00       1.693880462432218945e-02
7.089999999999999858e+00       1.697844294100930851e-02
7.099999999999999645e+00       1.701798292993026221e-02
7.110000000000000320e+00       1.705742474439604639e-02
7.120000000000000107e+00       1.709676853929659526e-02
7.129999999999999893e+00       1.713601447106786677e-02
7.139999999999999680e+00       1.717516269766024631e-02
7.150000000000000355e+00       1.721421337850741196e-02
7.160000000000000142e+00       1.725316667449543900e-02
7.169999999999999929e+00       1.729202274793259844e-02
7.179999999999999716e+00       1.733078176251930114e-02
7.190000000000000391e+00       1.736944388331871161e-02
7.200000000000000178e+00       1.740800927672753531e-02
7.209999999999999964e+00       1.744647811044745464e-02
7.219999999999999751e+00       1.748485055345665520e-02
7.230000000000000426e+00       1.752312677598204596e-02
7.240000000000000213e+00       1.756130694947946602e-02
7.250000000000000000e+00       1.759939124657574142e-02
7.259999999999999787e+00       1.763737984108778786e-02
7.269999999999999574e+00       1.767527290796588879e-02
7.280000000000000249e+00       1.771307062327515808e-02
7.290000000000000036e+00       1.775077316416998410e-02
7.299999999999999822e+00       1.778838070891096065e-02
7.309999999999999609e+00       1.782589343667207241e-02
7.320000000000000284e+00       1.786331152776608755e-02
7.330000000000000071e+00       1.790063516345488312e-02
7.339999999999999858e+00       1.793786452596666733e-02
7.349999999999999645e+00       1.797499979847231449e-02
7.360000000000000320e+00       1.801204116506228969e-02
7.370000000000000107e+00       1.804898881072355271e-02
7.379999999999999893e+00       1.808584292131721130e-02
7.389999999999999680e+00       1.812260368355614326e-02
7.400000000000000355e+00       1.815927128498306953e-02
7.410000000000000142e+00       1.819584591394900891e-02
7.419999999999999929e+00       1.823232775959186813e-02
7.429999999999999716e+00       1.826871701181566332e-02
7.440000000000000391e+00       1.830501386126943270e-02
7.450000000000000178e+00       1.834121849932727685e-02
7.459999999999999964e+00       1.837733111806787861e-02
7.469999999999999751e+00       1.841335191025503595e-02
7.480000000000000426e+00       1.844928106931773004e-02
7.490000000000000213e+00       1.848511878933123062e-02
7.500000000000000000e+00       1.852086526499801405e-02
7.509999999999999787e+00       1.855652069162895546e-02
7.519999999999999574e+00       1.859208526512505510e-02
7.530000000000000249e+00       1.862755918195924468e-02
7.540000000000000036e+00       1.866294263915845367e-02
7.549999999999999822e+00       1.869823583428611297e-02
7.559999999999999609e+00       1.873343896542459253e-02
7.570000000000000284e+00       1.876855223115828780e-02
7.580000000000000071e+00       1.880357583055665763e-02
7.589999999999999858e+00       1.883850996315762291e-02
7.599999999999999645e+00       1.887335482895121513e-02
7.610000000000000320e+00       1.890811062836345036e-02
7.620000000000000107e+00       1.894277756224046344e-02
7.629999999999999893e+00       1.897735583183292329e-02
7.639999999999999680e+00       1.901184563878042730e-02
7.650000000000000355e+00       1.904624718509650635e-02
7.660000000000000142e+00       1.908056067315364729e-02
7.669999999999999929e+00       1.911478630566842626e-02
7.679999999999999716e+00       1.914892428568721466e-02
7.690000000000000391e+00       1.918297481657165945e-02
7.700000000000000178e+00       1.921693810198481928e-02
7.709999999999999964e+00       1.925081434587710624e-02
7.719999999999999751e+00       1.928460375247286265e-02
7.730000000000000426e+00       1.931830652625663239e-02
7.740000000000000213e+00       1.935192287196015395e-02
7.750000000000000000e+00       1.938545299454923210e-02
7.759999999999999787e+00       1.941889709921125473e-02
7.769999999999999574e+00       1.945225539134093004e-02
7.780000000000000249e+00       1.948552807653093980e-02
7.790000000000000036e+00       1.951871536055669459e-02
7.799999999999999822e+00       1.955181744936571389e-02
7.809999999999999609e+00       1.958483454906542048e-02
7.820000000000000284e+00       1.961776686591158378e-02
7.830000000000000071e+00       1.965061460629660695e-02
7.839999999999999858e+00       1.968337797673832754e-02
7.849999999999999645e+00       1.971605718386887710e-02
7.860000000000000320e+00       1.974865243442366219e-02
7.870000000000000107e+00       1.978116393523040098e-02
7.879999999999999893e+00       1.981359189319880157e-02
7.889999999999999680e+00       1.984593651530982758e-02
7.900000000000000355e+00       1.987819800860547020e-02
7.910000000000000142e+00       1.991037658017866252e-02
7.919999999999999929e+00       1.994247243716317647e-02
7.929999999999999716e+00       1.997448578672395003e-02
7.940000000000000391e+00       2.000641683604733462e-02
7.950000000000000178e+00       2.003826579233157490e-02
7.959999999999999964e+00       2.007003286270404863e-02
7.969999999999999751e+00       2.010171825450574046e-02
7.980000000000000426e+00       2.013332217484166409e-02
7.990000000000000213e+00       2.016484483086571078e-02
8.000000000000000000e+00       2.019628642969838531e-02
8.009999999999999787e+00       2.022764717841819479e-02
8.019999999999999574e+00       2.025892728405312079e-02
8.029999999999999361e+00       2.029012695357233081e-02
8.039999999999999147e+00       2.032124639387803897e-02
8.050000000000000711e+00       2.035228581179731114e-02
8.060000000000000497e+00       2.038324541407424834e-02
8.070000000000000284e+00       2.041412540736205553e-02
8.080000000000000071e+00       2.044492599821551293e-02
8.089999999999999858e+00       2.047564739308330162e-02
8.099999999999999645e+00       2.050628979830132828e-02
8.109999999999999432e+00       2.053685342008290671e-02
8.119999999999999218e+00       2.056733846451519465e-02
8.130000000000000782e+00       2.059774513754996511e-02
8.140000000000000568e+00       2.062807364499687907e-02
8.150000000000000355e+00       2.065832419251708435e-02
8.160000000000000142e+00       2.068849698561632186e-02
8.169999999999999929e+00       2.071859222963830932e-02
8.179999999999999716e+00       2.074861012975847546e-02
8.189999999999999503e+00       2.077855089097735072e-02
8.199999999999999289e+00       2.080841471811455123e-02
8.210000000000000853e+00       2.083820181580258585e-02
8.220000000000000639e+00       2.086791238848082278e-02
8.230000000000000426e+00       2.089754664038944582e-02
8.240000000000000213e+00       2.092710477556389975e-02
8.250000000000000000e+00       2.095658699782905823e-02
8.259999999999999787e+00       2.098599351086526121e-02
8.269999999999999574e+00       2.101532451791594813e-02
8.279999999999999361e+00       2.104458022221284211e-02
8.289999999999999147e+00       2.107376082668350678e-02
8.300000000000000711e+00       2.110286653401780704e-02
8.310000000000000497e+00       2.113189754666293732e-02
8.320000000000000284e+00       2.116085406681845332e-02
8.330000000000000071e+00       2.118973629643102277e-02
8.339999999999999858e+00       2.121854443719004696e-02
8.349999999999999645e+00       2.124727869052265433e-02
8.359999999999999432e+00       2.127593925758895083e-02
8.369999999999999218e+00       2.130452633927768652e-02
8.380000000000000782e+00       2.133304013620158229e-02
8.390000000000000568e+00       2.136148084869311792e-02
8.400000000000000355e+00       2.138984867680005994e-02
8.410000000000000142e+00       2.141814382028130181e-02
8.419999999999999929e+00       2.144636647860266934e-02
8.429999999999999716e+00       2.147451685093290305e-02
8.439999999999999503e+00       2.150259513613972384e-02
8.449999999999999289e+00       2.153060153278573904e-02
8.460000000000000853e+00       2.155853623912477868e-02
8.470000000000000639e+00       2.158639945309816580e-02
8.480000000000000426e+00       2.161419137233078908e-02
8.490000000000000213e+00       2.164191219412782419e-02
8.500000000000000000e+00       2.166956211547095904e-02
8.509999999999999787e+00       2.169714133301507697e-02
8.519999999999999574e+00       2.172465004308469366e-02
8.529999999999999361e+00       2.175208844167092481e-02
8.539999999999999147e+00       2.177945672442785363e-02
8.550000000000000711e+00       2.180675508666981080e-02
8.560000000000000497e+00       2.183398372336775931e-02
8.570000000000000284e+00       2.186114282914664378e-02
8.580000000000000071e+00       2.188823259828226106e-02
8.589999999999999858e+00       2.191525322469825565e-02
8.599999999999999645e+00       2.194220490196342049e-02
8.609999999999999432e+00       2.196908782328878262e-02
8.619999999999999218e+00       2.199590218152504620e-02
8.630000000000000782e+00       2.202264816915956713e-02
8.640000000000000568e+00       2.204932597831419511e-02
8.650000000000000355e+00       2.207593580074238698e-02
8.660000000000000142e+00       2.210247782782691350e-02
8.669999999999999929e+00       2.212895225057722945e-02
8.679999999999999716e+00       2.215535925962735728e-02
8.689999999999999503e+00       2.218169904523327116e-02
8.699999999999999289e+00       2.220797179727086040e-02
8.710000000000000853e+00       2.223417770523353210e-02
8.720000000000000639e+00       2.226031695823028206e-02
8.730000000000000426e+00       2.228638974498329400e-02
8.740000000000000213e+00       2.231239625382615277e-02
8.750000000000000000e+00       2.233833667270151285e-02
8.759999999999999787e+00       2.236421118915942613e-02
8.769999999999999574e+00       2.239001999035529836e-02
8.779999999999999361e+00       2.241576326304779362e-02
8.789999999999999147e+00       2.244144119359703371e-02
8.800000000000000711e+00       2.246705396796264825e-02
8.810000000000000497e+00       2.249260177170121083e-02
8.820000000000000284e+00       2.251808478996355362e-02
8.830000000000000071e+00       2.254350320748910522e-02
8.839999999999999858e+00       2.256885720859165903e-02
8.849999999999999645e+00       2.259414697709237127e-02
8.859999999999999432e+00       2.261937269539371700e-02
8.869999999999999218e+00       2.264453455380113778e-02
8.880000000000000782e+00       2.266963272354523620e-02
8.890000000000000568e+00       2.269466739350461601e-02
8.900000000000000355e+00       2.271963874470015257e-02
8.910000000000000142e+00       2.274454695848854985e-02
8.919999999999999929e+00       2.276939221588252654e-02
8.929999999999999716e+00       2.279417469749332389e-02
8.939999999999999503e+00       2.281889458351826425e-02
8.949999999999999289e+00       2.284355205373580361e-02
8.960000000000000853e+00       2.286814728750357836e-02
8.970000000000000639e+00       2.289268046375662891e-02
8.980000000000000426e+00       2.291715176100611595e-02
8.990000000000000213e+00       2.294156135733830398e-02
9.000000000000000000e+00       2.296590943041347879e-02
9.009999999999999787e+00       2.299019615702354441e-02
9.019999999999999574e+00       2.301442171032694675e-02
9.029999999999999361e+00       2.303858625983444888e-02
9.039999999999999147e+00       2.306268997265335102e-02
9.050000000000000711e+00       2.308673301395513730e-02
9.060000000000000497e+00       2.311071554724269256e-02
9.070000000000000284e+00       2.313463773454061886e-02
9.080000000000000071e+00       2.315849973650589699e-02
9.089999999999999858e+00       2.318230171257710734e-02
9.099999999999999645e+00       2.320604382101924129e-02
9.109999999999999432e+00       2.322972621903433149e-02
9.119999999999999218e+00       2.325334906281276842e-02
9.130000000000000782e+00       2.327691250757027083e-02
9.140000000000000568e+00       2.330041670762941081e-02
9.150000000000000355e+00       2.332386181644342110e-02
9.160000000000000142e+00       2.334724798664058326e-02
9.169999999999999929e+00       2.337057537006006006e-02
9.179999999999999716e+00       2.339384411779315415e-02
9.189999999999999503e+00       2.341705438018027233e-02
9.199999999999999289e+00       2.344020630688561924e-02
9.210000000000000853e+00       2.346330004689272872e-02
9.220000000000000639e+00       2.348633574853523434e-02
9.230000000000000426e+00       2.350931355951886223e-02
9.240000000000000213e+00       2.353223362693992321e-02
9.250000000000000000e+00       2.355509609732309509e-02
9.259999999999999787e+00       2.357790111658526755e-02
9.269999999999999574e+00       2.360064883012253853e-02
9.279999999999999361e+00       2.362333938278346132e-02
9.289999999999999147e+00       2.364597291889393438e-02
9.300000000000000711e+00       2.366854958227149197e-02
9.310000000000000497e+00       2.369106951623814808e-02
9.320000000000000284e+00       2.371353286363371560e-02
9.330000000000000071e+00       2.373593976682711673e-02
9.339999999999999858e+00       2.375829036774192507e-02
9.349999999999999645e+00       2.378058480781285178e-02
9.359999999999999432e+00       2.380282322807510467e-02
9.369999999999999218e+00       2.382500576912290058e-02
9.380000000000000782e+00       2.384713257114913151e-02
9.390000000000000568e+00       2.386920377388133951e-02
9.400000000000000355e+00       2.389121951669942109e-02
9.410000000000000142e+00       2.391317993857083879e-02
9.419999999999999929e+00       2.393508517807644079e-02
9.429999999999999716e+00       2.395693537341748308e-02
9.439999999999999503e+00       2.397873066242270715e-02
9.449999999999999289e+00       2.400047118255496312e-02
9.460000000000000853e+00       2.402215707091762478e-02
9.470000000000000639e+00       2.404378846426017541e-02
9.480000000000000426e+00       2.406536549898464702e-02
9.490000000000000213e+00       2.408688831115054010e-02
9.500000000000000000e+00       2.410835703648032957e-02
9.509999999999999787e+00       2.412977181036447816e-02
9.519999999999999574e+00       2.415113276786610627e-02
9.529999999999999361e+00       2.417244004372586311e-02
9.539999999999999147e+00       2.419369377236578467e-02
9.550000000000000711e+00       2.421489408789387690e-02
9.560000000000000497e+00       2.423604112410734576e-02
9.570000000000000284e+00       2.425713501449651768e-02
9.580000000000000071e+00       2.427817589224674430e-02
9.589999999999999858e+00       2.429916389023933226e-02
9.599999999999999645e+00       2.432009914104545784e-02
9.609999999999999432e+00       2.434098177765490340e-02
9.619999999999999218e+00       2.436181193094433609e-02
9.630000000000000782e+00       2.438258973314929787e-02
9.640000000000000568e+00       2.440331531571655541e-02
9.650000000000000355e+00       2.442398880981260997e-02
9.660000000000000142e+00       2.444461034683635334e-02
9.669999999999999929e+00       2.446518005625466369e-02
9.679999999999999716e+00       2.448569806909463298e-02
9.689999999999999503e+00       2.450616451540120130e-02
9.699999999999999289e+00       2.452657952496520646e-02
9.710000000000000853e+00       2.454694322731656997e-02
9.720000000000000639e+00       2.456725575172332560e-02
9.730000000000000426e+00       2.458751722719242777e-02
9.740000000000000213e+00       2.460772778247100404e-02
9.750000000000000000e+00       2.462788754604774283e-02
9.759999999999999787e+00       2.464799664615451719e-02
9.769999999999999574e+00       2.466805521076792865e-02
9.779999999999999361e+00       2.468806336761077136e-02
9.789999999999999147e+00       2.470802124415330536e-02
9.800000000000000711e+00       2.472792896761484907e-02
9.810000000000000497e+00       2.474778666496505602e-02
9.820000000000000284e+00       2.476759446292508410e-02
9.830000000000000071e+00       2.478735248796896246e-02
9.839999999999999858e+00       2.480706086632248134e-02
9.849999999999999645e+00       2.482671972397257690e-02
9.859999999999999432e+00       2.484632918665610757e-02
9.869999999999999218e+00       2.486588937986926318e-02
9.880000000000000782e+00       2.488540042886591350e-02
9.890000000000000568e+00       2.490486245865906195e-02
9.900000000000000355e+00       2.492427559402143195e-02
9.910000000000000142e+00       2.494363995948633769e-02
9.919999999999999929e+00       2.496295567934851689e-02
9.929999999999999716e+00       2.498222287766454358e-02
9.939999999999999503e+00       2.500144167825410838e-02
9.949999999999999289e+00       2.502061220470023703e-02
9.960000000000000853e+00       2.503973458034997740e-02
9.970000000000000639e+00       2.505880892831513149e-02
9.980000000000000426e+00       2.507783537147264055e-02
9.990000000000000213e+00       2.509681403246520268e-02
