1.000000000000000021e-02       0.000000000000000000e+00
2.000000000000000042e-02       0.000000000000000000e+00
2.999999999999999889e-02       0.000000000000000000e+00
4.000000000000000083e-02       0.000000000000000000e+00
5.000000000000000278e-02       0.000000000000000000e+00
5.999999999999999778e-02       0.000000000000000000e+00
7.000000000000000666e-02       0.000000000000000000e+00
8.000000000000000167e-02       0.000000000000000000e+00
8.999999999999999667e-02       0.000000000000000000e+00
1.000000000000000056e-01       0.000000000000000000e+00
1.100000000000000006e-01       0.000000000000000000e+00
1.199999999999999956e-01       0.000000000000000000e+00
1.300000000000000044e-01       0.000000000000000000e+00
1.400000000000000133e-01       0.000000000000000000e+00
1.499999999999999944e-01       0.000000000000000000e+00
1.600000000000000033e-01       0.000000000000000000e+00
1.700000000000000122e-01       0.000000000000000000e+00
1.799999999999999933e-01       0.000000000000000000e+00
1.900000000000000022e-01       0.000000000000000000e+00
2.000000000000000111e-01       0.000000000000000000e+00
2.099999999999999922e-01       0.000000000000000000e+00
2.200000000000000011e-01       0.000000000000000000e+00
2.300000000000000100e-01       0.000000000000000000e+00
2.399999999999999911e-01       0.000000000000000000e+00
2.500000000000000000e-01       0.000000000000000000e+00
2.600000000000000089e-01       0.000000000000000000e+00
2.700000000000000178e-01       0.000000000000000000e+00
2.800000000000000266e-01       0.000000000000000000e+00
2.899999999999999800e-01       0.000000000000000000e+00
2.999999999999999889e-01       0.000000000000000000e+00
3.099999999999999978e-01       0.000000000000000000e+00
3.200000000000000067e-01       0.000000000000000000e+00
3.300000000000000155e-01       0.000000000000000000e+00
3.400000000000000244e-01       0.000000000000000000e+00
3.499999999999999778e-01       0.000000000000000000e+00
3.599999999999999867e-01       0.000000000000000000e+00
3.699999999999999956e-01       0.000000000000000000e+00
3.800000000000000044e-01       0.000000000000000000e+00
3.900000000000000133e-01       0.000000000000000000e+00
4.000000000000000222e-01       0.000000000000000000e+00
4.099999999999999756e-01       0.000000000000000000e+00
4.199999999999999845e-01       0.000000000000000000e+00
4.299999999999999933e-01       0.000000000000000000e+00
4.400000000000000022e-01       0.000000000000000000e+00
4.500000000000000111e-01       0.000000000000000000e+00
4.600000000000000200e-01       0.000000000000000000e+00
4.699999999999999734e-01       0.000000000000000000e+00
4.799999999999999822e-01       0.000000000000000000e+00
4.899999999999999911e-01       0.000000000000000000e+00
5.000000000000000000e-01       0.000000000000000000e+00
5.100000000000000089e-01       0.000000000000000000e+00
5.200000000000000178e-01       0.000000000000000000e+00
5.300000000000000266e-01       0.000000000000000000e+00
5.400000000000000355e-01       0.000000000000000000e+00
5.500000000000000444e-01       0.000000000000000000e+00
5.600000000000000533e-01       0.000000000000000000e+00
5.699999999999999512e-01       0.000000000000000000e+00
5.799999999999999600e-01       0.000000000000000000e+00
5.899999999999999689e-01       0.000000000000000000e+00
5.999999999999999778e-01       0.000000000000000000e+00
6.099999999999999867e-01       0.000000000000000000e+00
6.199999999999999956e-01       0.000000000000000000e+00
6.300000000000000044e-01       0.000000000000000000e+00
6.400000000000000133e-01       0.000000000000000000e+00
6.500000000000000222e-01       0.000000000000000000e+00
6.600000000000000311e-01       0.000000000000000000e+00
6.700000000000000400e-01       0.000000000000000000e+00
6.800000000000000488e-01       0.000000000000000000e+00
6.899999999999999467e-01       0.000000000000000000e+00
6.999999999999999556e-01       0.000000000000000000e+00
7.099999999999999645e-01       0.000000000000000000e+00
7.199999999999999734e-01       0.000000000000000000e+00
7.299999999999999822e-01       0.000000000000000000e+00
7.399999999999999911e-01       0.000000000000000000e+00
7.500000000000000000e-01       0.000000000000000000e+00
7.600000000000000089e-01       0.000000000000000000e+00
7.700000000000000178e-01       0.000000000000000000e+00
7.800000000000000266e-01       0.000000000000000000e+00
7.900000000000000355e-01       0.000000000000000000e+00
8.000000000000000444e-01       0.000000000000000000e+00
8.100000000000000533e-01       0.000000000000000000e+00
8.199999999999999512e-01       0.000000000000000000e+00
8.299999999999999600e-01       0.000000000000000000e+00
8.399999999999999689e-01       0.000000000000000000e+00
8.499999999999999778e-01       0.000000000000000000e+00
8.599999999999999867e-01       0.000000000000000000e+00
8.699999999999999956e-01       0.000000000000000000e+00
8.800000000000000044e-01       0.000000000000000000e+00
8.900000000000000133e-01       0.000000000000000000e+00
9.000000000000000222e-01       0.000000000000000000e+00
9.100000000000000311e-01       0.000000000000000000e+00
9.200000000000000400e-01       0.000000000000000000e+00
9.300000000000000488e-01       0.000000000000000000e+00
9.399999999999999467e-01       0.000000000000000000e+00
9.499999999999999556e-01       0.000000000000000000e+00
9.599999999999999645e-01       0.000000000000000000e+00
9.699999999999999734e-01       0.000000000000000000e+00
9.799999999999999822e-01       0.000000000000000000e+00
9.899999999999999911e-01       0.000000000000000000e+00
1.000000000000000000e+00       0.000000000000000000e+00
1.010000000000000009e+00       0.000000000000000000e+00
1.020000000000000018e+00       0.000000000000000000e+00
1.030000000000000027e+00       0.000000000000000000e+00
1.040000000000000036e+00       0.000000000000000000e+00
1.050000000000000044e+00       0.000000000000000000e+00
1.060000000000000053e+00       0.000000000000000000e+00
1.070000000000000062e+00       0.000000000000000000e+00
1.080000000000000071e+00       0.000000000000000000e+00
1.090000000000000080e+00       0.000000000000000000e+00
1.100000000000000089e+00       0.000000000000000000e+00
1.110000000000000098e+00       0.000000000000000000e+00
1.120000000000000107e+00       0.000000000000000000e+00
1.129999999999999893e+00       0.000000000000000000e+00
1.139999999999999902e+00       0.000000000000000000e+00
1.149999999999999911e+00       0.000000000000000000e+00
1.159999999999999920e+00       0.000000000000000000e+00
1.169999999999999929e+00       0.000000000000000000e+00
1.179999999999999938e+00       0.000000000000000000e+00
1.189999999999999947e+00       0.000000000000000000e+00
1.199999999999999956e+00       0.000000000000000000e+00
1.209999999999999964e+00       0.000000000000000000e+00
1.219999999999999973e+00       0.000000000000000000e+00
1.229999999999999982e+00       0.000000000000000000e+00
1.239999999999999991e+00       0.000000000000000000e+00
1.250000000000000000e+00       0.000000000000000000e+00
1.260000000000000009e+00       0.000000000000000000e+00
1.270000000000000018e+00       0.000000000000000000e+00
1.280000000000000027e+00       0.000000000000000000e+00
1.290000000000000036e+00       0.000000000000000000e+00
1.300000000000000044e+00       0.000000000000000000e+00
1.310000000000000053e+00       0.000000000000000000e+00
1.320000000000000062e+00       0.000000000000000000e+00
1.330000000000000071e+00       0.000000000000000000e+00
1.340000000000000080e+00       0.000000000000000000e+00
1.350000000000000089e+00       0.000000000000000000e+00
1.360000000000000098e+00       0.000000000000000000e+00
1.370000000000000107e+00       0.000000000000000000e+00
1.379999999999999893e+00       0.000000000000000000e+00
1.389999999999999902e+00       0.000000000000000000e+00
1.399999999999999911e+00       0.000000000000000000e+00
1.409999999999999920e+00       0.000000000000000000e+00
1.419999999999999929e+00       0.000000000000000000e+00
1.429999999999999938e+00       0.000000000000000000e+00
1.439999999999999947e+00       0.000000000000000000e+00
1.449999999999999956e+00       0.000000000000000000e+00
1.459999999999999964e+00       0.000000000000000000e+00
1.469999999999999973e+00       0.000000000000000000e+00
1.479999999999999982e+00       0.000000000000000000e+00
1.489999999999999991e+00       0.000000000000000000e+00
1.500000000000000000e+00       0.000000000000000000e+00
1.510000000000000009e+00       0.000000000000000000e+00
1.520000000000000018e+00       0.000000000000000000e+00
1.530000000000000027e+00       0.000000000000000000e+00
1.540000000000000036e+00       0.000000000000000000e+00
1.550000000000000044e+00       0.000000000000000000e+00
1.560000000000000053e+00       0.000000000000000000e+00
1.570000000000000062e+00       0.000000000000000000e+00
1.580000000000000071e+00       0.000000000000000000e+00
1.590000000000000080e+00       0.000000000000000000e+00
1.600000000000000089e+00       0.000000000000000000e+00
1.610000000000000098e+00       0.000000000000000000e+00
1.620000000000000107e+00       0.000000000000000000e+00
1.629999999999999893e+00       0.000000000000000000e+00
1.639999999999999902e+00       0.000000000000000000e+00
1.649999999999999911e+00       0.000000000000000000e+00
1.659999999999999920e+00       0.000000000000000000e+00
1.669999999999999929e+00       0.000000000000000000e+00
1.679999999999999938e+00       0.000000000000000000e+00
1.689999999999999947e+00       0.000000000000000000e+00
1.699999999999999956e+00       0.000000000000000000e+00
1.709999999999999964e+00       0.000000000000000000e+00
1.719999999999999973e+00       0.000000000000000000e+00
1.729999999999999982e+00       0.000000000000000000e+00
1.739999999999999991e+00       0.000000000000000000e+00
1.750000000000000000e+00       0.000000000000000000e+00
1.760000000000000009e+00       0.000000000000000000e+00
1.770000000000000018e+00       0.000000000000000000e+00
1.780000000000000027e+00       0.000000000000000000e+00
1.790000000000000036e+00       0.000000000000000000e+00
1.800000000000000044e+00       0.000000000000000000e+00
1.810000000000000053e+00       0.000000000000000000e+00
1.820000000000000062e+00       0.000000000000000000e+00
1.830000000000000071e+00       0.000000000000000000e+00
1.840000000000000080e+00       0.000000000000000000e+00
1.850000000000000089e+00       0.000000000000000000e+00
1.860000000000000098e+00       0.000000000000000000e+00
1.870000000000000107e+00       0.000000000000000000e+00
1.879999999999999893e+00       0.000000000000000000e+00
1.889999999999999902e+00       0.000000000000000000e+00
1.899999999999999911e+00       0.000000000000000000e+00
1.909999999999999920e+00       0.000000000000000000e+00
1.919999999999999929e+00       0.000000000000000000e+00
1.929999999999999938e+00       0.000000000000000000e+00
1.939999999999999947e+00       0.000000000000000000e+00
1.949999999999999956e+00       0.000000000000000000e+00
1.959999999999999964e+00       0.000000000000000000e+00
1.969999999999999973e+00       0.000000000000000000e+00
1.979999999999999982e+00       0.000000000000000000e+00
1.989999999999999991e+00       0.000000000000000000e+00
2.000000000000000000e+00       0.000000000000000000e+00
2.009999999999999787e+00       0.000000000000000000e+00
2.020000000000000018e+00       0.000000000000000000e+00
2.029999999999999805e+00       0.000000000000000000e+00
2.040000000000000036e+00       0.000000000000000000e+00
2.049999999999999822e+00       0.000000000000000000e+00
2.060000000000000053e+00       0.000000000000000000e+00
2.069999999999999840e+00       0.000000000000000000e+00
2.080000000000000071e+00       0.000000000000000000e+00
2.089999999999999858e+00       0.000000000000000000e+00
2.100000000000000089e+00       0.000000000000000000e+00
2.109999999999999876e+00       0.000000000000000000e+00
2.120000000000000107e+00       0.000000000000000000e+00
2.129999999999999893e+00       0.000000000000000000e+00
2.140000000000000124e+00       0.000000000000000000e+00
2.149999999999999911e+00       0.000000000000000000e+00
2.160000000000000142e+00       0.000000000000000000e+00
2.169999999999999929e+00       0.000000000000000000e+00
2.180000000000000160e+00       0.000000000000000000e+00
2.189999999999999947e+00       0.000000000000000000e+00
2.200000000000000178e+00       0.000000000000000000e+00
2.209999999999999964e+00       0.000000000000000000e+00
2.220000000000000195e+00       0.000000000000000000e+00
2.229999999999999982e+00       0.000000000000000000e+00
2.240000000000000213e+00       0.000000000000000000e+00
2.250000000000000000e+00       0.000000000000000000e+00
2.259999999999999787e+00       0.000000000000000000e+00
2.270000000000000018e+00       0.000000000000000000e+00
2.279999999999999805e+00       0.000000000000000000e+00
2.290000000000000036e+00       0.000000000000000000e+00
2.299999999999999822e+00       0.000000000000000000e+00
2.310000000000000053e+00       0.000000000000000000e+00
2.319999999999999840e+00       0.000000000000000000e+00
2.330000000000000071e+00       0.000000000000000000e+00
2.339999999999999858e+00       0.000000000000000000e+00
2.350000000000000089e+00       0.000000000000000000e+00
2.359999999999999876e+00       0.000000000000000000e+00
2.370000000000000107e+00       0.000000000000000000e+00
2.379999999999999893e+00       0.000000000000000000e+00
2.390000000000000124e+00       0.000000000000000000e+00
2.399999999999999911e+00       0.000000000000000000e+00
2.410000000000000142e+00       0.000000000000000000e+00
2.419999999999999929e+00       0.000000000000000000e+00
2.430000000000000160e+00       0.000000000000000000e+00
2.439999999999999947e+00       0.000000000000000000e+00
2.450000000000000178e+00       0.000000000000000000e+00
2.459999999999999964e+00       0.000000000000000000e+00
2.470000000000000195e+00       0.000000000000000000e+00
2.479999999999999982e+00       0.000000000000000000e+00
2.490000000000000213e+00       0.000000000000000000e+00
2.500000000000000000e+00       0.000000000000000000e+00
2.509999999999999787e+00       0.000000000000000000e+00
2.520000000000000018e+00       0.000000000000000000e+00
2.529999999999999805e+00       0.000000000000000000e+00
2.540000000000000036e+00       0.000000000000000000e+00
2.549999999999999822e+00       0.000000000000000000e+00
2.560000000000000053e+00       0.000000000000000000e+00
2.569999999999999840e+00       0.000000000000000000e+00
2.580000000000000071e+00       0.000000000000000000e+00
2.589999999999999858e+00       0.000000000000000000e+00
2.600000000000000089e+00       0.000000000000000000e+00
2.609999999999999876e+00       0.000000000000000000e+00
2.620000000000000107e+00       0.000000000000000000e+00
2.629999999999999893e+00       0.000000000000000000e+00
2.640000000000000124e+00       0.000000000000000000e+00
2.649999999999999911e+00       0.000000000000000000e+00
2.660000000000000142e+00       0.000000000000000000e+00
2.669999999999999929e+00       0.000000000000000000e+00
2.680000000000000160e+00       0.000000000000000000e+00
2.689999999999999947e+00       0.000000000000000000e+00
2.700000000000000178e+00       0.000000000000000000e+00
2.709999999999999964e+00       0.000000000000000000e+00
2.720000000000000195e+00       0.000000000000000000e+00
2.729999999999999982e+00       0.000000000000000000e+00
2.740000000000000213e+00       0.000000000000000000e+00
2.750000000000000000e+00       0.000000000000000000e+00
2.759999999999999787e+00       0.000000000000000000e+00
2.770000000000000018e+00       0.000000000000000000e+00
2.779999999999999805e+00       0.000000000000000000e+00
2.790000000000000036e+00       0.000000000000000000e+00
2.799999999999999822e+00       0.000000000000000000e+00
2.810000000000000053e+00       0.000000000000000000e+00
2.819999999999999840e+00       0.000000000000000000e+00
2.830000000000000071e+00       0.000000000000000000e+00
2.839999999999999858e+00       0.000000000000000000e+00
2.850000000000000089e+00       0.000000000000000000e+00
2.859999999999999876e+00       0.000000000000000000e+00
2.870000000000000107e+00       0.000000000000000000e+00
2.879999999999999893e+00       0.000000000000000000e+00
2.890000000000000124e+00       0.000000000000000000e+00
2.899999999999999911e+00       0.000000000000000000e+00
2.910000000000000142e+00       0.000000000000000000e+00
2.919999999999999929e+00       0.000000000000000000e+00
2.930000000000000160e+00       0.000000000000000000e+00
2.939999999999999947e+00       0.000000000000000000e+00
2.950000000000000178e+00       0.000000000000000000e+00
2.959999999999999964e+00       0.000000000000000000e+00
2.970000000000000195e+00       0.000000000000000000e+00
2.979999999999999982e+00       0.000000000000000000e+00
2.990000000000000213e+00       0.000000000000000000e+00
3.000000000000000000e+00       0.000000000000000000e+00
3.009999999999999787e+00       0.000000000000000000e+00
3.020000000000000018e+00       0.000000000000000000e+00
3.029999999999999805e+00       0.000000000000000000e+00
3.040000000000000036e+00       0.000000000000000000e+00
3.049999999999999822e+00       0.000000000000000000e+00
3.060000000000000053e+00       0.000000000000000000e+00
3.069999999999999840e+00       0.000000000000000000e+00
3.080000000000000071e+00       0.000000000000000000e+00
3.089999999999999858e+00       0.000000000000000000e+00
3.100000000000000089e+00       0.000000000000000000e+00
3.109999999999999876e+00       0.000000000000000000e+00
3.120000000000000107e+00       0.000000000000000000e+00
3.129999999999999893e+00       0.000000000000000000e+00
3.140000000000000124e+00       0.000000000000000000e+00
3.149999999999999911e+00       0.000000000000000000e+00
3.160000000000000142e+00       0.000000000000000000e+00
3.169999999999999929e+00       0.000000000000000000e+00
3.180000000000000160e+00       0.000000000000000000e+00
3.189999999999999947e+00       0.000000000000000000e+00
3.200000000000000178e+00       0.000000000000000000e+00
3.209999999999999964e+00       0.000000000000000000e+00
3.220000000000000195e+00       0.000000000000000000e+00
3.229999999999999982e+00       0.000000000000000000e+00
3.240000000000000213e+00       0.000000000000000000e+00
3.250000000000000000e+00       0.000000000000000000e+00
3.259999999999999787e+00       0.000000000000000000e+00
3.270000000000000018e+00       0.000000000000000000e+00
3.279999999999999805e+00       0.000000000000000000e+00
3.290000000000000036e+00       0.000000000000000000e+00
3.299999999999999822e+00       0.000000000000000000e+00
3.310000000000000053e+00       0.000000000000000000e+00
3.319999999999999840e+00       0.000000000000000000e+00
3.330000000000000071e+00       0.000000000000000000e+00
3.339999999999999858e+00       0.000000000000000000e+00
3.350000000000000089e+00       0.000000000000000000e+00
3.359999999999999876e+00       0.000000000000000000e+00
3.370000000000000107e+00       0.000000000000000000e+00
3.379999999999999893e+00       0.000000000000000000e+00
3.390000000000000124e+00       0.000000000000000000e+00
3.399999999999999911e+00       0.000000000000000000e+00
3.410000000000000142e+00       0.000000000000000000e+00
3.419999999999999929e+00       0.000000000000000000e+00
3.430000000000000160e+00       0.000000000000000000e+00
3.439999999999999947e+00       0.000000000000000000e+00
3.450000000000000178e+00       0.000000000000000000e+00
3.459999999999999964e+00       0.000000000000000000e+00
3.470000000000000195e+00       0.000000000000000000e+00
3.479999999999999982e+00       0.000000000000000000e+00
3.490000000000000213e+00       0.000000000000000000e+00
3.500000000000000000e+00       0.000000000000000000e+00
3.509999999999999787e+00       0.000000000000000000e+00
3.520000000000000018e+00       0.000000000000000000e+00
3.529999999999999805e+00       0.000000000000000000e+00
3.540000000000000036e+00       0.000000000000000000e+00
3.549999999999999822e+00       0.000000000000000000e+00
3.560000000000000053e+00       2.408306474216475065e-11
3.569999999999999840e+00       6.685431731154837601e-10
3.580000000000000071e+00       3.535998505087833398e-09
3.589999999999999858e+00       1.081821311091459500e-08
3.600000000000000089e+00       2.510171567851539550e-08
3.609999999999999876e+00       4.926953121120503482e-08
3.620000000000000107e+00       8.643671165143198853e-08
3.629999999999999893e+00       1.399019557656394072e-07
3.640000000000000124e+00       2.131110887538302955e-07
3.649999999999999911e+00       3.096262972778117864e-07
3.660000000000000142e+00       4.331018272993759506e-07
3.669999999999999929e+00       5.872623998913195879e-07
3.680000000000000160e+00       7.758854334142068914e-07
3.689999999999999947e+00       1.002785212521479319e-06
3.700000000000000178e+00       1.271799831867638257e-06
3.709999999999999964e+00       1.586778434951365498e-06
3.720000000000000195e+00       1.951571164460718252e-06
3.729999999999999982e+00       2.370019699689543009e-06
3.740000000000000213e+00       2.845948958593445334e-06
3.750000000000000000e+00       3.383159713582168218e-06
3.759999999999999787e+00       3.985422011372030745e-06
3.770000000000000018e+00       4.656469304903926293e-06
3.779999999999999805e+00       5.399993219300720452e-06
3.790000000000000036e+00       6.219638885187013915e-06
3.799999999999999822e+00       7.119000781681085768e-06
3.810000000000000053e+00       8.101619039038468633e-06
3.819999999999999840e+00       9.170976157086825706e-06
3.830000000000000071e+00       1.033049410084914101e-05
3.839999999999999858e+00       1.158353173917395195e-05
3.850000000000000089e+00       1.293338259595260479e-05
3.859999999999999876e+00       1.438327288673833332e-05
3.870000000000000107e+00       1.593635981636635311e-05
3.879999999999999893e+00       1.759573011558519137e-05
3.890000000000000124e+00       1.936439879684832713e-05
3.899999999999999911e+00       2.124530811123655428e-05
3.910000000000000142e+00       2.324132669013020228e-05
3.919999999999999929e+00       2.535524885671364825e-05
3.930000000000000160e+00       2.758979409365602803e-05
3.939999999999999947e+00       2.994760665447642300e-05
3.950000000000000178e+00       3.243125530712659036e-05
3.959999999999999964e+00       3.504323319925510262e-05
3.970000000000000195e+00       3.778595783543343018e-05
3.979999999999999982e+00       4.066177115742483227e-05
3.990000000000000213e+00       4.367293971918582599e-05
4.000000000000000000e+00       4.682165494898807387e-05
4.009999999999999787e+00       5.011003349156866924e-05
4.019999999999999574e+00       5.354011762372822740e-05
4.030000000000000249e+00       5.711387573742352327e-05
4.040000000000000036e+00       6.083320288436770424e-05
4.049999999999999822e+00       6.469992137733701436e-05
4.059999999999999609e+00       6.871578144294338941e-05
4.070000000000000284e+00       7.288246192149173649e-05
4.080000000000000071e+00       7.720157100962561831e-05
4.089999999999999858e+00       8.167464704185576805e-05
4.099999999999999645e+00       8.630315930725655836e-05
4.110000000000000320e+00       9.108850889742146917e-05
4.120000000000000107e+00       9.603202958537563098e-05
4.129999999999999893e+00       1.011349887254553610e-04
4.139999999999999680e+00       1.063985881803885836e-04
4.150000000000000355e+00       1.118239652664251838e-04
4.160000000000000142e+00       1.174121937166313387e-04
4.169999999999999929e+00       1.231642846596674623e-04
4.179999999999999716e+00       1.290811876119292672e-04
4.190000000000000391e+00       1.351637914810815142e-04
4.200000000000000178e+00       1.414129255791313450e-04
4.209999999999999964e+00       1.478293606433243781e-04
4.219999999999999751e+00       1.544138098632538789e-04
4.230000000000000426e+00       1.611669299126836346e-04
4.240000000000000213e+00       1.680893219846842589e-04
4.250000000000000000e+00       1.751815328287837552e-04
4.259999999999999787e+00       1.824440557889134772e-04
4.269999999999999574e+00       1.898773318410145719e-04
4.280000000000000249e+00       1.974817506292634737e-04
4.290000000000000036e+00       2.052576514999269000e-04
4.299999999999999822e+00       2.132053245319378112e-04
4.309999999999999609e+00       2.213250115633460103e-04
4.320000000000000284e+00       2.296169072128729724e-04
4.330000000000000071e+00       2.380811598958215583e-04
4.339999999999999858e+00       2.467178728336877889e-04
4.349999999999999645e+00       2.555271050568372749e-04
4.360000000000000320e+00       2.645088723996925754e-04
4.370000000000000107e+00       2.736631484878871323e-04
4.379999999999999893e+00       2.829898657168983798e-04
4.389999999999999680e+00       2.924889162217269418e-04
4.400000000000000355e+00       3.021601528372105461e-04
4.410000000000000142e+00       3.120033900485846725e-04
4.419999999999999929e+00       3.220184049319760582e-04
4.429999999999999716e+00       3.322049380844893261e-04
4.440000000000000391e+00       3.425626945436474526e-04
4.450000000000000178e+00       3.530913446958918226e-04
4.459999999999999964e+00       3.637905251739579357e-04
4.469999999999999751e+00       3.746598397428865064e-04
4.480000000000000426e+00       3.856988601745483082e-04
4.490000000000000213e+00       3.969071271104513418e-04
4.500000000000000000e+00       4.082841509127986654e-04
4.509999999999999787e+00       4.198294125034927166e-04
4.519999999999999574e+00       4.315423641913408042e-04
4.530000000000000249e+00       4.434224304869425993e-04
4.540000000000000036e+00       4.554690089055250389e-04
4.549999999999999822e+00       4.676814707575347439e-04
4.559999999999999609e+00       4.800591619269915832e-04
4.570000000000000284e+00       4.926014036375623477e-04
4.580000000000000071e+00       5.053074932063664594e-04
4.589999999999999858e+00       5.181767047854830876e-04
4.599999999999999645e+00       5.312082900912378424e-04
4.610000000000000320e+00       5.444014791211986828e-04
4.620000000000000107e+00       5.577554808590044723e-04
4.629999999999999893e+00       5.712694839670075372e-04
4.639999999999999680e+00       5.849426574659156650e-04
4.650000000000000355e+00       5.987741514068607327e-04
4.660000000000000142e+00       6.127630975225076488e-04
4.669999999999999929e+00       6.269086098743879929e-04
4.679999999999999716e+00       6.412097854878508760e-04
4.690000000000000391e+00       6.556657049685410540e-04
4.700000000000000178e+00       6.702754331145919500e-04
4.709999999999999964e+00       6.850380195136564340e-04
4.719999999999999751e+00       6.999524991291501165e-04
4.730000000000000426e+00       7.150178928751406600e-04
4.740000000000000213e+00       7.302332081800533281e-04
4.750000000000000000e+00       7.455974395387568151e-04
4.759999999999999787e+00       7.611095690545327096e-04
4.769999999999999574e+00       7.767685669691889918e-04
4.780000000000000249e+00       7.925733921835644621e-04
4.790000000000000036e+00       8.085229927629369569e-04
4.799999999999999822e+00       8.246163064426454770e-04
4.809999999999999609e+00       8.408522611087531143e-04
4.820000000000000284e+00       8.572297752797937475e-04
4.830000000000000071e+00       8.737477585729171766e-04
4.839999999999999858e+00       8.904051121618865869e-04
4.849999999999999645e+00       9.072007292239900452e-04
4.860000000000000320e+00       9.241334953793871928e-04
4.870000000000000107e+00       9.412022891145515593e-04
4.879999999999999893e+00       9.584059822091697475e-04
4.889999999999999680e+00       9.757434401371639643e-04
4.900000000000000355e+00       9.932135224704557400e-04
4.910000000000000142e+00       1.010815083269779938e-03
4.919999999999999929e+00       1.028546971465264326e-03
4.929999999999999716e+00       1.046408031230200257e-03
4.940000000000000391e+00       1.064397102345075903e-03
4.950000000000000178e+00       1.082513020553226880e-03
4.959999999999999964e+00       1.100754617908052428e-03
4.969999999999999751e+00       1.119120723111871737e-03
4.980000000000000426e+00       1.137610161846638792e-03
4.990000000000000213e+00       1.156221757096576866e-03
5.000000000000000000e+00       1.174954329334303507e-03
5.009999999999999787e+00       1.193806697343341439e-03
5.019999999999999574e+00       1.212777677742072702e-03
5.030000000000000249e+00       1.231866085793699049e-03
5.040000000000000036e+00       1.251070735560639484e-03
5.049999999999999822e+00       1.270390440181570378e-03
5.059999999999999609e+00       1.289824012141313741e-03
5.070000000000000284e+00       1.309370263533713970e-03
5.080000000000000071e+00       1.329028006317562469e-03
5.089999999999999858e+00       1.348796052565787856e-03
5.099999999999999645e+00       1.368673214707978982e-03
5.110000000000000320e+00       1.388658305766328352e-03
5.120000000000000107e+00       1.408750139585196980e-03
5.129999999999999893e+00       1.428947531054348356e-03
5.139999999999999680e+00       1.449249296326037386e-03
5.150000000000000355e+00       1.469654253025965990e-03
5.160000000000000142e+00       1.490161220458324168e-03
5.169999999999999929e+00       1.510769019804973114e-03
5.179999999999999716e+00       1.531476474318889001e-03
5.190000000000000391e+00       1.552282409512013156e-03
5.200000000000000178e+00       1.573185653337527690e-03
5.209999999999999964e+00       1.594185036366765201e-03
5.219999999999999751e+00       1.615279391960851860e-03
5.230000000000000426e+00       1.636467556437036378e-03
5.240000000000000213e+00       1.657748369230051385e-03
5.250000000000000000e+00       1.679120673048404427e-03
5.259999999999999787e+00       1.700583314025796338e-03
5.269999999999999574e+00       1.722135141867750258e-03
5.280000000000000249e+00       1.743775009992895976e-03
5.290000000000000036e+00       1.765501775661147774e-03
5.299999999999999822e+00       1.787314300117171049e-03
5.309999999999999609e+00       1.809211448727318780e-03
5.320000000000000284e+00       1.831192091094347493e-03
5.330000000000000071e+00       1.853255101177254558e-03
5.339999999999999858e+00       1.875399357406994224e-03
5.349999999999999645e+00       1.897623742798148919e-03
5.360000000000000320e+00       1.919927145056593999e-03
5.370000000000000107e+00       1.942308456683326801e-03
5.379999999999999893e+00       1.964766575074466514e-03
5.389999999999999680e+00       1.987300402617696565e-03
5.400000000000000355e+00       2.009908846784299718e-03
5.410000000000000142e+00       2.032590820219173748e-03
5.419999999999999929e+00       2.055345240825869751e-03
5.429999999999999716e+00       2.078171031850143801e-03
5.440000000000000391e+00       2.101067121952772399e-03
5.450000000000000178e+00       2.124032445297456117e-03
5.459999999999999964e+00       2.147065941610759067e-03
5.469999999999999751e+00       2.170166556258408975e-03
5.480000000000000426e+00       2.193333240309291998e-03
5.490000000000000213e+00       2.216564950599752420e-03
5.500000000000000000e+00       2.239860649793034685e-03
5.509999999999999787e+00       2.263219306438153406e-03
5.519999999999999574e+00       2.286639895025253597e-03
5.530000000000000249e+00       2.310121396031526633e-03
5.540000000000000036e+00       2.333662795983579199e-03
5.549999999999999822e+00       2.357263087491651143e-03
5.559999999999999609e+00       2.380921269300409482e-03
5.570000000000000284e+00       2.404636346329334495e-03
5.580000000000000071e+00       2.428407329713686957e-03
5.589999999999999858e+00       2.452233236839770729e-03
5.599999999999999645e+00       2.476113091381284756e-03
5.610000000000000320e+00       2.500045923331735073e-03
5.620000000000000107e+00       2.524030769035061350e-03
5.629999999999999893e+00       2.548066671214145769e-03
5.639999999999999680e+00       2.572152678997212047e-03
5.650000000000000355e+00       2.596287847942318431e-03
5.660000000000000142e+00       2.620471240059764687e-03
5.669999999999999929e+00       2.644701923832710588e-03
5.679999999999999716e+00       2.668978974168557689e-03
5.690000000000000391e+00       2.693301472685905116e-03
5.700000000000000178e+00       2.717668507323219365e-03
5.709999999999999964e+00       2.742079172760824007e-03
5.719999999999999751e+00       2.766532569818656168e-03
5.730000000000000426e+00       2.791027806283856699e-03
5.740000000000000213e+00       2.815563996375054605e-03
5.750000000000000000e+00       2.840140260885230632e-03
5.759999999999999787e+00       2.864755727187227180e-03
5.769999999999999574e+00       2.889409529237733833e-03
5.780000000000000249e+00       2.914100807579936281e-03
5.790000000000000036e+00       2.938828709344705470e-03
5.799999999999999822e+00       2.963592388250516942e-03
5.809999999999999609e+00       2.988391004602000602e-03
5.820000000000000284e+00       3.013223725287254070e-03
5.830000000000000071e+00       3.038089723773952557e-03
5.839999999999999858e+00       3.062988180104191972e-03
5.849999999999999645e+00       3.087918280888241312e-03
5.860000000000000320e+00       3.112879219297125851e-03
5.870000000000000107e+00       3.137870194900744050e-03
5.879999999999999893e+00       3.162890414270358268e-03
5.889999999999999680e+00       3.187939090052045992e-03
5.900000000000000355e+00       3.213015441564364121e-03
5.910000000000000142e+00       3.238118694633806971e-03
5.919999999999999929e+00       3.263248081581322270e-03
5.929999999999999716e+00       3.288402841207889969e-03
5.940000000000000391e+00       3.313582218779203767e-03
5.950000000000000178e+00       3.338785466009558129e-03
5.959999999999999964e+00       3.364011841044861444e-03
5.969999999999999751e+00       3.389260608444876356e-03
5.980000000000000426e+00       3.414531039164653021e-03
5.990000000000000213e+00       3.439822410535240717e-03
6.000000000000000000e+00       3.465134006243677806e-03
6.009999999999999787e+00       3.490465116312272634e-03
6.019999999999999574e+00       3.515815037077207883e-03
6.030000000000000249e+00       3.541183071166518689e-03
6.040000000000000036e+00       3.566568527477380780e-03
6.049999999999999822e+00       3.591970721152874715e-03
6.059999999999999609e+00       3.617388973672152046e-03
6.070000000000000284e+00       3.642822612368477528e-03
6.080000000000000071e+00       3.668270971093936985e-03
6.089999999999999858e+00       3.693733389729648552e-03
6.099999999999999645e+00       3.719209214279233476e-03
6.110000000000000320e+00       3.744697796841001125e-03
6.120000000000000107e+00       3.770198495580990954e-03
6.129999999999999893e+00       3.795710674705584688e-03
6.139999999999999680e+00       3.821233704433719090e-03
6.150000000000000355e+00       3.846766960968632954e-03
6.160000000000000142e+00       3.872309826469272354e-03
6.169999999999999929e+00       3.897861689021302981e-03
6.179999999999999716e+00       3.923421942607733040e-03
6.190000000000000391e+00       3.948989987079253375e-03
6.200000000000000178e+00       3.974565228124183822e-03
6.209999999999999964e+00       4.000147077238201850e-03
6.219999999999999751e+00       4.025734951693606296e-03
6.230000000000000426e+00       4.051328274508506945e-03
6.240000000000000213e+00       4.076926474415589093e-03
6.250000000000000000e+00       4.102528985830676891e-03
6.259999999999999787e+00       4.128135248821070309e-03
6.269999999999999574e+00       4.153744709073625349e-03
6.280000000000000249e+00       4.179356817862642584e-03
6.290000000000000036e+00       4.204971032017507625e-03
6.299999999999999822e+00       4.230586813890242250e-03
6.309999999999999609e+00       4.256203631322697314e-03
6.320000000000000284e+00       4.281820957613803776e-03
6.330000000000000071e+00       4.307438271486491513e-03
6.339999999999999858e+00       4.333055057054494529e-03
6.349999999999999645e+00       4.358670803789130993e-03
6.360000000000000320e+00       4.384285006485822214e-03
6.370000000000000107e+00       4.409897165246754076e-03
6.379999999999999893e+00       4.435506785383021289e-03
6.389999999999999680e+00       4.461113377476359255e-03
6.400000000000000355e+00       4.486716457282225075e-03
6.410000000000000142e+00       4.512315545711584677e-03
6.419999999999999929e+00       4.537910168828737482e-03
6.429999999999999716e+00       4.563499857691105145e-03
6.440000000000000391e+00       4.589084148502689531e-03
6.450000000000000178e+00       4.614662582456059356e-03
6.459999999999999964e+00       4.640234705728954467e-03
6.469999999999999751e+00       4.665800069450037196e-03
6.480000000000000426e+00       4.691358229718249270e-03
6.490000000000000213e+00       4.716908747354559006e-03
6.500000000000000000e+00       4.742451188188660793e-03
6.509999999999999787e+00       4.767985122810899229e-03
6.519999999999999574e+00       4.793510126591541895e-03
6.530000000000000249e+00       4.819025779646555867e-03
6.540000000000000036e+00       4.844531666803451875e-03
6.549999999999999822e+00       4.870027377567148416e-03
6.559999999999999609e+00       4.895512506085842805e-03
6.570000000000000284e+00       4.920986651116968959e-03
6.580000000000000071e+00       4.946449415993176869e-03
6.589999999999999858e+00       4.971900408588306869e-03
6.599999999999999645e+00       4.997339241283548644e-03
6.610000000000000320e+00       5.022765530933557751e-03
6.620000000000000107e+00       5.048178898832598148e-03
6.629999999999999893e+00       5.073578970680952746e-03
6.639999999999999680e+00       5.098965376551131863e-03
6.650000000000000355e+00       5.124337750854432959e-03
6.660000000000000142e+00       5.149695732249925766e-03
6.669999999999999929e+00       5.175038963840538492e-03
6.679999999999999716e+00       5.200367092796069450e-03
6.690000000000000391e+00       5.225679770548765854e-03
6.700000000000000178e+00       5.250976652703144218e-03
6.709999999999999964e+00       5.276257399002905711e-03
6.719999999999999751e+00       5.301521673298107383e-03
6.730000000000000426e+00       5.326769143512340328e-03
6.740000000000000213e+00       5.351999481610033617e-03
6.750000000000000000e+00       5.377212363563951651e-03
6.759999999999999787e+00       5.402407469322708863e-03
6.769999999999999574e+00       5.427584482778357276e-03
6.780000000000000249e+00       5.452743091734961987e-03
6.790000000000000036e+00       5.477882987874813092e-03
6.799999999999999822e+00       5.503003866727775723e-03
6.809999999999999609e+00       5.528105427640216812e-03
6.820000000000000284e+00       5.553187373741554425e-03
6.830000000000000071e+00       5.578249411914027595e-03
6.839999999999999858e+00       5.603291252759851071e-03
6.849999999999999645e+00       5.628312610572512587e-03
6.860000000000000320e+00       5.653313203303094933e-03
6.870000000000000107e+00       5.678292752530619998e-03
6.879999999999999893e+00       5.703250983431005887e-03
6.889999999999999680e+00       5.728187624786969592e-03
6.900000000000000355e+00       5.753102408795131815e-03
6.910000000000000142e+00       5.777995071279331575e-03
6.919999999999999929e+00       5.802865351497941797e-03
6.929999999999999716e+00       5.827712992154465872e-03
6.940000000000000391e+00       5.852537739367655312e-03
6.950000000000000178e+00       5.877339342641777452e-03
6.959999999999999964e+00       5.902117554837015001e-03
6.969999999999999751e+00       5.926872132140147478e-03
6.980000000000000426e+00       5.951602834035272550e-03
6.990000000000000213e+00       5.976309423274664412e-03
7.000000000000000000e+00       6.000991665849992988e-03
7.009999999999999787e+00       6.025649330775310897e-03
7.019999999999999574e+00       6.050282190810334255e-03
7.030000000000000249e+00       6.074890021305396140e-03
7.040000000000000036e+00       6.099472600923599823e-03
7.049999999999999822e+00       6.124029711425311474e-03
7.059999999999999609e+00       6.148561137640258870e-03
7.070000000000000284e+00       6.173066667439761936e-03
7.080000000000000071e+00       6.197546091709191414e-03
7.089999999999999858e+00       6.221999204320573240e-03
7.099999999999999645e+00       6.246425802105315221e-03
7.110000000000000320e+00       6.270825684827233820e-03
7.120000000000000107e+00       6.295198655155611299e-03
7.129999999999999893e+00       6.319544518638497456e-03
7.139999999999999680e+00       6.343863083676182235e-03
7.150000000000000355e+00       6.368154161494827929e-03
7.160000000000000142e+00       6.392417566120307815e-03
7.169999999999999929e+00       6.416653114352089890e-03
7.179999999999999716e+00       6.440860625737530008e-03
7.190000000000000391e+00       6.465039922546092152e-03
7.200000000000000178e+00       6.489190829743910448e-03
7.209999999999999964e+00       6.513313174968414498e-03
7.219999999999999751e+00       6.537406788503248752e-03
7.230000000000000426e+00       6.561471503253228296e-03
7.240000000000000213e+00       6.585507154725126801e-03
7.250000000000000000e+00       6.609513580980963011e-03
7.259999999999999787e+00       6.633490622646409825e-03
7.269999999999999574e+00       6.657438122864739113e-03
7.280000000000000249e+00       6.681355927278169113e-03
7.290000000000000036e+00       6.705243884003833296e-03
7.299999999999999822e+00       6.729101843640826822e-03
7.309999999999999609e+00       6.752929659124632875e-03
7.320000000000000284e+00       6.776727185885121282e-03
7.330000000000000071e+00       6.800494281703336683e-03
7.339999999999999858e+00       6.824230806718125167e-03
7.349999999999999645e+00       6.847936623403260217e-03
7.360000000000000320e+00       6.871611596544684869e-03
7.370000000000000107e+00       6.895255593217958570e-03
7.379999999999999893e+00       6.918868482765789911e-03
7.389999999999999680e+00       6.942450136775873797e-03
7.400000000000000355e+00       6.966000429058778927e-03
7.410000000000000142e+00       6.989519235626036504e-03
7.419999999999999929e+00       7.013006434668480477e-03
7.429999999999999716e+00       7.036461906534551350e-03
7.440000000000000391e+00       7.059885533709002459e-03
7.450000000000000178e+00       7.083277200791620112e-03
7.459999999999999964e+00       7.106636794476152777e-03
7.469999999999999751e+00       7.129964203529410259e-03
7.480000000000000426e+00       7.153259318770478249e-03
7.490000000000000213e+00       7.176522033050210421e-03
7.500000000000000000e+00       7.199752241230751755e-03
7.509999999999999787e+00       7.222949840165263959e-03
7.519999999999999574e+00       7.246114728677888542e-03
7.530000000000000249e+00       7.269246807543767140e-03
7.540000000000000036e+00       7.292345979469257861e-03
7.549999999999999822e+00       7.315412149072321631e-03
7.559999999999999609e+00       7.338445222863074213e-03
7.570000000000000284e+00       7.361445109224483939e-03
7.580000000000000071e+00       7.384411718393176990e-03
7.589999999999999858e+00       7.407344962440484681e-03
7.599999999999999645e+00       7.430244755253597420e-03
7.610000000000000320e+00       7.453111012516880005e-03
7.620000000000000107e+00       7.475943651693334364e-03
7.629999999999999893e+00       7.498742592006203689e-03
7.639999999999999680e+00       7.521507754420813339e-03
7.650000000000000355e+00       7.544239061626388347e-03
7.660000000000000142e+00       7.566936438018217852e-03
7.669999999999999929e+00       7.589599809679846432e-03
7.679999999999999716e+00       7.612229104365445843e-03
7.690000000000000391e+00       7.634824251482324672e-03
7.700000000000000178e+00       7.657385182073606252e-03
7.709999999999999964e+00       7.679911828801043623e-03
7.719999999999999751e+00       7.702404125928010575e-03
7.730000000000000426e+00       7.724862009302500485e-03
7.740000000000000213e+00       7.747285416340490317e-03
7.750000000000000000e+00       7.769674286009255193e-03
7.759999999999999787e+00       7.792028558811183413e-03
7.769999999999999574e+00       7.814348176766228865e-03
7.780000000000000249e+00       7.836633083398106964e-03
7.790000000000000036e+00       7.858883223715844996e-03
7.799999999999999822e+00       7.881098544199121106e-03
7.809999999999999609e+00       7.903278992782208565e-03
7.820000000000000284e+00       7.925424518838319887e-03
7.830000000000000071e+00       7.947535073164202490e-03
7.839999999999999858e+00       7.969610607964607712e-03
7.849999999999999645e+00       7.991651076837283721e-03
7.860000000000000320e+00       8.013656434757616270e-03
7.870000000000000107e+00       8.035626638063904370e-03
7.879999999999999893e+00       8.057561644442360130e-03
7.889999999999999680e+00       8.079461412912495449e-03
7.900000000000000355e+00       8.101325903812498300e-03
7.910000000000000142e+00       8.123155078784844926e-03
7.919999999999999929e+00       8.144948900761872154e-03
7.929999999999999716e+00       8.166707333951766026e-03
7.940000000000000391e+00       8.188430343824295438e-03
7.950000000000000178e+00       8.210117897097022818e-03
7.959999999999999964e+00       8.231769961663052901e-03
7.969999999999999751e+00       8.253386506810747592e-03
7.980000000000000426e+00       8.274967502860211196e-03
7.990000000000000213e+00       8.296512921383102437e-03
8.000000000000000000e+00       8.318022735130934861e-03
8.009999999999999787e+00       8.339496918021936309e-03
8.019999999999999574e+00       8.360935445127960428e-03
8.029999999999999361e+00       8.382338292661495327e-03
8.039999999999999147e+00       8.403705437962835298e-03
8.050000000000000711e+00       8.425036859487356616e-03
8.060000000000000497e+00       8.446332536792874879e-03
8.070000000000000284e+00       8.467592450527175810e-03
8.080000000000000071e+00       8.488816582415592907e-03
8.089999999999999858e+00       8.510004915248777640e-03
8.099999999999999645e+00       8.531157432870492205e-03
8.109999999999999432e+00       8.552274120165620844e-03
8.119999999999999218e+00       8.573354963048156890e-03
8.130000000000000782e+00       8.594399948449441343e-03
8.140000000000000568e+00       8.615409064306413581e-03
8.150000000000000355e+00       8.636382299549976577e-03
8.160000000000000142e+00       8.657319644093578945e-03
8.169999999999999929e+00       8.678221088821715459e-03
8.179999999999999716e+00       8.699086625578725945e-03
8.189999999999999503e+00       8.719916247157509168e-03
8.199999999999999289e+00       8.740709947288592338e-03
8.210000000000000853e+00       8.761467720628959496e-03
8.220000000000000639e+00       8.782189562751369083e-03
8.230000000000000426e+00       8.802875470133463345e-03
8.240000000000000213e+00       8.823525440147110196e-03
8.250000000000000000e+00       8.844139471047868239e-03
8.259999999999999787e+00       8.864717562023477493e-03
8.269999999999999574e+00       8.885259712947519983e-03
8.279999999999999361e+00       8.905765924723143059e-03
8.289999999999999147e+00       8.926236199036889987e-03
8.300000000000000711e+00       8.946670538407523743e-03
8.310000000000000497e+00       8.967068946176180722e-03
8.320000000000000284e+00       8.987431426496371792e-03
8.330000000000000071e+00       9.007757984324238354e-03
8.339999999999999858e+00       9.028048625408810132e-03
8.349999999999999645e+00       9.048303356282472870e-03
8.359999999999999432e+00       9.068522184251335411e-03
8.369999999999999218e+00       9.088705117385886476e-03
8.380000000000000782e+00       9.108852164511649710e-03
8.390000000000000568e+00       9.128963335199868218e-03
8.400000000000000355e+00       9.149038639757906335e-03
8.410000000000000142e+00       9.169078089222132064e-03
8.419999999999999929e+00       9.189081695346035944e-03
8.429999999999999716e+00       9.209049470593191553e-03
8.439999999999999503e+00       9.228981428128023301e-03
8.449999999999999289e+00       9.248877581807082512e-03
8.460000000000000853e+00       9.268737946170387682e-03
8.470000000000000639e+00       9.288562536432792491e-03
8.480000000000000426e+00       9.308351368475685159e-03
8.490000000000000213e+00       9.328104458838408497e-03
8.500000000000000000e+00       9.347821824710056404e-03
8.509999999999999787e+00       9.367503483921246071e-03
8.519999999999999574e+00       9.387149454935893658e-03
8.529999999999999361e+00       9.406759756843180789e-03
8.539999999999999147e+00       9.426334409349600846e-03
8.550000000000000711e+00       9.445873432770993117e-03
8.560000000000000497e+00       9.465376848024719195e-03
8.570000000000000284e+00       9.484844676621887946e-03
8.580000000000000071e+00       9.504276940659755687e-03
8.589999999999999858e+00       9.523673662813973706e-03
8.599999999999999645e+00       9.543034866331187929e-03
8.609999999999999432e+00       9.562360575021491144e-03
8.619999999999999218e+00       9.581650813251095522e-03
8.630000000000000782e+00       9.600905605935001683e-03
8.640000000000000568e+00       9.620124978529745810e-03
8.650000000000000355e+00       9.639308957026219635e-03
8.660000000000000142e+00       9.658457567942663885e-03
8.669999999999999929e+00       9.677570838317467450e-03
8.679999999999999716e+00       9.696648795702372467e-03
8.689999999999999503e+00       9.715691468155568389e-03
8.699999999999999289e+00       9.734698884234751354e-03
8.710000000000000853e+00       9.753671072990553054e-03
8.720000000000000639e+00       9.772608063959679903e-03
8.730000000000000426e+00       9.791509887158390477e-03
8.740000000000000213e+00       9.810376573075969484e-03
8.750000000000000000e+00       9.829208152668182652e-03
8.759999999999999787e+00       9.848004657350880806e-03
8.769999999999999574e+00       9.866766118993640367e-03
8.779999999999999361e+00       9.885492569913497535e-03
8.789999999999999147e+00       9.904184042868682467e-03
8.800000000000000711e+00       9.922840571052492231e-03
8.810000000000000497e+00       9.941462188087139482e-03
8.820000000000000284e+00       9.960048928017767658e-03
8.830000000000000071e+00       9.978600825306419356e-03
8.839999999999999858e+00       9.997117914826166019e-03
8.849999999999999645e+00       1.001560023185523590e-02
8.859999999999999432e+00       1.003404781207115591e-02
8.869999999999999218e+00       1.005246069154509467e-02
8.880000000000000782e+00       1.007083890673615180e-02
8.890000000000000568e+00       1.008918249448569927e-02
8.900000000000000355e+00       1.010749149201185283e-02
8.910000000000000142e+00       1.012576593690396945e-02
8.919999999999999929e+00       1.014400586711714826e-02
8.929999999999999716e+00       1.016221132096688587e-02
8.939999999999999503e+00       1.018038233712366923e-02
8.949999999999999289e+00       1.019851895460777841e-02
8.960000000000000853e+00       1.021662121278396965e-02
8.970000000000000639e+00       1.023468915135632325e-02
8.980000000000000426e+00       1.025272281036315042e-02
8.990000000000000213e+00       1.027072223017186717e-02
9.000000000000000000e+00       1.028868745147400350e-02
9.009999999999999787e+00       1.030661851489174212e-02
9.019999999999999574e+00       1.032451545853681901e-02
9.029999999999999361e+00       1.034237831798303156e-02
9.039999999999999147e+00       1.036020712734874415e-02
9.050000000000000711e+00       1.037800191969910288e-02
9.060000000000000497e+00       1.039576272727301028e-02
9.070000000000000284e+00       1.041348958164363750e-02
9.080000000000000071e+00       1.043118251380871671e-02
9.089999999999999858e+00       1.044884155431591299e-02
9.099999999999999645e+00       1.046646673329623863e-02
9.109999999999999432e+00       1.048405808055599860e-02
9.119999999999999218e+00       1.050161562561642038e-02
9.130000000000000782e+00       1.051913939774128115e-02
9.140000000000000568e+00       1.053662942600357491e-02
9.150000000000000355e+00       1.055408573930196117e-02
9.160000000000000142e+00       1.057150836639521828e-02
9.169999999999999929e+00       1.058889733592929469e-02
9.179999999999999716e+00       1.060625267646952280e-02
9.189999999999999503e+00       1.062357441649354473e-02
9.199999999999999289e+00       1.064086258445333388e-02
9.210000000000000853e+00       1.065811720876723608e-02
9.220000000000000639e+00       1.067533831784310029e-02
9.230000000000000426e+00       1.069252594009403347e-02
9.240000000000000213e+00       1.070968010395112642e-02
9.250000000000000000e+00       1.072680083789307945e-02
9.259999999999999787e+00       1.074388817041058153e-02
9.269999999999999574e+00       1.076094213008003432e-02
9.279999999999999361e+00       1.077796274553634824e-02
9.289999999999999147e+00       1.079495004549166706e-02
9.300000000000000711e+00       1.081190405874449777e-02
9.310000000000000497e+00       1.082882481418837028e-02
9.320000000000000284e+00       1.084571234081977559e-02
9.330000000000000071e+00       1.086256666774572735e-02
9.339999999999999858e+00       1.087938782420322555e-02
9.349999999999999645e+00       1.089617583951665164e-02
9.359999999999999432e+00       1.091293074317580512e-02
9.369999999999999218e+00       1.092965256479468301e-02
9.380000000000000782e+00       1.094634133414490972e-02
9.390000000000000568e+00       1.096299708109438678e-02
9.400000000000000355e+00       1.097961983571121153e-02
9.410000000000000142e+00       1.099620962820184282e-02
9.419999999999999929e+00       1.101276648893159509e-02
9.429999999999999716e+00       1.102929044842843216e-02
9.439999999999999503e+00       1.104578153738645235e-02
9.449999999999999289e+00       1.106223978666912890e-02
9.460000000000000853e+00       1.107866522731226419e-02
9.470000000000000639e+00       1.109505789052684342e-02
9.480000000000000426e+00       1.111141780770155164e-02
9.490000000000000213e+00       1.112774501040517637e-02
9.500000000000000000e+00       1.114403953038884017e-02
9.509999999999999787e+00       1.116030139958784813e-02
9.519999999999999574e+00       1.117653065012371577e-02
9.529999999999999361e+00       1.119272731430562620e-02
9.539999999999999147e+00       1.120889142463202086e-02
9.550000000000000711e+00       1.122502301379175310e-02
9.560000000000000497e+00       1.124112211466511170e-02
9.570000000000000284e+00       1.125718876032452687e-02
9.580000000000000071e+00       1.127322298403424933e-02
9.589999999999999858e+00       1.128922481924860347e-02
9.599999999999999645e+00       1.130519429960411860e-02
9.609999999999999432e+00       1.132113145958596814e-02
9.619999999999999218e+00       1.133703633220256232e-02
9.630000000000000782e+00       1.135290895216869468e-02
9.640000000000000568e+00       1.136874935393312677e-02
9.650000000000000355e+00       1.138455757214269434e-02
9.660000000000000142e+00       1.140033364211207392e-02
9.669999999999999929e+00       1.141607759782911277e-02
9.679999999999999716e+00       1.143178947516711348e-02
9.689999999999999503e+00       1.144746930954258779e-02
9.699999999999999289e+00       1.146311713658328471e-02
9.710000000000000853e+00       1.147873299211968519e-02
9.720000000000000639e+00       1.149431691218193163e-02
9.730000000000000426e+00       1.150986893299838117e-02
9.740000000000000213e+00       1.152538909099476254e-02
9.750000000000000000e+00       1.154087742279339551e-02
9.759999999999999787e+00       1.155633396521241717e-02
9.769999999999999574e+00       1.157175875526530832e-02
9.779999999999999361e+00       1.158715183016002445e-02
9.789999999999999147e+00       1.160251322729840759e-02
9.800000000000000711e+00       1.161784298427525827e-02
9.810000000000000497e+00       1.163314113887774920e-02
9.820000000000000284e+00       1.164840772908440174e-02
9.830000000000000071e+00       1.166364279306428796e-02
9.839999999999999858e+00       1.167884636917613725e-02
9.849999999999999645e+00       1.169401849596712374e-02
9.859999999999999432e+00       1.170915921217230600e-02
9.869999999999999218e+00       1.172426855671321669e-02
9.880000000000000782e+00       1.173934656869703858e-02
9.890000000000000568e+00       1.175439328741530350e-02
9.900000000000000355e+00       1.176940875234297815e-02
9.910000000000000142e+00       1.178439300313707458e-02
9.919999999999999929e+00       1.179934607963569089e-02
9.929999999999999716e+00       1.181426802185662171e-02
9.939999999999999503e+00       1.182915886999623065e-02
9.949999999999999289e+00       1.184401866442807462e-02
9.960000000000000853e+00       1.185884744570178499e-02
9.970000000000000639e+00       1.187364525454151672e-02
9.980000000000000426e+00       1.188841213184490403e-02
9.990000000000000213e+00       1.190314811868139686e-02
