 0.01       4.309923330863756e-34
 0.02       3.447938664691005e-33
 0.03       1.1636792993332139e-32
 0.04       2.758350931752804e-32
 0.05       5.387404163579696e-32
 0.06       9.309434394665714e-32
 0.07       1.4783037024862686e-31
 0.08       2.2066807454022433e-31
 0.09       3.141934108199678e-31
 0.10       4.309923330863755e-31
 0.11       5.736507953379657e-31
 0.12       7.447547515732566e-31
 0.13       9.468901557907668e-31
 0.14       1.1826429619890142e-30
 0.15       1.4545991241665174e-30
 0.16       1.7653445963217946e-30
 0.17       2.1174653324533636e-30
 0.18       2.513547286559743e-30
 0.19       2.9561764126394517e-30
 0.20       3.447938664691007e-30
 0.21       3.991419996712927e-30
 0.22       4.5892063627037306e-30
 0.23       5.243883716661937e-30
 0.24       5.958038012586062e-30
 0.25       6.734255204474623e-30
 0.26       7.575121246326142e-30
 0.27       8.483222092139138e-30
 0.28       9.461143695912126e-30
 0.29       1.0511472011643625e-29
 0.30       1.1636792993332153e-29
 0.31       1.283969259497623e-29
 0.32       1.412275677057437e-29
 0.33       1.5488571474125097e-29
 0.34       1.6939722659626926e-29
 0.35       1.8478796281078376e-29
 0.36       2.0108378292477964e-29
 0.37       2.1831054647824212e-29
 0.38       2.3649411301115633e-29
 0.39       2.556603420635075e-29
 0.40       2.758350931752808e-29
 0.41       2.9704422588646135e-29
 0.42       3.1931359973703444e-29
 0.43       3.4266907426698515e-29
 0.44       3.671365090162988e-29
 0.45       3.9274176352496034e-29
 0.46       4.1951069733295524e-29
 0.47       4.4746916998026846e-29
 0.48       4.766430410068853e-29
 0.49       5.070581699527908e-29
 0.50       5.387404163579702e-29
 0.51       5.717156397624088e-29
 0.52       6.06009699706092e-29
 0.53       6.416484557290042e-29
 0.54       6.786577673711313e-29
 0.55       7.170634941724584e-29
 0.56       7.568914956729706e-29
 0.57       7.981676314126527e-29
 0.58       8.409177609314903e-29
 0.59       8.851677437694687e-29
 0.60       9.309434394665727e-29
 0.61       9.782707075627878e-29
 0.62       1.027175407598099e-28
 0.63       1.0776833991124915e-28
 0.64       1.1298205416459503e-28
 0.65       1.183612694738461e-28
 0.66       1.2390857179300084e-28
 0.67       1.296265470760578e-28
 0.68       1.355177812770155e-28
 0.69       1.415848603498724e-28
 0.70       1.478303702486271e-28
 0.71       1.5425689692727806e-28
 0.72       1.608670263398238e-28
 0.73       1.6766334444026288e-28
 0.74       1.7464843718259376e-28
 0.75       1.81824890520815e-28
 0.76       1.8919529040892515e-28
 0.77       1.9676222280092265e-28
 0.78       2.0452827365080612e-28
 0.79       2.124960289125739e-28
 0.80       2.206680745402247e-28
 0.81       2.2904699648775694e-28
 0.82       2.3763538070916917e-28
 0.83       2.4643581315845993e-28
 0.84       2.5545087978962764e-28
 0.85       2.646831665566709e-28
 0.86       2.741352594135882e-28
 0.87       2.8380974431437813e-28
 0.88       2.9370920721303916e-28
 0.89       3.038362340635697e-28
 0.90       3.1419341081996845e-28
 0.91       3.2478332343623383e-28
 0.92       3.3560855786636432e-28
 0.93       3.4667170006435845e-28
 0.94       3.579753359842149e-28
 0.95       3.6952205157993196e-28
 0.96       3.8131443280550834e-28
 0.97       3.933550656149425e-28
 0.98       4.0564653596223285e-28
 0.99       4.18191429801378e-28
 1.00       4.309923330863765e-28
 1.01       4.440518317712268e-28
 1.02       4.573725118099274e-28
 1.03       4.709569591564769e-28
 1.04       4.848077597648738e-28
 1.05       4.989274995891165e-28
 1.06       5.133187645832038e-28
 1.07       5.2798414070113395e-28
 1.08       5.429262138969055e-28
 1.09       5.581475701245171e-28
 1.10       5.7365079533796715e-28
 1.11       5.894384754912543e-28
 1.12       6.055131965383768e-28
 1.13       6.218775444333334e-28
 1.14       6.385341051301225e-28
 1.15       6.554854645827429e-28
 1.16       6.727342087451928e-28
 1.17       6.902829235714707e-28
 1.18       7.0813419501557535e-28
 1.19       7.262906090315051e-28
 1.20       7.447547515732586e-28
 1.21       7.635292085948342e-28
 1.22       7.826165660502308e-28
 1.23       8.020194098934462e-28
 1.24       8.217403260784797e-28
 1.25       8.41781900559329e-28
 1.26       8.621467192899935e-28
 1.27       8.828373682244712e-28
 1.28       9.038564333167606e-28
 1.29       9.252065005208605e-28
 1.30       9.468901557907693e-28
 1.31       9.689099850804854e-28
 1.32       9.912685743440074e-28
 1.33       1.0139685095353336e-27
 1.34       1.0370123766084628e-27
 1.35       1.0604027615173937e-27
 1.36       1.0841422502161245e-27
 1.37       1.1082334286586535e-27
 1.38       1.1326788827989798e-27
 1.39       1.1574811985911014e-27
 1.40       1.1826429619890173e-27
 1.41       1.2081667589467256e-27
 1.42       1.234055175418225e-27
 1.43       1.260310797357514e-27
 1.44       1.2869362107185908e-27
 1.45       1.3139340014554547e-27
 1.46       1.3413067555221034e-27
 1.47       1.369057058872536e-27
 1.48       1.3971874974607508e-27
 1.49       1.4257006572407462e-27
 1.50       1.4545991241665208e-27
 1.51       1.4838854841920735e-27
 1.52       1.5135623232714018e-27
 1.53       1.5436322273585054e-27
 1.54       1.574097782407382e-27
 1.55       1.6049615743720306e-27
 1.56       1.6362261892064493e-27
 1.57       1.667894212864637e-27
 1.58       1.699968231300592e-27
 1.59       1.732450830468313e-27
 1.60       1.765344596321798e-27
 1.61       1.798652114815047e-27
 1.62       1.8323759719020562e-27
 1.63       1.866518753536826e-27
 1.64       1.901083045673354e-27
 1.65       1.9360714342656396e-27
 1.66       1.9714865052676798e-27
 1.67       2.007330844633475e-27
 1.68       2.043607038317022e-27
 1.69       2.08031767227232e-27
 1.70       2.117465332453368e-27
 1.71       2.155052604814164e-27
 1.72       2.1930820753087067e-27
 1.73       2.2315563298909945e-27
 1.74       2.2704779545150258e-27
 1.75       2.3098495351347997e-27
 1.76       2.3496736577043137e-27
 1.77       2.3899529081775677e-27
 1.78       2.430689872508558e-27
 1.79       2.4718871366512856e-27
 1.80       2.513547286559748e-27
 1.81       2.5556729081879437e-27
 1.82       2.598266587489871e-27
 1.83       2.6413309104195287e-27
 1.84       2.684868462930915e-27
 1.85       2.728881830978029e-27
 1.86       2.7733736005148694e-27
 1.87       2.8183463574954328e-27
 1.88       2.86380268787372e-27
 1.89       2.9097451776037285e-27
 1.90       2.9561764126394575e-27
 1.91       3.0030989789349043e-27
 1.92       3.0505154624440678e-27
 1.93       3.0984284491209475e-27
 1.94       3.1468405249195403e-27
 1.95       3.195754275793847e-27
 1.96       3.2451722876978635e-27
 1.97       3.29509714658559e-27
 1.98       3.345531438411025e-27
 1.99       3.396477749128167e-27
 2.00       3.447938664691012e-27
 2.01       3.499916771053561e-27
 2.02       3.552414654169812e-27
 2.03       3.6054348999937634e-27
 2.04       3.658980094479415e-27
 2.05       3.713052823580763e-27
 2.06       3.767655673251808e-27
 2.07       3.822791229446547e-27
 2.08       3.8784620781189806e-27
 2.09       3.9346708052231056e-27
 2.10       3.99141999671292e-27
 2.11       4.048712238542424e-27
 2.12       4.106550116665614e-27
 2.13       4.1649362170364914e-27
 2.14       4.223873125609052e-27
 2.15       4.2833634283372975e-27
 2.16       4.343409711175223e-27
 2.17       4.404014560076828e-27
 2.18       4.465180560996112e-27
 2.19       4.5269102998870725e-27
 2.20       4.5892063627037085e-27
 2.21       4.652071335400019e-27
 2.22       4.715507803930003e-27
 2.23       4.779518354247656e-27
 2.24       4.844105572306979e-27
 2.25       4.909272044061971e-27
 2.26       4.975020355466629e-27
 2.27       5.0413530924749524e-27
 2.28       5.108272841040939e-27
 2.29       5.175782187118587e-27
 2.30       5.243883716661897e-27
 2.31       5.312580015624866e-27
 2.32       5.381873669961493e-27
 2.33       5.451767265625775e-27
 2.34       5.522263388571713e-27
 2.35       5.593364624753303e-27
 2.36       5.6650735601245454e-27
 2.37       5.737392780639438e-27
 2.38       5.810324872251979e-27
 2.39       5.883872420916169e-27
 2.40       5.958038012586003e-27
 2.41       6.032824233215482e-27
 2.42       6.108233668758603e-27
 2.43       6.1842689051693665e-27
 2.44       6.26093252840177e-27
 2.45       6.338227124409812e-27
 2.46       6.416155279147489e-27
 2.47       6.494719578568805e-27
 2.48       6.573922608627751e-27
 2.49       6.653766955278332e-27
 2.50       6.734255204474544e-27
 2.51       6.815389942170385e-27
 2.52       6.897173754319853e-27
 2.53       6.979609226876949e-27
 2.54       7.062698945795669e-27
 2.55       7.146445497030015e-27
 2.56       7.230851466533982e-27
 2.57       7.315919440261568e-27
 2.58       7.401652004166773e-27
 2.59       7.488051744203598e-27
 2.60       7.575121246326037e-27
 2.61       7.662863096488092e-27
 2.62       7.75127988064376e-27
 2.63       7.84037418474704e-27
 2.64       7.93014859475193e-27
 2.65       8.020605696612429e-27
 2.66       8.111748076282536e-27
 2.67       8.203578319716246e-27
 2.68       8.296099012867564e-27
 2.69       8.389312741690482e-27
 2.70       8.483222092139001e-27
 2.71       8.577829650167123e-27
 2.72       8.673138001728843e-27
 2.73       8.769149732778157e-27
 2.74       8.865867429269068e-27
 2.75       8.963293677155573e-27
 2.76       9.061431062391671e-27
 2.77       9.160282170931359e-27
 2.78       9.259849588728638e-27
 2.79       9.360135901737504e-27
 2.80       9.461143695911956e-27
 2.81       9.562875557205995e-27
 2.82       9.665334071573617e-27
 2.83       9.76852182496882e-27
 2.84       9.872441403345605e-27
 2.85       9.977095392657967e-27
 2.86       1.008248637885991e-26
 2.87       1.0188616947905426e-26
 2.88       1.029548968574852e-26
 2.89       1.0403107178343184e-26
 2.90       1.051147201164342e-26
 2.91       1.0620586771603228e-26
 2.92       1.0730454044176603e-26
 2.93       1.0841076415317546e-26
 2.94       1.0952456470980056e-26
 2.95       1.1064596797118128e-26
 2.96       1.1177499979685764e-26
 2.97       1.1291168604636963e-26
 2.98       1.140560525792572e-26
 2.99       1.1520812525506038e-26
 3.00       1.1636792993331908e-26
 3.01       1.1753549247357338e-26
 3.02       1.187108387353632e-26
 3.03       1.1989399457822853e-26
 3.04       1.210849858617094e-26
 3.05       1.2228383844534575e-26
 3.06       1.2349057818867756e-26
 3.07       1.2470523095124487e-26
 3.08       1.2592782259258763e-26
 3.09       1.2715837897224579e-26
 3.10       1.283969259497594e-26
 3.11       1.2964348938466842e-26
 3.12       1.3089809513651282e-26
 3.13       1.3216076906483258e-26
 3.14       1.3343153702916774e-26
 3.15       1.3471042488905823e-26
 3.16       1.3599745850404403e-26
 3.17       1.372926637336652e-26
 3.18       1.385960664374616e-26
 3.19       1.3990769247497335e-26
 3.20       1.4122756770574035e-26
 3.21       1.4255571798930262e-26
 3.22       1.438921691852001e-26
 3.23       1.452369471529728e-26
 3.24       1.4659007775216077e-26
 3.25       1.479515868423039e-26
 3.26       1.4932150028294226e-26
 3.27       1.5069984393361575e-26
 3.28       1.5208664365386436e-26
 3.29       1.5348192530322817e-26
 3.30       1.5488571474124707e-26
 3.31       1.562980378274611e-26
 3.32       1.5771892042141022e-26
 3.33       1.5914838838263442e-26
 3.34       1.6058646757067368e-26
 3.35       1.62033183845068e-26
 3.36       1.6348856306535736e-26
 3.37       1.6495263109108174e-26
 3.38       1.664254137817811e-26
 3.39       1.6790693699699547e-26
 3.40       1.6939722659626482e-26
 3.41       1.7089630843912912e-26
 3.42       1.7240420838512834e-26
 3.43       1.7392095229380257e-26
 3.44       1.7544656602469166e-26
 3.45       1.7698107543733564e-26
 3.46       1.7852450639127454e-26
 3.47       1.8007688474604833e-26
 3.48       1.8163823636119693e-26
 3.49       1.8320858709626038e-26
 3.50       1.8478796281077872e-26
 3.51       1.8637638936429178e-26
 3.52       1.8797389261633967e-26
 3.53       1.8958049842646236e-26
 3.54       1.9119623265419988e-26
 3.55       1.9282112115909202e-26
 3.56       1.94455189800679e-26
 3.57       1.960984644385007e-26
 3.58       1.9775097093209705e-26
 3.59       1.994127351410082e-26
 3.60       2.0108378292477393e-26
 3.61       2.0276414014293431e-26
 3.62       2.0445383265502938e-26
 3.63       2.061528863205991e-26
 3.64       2.0786132699918345e-26
 3.65       2.095791805503224e-26
 3.66       2.1130647283355592e-26
 3.67       2.1304322970842405e-26
 3.68       2.1478947703446665e-26
 3.69       2.165452406712239e-26
 3.70       2.1831054647823563e-26
 3.71       2.200854203150419e-26
 3.72       2.2186988804118272e-26
 3.73       2.2366397551619793e-26
 3.74       2.2546770859962762e-26
 3.75       2.2728111315101184e-26
 3.76       2.2910421502989045e-26
 3.77       2.3093704009580353e-26
 3.78       2.32779614208291e-26
 3.79       2.3463196322689287e-26
 3.80       2.364941130111491e-26
 3.81       2.383660894205997e-26
 3.82       2.402479183147847e-26
 3.83       2.4213962555324401e-26
 3.84       2.4404123699551765e-26
 3.85       2.4595277850114557e-26
 3.86       2.478742759296678e-26
 3.87       2.4980575514062434e-26
 3.88       2.5174724199355516e-26
 3.89       2.5369876234800018e-26
 3.90       2.5566034206349944e-26
 3.91       2.5763200699959294e-26
 3.92       2.596137830158206e-26
 3.93       2.616056959717225e-26
 3.94       2.6360777172683856e-26
 3.95       2.656200361407088e-26
 3.96       2.676425150728732e-26
 3.97       2.696752343828717e-26
 3.98       2.717182199302443e-26
 3.99       2.7377149757453104e-26
 4.00       2.7583509317527184e-26
 4.01       2.779090325920068e-26
 4.02       2.7999334168427576e-26
 4.03       2.820880463116187e-26
 4.04       2.841931723335758e-26
 4.05       2.8630874560968677e-26
 4.06       2.884347919994918e-26
 4.07       2.9057133736253083e-26
 4.08       2.927184075583438e-26
 4.09       2.948760284464707e-26
 4.10       2.970442258864516e-26
 4.11       2.992230257378264e-26
 4.12       3.01412453860135e-26
 4.13       3.036125361129177e-26
 4.14       3.058232983557142e-26
 4.15       3.080447664480645e-26
 4.16       3.102769662495087e-26
 4.17       3.125199236195867e-26
 4.18       3.147736644178386e-26
 4.19       3.170382145038042e-26
 4.20       3.193135997370236e-26
 4.21       3.215998459770369e-26
 4.22       3.2389697908338383e-26
 4.23       3.262050249156046e-26
 4.24       3.28524009333239e-26
 4.25       3.308539581958272e-26
 4.26       3.3319489736290915e-26
 4.27       3.3554685269402463e-26
 4.28       3.379098500487139e-26
 4.29       3.402839152865168e-26
 4.30       3.4266907426697335e-26
 4.31       3.4506535284962347e-26
 4.32       3.474727768940073e-26
 4.33       3.498913722596647e-26
 4.34       3.5232116480613566e-26
 4.35       3.5476218039296017e-26
 4.36       3.5721444487967823e-26
 4.37       3.596779841258299e-26
 4.38       3.6215282399095507e-26
 4.39       3.646389903345937e-26
 4.40       3.671365090162858e-26
 4.41       3.696454058955714e-26
 4.42       3.721657068319906e-26
 4.43       3.746974376850831e-26
 4.44       3.772406243143891e-26
 4.45       3.797952925794485e-26
 4.46       3.823614683398013e-26
 4.47       3.849391774549875e-26
 4.48       3.875284457845471e-26
 4.49       3.9012929918801996e-26
 4.50       3.9274176352494625e-26
 4.51       3.953658646548659e-26
 4.52       3.9800162843731885e-26
 4.53       4.006490807318451e-26
 4.54       4.0330824739798466e-26
 4.55       4.0597915429527733e-26
 4.56       4.0866182728326343e-26
 4.57       4.113562922214827e-26
 4.58       4.1406257496947524e-26
 4.59       4.1678070138678093e-26
 4.60       4.195106973329398e-26
 4.61       4.2225258866749195e-26
 4.62       4.250064012499772e-26
 4.63       4.277721609399357e-26
 4.64       4.3054989359690726e-26
 4.65       4.33339625080432e-26
 4.66       4.3614138125004974e-26
 4.67       4.3895518796530066e-26
 4.68       4.417810710857247e-26
 4.69       4.4461905647086175e-26
 4.70       4.4746916998025176e-26
 4.71       4.5033143747343493e-26
 4.72       4.53205884809951e-26
 4.73       4.560925378493402e-26
 4.74       4.589914224511424e-26
 4.75       4.619025644748975e-26
 4.76       4.6482598978014566e-26
 4.77       4.677617242264266e-26
 4.78       4.707097936732806e-26
 4.79       4.7367022398024745e-26
 4.80       4.766430410068672e-26
 4.81       4.7962827061268e-26
 4.82       4.8262593865722546e-26
 4.83       4.8563607100004385e-26
 4.84       4.886586935006751e-26
 4.85       4.916938320186592e-26
 4.86       4.9474151241353606e-26
 4.87       4.9780176054484564e-26
 4.88       5.008746022721282e-26
 4.89       5.039600634549234e-26
 4.90       5.070581699527714e-26
 4.91       5.101689476252121e-26
 4.92       5.1329242233178565e-26
 4.93       5.1642861993203176e-26
 4.94       5.195775662854906e-26
 4.95       5.22739287251702e-26
 4.96       5.259138086902063e-26
 4.97       5.291011564605431e-26
 4.98       5.323013564222526e-26
 4.99       5.355144344348747e-26
 5.00       5.387404163579494e-26
 5.01       5.419793280510167e-26
 5.02       5.452311953736166e-26
 5.03       5.484960441852889e-26
 5.04       5.51773900345574e-26
 5.05       5.550647897140115e-26
 5.06       5.583687381501416e-26
 5.07       5.616857715135041e-26
 5.08       5.650159156636391e-26
 5.09       5.683591964600866e-26
 5.10       5.717156397623865e-26
 5.11       5.750852714300787e-26
 5.12       5.784681173227036e-26
 5.13       5.818642032998009e-26
 5.14       5.852735552209106e-26
 5.15       5.886961989455725e-26
 5.16       5.92132160333327e-26
 5.17       5.955814652437136e-26
 5.18       5.990441395362726e-26
 5.19       6.025202090705441e-26
 5.20       6.060096997060678e-26
 5.21       6.095126373023836e-26
 5.22       6.130290477190321e-26
 5.23       6.165589568155525e-26
 5.24       6.201023904514854e-26
 5.25       6.236593744863704e-26
 5.26       6.272299347797477e-26
 5.27       6.30814097191157e-26
 5.28       6.344118875801387e-26
 5.29       6.380233318062325e-26
 5.30       6.416484557289785e-26
 5.31       6.452872852079167e-26
 5.32       6.489398461025869e-26
 5.33       6.526061642725293e-26
 5.34       6.562862655772836e-26
 5.35       6.599801758763903e-26
 5.36       6.636879210293889e-26
 5.37       6.674095268958195e-26
 5.38       6.711450193352224e-26
 5.39       6.74894424207137e-26
 5.40       6.786577673711038e-26
 5.41       6.824350746866626e-26
 5.42       6.862263720133533e-26
 5.43       6.900316852107161e-26
 5.44       6.938510401382908e-26
 5.45       6.976844626556173e-26
 5.46       7.015319786222359e-26
 5.47       7.053936138976864e-26
 5.48       7.092693943415086e-26
 5.49       7.131593458132428e-26
 5.50       7.170634941724289e-26
 5.51       7.209818652786069e-26
 5.52       7.249144849913166e-26
 5.53       7.288613791700982e-26
 5.54       7.328225736744915e-26
 5.55       7.367980943640368e-26
 5.56       7.407879670982738e-26
 5.57       7.447922177367423e-26
 5.58       7.488108721389829e-26
 5.59       7.52843956164535e-26
 5.60       7.568914956729389e-26
 5.61       7.609535165237347e-26
 5.62       7.650300445764618e-26
 5.63       7.69121105690661e-26
 5.64       7.732267257258716e-26
 5.65       7.773469305416337e-26
 5.66       7.814817459974877e-26
 5.67       7.85631197952973e-26
 5.68       7.897953122676302e-26
 5.69       7.939741148009989e-26
 5.70       7.981676314126193e-26
 5.71       8.023758879620309e-26
 5.72       8.065989103087744e-26
 5.73       8.10836724312389e-26
 5.74       8.150893558324157e-26
 5.75       8.193568307283934e-26
 5.76       8.236391748598629e-26
 5.77       8.279364140863636e-26
 5.78       8.322485742674358e-26
 5.79       8.365756812626196e-26
 5.80       8.409177609314546e-26
 5.81       8.452748391334812e-26
 5.82       8.496469417282392e-26
 5.83       8.540340945752685e-26
 5.84       8.584363235341091e-26
 5.85       8.628536544643011e-26
 5.86       8.672861132253844e-26
 5.87       8.71733725676899e-26
 5.88       8.761965176783849e-26
 5.89       8.806745150893824e-26
 5.90       8.851677437694306e-26
 5.91       8.896762295780705e-26
 5.92       8.941999983748416e-26
 5.93       8.987390760192837e-26
 5.94       9.032934883709372e-26
 5.95       9.078632612893417e-26
 5.96       9.124484206340377e-26
 5.97       9.170489922645646e-26
 5.98       9.216650020404626e-26
 5.99       9.26296475821272e-26
 6.00       9.309434394665324e-26
 6.01       9.356059188357838e-26
 6.02       9.402839397885665e-26
 6.03       9.449775281844201e-26
 6.04       9.496867098828851e-26
 6.05       9.544115107435008e-26
 6.06       9.591519566258076e-26
 6.07       9.639080733893456e-26
 6.08       9.686798868936543e-26
 6.09       9.734674229982742e-26
 6.10       9.78270707562745e-26
 6.11       9.830897664466069e-26
 6.12       9.879246255093995e-26
 6.13       9.927753106106631e-26
 6.14       9.976418476099376e-26
 6.15       1.0025242623667631e-25
 6.16       1.0074225807406797e-25
 6.17       1.0123368285912268e-25
 6.18       1.017267031777945e-25
 6.19       1.022213216160374e-25
 6.20       1.0271754075980536e-25
 6.21       1.0321536319505243e-25
 6.22       1.0371479150773256e-25
 6.23       1.0421582828379977e-25
 6.24       1.0471847610920805e-25
 6.25       1.0522273756991143e-25
 6.26       1.0572861525186388e-25
 6.27       1.062361117410194e-25
 6.28       1.0674522962333196e-25
 6.29       1.0725597148475563e-25
 6.30       1.0776833991124436e-25
 6.31       1.0828233748875214e-25
 6.32       1.08797966803233e-25
 6.33       1.093152304406409e-25
 6.34       1.0983413098692988e-25
 6.35       1.1035467102805392e-25
 6.36       1.10876853149967e-25
 6.37       1.1140067993862318e-25
 6.38       1.1192615397997639e-25
 6.39       1.1245327785998067e-25
 6.40       1.1298205416458998e-25
 6.41       1.1351248547975837e-25
 6.42       1.1404457439143975e-25
 6.43       1.1457832348558825e-25
 6.44       1.1511373534815774e-25
 6.45       1.1565081256510232e-25
 6.46       1.161895577223759e-25
 6.47       1.1672997340593258e-25
 6.48       1.1727206220172627e-25
 6.49       1.1781582669571097e-25
 6.50       1.1836126947384076e-25
 6.51       1.1890839312206957e-25
 6.52       1.194572002263514e-25
 6.53       1.2000769337264027e-25
 6.54       1.205598751468902e-25
 6.55       1.2111374813505512e-25
 6.56       1.216693149230891e-25
 6.57       1.222265780969461e-25
 6.58       1.227855402425801e-25
 6.59       1.2334620394594515e-25
 6.60       1.2390857179299522e-25
 6.61       1.244726463696843e-25
 6.62       1.250384302619664e-25
 6.63       1.2560592605579554e-25
 6.64       1.2617513633712572e-25
 6.65       1.2674606369191085e-25
 6.66       1.2731871070610505e-25
 6.67       1.2789307996566223e-25
 6.68       1.2846917405653642e-25
 6.69       1.2904699556468165e-25
 6.70       1.2962654707605186e-25
 6.71       1.3020783117660109e-25
 6.72       1.3079085045228334e-25
 6.73       1.3137560748905257e-25
 6.74       1.3196210487286282e-25
 6.75       1.325503451896681e-25
 6.76       1.331403310254223e-25
 6.77       1.3373206496607954e-25
 6.78       1.343255495975938e-25
 6.79       1.34920787505919e-25
 6.80       1.3551778127700922e-25
 6.81       1.3611653349681847e-25
 6.82       1.3671704675130066e-25
 6.83       1.3731932362640988e-25
 6.84       1.3792336670810006e-25
 6.85       1.3852917858232522e-25
 6.86       1.391367618350394e-25
 6.87       1.3974611905219653e-25
 6.88       1.4035725281975066e-25
 6.89       1.4097016572365576e-25
 6.90       1.4158486034986585e-25
 6.91       1.4220133928433491e-25
 6.92       1.4281960511301692e-25
 6.93       1.4343966042186595e-25
 6.94       1.4406150779683593e-25
 6.95       1.4468514982388088e-25
 6.96       1.453105890889548e-25
 6.97       1.4593782817801174e-25
 6.98       1.4656686967700557e-25
 6.99       1.4719771617189038e-25
 7.00       1.478303702486202e-25
 7.01       1.4846483449314894e-25
 7.02       1.4910111149143065e-25
 7.03       1.4973920382941931e-25
 7.04       1.5037911409306896e-25
 7.05       1.5102084486833356e-25
 7.06       1.5166439874116709e-25
 7.07       1.5230977829752359e-25
 7.08       1.5295698612335705e-25
 7.09       1.5360602480462144e-25
 7.10       1.5425689692727077e-25
 7.11       1.549096050772591e-25
 7.12       1.5556415184054037e-25
 7.13       1.5622053980306853e-25
 7.14       1.5687877155079768e-25
 7.15       1.5753884966968175e-25
 7.16       1.582007767456748e-25
 7.17       1.5886455536473071e-25
 7.18       1.5953018811280361e-25
 7.19       1.6019767757584743e-25
 7.20       1.6086702633981623e-25
 7.21       1.6153823699066393e-25
 7.22       1.6221131211434454e-25
 7.23       1.628862542968121e-25
 7.24       1.6356306612402057e-25
 7.25       1.64241750181924e-25
 7.26       1.6492230905647635e-25
 7.27       1.656047453336316e-25
 7.28       1.6628906159934375e-25
 7.29       1.669752604395669e-25
 7.30       1.676633444402549e-25
 7.31       1.6835331618736187e-25
 7.32       1.6904517826684173e-25
 7.33       1.697389332646485e-25
 7.34       1.7043458376673619e-25
 7.35       1.7113213235905882e-25
 7.36       1.718315816275703e-25
 7.37       1.7253293415822476e-25
 7.38       1.7323619253697605e-25
 7.39       1.739413593497783e-25
 7.40       1.7464843718258545e-25
 7.41       1.7535742862135148e-25
 7.42       1.7606833625203044e-25
 7.43       1.7678116266057627e-25
 7.44       1.7749591043294303e-25
 7.45       1.782125821550847e-25
 7.46       1.789311804129552e-25
 7.47       1.7965170779250867e-25
 7.48       1.8037416687969897e-25
 7.49       1.8109856026048022e-25
 7.50       1.818248905208063e-25
 7.51       1.825531602466313e-25
 7.52       1.832833720239092e-25
 7.53       1.8401552843859398e-25
 7.54       1.847496320766396e-25
 7.55       1.8548568552400016e-25
 7.56       1.8622369136662956e-25
 7.57       1.869636521904819e-25
 7.58       1.8770557058151101e-25
 7.59       1.8844944912567107e-25
 7.60       1.8919529040891603e-25
 7.61       1.8994309701719983e-25
 7.62       1.9069287153647653e-25
 7.63       1.9144461655270003e-25
 7.64       1.9219833465182446e-25
 7.65       1.9295402841980376e-25
 7.66       1.937117004425919e-25
 7.67       1.9447135330614292e-25
 7.68       1.952329895964108e-25
 7.69       1.9599661189934954e-25
 7.70       1.9676222280091315e-25
 7.71       1.975298248870556e-25
 7.72       1.982994207437309e-25
 7.73       1.990710129568931e-25
 7.74       1.998446041124961e-25
 7.75       2.0062019679649397e-25
 7.76       2.013977935948407e-25
 7.77       2.0217739709349028e-25
 7.78       2.0295900987839675e-25
 7.79       2.03742634535514e-25
 7.80       2.0452827365079613e-25
 7.81       2.053159298101971e-25
 7.82       2.0610560559967089e-25
 7.83       2.0689730360517157e-25
 7.84       2.0769102641265307e-25
 7.85       2.084867766080694e-25
 7.86       2.0928455677737455e-25
 7.87       2.1008436950652258e-25
 7.88       2.1088621738146736e-25
 7.89       2.1169010298816303e-25
 7.90       2.1249602891256355e-25
 7.91       2.1330399774062286e-25
 7.92       2.14114012058295e-25
 7.93       2.1492607445153395e-25
 7.94       2.157401875062938e-25
 7.95       2.165563538085284e-25
 7.96       2.173745759441919e-25
 7.97       2.181948564992382e-25
 7.98       2.1901719805962125e-25
 7.99       2.198416032112952e-25
 8.00       2.2066807454021385e-25
 8.01       2.214966146323314e-25
 8.02       2.2232722607360173e-25
 8.03       2.2315991144997895e-25
 8.04       2.239946733474169e-25
 8.05       2.248315143518697e-25
 8.06       2.2567043704929124e-25
 8.07       2.2651144402563566e-25
 8.08       2.2735453786685682e-25
 8.09       2.2819972115890887e-25
 8.10       2.290469964877457e-25
 8.11       2.2989636643932126e-25
 8.12       2.3074783359958965e-25
 8.13       2.3160140055450487e-25
 8.14       2.3245706989002085e-25
 8.15       2.333148441920916e-25
 8.16       2.3417472604667123e-25
 8.17       2.3503671803971357e-25
 8.18       2.359008227571727e-25
 8.19       2.367670427850027e-25
 8.20       2.3763538070915737e-25
 8.21       2.3850583911559092e-25
 8.22       2.3937842059025723e-25
 8.23       2.402531277191103e-25
 8.24       2.4112996308810416e-25
 8.25       2.420089292831928e-25
 8.26       2.428900288903302e-25
 8.27       2.437732644954704e-25
 8.28       2.446586386845674e-25
 8.29       2.4554615404357513e-25
 8.30       2.4643581315844765e-25
 8.31       2.473276186151389e-25
 8.32       2.4822157299960296e-25
 8.33       2.491176788977938e-25
 8.34       2.5001593889566537e-25
 8.35       2.5091635557917176e-25
 8.36       2.518189315342668e-25
 8.37       2.5272366934690467e-25
 8.38       2.536305716030394e-25
 8.39       2.5453964088862476e-25
 8.40       2.554508797896149e-25
 8.41       2.563642908919638e-25
 8.42       2.5727987678162545e-25
 8.43       2.5819764004455384e-25
 8.44       2.59117583266703e-25
 8.45       2.600397090340269e-25
 8.46       2.6096401993247956e-25
 8.47       2.6189051854801497e-25
 8.48       2.6281920746658713e-25
 8.49       2.6375008927414998e-25
 8.50       2.646831665566576e-25
 8.51       2.6561844190006403e-25
 8.52       2.665559178903232e-25
 8.53       2.6749559711338896e-25
 8.54       2.6843748215521558e-25
 8.55       2.693815756017569e-25
 8.56       2.703278800389669e-25
 8.57       2.7127639805279965e-25
 8.58       2.7222713222920923e-25
 8.59       2.731800851541495e-25
 8.60       2.7413525941357446e-25
 8.61       2.7509265759343814e-25
 8.62       2.7605228227969455e-25
 8.63       2.770141360582977e-25
 8.64       2.7797822151520153e-25
 8.65       2.789445412363601e-25
 8.66       2.7991309780772743e-25
 8.67       2.8088389381525747e-25
 8.68       2.8185693184490417e-25
 8.69       2.828322144826216e-25
 8.70       2.8380974431436377e-25
 8.71       2.847895239260847e-25
 8.72       2.857715559037382e-25
 8.73       2.867558428332785e-25
 8.74       2.877423873006595e-25
 8.75       2.887311918918352e-25
 8.76       2.897222591927596e-25
 8.77       2.9071559178938673e-25
 8.78       2.9171119226767053e-25
 8.79       2.9270906321356506e-25
 8.80       2.9370920721302426e-25
 8.81       2.9471162685200212e-25
 8.82       2.957163247164527e-25
 8.83       2.9672330339233e-25
 8.84       2.97732565465588e-25
 8.85       2.9874411352218066e-25
 8.86       2.9975795014806197e-25
 8.87       3.0077407792918607e-25
 8.88       3.017924994515067e-25
 8.89       3.028132173009781e-25
 8.90       3.0383623406355422e-25
 8.91       3.04861552325189e-25
 8.92       3.058891746718365e-25
 8.93       3.069191036894506e-25
 8.94       3.079513419639854e-25
 8.95       3.0898589208139487e-25
 8.96       3.1002275662763303e-25
 8.97       3.1106193818865387e-25
 8.98       3.1210343935041137e-25
 8.99       3.131472626988596e-25
 9.00       3.1419341081995236e-25
 9.01       3.152418862996439e-25
 9.02       3.1629269172388803e-25
 9.03       3.173458296786389e-25
 9.04       3.184013027498504e-25
 9.05       3.1945911352347653e-25
 9.06       3.205192645854713e-25
 9.07       3.2158175852178885e-25
 9.08       3.2264659791838295e-25
 9.09       3.2371378536120764e-25
 9.10       3.247833234362172e-25
 9.11       3.2585521472936526e-25
 9.12       3.2692946182660597e-25
 9.13       3.280060673138933e-25
 9.14       3.2908503377718134e-25
 9.15       3.30166363802424e-25
 9.16       3.3125005997557537e-25
 9.17       3.3233612488258934e-25
 9.18       3.3342456110941993e-25
 9.19       3.345153712420211e-25
 9.20       3.35608557866347e-25
 9.21       3.367041235683515e-25
 9.22       3.378020709339887e-25
 9.23       3.3890240254921255e-25
 9.24       3.4000512099997694e-25
 9.25       3.4111022887223593e-25
 9.26       3.4221772875194364e-25
 9.27       3.4332762322505393e-25
 9.28       3.4443991487752085e-25
 9.29       3.4555460629529843e-25
 9.30       3.466717000643406e-25
 9.31       3.4779119877060135e-25
 9.32       3.4891310500003483e-25
 9.33       3.5003742133859487e-25
 9.34       3.511641503722355e-25
 9.35       3.522932946869108e-25
 9.36       3.534248568685747e-25
 9.37       3.5455883950318117e-25
 9.38       3.5569524517668435e-25
 9.39       3.568340764750381e-25
 9.40       3.579753359841964e-25
 9.41       3.591190262901133e-25
 9.42       3.6026514997874285e-25
 9.43       3.6141370963603897e-25
 9.44       3.625647078479558e-25
 9.45       3.6371814720044707e-25
 9.46       3.6487403027946705e-25
 9.47       3.660323596709696e-25
 9.48       3.671931379609088e-25
 9.49       3.683563677352385e-25
 9.50       3.695220515799128e-25
 9.51       3.7069019208088576e-25
 9.52       3.718607918241113e-25
 9.53       3.730338533955434e-25
 9.54       3.7420937938113606e-25
 9.55       3.753873723668434e-25
 9.56       3.7656783493861925e-25
 9.57       3.777507696824177e-25
 9.58       3.7893617918419273e-25
 9.59       3.801240660298983e-25
 9.60       3.813144328054885e-25
 9.61       3.825072820969173e-25
 9.62       3.837026164901386e-25
 9.63       3.8490043857110657e-25
 9.64       3.8610075092577504e-25
 9.65       3.873035561400981e-25
 9.66       3.885088568000297e-25
 9.67       3.897166554915239e-25
 9.68       3.909269548005347e-25
 9.69       3.9213975731301603e-25
 9.70       3.9335506561492197e-25
 9.71       3.9457288229220636e-25
 9.72       3.9579320993082343e-25
 9.73       3.9701605111672704e-25
 9.74       3.982414084358711e-25
 9.75       3.994692844742098e-25
 9.76       4.0069968181769707e-25
 9.77       4.019326030522868e-25
 9.78       4.031680507639332e-25
 9.79       4.044060275385902e-25
 9.80       4.0564653596221157e-25
 9.81       4.0688957862075166e-25
 9.82       4.0813515810016413e-25
 9.83       4.0938327698640325e-25
 9.84       4.1063393786542287e-25
 9.85       4.118871433231771e-25
 9.86       4.1314289594561976e-25
 9.87       4.14401198318705e-25
 9.88       4.156620530283869e-25
 9.89       4.169254626606192e-25
 9.90       4.18191429801356e-25
 9.91       4.194599570365514e-25
 9.92       4.207310469521594e-25
 9.93       4.220047021341338e-25
 9.94       4.232809251684288e-25
 9.95       4.245597186409983e-25
 9.96       4.258410851377964e-25
 9.97       4.27125027244777e-25
 9.98       4.284115475478941e-25
 9.99       4.297006486331016e-25
