 0.01       2.206099041207058e-33
 0.02       1.7648792329656465e-32
 0.03       5.956467411259054e-32
 0.04       1.4119033863725172e-31
 0.05       2.7576238015088226e-31
 0.06       4.765173929007245e-31
 0.07       7.56691971134021e-31
 0.08       1.1295227090980138e-30
 0.09       1.6082462010399448e-30
 0.10       2.2060990412070574e-30
 0.11       2.9363178238465923e-30
 0.12       3.812139143205794e-30
 0.13       4.846799593531903e-30
 0.14       6.053535769072164e-30
 0.15       7.445584264073817e-30
 0.16       9.03618167278411e-30
 0.17       1.0838564589450273e-29
 0.18       1.2865969608319564e-29
 0.19       1.5131633323639215e-29
 0.20       1.764879232965647e-29
 0.21       2.043068322061858e-29
 0.22       2.3490542590772766e-29
 0.23       2.684160703436629e-29
 0.24       3.049711314564639e-29
 0.25       3.44702975188603e-29
 0.26       3.877439674825527e-29
 0.27       4.3422647428078546e-29
 0.28       4.8428286152577366e-29
 0.29       5.380454951599897e-29
 0.30       5.95646741125906e-29
 0.31       6.572189653659953e-29
 0.32       7.228945338227294e-29
 0.33       7.928058124385811e-29
 0.34       8.67085167156023e-29
 0.35       9.458649639175272e-29
 0.36       1.029277568665566e-28
 0.37       1.1174553473426125e-28
 0.38       1.2105306658911383e-28
 0.39       1.3086358902536162e-28
 0.40       1.4119033863725188e-28
 0.41       1.5204655201903182e-28
 0.42       1.6344546576494874e-28
 0.43       1.7540031646924979e-28
 0.44       1.8792434072618229e-28
 0.45       2.0103077512999343e-28
 0.46       2.147328562749305e-28
 0.47       2.2904382075524067e-28
 0.48       2.4397690516517125e-28
 0.49       2.5954534609896955e-28
 0.50       2.7576238015088253e-28
 0.51       2.926412439151578e-28
 0.52       3.1019517398604243e-28
 0.53       3.2843740695778356e-28
 0.54       3.4738117942462855e-28
 0.55       3.670397279808247e-28
 0.56       3.874262892206192e-28
 0.57       4.085540997382592e-28
 0.58       4.3043639612799205e-28
 0.59       4.53086414984065e-28
 0.60       4.765173929007252e-28
 0.61       5.007425664722199e-28
 0.62       5.257751722927964e-28
 0.63       5.516284469567021e-28
 0.64       5.783156270581838e-28
 0.65       6.058499491914891e-28
 0.66       6.3424464995086525e-28
 0.67       6.635129659305593e-28
 0.68       6.936681337248187e-28
 0.69       7.247233899278905e-28
 0.70       7.566919711340219e-28
 0.71       7.895871139374606e-28
 0.72       8.234220549324532e-28
 0.73       8.582100307132473e-28
 0.74       8.939642778740902e-28
 0.75       9.30698033009229e-28
 0.76       9.684245327129112e-28
 0.77       1.0071570135793832e-27
 0.78       1.0469087122028934e-27
 0.79       1.0876928651776884e-27
 0.80       1.1295227090980154e-27
 0.81       1.1724114805581219e-27
 0.82       1.216372416152255e-27
 0.83       1.261418752474662e-27
 0.84       1.3075637261195903e-27
 0.85       1.3548205736812866e-27
 0.86       1.4032025317539988e-27
 0.87       1.4527228369319736e-27
 0.88       1.5033947258094588e-27
 0.89       1.555231434980701e-27
 0.90       1.608246201039948e-27
 0.91       1.6624522605814468e-27
 0.92       1.7178628501994445e-27
 0.93       1.7744912064881884e-27
 0.94       1.8323505660419264e-27
 0.95       1.891454165454905e-27
 0.96       1.951815241321371e-27
 0.97       2.013447030235573e-27
 0.98       2.076362768791757e-27
 0.99       2.1405756935841706e-27
 1.00       2.206099041207062e-27
 1.01       2.2729460482546773e-27
 1.02       2.3411299513212637e-27
 1.03       2.4106639870010693e-27
 1.04       2.48156139188834e-27
 1.05       2.553835402577325e-27
 1.06       2.6274992556622706e-27
 1.07       2.7025661877374232e-27
 1.08       2.779049435397031e-27
 1.09       2.8569622352353403e-27
 1.10       2.9363178238465996e-27
 1.11       3.017129437825056e-27
 1.12       3.0994103137649557e-27
 1.13       3.1831736882605463e-27
 1.14       3.268432797906075e-27
 1.15       3.355200879295791e-27
 1.16       3.4434911690239385e-27
 1.17       3.533316903684766e-27
 1.18       3.624691319872522e-27
 1.19       3.717627654181452e-27
 1.20       3.812139143205804e-27
 1.21       3.908239023539824e-27
 1.22       4.0059405317777616e-27
 1.23       4.1052569045138625e-27
 1.24       4.206201378342374e-27
 1.25       4.3087871898575436e-27
 1.26       4.413027575653618e-27
 1.27       4.518935772324846e-27
 1.28       4.626525016465472e-27
 1.29       4.735808544669748e-27
 1.30       4.8467995935319155e-27
 1.31       4.959511399646227e-27
 1.32       5.073957199606925e-27
 1.33       5.190150230008259e-27
 1.34       5.3081037274444775e-27
 1.35       5.427830928509826e-27
 1.36       5.5493450697985536e-27
 1.37       5.672659387904903e-27
 1.38       5.797787119423127e-27
 1.39       5.92474150094747e-27
 1.40       6.0535357690721796e-27
 1.41       6.184183160391501e-27
 1.42       6.3166969114996875e-27
 1.43       6.45109025899098e-27
 1.44       6.587376439459628e-27
 1.45       6.72556868949988e-27
 1.46       6.865680245705983e-27
 1.47       7.007724344672181e-27
 1.48       7.151714222992726e-27
 1.49       7.29766311726186e-27
 1.50       7.445584264073837e-27
 1.51       7.595490900022897e-27
 1.52       7.747396261703291e-27
 1.53       7.901313585709269e-27
 1.54       8.057256108635072e-27
 1.55       8.215237067074952e-27
 1.56       8.375269697623153e-27
 1.57       8.537367236873923e-27
 1.58       8.701542921421512e-27
 1.59       8.867809987860164e-27
 1.60       9.036181672784127e-27
 1.61       9.206671212787651e-27
 1.62       9.379291844464981e-27
 1.63       9.554056804410362e-27
 1.64       9.730979329218045e-27
 1.65       9.910072655482277e-27
 1.66       1.0091350019797302e-26
 1.67       1.027482465875737e-26
 1.68       1.0460509808956725e-26
 1.69       1.064841870698962e-26
 1.70       1.0838564589450297e-26
 1.71       1.1030960692933007e-26
 1.72       1.1225620254031994e-26
 1.73       1.1422556509341507e-26
 1.74       1.1621782695455795e-26
 1.75       1.1823312048969102e-26
 1.76       1.2027157806475672e-26
 1.77       1.2233333204569764e-26
 1.78       1.2441851479845613e-26
 1.79       1.2652725868897473e-26
 1.80       1.2865969608319588e-26
 1.81       1.308159593470621e-26
 1.82       1.329961808465158e-26
 1.83       1.3520049294749946e-26
 1.84       1.374290280159556e-26
 1.85       1.3968191841782667e-26
 1.86       1.4195929651905516e-26
 1.87       1.4426129468558347e-26
 1.88       1.4658804528335414e-26
 1.89       1.4893968067830963e-26
 1.90       1.5131633323639242e-26
 1.91       1.5371813532354498e-26
 1.92       1.5614521930570975e-26
 1.93       1.585977175488292e-26
 1.94       1.610757624188459e-26
 1.95       1.635794862817022e-26
 1.96       1.661090215033406e-26
 1.97       1.6866450044970366e-26
 1.98       1.7124605548673374e-26
 1.99       1.7385381898037338e-26
 2.00       1.7648792329656496e-26
 2.01       1.7914850080125104e-26
 2.02       1.8183568386037407e-26
 2.03       1.845496048398765e-26
 2.04       1.872903961057009e-26
 2.05       1.9005819002378957e-26
 2.06       1.9285311896008517e-26
 2.07       1.9567531528053006e-26
 2.08       1.9852491135106675e-26
 2.09       2.0140203953763767e-26
 2.10       2.0430683220618536e-26
 2.11       2.0723942172265224e-26
 2.12       2.101999404529808e-26
 2.13       2.131885207631135e-26
 2.14       2.1620529501899288e-26
 2.15       2.1925039558656133e-26
 2.16       2.2232395483176135e-26
 2.17       2.254261051205354e-26
 2.18       2.2855697881882596e-26
 2.19       2.317167082925755e-26
 2.20       2.349054259077265e-26
 2.21       2.3812326403022147e-26
 2.22       2.4137035502600286e-26
 2.23       2.446468312610131e-26
 2.24       2.4795282510119468e-26
 2.25       2.5128846891249006e-26
 2.26       2.5465389506084175e-26
 2.27       2.580492359121922e-26
 2.28       2.614746238324839e-26
 2.29       2.649301911876593e-26
 2.30       2.684160703436609e-26
 2.31       2.7193239366643116e-26
 2.32       2.754792935219125e-26
 2.33       2.7905690227604754e-26
 2.34       2.826653522947786e-26
 2.35       2.8630477594404815e-26
 2.36       2.8997530558979876e-26
 2.37       2.9367707359797286e-26
 2.38       2.97410212334513e-26
 2.39       3.0117485416536145e-26
 2.40       3.0497113145646086e-26
 2.41       3.087991765737537e-26
 2.42       3.126591218831824e-26
 2.43       3.165510997506893e-26
 2.44       3.204752425422171e-26
 2.45       3.2443168262370813e-26
 2.46       3.2842055236110487e-26
 2.47       3.324419841203499e-26
 2.48       3.3649611026738555e-26
 2.49       3.405830631681544e-26
 2.50       3.447029751885989e-26
 2.51       3.488559786946615e-26
 2.52       3.530422060522846e-26
 2.53       3.5726178962741084e-26
 2.54       3.615148617859825e-26
 2.55       3.6580155489394226e-26
 2.56       3.7012200131723244e-26
 2.57       3.744763334217956e-26
 2.58       3.788646835735741e-26
 2.59       3.8328718413851053e-26
 2.60       3.8774396748254727e-26
 2.61       3.922351659716269e-26
 2.62       3.967609119716918e-26
 2.63       4.0132133784868445e-26
 2.64       4.059165759685474e-26
 2.65       4.10546758697223e-26
 2.66       4.1521201840065385e-26
 2.67       4.1991248744478235e-26
 2.68       4.24648298195551e-26
 2.69       4.2941958301890225e-26
 2.70       4.342264742807786e-26
 2.71       4.390691043471224e-26
 2.72       4.439476055838764e-26
 2.73       4.488621103569827e-26
 2.74       4.538127510323841e-26
 2.75       4.587996599760229e-26
 2.76       4.638229695538416e-26
 2.77       4.6888281213178274e-26
 2.78       4.739793200757887e-26
 2.79       4.79112625751802e-26
 2.80       4.8428286152576507e-26
 2.81       4.8949015976362046e-26
 2.82       4.9473465283131056e-26
 2.83       5.0001647309477794e-26
 2.84       5.0533575291996495e-26
 2.85       5.106926246728142e-26
 2.86       5.160872207192681e-26
 2.87       5.21519673425269e-26
 2.88       5.269901151567596e-26
 2.89       5.324986782796823e-26
 2.90       5.380454951599793e-26
 2.91       5.436306981635934e-26
 2.92       5.492544196564671e-26
 2.93       5.549167920045426e-26
 2.94       5.606179475737626e-26
 2.95       5.663580187300694e-26
 2.96       5.721371378394057e-26
 2.97       5.779554372677137e-26
 2.98       5.838130493809361e-26
 2.99       5.897101065450153e-26
 3.00       5.956467411258936e-26
 3.01       6.016230854895137e-26
 3.02       6.076392720018181e-26
 3.03       6.136954330287491e-26
 3.04       6.197917009362493e-26
 3.05       6.25928208090261e-26
 3.06       6.321050868567268e-26
 3.07       6.383224696015891e-26
 3.08       6.445804886907906e-26
 3.09       6.508792764902735e-26
 3.10       6.572189653659804e-26
 3.11       6.635996876838538e-26
 3.12       6.700215758098361e-26
 3.13       6.764847621098697e-26
 3.14       6.829893789498972e-26
 3.15       6.895355586958612e-26
 3.16       6.961234337137038e-26
 3.17       7.027531363693678e-26
 3.18       7.094247990287956e-26
 3.19       7.161385540579297e-26
 3.20       7.228945338227122e-26
 3.21       7.296928706890859e-26
 3.22       7.365336970229935e-26
 3.23       7.434171451903771e-26
 3.24       7.503433475571792e-26
 3.25       7.573124364893425e-26
 3.26       7.643245443528094e-26
 3.27       7.713798035135222e-26
 3.28       7.784783463374234e-26
 3.29       7.856203051904558e-26
 3.30       7.928058124385613e-26
 3.31       8.000350004476828e-26
 3.32       8.073080015837627e-26
 3.33       8.146249482127433e-26
 3.34       8.219859727005676e-26
 3.35       8.293912074131774e-26
 3.36       8.368407847165154e-26
 3.37       8.443348369765244e-26
 3.38       8.518734965591466e-26
 3.39       8.594568958303243e-26
 3.40       8.670851671560002e-26
 3.41       8.747584429021165e-26
 3.42       8.824768554346162e-26
 3.43       8.902405371194415e-26
 3.44       8.980496203225347e-26
 3.45       9.059042374098383e-26
 3.46       9.13804520747295e-26
 3.47       9.217506027008472e-26
 3.48       9.297426156364373e-26
 3.49       9.377806919200076e-26
 3.50       9.458649639175012e-26
 3.51       9.539955639948597e-26
 3.52       9.621726245180263e-26
 3.53       9.703962778529431e-26
 3.54       9.786666563655529e-26
 3.55       9.869838924217974e-26
 3.56       9.953481183876201e-26
 3.57       1.0037594666289626e-25
 3.58       1.0122180695117681e-25
 3.59       1.0207240594019786e-25
 3.60       1.0292775686655367e-25
 3.61       1.0378787296683846e-25
 3.62       1.0465276747764653e-25
 3.63       1.0552245363557212e-25
 3.64       1.0639694467720943e-25
 3.65       1.0727625383915276e-25
 3.66       1.081603943579963e-25
 3.67       1.0904937947033435e-25
 3.68       1.0994322241276114e-25
 3.69       1.1084193642187092e-25
 3.70       1.1174553473425792e-25
 3.71       1.1265403058651639e-25
 3.72       1.1356743721524061e-25
 3.73       1.144857678570248e-25
 3.74       1.154090357484632e-25
 3.75       1.1633725412615008e-25
 3.76       1.1727043622667966e-25
 3.77       1.182085952866462e-25
 3.78       1.1915174454264396e-25
 3.79       1.200998972312672e-25
 3.80       1.210530665891101e-25
 3.81       1.2201126585276698e-25
 3.82       1.2297450825883208e-25
 3.83       1.239428070438996e-25
 3.84       1.249161754445638e-25
 3.85       1.2589462669741894e-25
 3.86       1.268781740390593e-25
 3.87       1.2786683070607908e-25
 3.88       1.2886060993507256e-25
 3.89       1.2985952496263395e-25
 3.90       1.308635890253575e-25
 3.91       1.318728153598375e-25
 3.92       1.3288721720266816e-25
 3.93       1.3390680779044377e-25
 3.94       1.349316003597585e-25
 3.95       1.3596160814720666e-25
 3.96       1.3699684438938247e-25
 3.97       1.3803732232288018e-25
 3.98       1.3908305518429407e-25
 3.99       1.4013405621021835e-25
 4.00       1.4119033863724729e-25
 4.01       1.422519157019752e-25
 4.02       1.4331880064099617e-25
 4.03       1.4439100669090453e-25
 4.04       1.4546854708829457e-25
 4.05       1.4655143506976047e-25
 4.06       1.4763968387189644e-25
 4.07       1.4873330673129687e-25
 4.08       1.498323168845559e-25
 4.09       1.5093672756826782e-25
 4.10       1.5204655201902681e-25
 4.11       1.5316180347342722e-25
 4.12       1.5428249516806322e-25
 4.13       1.5540864033952911e-25
 4.14       1.5654025222441914e-25
 4.15       1.5767734405932744e-25
 4.16       1.5881992908084842e-25
 4.17       1.5996802052557622e-25
 4.18       1.611216316301051e-25
 4.19       1.6228077563102936e-25
 4.20       1.6344546576494317e-25
 4.21       1.6461571526844092e-25
 4.22       1.657915373781167e-25
 4.23       1.6697294533056477e-25
 4.24       1.6815995236237947e-25
 4.25       1.6935257171015498e-25
 4.26       1.7055081661048562e-25
 4.27       1.7175470029996552e-25
 4.28       1.7296423601518903e-25
 4.29       1.7417943699275037e-25
 4.30       1.7540031646924373e-25
 4.31       1.7662688768126344e-25
 4.32       1.7785916386540369e-25
 4.33       1.7909715825825877e-25
 4.34       1.8034088409642288e-25
 4.35       1.8159035461649034e-25
 4.36       1.8284558305505528e-25
 4.37       1.8410658264871205e-25
 4.38       1.853733666340549e-25
 4.39       1.86645948247678e-25
 4.40       1.8792434072617562e-25
 4.41       1.8920855730614207e-25
 4.42       1.9049861122417155e-25
 4.43       1.9179451571685834e-25
 4.44       1.9309628402079662e-25
 4.45       1.9440392937258067e-25
 4.46       1.9571746500880472e-25
 4.47       1.9703690416606307e-25
 4.48       1.9836226008094996e-25
 4.49       1.9969354599005957e-25
 4.50       2.0103077512998624e-25
 4.51       2.0237396073732414e-25
 4.52       2.0372311604866752e-25
 4.53       2.0507825430061066e-25
 4.54       2.0643938872974787e-25
 4.55       2.0780653257267323e-25
 4.56       2.091796990659811e-25
 4.57       2.105589014462658e-25
 4.58       2.119441529501214e-25
 4.59       2.133354668141423e-25
 4.60       2.147328562749226e-25
 4.61       2.1613633456905675e-25
 4.62       2.175459149331388e-25
 4.63       2.189616106037631e-25
 4.64       2.2038343481752385e-25
 4.65       2.2181140081101533e-25
 4.66       2.232455218208318e-25
 4.67       2.2468581108356744e-25
 4.68       2.261322818358166e-25
 4.69       2.275849473141734e-25
 4.70       2.290438207552322e-25
 4.71       2.305089153955872e-25
 4.72       2.319802444718326e-25
 4.73       2.3345782122056276e-25
 4.74       2.349416588783718e-25
 4.75       2.3643177068185415e-25
 4.76       2.379281698676039e-25
 4.77       2.394308696722153e-25
 4.78       2.409398833322826e-25
 4.79       2.4245522408440013e-25
 4.80       2.4397690516516203e-25
 4.81       2.455049398111627e-25
 4.82       2.4703934125899623e-25
 4.83       2.4858012274525697e-25
 4.84       2.501272975065391e-25
 4.85       2.5168087877943693e-25
 4.86       2.5324087980054463e-25
 4.87       2.5480731380645647e-25
 4.88       2.5638019403376682e-25
 4.89       2.5795953371906974e-25
 4.90       2.5954534609895957e-25
 4.91       2.6113764441003053e-25
 4.92       2.627364418888769e-25
 4.93       2.64341751772093e-25
 4.94       2.659535872962729e-25
 4.95       2.675719616980109e-25
 4.96       2.6919688821390137e-25
 4.97       2.7082838008053847e-25
 4.98       2.7246645053451638e-25
 4.99       2.7411111281242945e-25
 5.00       2.757623801508719e-25
 5.01       2.7742026578643796e-25
 5.02       2.790847829557219e-25
 5.03       2.80755944895318e-25
 5.04       2.824337648418204e-25
 5.05       2.8411825603182343e-25
 5.06       2.858094317019213e-25
 5.07       2.875073050887083e-25
 5.08       2.892118894287786e-25
 5.09       2.909231979587266e-25
 5.10       2.9264124391514632e-25
 5.11       2.9436604053463216e-25
 5.12       2.9609760105377847e-25
 5.13       2.978359387091792e-25
 5.14       2.9958106673742886e-25
 5.15       3.0133299837512157e-25
 5.16       3.0309174685885164e-25
 5.17       3.048573254252132e-25
 5.18       3.0662974731080066e-25
 5.19       3.084090257522082e-25
 5.20       3.1019517398603006e-25
 5.21       3.1198820524886047e-25
 5.22       3.1378813277729367e-25
 5.23       3.1559496980792394e-25
 5.24       3.174087295773456e-25
 5.25       3.192294253221527e-25
 5.26       3.210570702789396e-25
 5.27       3.228916776843006e-25
 5.28       3.2473326077482987e-25
 5.29       3.265818327871217e-25
 5.30       3.2843740695777034e-25
 5.31       3.3029999652337006e-25
 5.32       3.3216961472051504e-25
 5.33       3.3404627478579946e-25
 5.34       3.359299899558177e-25
 5.35       3.37820773467164e-25
 5.36       3.3971863855643256e-25
 5.37       3.4162359846021763e-25
 5.38       3.435356664151135e-25
 5.39       3.4545485565771425e-25
 5.40       3.4738117942461446e-25
 5.41       3.493146509524081e-25
 5.42       3.512552834776895e-25
 5.43       3.532030902370529e-25
 5.44       3.5515808446709255e-25
 5.45       3.571202794044027e-25
 5.46       3.5908968828557767e-25
 5.47       3.610663243472115e-25
 5.48       3.6305020082589866e-25
 5.49       3.650413309582332e-25
 5.50       3.670397279808096e-25
 5.51       3.6904540513022197e-25
 5.52       3.7105837564306454e-25
 5.53       3.730786527559316e-25
 5.54       3.7510624970541733e-25
 5.55       3.7714117972811607e-25
 5.56       3.7918345606062205e-25
 5.57       3.8123309193952945e-25
 5.58       3.8329010060143257e-25
 5.59       3.853544952829257e-25
 5.60       3.87426289220603e-25
 5.61       3.895054956510588e-25
 5.62       3.915921278108873e-25
 5.63       3.936861989366827e-25
 5.64       3.9578772226503936e-25
 5.65       3.978967110325514e-25
 5.66       4.000131784758131e-25
 5.67       4.0213713783141886e-25
 5.68       4.042686023359627e-25
 5.69       4.06407585226039e-25
 5.70       4.08554099738242e-25
 5.71       4.107081591091659e-25
 5.72       4.12869776575405e-25
 5.73       4.150389653735535e-25
 5.74       4.1721573874020575e-25
 5.75       4.194001099119559e-25
 5.76       4.215920921253981e-25
 5.77       4.237916986171268e-25
 5.78       4.259989426237361e-25
 5.79       4.282138373818204e-25
 5.80       4.304363961279738e-25
 5.81       4.326666320987906e-25
 5.82       4.34904558530865e-25
 5.83       4.3715018866079135e-25
 5.84       4.394035357251639e-25
 5.85       4.416646129605767e-25
 5.86       4.439334336036242e-25
 5.87       4.462100108909006e-25
 5.88       4.484943580590001e-25
 5.89       4.50786488344517e-25
 5.90       4.530864149840455e-25
 5.91       4.553941512141798e-25
 5.92       4.577097102715144e-25
 5.93       4.600331053926433e-25
 5.94       4.623643498141609e-25
 5.95       4.647034567726612e-25
 5.96       4.670504395047387e-25
 5.97       4.694053112469874e-25
 5.98       4.717680852360018e-25
 5.99       4.741387747083761e-25
 6.00       4.765173929007046e-25
 6.01       4.789039530495813e-25
 6.02       4.812984683916005e-25
 6.03       4.837009521633567e-25
 6.04       4.8611141760144395e-25
 6.05       4.8852987794245655e-25
 6.06       4.909563464229886e-25
 6.07       4.933908362796346e-25
 6.08       4.958333607489887e-25
 6.09       4.982839330676451e-25
 6.10       5.007425664721981e-25
 6.11       5.032092741992419e-25
 6.12       5.056840694853706e-25
 6.13       5.0816696556717885e-25
 6.14       5.106579756812605e-25
 6.15       5.131571130642101e-25
 6.16       5.156643909526216e-25
 6.17       5.181798225830894e-25
 6.18       5.207034211922079e-25
 6.19       5.232352000165711e-25
 6.20       5.257751722927732e-25
 6.21       5.283233512574089e-25
 6.22       5.308797501470719e-25
 6.23       5.334443821983567e-25
 6.24       5.360172606478576e-25
 6.25       5.385983987321688e-25
 6.26       5.411878096878845e-25
 6.27       5.43785506751599e-25
 6.28       5.463915031599065e-25
 6.29       5.490058121494012e-25
 6.30       5.516284469566775e-25
 6.31       5.542594208183296e-25
 6.32       5.568987469709515e-25
 6.33       5.5954643865113785e-25
 6.34       5.622025090954827e-25
 6.35       5.648669715405803e-25
 6.36       5.675398392230248e-25
 6.37       5.702211253794105e-25
 6.38       5.729108432463319e-25
 6.39       5.75609006060383e-25
 6.40       5.78315627058158e-25
 6.41       5.8103071947625125e-25
 6.42       5.837542965512569e-25
 6.43       5.864863715197695e-25
 6.44       5.892269576183829e-25
 6.45       5.919760680836914e-25
 6.46       5.947337161522896e-25
 6.47       5.9749991506077155e-25
 6.48       6.002746780457313e-25
 6.49       6.030580183437633e-25
 6.50       6.058499491914619e-25
 6.51       6.086504838254211e-25
 6.52       6.114596354822352e-25
 6.53       6.142774173984985e-25
 6.54       6.171038428108053e-25
 6.55       6.199389249557499e-25
 6.56       6.227826770699263e-25
 6.57       6.256351123899289e-25
 6.58       6.28496244152352e-25
 6.59       6.313660855937897e-25
 6.60       6.342446499508365e-25
 6.61       6.371319504600863e-25
 6.62       6.400280003581336e-25
 6.63       6.4293281288157265e-25
 6.64       6.458464012669975e-25
 6.65       6.487687787510024e-25
 6.66       6.516999585701822e-25
 6.67       6.546399539611301e-25
 6.68       6.575887781604412e-25
 6.69       6.605464444047095e-25
 6.70       6.63512965930529e-25
 6.71       6.664883559744941e-25
 6.72       6.694726277731995e-25
 6.73       6.724657945632388e-25
 6.74       6.754678695812065e-25
 6.75       6.784788660636967e-25
 6.76       6.814987972473041e-25
 6.77       6.8452767636862235e-25
 6.78       6.875655166642461e-25
 6.79       6.906123313707694e-25
 6.80       6.936681337247867e-25
 6.81       6.967329369628922e-25
 6.82       6.998067543216799e-25
 6.83       7.028895990377442e-25
 6.84       7.059814843476795e-25
 6.85       7.090824234880798e-25
 6.86       7.121924296955396e-25
 6.87       7.153115162066528e-25
 6.88       7.184396962580141e-25
 6.89       7.215769830862174e-25
 6.90       7.2472338992785685e-25
 6.91       7.278789300195271e-25
 6.92       7.310436165978222e-25
 6.93       7.342174628993364e-25
 6.94       7.374004821606638e-25
 6.95       7.405926876183989e-25
 6.96       7.437940925091359e-25
 6.97       7.470047100694688e-25
 6.98       7.502245535359921e-25
 6.99       7.534536361453001e-25
 7.00       7.566919711339867e-25
 7.01       7.599395717386465e-25
 7.02       7.631964511958737e-25
 7.03       7.664626227422623e-25
 7.04       7.697380996144067e-25
 7.05       7.730228950489012e-25
 7.06       7.7631702228234e-25
 7.07       7.796204945513175e-25
 7.08       7.829333250924278e-25
 7.09       7.8625552714226495e-25
 7.10       7.895871139374234e-25
 7.11       7.929280987144976e-25
 7.12       7.962784947100814e-25
 7.13       7.996383151607693e-25
 7.14       8.030075733031555e-25
 7.15       8.063862823738343e-25
 7.16       8.097744556093998e-25
 7.17       8.131721062464461e-25
 7.18       8.165792475215679e-25
 7.19       8.199958926713592e-25
 7.20       8.234220549324144e-25
 7.21       8.268577475413275e-25
 7.22       8.303029837346928e-25
 7.23       8.337577767491047e-25
 7.24       8.372221398211574e-25
 7.25       8.406960861874448e-25
 7.26       8.441796290845617e-25
 7.27       8.476727817491021e-25
 7.28       8.511755574176602e-25
 7.29       8.546879693268303e-25
 7.30       8.582100307132066e-25
 7.31       8.617417548133834e-25
 7.32       8.652831548639552e-25
 7.33       8.688342441015155e-25
 7.34       8.723950357626594e-25
 7.35       8.759655430839807e-25
 7.36       8.795457793020735e-25
 7.37       8.831357576535324e-25
 7.38       8.867354913749516e-25
 7.39       8.903449937029252e-25
 7.40       8.939642778740475e-25
 7.41       8.975933571249127e-25
 7.42       9.012322446921155e-25
 7.43       9.048809538122494e-25
 7.44       9.08539497721909e-25
 7.45       9.122078896576887e-25
 7.46       9.158861428561825e-25
 7.47       9.195742705539846e-25
 7.48       9.232722859876896e-25
 7.49       9.269802023938914e-25
 7.50       9.306980330091844e-25
 7.51       9.34425791070163e-25
 7.52       9.38163489813421e-25
 7.53       9.41911142475553e-25
 7.54       9.456687622931534e-25
 7.55       9.49436362502816e-25
 7.56       9.532139563411353e-25
 7.57       9.570015570447056e-25
 7.58       9.60799177850121e-25
 7.59       9.646068319939758e-25
 7.60       9.684245327128644e-25
 7.61       9.722522932433807e-25
 7.62       9.760901268221193e-25
 7.63       9.799380466856742e-25
 7.64       9.837960660706397e-25
 7.65       9.876641982136102e-25
 7.66       9.915424563511797e-25
 7.67       9.954308537199427e-25
 7.68       9.993294035564935e-25
 7.69       1.003238119097426e-24
 7.70       1.0071570135793346e-24
 7.71       1.0110861002388136e-24
 7.72       1.0150253923124572e-24
 7.73       1.0189749030368597e-24
 7.74       1.0229346456486154e-24
 7.75       1.0269046333843184e-24
 7.76       1.030884879480563e-24
 7.77       1.0348753971739433e-24
 7.78       1.0388761997010542e-24
 7.79       1.0428873002984892e-24
 7.80       1.0469087122028425e-24
 7.81       1.0509404486507088e-24
 7.82       1.0549825228786823e-24
 7.83       1.0590349481233572e-24
 7.84       1.0630977376213275e-24
 7.85       1.0671709046091877e-24
 7.86       1.0712544623235321e-24
 7.87       1.075348424000955e-24
 7.88       1.0794528028780502e-24
 7.89       1.0835676121914123e-24
 7.90       1.0876928651776355e-24
 7.91       1.0918285750733135e-24
 7.92       1.0959747551150416e-24
 7.93       1.1001314185394136e-24
 7.94       1.1042985785830235e-24
 7.95       1.1084762484824657e-24
 7.96       1.1126644414743343e-24
 7.97       1.116863170795224e-24
 7.98       1.1210724496817285e-24
 7.99       1.1252922913704425e-24
 8.00       1.1295227090979601e-24
 8.01       1.1337637161008753e-24
 8.02       1.1380153256157826e-24
 8.03       1.1422775508792762e-24
 8.04       1.1465504051279503e-24
 8.05       1.1508339015983994e-24
 8.06       1.1551280535272171e-24
 8.07       1.1594328741509982e-24
 8.08       1.163748376706337e-24
 8.09       1.1680745744298277e-24
 8.10       1.1724114805580643e-24
 8.11       1.1767591083276411e-24
 8.12       1.1811174709751522e-24
 8.13       1.1854865817371923e-24
 8.14       1.1898664538503555e-24
 8.15       1.1942571005512357e-24
 8.16       1.1986585350764275e-24
 8.17       1.2030707706625252e-24
 8.18       1.2074938205461226e-24
 8.19       1.2119276979638146e-24
 8.20       1.2163724161521949e-24
 8.21       1.220827988347858e-24
 8.22       1.225294427787398e-24
 8.23       1.2297717477074092e-24
 8.24       1.234259961344486e-24
 8.25       1.2387590819352225e-24
 8.26       1.2432691227162129e-24
 8.27       1.2477900969240514e-24
 8.28       1.2523220177953327e-24
 8.29       1.2568648985666507e-24
 8.30       1.2614187524745993e-24
 8.31       1.2659835927557733e-24
 8.32       1.270559432646767e-24
 8.33       1.2751462853841741e-24
 8.34       1.2797441642045892e-24
 8.35       1.2843530823446067e-24
 8.36       1.2889730530408205e-24
 8.37       1.2936040895298248e-24
 8.38       1.2982462050482145e-24
 8.39       1.3028994128325829e-24
 8.40       1.307563726119525e-24
 8.41       1.3122391581456348e-24
 8.42       1.3169257221475064e-24
 8.43       1.3216234313617344e-24
 8.44       1.3263322990249122e-24
 8.45       1.3310523383736355e-24
 8.46       1.3357835626444974e-24
 8.47       1.3405259850740925e-24
 8.48       1.3452796188990146e-24
 8.49       1.3500444773558588e-24
 8.50       1.3548205736812187e-24
 8.51       1.3596079211116892e-24
 8.52       1.3644065328838636e-24
 8.53       1.3692164222343366e-24
 8.54       1.3740376023997027e-24
 8.55       1.378870086616556e-24
 8.56       1.3837138881214909e-24
 8.57       1.388569020151101e-24
 8.58       1.3934354959419813e-24
 8.59       1.3983133287307256e-24
 8.60       1.4032025317539284e-24
 8.61       1.4081031182481836e-24
 8.62       1.4130151014500856e-24
 8.63       1.417938494596229e-24
 8.64       1.4228733109232076e-24
 8.65       1.4278195636676161e-24
 8.66       1.432777266066048e-24
 8.67       1.4377464313550982e-24
 8.68       1.4427270727713608e-24
 8.69       1.4477192035514302e-24
 8.70       1.4527228369319003e-24
 8.71       1.4577379861493657e-24
 8.72       1.46276466444042e-24
 8.73       1.4678028850416581e-24
 8.74       1.472852661189674e-24
 8.75       1.4779140061210624e-24
 8.76       1.4829869330724167e-24
 8.77       1.4880714552803315e-24
 8.78       1.4931675859814015e-24
 8.79       1.4982753384122204e-24
 8.80       1.5033947258093826e-24
 8.81       1.5085257614094822e-24
 8.82       1.5136684584491138e-24
 8.83       1.5188228301648717e-24
 8.84       1.5239888897933496e-24
 8.85       1.5291666505711421e-24
 8.86       1.5343561257348436e-24
 8.87       1.539557328521048e-24
 8.88       1.5447702721663494e-24
 8.89       1.5499949699073427e-24
 8.90       1.555231434980622e-24
 8.91       1.560479680622781e-24
 8.92       1.5657397200704145e-24
 8.93       1.5710115665601164e-24
 8.94       1.576295233328481e-24
 8.95       1.5815907336121028e-24
 8.96       1.5868980806475761e-24
 8.97       1.5922172876714945e-24
 8.98       1.5975483679204529e-24
 8.99       1.6028913346310455e-24
 9.00       1.608246201039866e-24
 9.01       1.6136129803835089e-24
 9.02       1.618991685898569e-24
 9.03       1.62438233082164e-24
 9.04       1.6297849283893161e-24
 9.05       1.635199491838192e-24
 9.06       1.6406260344048612e-24
 9.07       1.6460645693259189e-24
 9.08       1.6515151098379583e-24
 9.09       1.6569776691775744e-24
 9.10       1.6624522605813616e-24
 9.11       1.6679388972859136e-24
 9.12       1.673437592527825e-24
 9.13       1.6789483595436896e-24
 9.14       1.6844712115701017e-24
 9.15       1.690006161843656e-24
 9.16       1.6955532236009467e-24
 9.17       1.7011124100785674e-24
 9.18       1.7066837345131137e-24
 9.19       1.7122672101411784e-24
 9.20       1.7178628501993563e-24
 9.21       1.723470667924242e-24
 9.22       1.729090676552429e-24
 9.23       1.734722889320512e-24
 9.24       1.7403673194650852e-24
 9.25       1.7460239802227427e-24
 9.26       1.7516928848300797e-24
 9.27       1.7573740465236888e-24
 9.28       1.7630674785401654e-24
 9.29       1.7687731941161035e-24
 9.30       1.7744912064880973e-24
 9.31       1.7802215288927406e-24
 9.32       1.7859641745666286e-24
 9.33       1.791719156746355e-24
 9.34       1.7974864886685138e-24
 9.35       1.8032661835696995e-24
 9.36       1.8090582546865066e-24
 9.37       1.814862715255529e-24
 9.38       1.8206795785133614e-24
 9.39       1.8265088576965974e-24
 9.40       1.8323505660418314e-24
 9.41       1.8382047167856582e-24
 9.42       1.8440713231646715e-24
 9.43       1.8499503984154652e-24
 9.44       1.855841955774635e-24
 9.45       1.8617460084787735e-24
 9.46       1.8676625697644756e-24
 9.47       1.8735916528683362e-24
 9.48       1.8795332710269484e-24
 9.49       1.8854874374769073e-24
 9.50       1.8914541654548064e-24
 9.51       1.897433468197241e-24
 9.52       1.9034253589408043e-24
 9.53       1.909429850922091e-24
 9.54       1.915446957377695e-24
 9.55       1.9214766915442118e-24
 9.56       1.927519066658234e-24
 9.57       1.9335740959563568e-24
 9.58       1.939641792675174e-24
 9.59       1.9457221700512803e-24
 9.60       1.9518152413212694e-24
 9.61       1.9579210197217363e-24
 9.62       1.9640395184892745e-24
 9.63       1.9701707508604787e-24
 9.64       1.9763147300719427e-24
 9.65       1.9824714693602614e-24
 9.66       1.9886409819620286e-24
 9.67       1.9948232811138383e-24
 9.68       2.0010183800522853e-24
 9.69       2.0072262920139637e-24
 9.70       2.013447030235468e-24
 9.71       2.0196806079533914e-24
 9.72       2.0259270384043295e-24
 9.73       2.0321863348248755e-24
 9.74       2.038458510451624e-24
 9.75       2.04474357852117e-24
 9.76       2.0510415522701063e-24
 9.77       2.0573524449350282e-24
 9.78       2.0636762697525293e-24
 9.79       2.070013039959205e-24
 9.80       2.0763627687916483e-24
 9.81       2.082725469486454e-24
 9.82       2.089101155280216e-24
 9.83       2.095489839409529e-24
 9.84       2.101891535110987e-24
 9.85       2.1083062556211844e-24
 9.86       2.114734014176715e-24
 9.87       2.1211748240141737e-24
 9.88       2.1276286983701545e-24
 9.89       2.1340956504812513e-24
 9.90       2.1405756935840587e-24
 9.91       2.147068840915171e-24
 9.92       2.1535751057111823e-24
 9.93       2.1600945012086867e-24
 9.94       2.1666270406442783e-24
 9.95       2.1731727372545523e-24
 9.96       2.179731604276102e-24
 9.97       2.1863036549455218e-24
 9.98       2.1928889024994062e-24
 9.99       2.1994873601743496e-24
