0.96 0.143893
0.97 0.143806
0.98 0.143722
0.99 0.143641
1 0.143562
1.01 0.143485
1.02 0.14341
1.03 0.143337
1.04 0.143266
1.05 0.143197
1.06 0.14313
1.07 0.143065
1.08 0.143001
1.09 0.142939
1.1 0.142879
1.11 0.14282
1.12 0.142762
1.13 0.142706
1.14 0.142651
1.15 0.142598
1.16 0.142546
1.17 0.142495
1.18 0.142446
1.19 0.142398
1.2 0.14235
1.21 0.142304
1.22 0.142259
1.23 0.142215
1.24 0.142172
1.25 0.14213
1.26 0.142089
1.27 0.142049
1.28 0.14201
1.29 0.141972
1.3 0.141934
1.31 0.141897
1.32 0.141862
1.33 0.141826
1.34 0.141792
1.35 0.141758
1.36 0.141725
1.37 0.141693
1.38 0.141662
1.39 0.141631
1.4 0.1416
1.41 0.141571
1.42 0.141542
1.43 0.141513
1.44 0.141485
1.45 0.141458
1.46 0.141431
1.47 0.141405
1.48 0.141379
1.49 0.141354
1.5 0.141329
1.51 0.141304
1.52 0.141281
1.53 0.141257
1.54 0.141234
1.55 0.141212
1.56 0.141189
1.57 0.141168
1.58 0.141146
1.59 0.141125
1.6 0.141105
1.61 0.141085
1.62 0.141065
1.63 0.141045
1.64 0.141026
1.65 0.141007
1.66 0.140989
1.67 0.140971
1.68 0.140953
1.69 0.140935
1.7 0.140918
1.71 0.140901
1.72 0.140885
1.73 0.140868
1.74 0.140852
1.75 0.140836
1.76 0.140821
1.77 0.140805
1.78 0.14079
1.79 0.140775
1.8 0.140761
1.81 0.140747
1.82 0.140732
1.83 0.140719
1.84 0.140705
1.85 0.140691
1.86 0.140678
1.87 0.140665
1.88 0.140607
1.89 0.140592
1.9 0.140578
1.91 0.140563
1.92 0.140548
1.93 0.140533
1.94 0.140519
1.95 0.140504
1.96 0.140489
1.97 0.139244
1.98 0.139176
1.99 0.139107
