0.01 0
0.02 0
0.03 0
0.04 0
0.05 0
0.06 0
0.07 0
0.08 0
0.09 0
0.1 0
0.11 6.79418e-07
0.12 0.000162015
0.13 0.00137004
0.14 0.00458326
0.15 0.00497827
0.16 0.00483677
0.17 0.00523636
0.18 0.00593898
0.19 0.00684149
0.2 0.00789877
0.21 0.00908746
0.22 0.0103934
0.23 0.0118068
0.24 0.0133201
0.25 0.0149269
0.26 0.0166219
0.27 0.0183999
0.28 0.0202565
0.29 0.0221873
0.3 0.0241881
0.31 0.0262549
0.32 0.028384
0.33 0.0305717
0.34 0.0328144
0.35 0.0351086
0.36 0.037451
0.37 0.0398382
0.38 0.0422672
0.39 0.0447349
0.4 0.0472382
0.41 0.0497743
0.42 0.0523404
0.43 0.0549336
0.44 0.0575515
0.45 0.0601914
0.46 0.0628509
0.47 0.0655276
0.48 0.0682192
0.49 0.0709235
0.5 0.0736354
0.51 0.0763429
0.52 0.0790446
0.53 0.0817401
0.54 0.0844289
0.55 0.0871096
0.56 0.0897592
0.57 0.0923699
0.58 0.0949446
0.59 0.097486
0.6 0.0999965
0.61 0.102478
0.62 0.104933
0.63 0.107363
0.64 0.109768
0.65 0.112151
0.66 0.114512
0.67 0.116853
0.68 0.119173
0.69 0.121474
0.7 0.123757
0.71 0.126021
0.72 0.128267
0.73 0.130495
0.74 0.132706
0.75 0.1349
0.76 0.137077
0.77 0.139237
0.78 0.141283
0.79 0.142648
0.8 0.143352
0.81 0.143532
0.82 0.143312
0.83 0.142798
0.84 0.14208
0.85 0.14123
0.86 0.140305
0.87 0.139348
0.88 0.138395
0.89 0.137468
0.9 0.136571
0.91 0.135637
0.92 0.134686
0.93 0.133744
0.94 0.132832
0.95 0.131964
