0.96 0
0.97 0
0.98 0
0.99 0
1 0
1.01 0
1.02 0
1.03 0
1.04 0
1.05 0
1.06 0
1.07 0
1.08 0
1.09 0
1.1 0
1.11 0
1.12 0
1.13 0
1.14 0
1.15 0
1.16 0
1.17 0
1.18 0
1.19 0
1.2 0
1.21 0
1.22 0
1.23 0
1.24 0
1.25 0
1.26 0
1.27 0
1.28 0
1.29 0
1.3 0
1.31 0
1.32 0
1.33 0
1.34 0
1.35 0
1.36 0
1.37 0
1.38 0
1.39 0
1.4 0
1.41 0
1.42 0
1.43 0
1.44 0
1.45 0
1.46 0
1.47 0
1.48 0
1.49 0
1.5 0
1.51 0
1.52 0
1.53 0
1.54 0
1.55 0
1.56 0
1.57 0
1.58 0
1.59 0
1.6 0
1.61 0
1.62 0
1.63 0
1.64 0
1.65 0
1.66 0
1.67 0
1.68 0
1.69 0
1.7 0
1.71 0
1.72 0
1.73 0
1.74 0
1.75 0
1.76 0
1.77 0
1.78 2.81533e-14
1.79 3.93109e-11
1.8 6.45368e-10
1.81 3.7552e-09
1.82 1.35492e-08
1.83 3.70894e-08
1.84 8.47891e-08
1.85 1.7074e-07
1.86 3.12919e-07
1.87 5.33292e-07
1.88 8.57573e-07
1.89 1.31607e-06
1.9 1.9424e-06
1.91 2.77405e-06
1.92 3.852e-06
1.93 5.22056e-06
1.94 6.92705e-06
1.95 9.02168e-06
1.96 1.15571e-05
1.97 1.44657e-05
1.98 1.8013e-05
1.99 2.21635e-05
