 0.01       nan       
 0.02       nan       
 0.03       nan       
 0.04       nan       
 0.05       nan       
 0.06       nan       
 0.07       nan       
 0.08       nan       
 0.09       nan       
 0.10       4.08654764887923e-25
 0.11       4.5231349563031563e-23
 0.12       4.260035882929608e-22
 0.13       1.8780596186050367e-21
 0.14       5.678950776541734e-21
 0.15       1.370453098059355e-20
 0.16       2.84695951444844e-20
 0.17       5.3163393393156105e-20
 0.18       9.168401191421489e-20
 0.19       1.4867310399296473e-19
 0.20       2.2955144663811704e-19
 0.21       3.40555398431955e-19
 0.22       4.887741861569401e-19
 0.23       6.821879037174686e-19
 0.24       9.297061044675284e-19
 0.25       1.2412068807065881e-18
 0.26       1.627576340673574e-18
 0.27       2.100748433855695e-18
 0.28       2.6737449221378866e-18
 0.29       3.3607157966154605e-18
 0.30       4.176979649662166e-18
 0.31       5.13906430137498e-18
 0.32       6.264747526645014e-18
 0.33       7.573097883497214e-18
 0.34       9.084515597351172e-18
 0.35       1.0820773658734493e-17
 0.36       1.2805058701670636e-17
 0.37       1.5062012208410348e-17
 0.38       1.7617771622585958e-17
 0.39       2.0500011526435484e-17
 0.40       2.3737984850259607e-17
 0.41       2.7362564109725497e-17
 0.42       3.14062826673206e-17
 0.43       3.590337601482762e-17
 0.44       4.088982307416181e-17
 0.45       4.640338751430286e-17
 0.46       5.248365908237851e-17
 0.47       5.917209494723168e-17
 0.48       6.651206105403035e-17
 0.49       7.454887348867687e-17
 0.50       8.332983985093257e-17
 0.51       9.290430058573179e-17
 0.52       1.0332367056725723e-16
 0.53       1.1464148020190395e-16
 0.54       1.2691341701989861e-16
 0.55       1.401973670325839e-16
 0.56       1.5455345614170055e-16
 0.57       1.7004409155278355e-16
 0.58       1.8673400319229301e-16
 0.59       2.0469028512813497e-16
 0.60       2.2398243699328205e-16
 0.61       2.4468240541226924e-16
 0.62       2.6686462543060733e-16
 0.63       2.906060619502128e-16
 0.64       3.159862510693867e-16
 0.65       3.4308734187180517e-16
 0.66       3.719941372762485e-16
 0.67       4.027941359711115e-16
 0.68       4.355775736514362e-16
 0.69       4.704374644895811e-16
 0.70       5.074696425795104e-16
 0.71       5.467728033813132e-16
 0.72       5.884485451666962e-16
 0.73       6.326014104654665e-16
 0.74       6.793389275129744e-16
 0.75       7.287716516984305e-16
 0.76       7.810132070140607e-16
 0.77       8.361803275050246e-16
 0.78       8.943928986515468e-16
 0.79       9.557739990934044e-16
 0.80       1.0204499416733947e-15
 0.81       1.088550315161325e-15
 0.82       1.160208025639428e-15
 0.83       1.2355593379559437e-15
 0.84       1.3147439171791934e-15
 0.85       1.39790487005209e-15
 0.86       1.4851887864470843e-15
 0.87       1.5767457808215083e-15
 0.88       1.6727295336732832e-15
 0.89       1.7732973329969951e-15
 0.90       1.8786101157402828e-15
 0.91       1.9888325092605572e-15
 0.92       2.104132872782006e-15
 0.93       2.224683338852877e-15
 0.94       2.3506598548030165e-15
 0.95       2.482242224201683e-15
 0.96       2.6196141483155568e-15
 0.97       2.762963267566997e-15
 0.98       2.9124812029925073e-15
 0.99       3.068363597701393e-15
 1.00       3.2308101583345964e-15
 1.01       3.4000246965237423e-15
 1.02       3.57621517035031e-15
 1.03       3.759593725804993e-15
 1.04       3.950376738247198e-15
 1.05       4.1487848538646874e-15
 1.06       4.355043031133339e-15
 1.07       4.56938058227702e-15
 1.08       4.792031214795565e-15
 1.09       5.0232330726801506e-15
 1.10       5.263228778207297e-15
 1.11       5.5122654731960786e-15
 1.12       5.770594860515151e-15
 1.13       6.0384732455434264e-15
 1.14       6.316161577630687e-15
 1.15       6.603925491558432e-15
 1.16       6.902035349000725e-15
 1.17       7.210766280106513e-15
 1.18       7.530398224481449e-15
 1.19       7.86121597335872e-15
 1.20       8.203509210593021e-15
 1.21       8.557572554237143e-15
 1.22       8.923705598003302e-15
 1.23       9.30221295272453e-15
 1.24       9.6934042878161e-15
 1.25       1.0097594372737032e-14
 1.26       1.0515103119068191e-14
 1.27       1.0946255619525226e-14
 1.28       1.1391382193067354e-14
 1.29       1.1850818423944695e-14
 1.30       1.2324905203759377e-14
 1.31       1.2813988772927407e-14
 1.32       1.3318420762140475e-14
 1.33       1.383855823382785e-14
 1.34       1.4374763723618325e-14
 1.35       1.4927405281802168e-14
 1.36       1.5496856514793147e-14
 1.37       1.608349662659055e-14
 1.38       1.6687710460241273e-14
 1.39       1.7309888539301945e-14
 1.40       1.795042710930105e-14
 1.41       1.860972817920112e-14
 1.42       1.92881995628609e-14
 1.43       1.998625492049766e-14
 1.44       2.0704313800149346e-14
 1.45       2.1442801679136972e-14
 1.46       2.220215000552688e-14
 1.47       2.2982796239593063e-14
 1.48       2.3785183895279597e-14
 1.49       2.4609762581662935e-14
 1.50       2.5456988044414402e-14
 1.51       2.6327322207262565e-14
 1.52       2.722123321345573e-14
 1.53       2.813919546722438e-14
 1.54       2.9081689678746405e-14
 1.55       3.0049202891679155e-14
 1.56       3.1042228650218307e-14
 1.57       3.206126660974914e-14
 1.58       3.310682320396167e-14
 1.59       3.417941127369267e-14
 1.60       3.527955021099898e-14
 1.61       3.640776600062004e-14
 1.62       3.756459126144055e-14
 1.63       3.8750565287953067e-14
 1.64       3.9966234091720695e-14
 1.65       4.121215044283983e-14
 1.66       4.2488873911402695e-14
 1.67       4.379697090896021e-14
 1.68       4.5137014729984466e-14
 1.69       4.6509585593331646e-14
 1.70       4.791527068370477e-14
 1.71       4.9354664193116216e-14
 1.72       5.0828367362350843e-14
 1.73       5.2336988522428304e-14
 1.74       5.3881143136066265e-14
 1.75       5.546145383914285e-14
 1.76       5.707855048215958e-14
 1.77       5.873307017170429e-14
 1.78       6.042565731191382e-14
 1.79       6.215696364593665e-14
 1.80       6.392764812355271e-14
 1.81       6.573837781161598e-14
 1.82       6.758982619802946e-14
 1.83       6.948267497022602e-14
 1.84       7.141761318835629e-14
 1.85       7.339533750035954e-14
 1.86       7.541655218342735e-14
 1.87       7.748196918546569e-14
 1.88       7.959230816655834e-14
 1.89       8.174829654042953e-14
 1.90       8.395066951590694e-14
 1.91       8.620017013838478e-14
 1.92       8.849754933128633e-14
 1.93       9.084356593752732e-14
 1.94       9.323898676097833e-14
 1.95       9.568458660792831e-14
 1.96       9.818114832854723e-14
 1.97       1.0072946285834881e-13
 1.98       1.0333032925965399e-13
 1.99       1.0598455476305352e-13
 2.00       1.08692954808871e-13
 2.01       1.1145635308862598e-13
 2.02       1.1427558158649668e-13
 2.03       1.171514806207834e-13
 2.04       1.2008489888537082e-13
 2.05       1.2307669349119203e-13
 2.06       1.2612773000769028e-13
 2.07       1.2923888250428288e-13
 2.08       1.324110335918241e-13
 2.09       1.356450744640678e-13
 2.10       1.3894190493913047e-13
 2.11       1.4230243350095494e-13
 2.12       1.4572757734077241e-13
 2.13       1.4921826239856645e-13
 2.14       1.5277542340453474e-13
 2.15       1.5640000392055385e-13
 2.16       1.6009295638164073e-13
 2.17       1.6385524213741624e-13
 2.18       1.6768783149356885e-13
 2.19       1.715917037533164e-13
 2.20       1.755678472588705e-13
 2.21       1.7961725943289873e-13
 2.22       1.8374094681998772e-13
 2.23       1.8793992512810666e-13
 2.24       1.9221521927007012e-13
 2.25       1.965678634050007e-13
 2.26       2.00998900979793e-13
 2.27       2.055093847705757e-13
 2.28       2.1010037692417558e-13
 2.29       2.1477294899957967e-13
 2.30       2.1952818200939914e-13
 2.31       2.2436716646133176e-13
 2.32       2.292910023996253e-13
 2.33       2.343007994465406e-13
 2.34       2.3939767684381476e-13
 2.35       2.4458276349412356e-13
 2.36       2.498571980025455e-13
 2.37       2.552221287180245e-13
 2.38       2.606787137748323e-13
 2.39       2.662281211340332e-13
 2.40       2.7187152862494526e-13
 2.41       2.7761012398660473e-13
 2.42       2.834451049092285e-13
 2.43       2.893776790756779e-13
 2.44       2.954090642029207e-13
 2.45       3.0154048808349527e-13
 2.46       3.0777318862697273e-13
 2.47       3.141084139014214e-13
 2.48       3.2054742217486853e-13
 2.49       3.2709148195676406e-13
 2.50       3.33741872039444e-13
 2.51       3.4049988153959263e-13
 2.52       3.4736680993970676e-13
 2.53       3.5434396712955793e-13
 2.54       3.6143267344765597e-13
 2.55       3.6863425972271237e-13
 2.56       3.7595006731510257e-13
 2.57       3.8338144815832963e-13
 2.58       3.909297648004881e-13
 2.59       3.9859639044572554e-13
 2.60       4.063827089957061e-13
 2.61       4.142901150910761e-13
 2.62       4.223200141529225e-13
 2.63       4.3047382242424017e-13
 2.64       4.387529670113934e-13
 2.65       4.471588859255787e-13
 2.66       4.556930281242886e-13
 2.67       4.643568535527745e-13
 2.68       4.731518331855097e-13
 2.69       4.820794490676534e-13
 2.70       4.911411943565123e-13
 2.71       5.003385733630046e-13
 2.72       5.096731015931235e-13
 2.73       5.191463057894004e-13
 2.74       5.28759723972367e-13
 2.75       5.385149054820194e-13
 2.76       5.484134110192807e-13
 2.77       5.584568126874645e-13
 2.78       5.686466940337376e-13
 2.79       5.789846500905843e-13
 2.80       5.894722874172675e-13
 2.81       6.001112241412945e-13
 2.82       6.10903089999878e-13
 2.83       6.218495263813996e-13
 2.84       6.329521863668744e-13
 2.85       6.44212734771412e-13
 2.86       6.556328481856813e-13
 2.87       6.672142150173732e-13
 2.88       6.789585355326636e-13
 2.89       6.908675218976768e-13
 2.90       7.029428982199487e-13
 2.91       7.151864005898885e-13
 2.92       7.275997771222445e-13
 2.93       7.401847879975658e-13
 2.94       7.529432055036651e-13
 2.95       7.658768140770817e-13
 2.96       7.78987410344547e-13
 2.97       7.922768031644448e-13
 2.98       8.057468136682752e-13
 2.99       8.193992753021201e-13
 3.00       8.332360338681013e-13
 3.01       8.472589475658498e-13
 3.02       8.614698870339655e-13
 3.03       8.758707353914789e-13
 3.04       8.904633882793185e-13
 3.05       9.052497539017707e-13
 3.06       9.20231753067944e-13
 3.07       9.354113192332323e-13
 3.08       9.507903985407773e-13
 3.09       9.663709498629338e-13
 3.10       9.821549448427305e-13
 3.11       9.98144367935333e-13
 3.12       1.014341216447736e-12
 3.13       1.0307475005872164e-12
 3.14       1.0473652434936688e-12
 3.15       1.0641964812831117e-12
 3.16       1.0812432630944727e-12
 3.17       1.0985076511264732e-12
 3.18       1.1159917206802152e-12
 3.19       1.1336975602006426e-12
 3.20       1.1516272713180057e-12
 3.21       1.1697829688893262e-12
 3.22       1.1881667810398575e-12
 3.23       1.20678084920455e-12
 3.24       1.2256273281695115e-12
 3.25       1.2447083861134742e-12
 3.26       1.2640262046492547e-12
 3.27       1.2835829788652193e-12
 3.28       1.3033809173667464e-12
 3.29       1.3234222423176884e-12
 3.30       1.3437091894818366e-12
 3.31       1.3642440082643839e-12
 3.32       1.3850289617533883e-12
 3.33       1.4060663267612361e-12
 3.34       1.4273583938661035e-12
 3.35       1.4489074674534195e-12
 3.36       1.4707158657573361e-12
 3.37       1.49278592090218e-12
 3.38       1.5151199789439244e-12
 3.39       1.53772039991165e-12
 3.40       1.5605895578490074e-12
 3.41       1.5837298408556783e-12
 3.42       1.6071436511288455e-12
 3.43       1.6308334050046452e-12
 3.44       1.6548015329996436e-12
 3.45       1.6790504798522896e-12
 3.46       1.7035827045643794e-12
 3.47       1.7284006804425257e-12
 3.48       1.7535068951396138e-12
 3.49       1.7789038506962722e-12
 3.50       1.8045940635823257e-12
 3.51       1.830580064738268e-12
 3.52       1.8568643996167213e-12
 3.53       1.883449628223896e-12
 3.54       1.9103383251610635e-12
 3.55       1.93753307966601e-12
 3.56       1.9650364956544994e-12
 3.57       1.992851191761747e-12
 3.58       2.020979801383869e-12
 3.59       2.0494249727193593e-12
 3.60       2.0781893688105388e-12
 3.61       2.107275667585029e-12
 3.62       2.1366865618972146e-12
 3.63       2.1664247595696996e-12
 3.64       2.1964929834347738e-12
 3.65       2.2268939713758833e-12
 3.66       2.2576304763690815e-12
 3.67       2.288705266524502e-12
 3.68       2.320121125127815e-12
 3.69       2.3518808506816945e-12
 3.70       2.3839872569472786e-12
 3.71       2.4164431729856387e-12
 3.72       2.449251443199238e-12
 3.73       2.482414927373391e-12
 3.74       2.5159365007177346e-12
 3.75       2.5498190539076864e-12
 3.76       2.58406549312591e-12
 3.77       2.618678740103776e-12
 3.78       2.65366173216283e-12
 3.79       2.689017422256246e-12
 3.80       2.7247487790103e-12
 3.81       2.760858786765831e-12
 3.82       2.7973504456196964e-12
 3.83       2.834226771466252e-12
 3.84       2.8714907960387875e-12
 3.85       2.909145566951022e-12
 3.86       2.9471941477385456e-12
 3.87       2.985639617900287e-12
 3.88       3.0244850729399816e-12
 3.89       3.0637336244076284e-12
 3.90       3.103388399940961e-12
 3.91       3.1434525433069e-12
 3.92       3.18392921444303e-12
 3.93       3.224821589499048e-12
 3.94       3.2661328608782377e-12
 3.95       3.3078662372789246e-12
 3.96       3.350024943735949e-12
 3.97       3.392612221662119e-12
 3.98       3.4356313288896806e-12
 3.99       3.4790855397117793e-12
 4.00       3.5229781449239175e-12
 4.01       3.5673124518654327e-12
 4.02       3.612091784460937e-12
 4.03       3.657319483261806e-12
 4.04       3.7029989054876204e-12
 4.05       3.749133425067651e-12
 4.06       3.795726432682298e-12
 4.07       3.84278133580457e-12
 4.08       3.8903015587415455e-12
 4.09       3.938290542675832e-12
 4.10       3.986751745707027e-12
 4.11       4.035688642893194e-12
 4.12       4.085104726292306e-12
 4.13       4.135003505003733e-12
 4.14       4.185388505209679e-12
 4.15       4.236263270216663e-12
 4.16       4.287631360496974e-12
 4.17       4.339496353730148e-12
 4.18       4.391861844844409e-12
 4.19       4.444731446058151e-12
 4.20       4.498108786921384e-12
 4.21       4.551997514357218e-12
 4.22       4.606401292703314e-12
 4.23       4.661323803753342e-12
 4.24       4.716768746798455e-12
 4.25       4.772739838668748e-12
 4.26       4.829240813774727e-12
 4.27       4.8862754241487486e-12
 4.28       4.943847439486519e-12
 4.29       5.001960647188536e-12
 4.30       5.060618852401547e-12
 4.31       5.1198258780600275e-12
 4.32       5.179585564927637e-12
 4.33       5.239901771638683e-12
 4.34       5.300778374739575e-12
 4.35       5.362219268730315e-12
 4.36       5.424228366105921e-12
 4.37       5.48680959739793e-12
 4.38       5.5499669112158226e-12
 4.39       5.613704274288531e-12
 4.40       5.6780256715058575e-12
 4.41       5.742935105959962e-12
 4.42       5.808436598986829e-12
 4.43       5.87453419020772e-12
 4.44       5.9412319375706206e-12
 4.45       6.008533917391756e-12
 4.46       6.0764442243969966e-12
 4.47       6.1449669717633486e-12
 4.48       6.2141062911604175e-12
 4.49       6.283866332791871e-12
 4.50       6.354251265436894e-12
 4.51       6.4252652764916565e-12
 4.52       6.4969125720107824e-12
 4.53       6.569197376748798e-12
 4.54       6.6421239342016135e-12
 4.55       6.715696506647972e-12
 4.56       6.789919375190918e-12
 4.57       6.864796839799268e-12
 4.58       6.9403332193490575e-12
 4.59       7.016532851665016e-12
 4.60       7.093400093562024e-12
 4.61       7.17093932088659e-12
 4.62       7.249154928558287e-12
 4.63       7.328051330611248e-12
 4.64       7.407632960235601e-12
 4.65       7.487904269818955e-12
 4.66       7.568869730987841e-12
 4.67       7.650533834649189e-12
 4.68       7.732901091031796e-12
 4.69       7.815976029727786e-12
 4.70       7.899763199734043e-12
 4.71       7.984267169493733e-12
 4.72       8.069492526937722e-12
 4.73       8.155443879526033e-12
 4.74       8.242125854289364e-12
 4.75       8.329543097870486e-12
 4.76       8.417700276565752e-12
 4.77       8.50660207636653e-12
 4.78       8.596253203000703e-12
 4.79       8.686658381974076e-12
 4.80       8.777822358611907e-12
 4.81       8.869749898100302e-12
 4.82       8.96244578552775e-12
 4.83       9.055914825926499e-12
 4.84       9.150161844314122e-12
 4.85       9.245191685734888e-12
 4.86       9.341009215301274e-12
 4.87       9.437619318235428e-12
 4.88       9.535026899910607e-12
 4.89       9.633236885892667e-12
 4.90       9.732254221981503e-12
 4.91       9.832083874252542e-12
 4.92       9.93273082909816e-12
 4.93       1.0034200093269203e-11
 4.94       1.01364966939164e-11
 4.95       1.023962567863185e-11
 4.96       1.0343592115490494e-11
 4.97       1.044840109309155e-11
 4.98       1.0554057720599994e-11
 4.99       1.0660567127788043e-11
 5.00       1.0767934465076562e-11
 5.01       1.0876164903576592e-11
 5.02       1.0985263635130753e-11
 5.03       1.1095235872354773e-11
 5.04       1.1206086848678887e-11
 5.05       1.1317821818389348e-11
 5.06       1.1430446056669851e-11
 5.07       1.1543964859643022e-11
 5.08       1.1658383544411896e-11
 5.09       1.177370744910133e-11
 5.10       1.1889941932899522e-11
 5.11       1.2007092376099423e-11
 5.12       1.212516418014024e-11
 5.13       1.2244162767648874e-11
 5.14       1.2364093582481398e-11
 5.15       1.2484962089764543e-11
 5.16       1.2606773775937089e-11
 5.17       1.272953414879139e-11
 5.18       1.2853248737514837e-11
 5.19       1.2977923092731288e-11
 5.20       1.3103562786542542e-11
 5.21       1.3230173412569821e-11
 5.22       1.3357760585995216e-11
 5.23       1.3486329943603163e-11
 5.24       1.3615887143821867e-11
 5.25       1.3746437866764844e-11
 5.26       1.387798781427229e-11
 5.27       1.4010542709952623e-11
 5.28       1.4144108299223895e-11
 5.29       1.4278690349355267e-11
 5.30       1.4414294649508512e-11
 5.31       1.4550927010779413e-11
 5.32       1.4688593266239278e-11
 5.33       1.482729927097636e-11
 5.34       1.4967050902137368e-11
 5.35       1.5107854058968897e-11
 5.36       1.5249714662858895e-11
 5.37       1.5392638657313615e-11
 5.38       1.553663200825522e-11
 5.39       1.568170070368188e-11
 5.40       1.5827850753961614e-11
 5.41       1.597508819181111e-11
 5.42       1.6123419072337188e-11
 5.43       1.6272849473078288e-11
 5.44       1.642338549404589e-11
 5.45       1.657503325776602e-11
 5.46       1.672779890932069e-11
 5.47       1.688168861638936e-11
 5.48       1.7036708569290403e-11
 5.49       1.7192864981022577e-11
 5.50       1.7350164087306475e-11
 5.51       1.7508612146626022e-11
 5.52       1.766821544026991e-11
 5.53       1.7828980272373025e-11
 5.54       1.7990912969957964e-11
 5.55       1.8154019882976514e-11
 5.56       1.8318307384351055e-11
 5.57       1.8483781870016043e-11
 5.58       1.8650449758959534e-11
 5.59       1.8818317493264537e-11
 5.60       1.898739153815057e-11
 5.61       1.9157678382015063e-11
 5.62       1.9329184536474888e-11
 5.63       1.9501916536407752e-11
 5.64       1.967588093999369e-11
 5.65       1.9851084328756518e-11
 5.66       2.0027533307605365e-11
 5.67       2.0205234504876006e-11
 5.68       2.0384194572372416e-11
 5.69       2.0564420185408256e-11
 5.70       2.0745918042848245e-11
 5.71       2.0928694867149684e-11
 5.72       2.1112757404403923e-11
 5.73       2.129811242437778e-11
 5.74       2.1484766720555075e-11
 5.75       2.1672727110178062e-11
 5.76       2.1862000434288766e-11
 5.77       2.2052593557770697e-11
 5.78       2.2244513369390107e-11
 5.79       2.243776678183755e-11
 5.80       2.2632360731769306e-11
 5.81       2.2828302179848884e-11
 5.82       2.3025598110788386e-11
 5.83       2.3224255533390153e-11
 5.84       2.3424281480588e-11
 5.85       2.3625683009488914e-11
 5.86       2.3828467201414295e-11
 5.87       2.4032641161941613e-11
 5.88       2.423821202094572e-11
 5.89       2.4445186932640373e-11
 5.90       2.4653573075619774e-11
 5.91       2.4863377652899874e-11
 5.92       2.5074607891959996e-11
 5.93       2.5287271044784142e-11
 5.94       2.550137438790262e-11
 5.95       2.5716925222433343e-11
 5.96       2.5933930874123498e-11
 5.97       2.615239869339071e-11
 5.98       2.637233605536483e-11
 5.99       2.659375035992919e-11
 6.00       2.6816649031762157e-11
 6.01       2.704103952037848e-11
 6.02       2.7266929300170934e-11
 6.03       2.749432587045165e-11
 6.04       2.772323675549361e-11
 6.05       2.79536695045721e-11
 6.06       2.8185631692006237e-11
 6.07       2.841913091720033e-11
 6.08       2.8654174804685428e-11
 6.09       2.8890771004160747e-11
 6.10       2.9128927190535117e-11
 6.11       2.936865106396849e-11
 6.12       2.9609950349913405e-11
 6.13       2.9852832799156333e-11
 6.14       3.009730618785935e-11
 6.15       3.034337831760137e-11
 6.16       3.05910570154198e-11
 6.17       3.084035013385191e-11
 6.18       3.109126555097626e-11
 6.19       3.134381117045428e-11
 6.20       3.159799492157164e-11
 6.21       3.185382475927971e-11
 6.22       3.2111308664237074e-11
 6.23       3.2370454642851004e-11
 6.24       3.263127072731885e-11
 6.25       3.2893764975669495e-11
 6.26       3.315794547180498e-11
 6.27       3.342382032554177e-11
 6.28       3.369139767265236e-11
 6.29       3.396068567490659e-11
 6.30       3.423169252011325e-11
 6.31       3.450442642216151e-11
 6.32       3.47788956210623e-11
 6.33       3.505510838298988e-11
 6.34       3.5333073000323246e-11
 6.35       3.5612797791687584e-11
 6.36       3.5894291101995764e-11
 6.37       3.617756130248976e-11
 6.38       3.646261679078217e-11
 6.39       3.674946599089769e-11
 6.40       3.7038117353314386e-11
 6.41       3.73285793550055e-11
 6.42       3.7620860499480554e-11
 6.43       3.791496931682704e-11
 6.44       3.821091436375182e-11
 6.45       3.8508704223622527e-11
 6.46       3.880834750650909e-11
 6.47       3.910985284922523e-11
 6.48       3.94132289153698e-11
 6.49       3.9718484395368283e-11
 6.50       4.0025628006514415e-11
 6.51       4.03346684930113e-11
 6.52       4.064561462601314e-11
 6.53       4.095847520366668e-11
 6.54       4.12732590511525e-11
 6.55       4.158997502072645e-11
 6.56       4.190863199176135e-11
 6.57       4.222923887078811e-11
 6.58       4.255180459153733e-11
 6.59       4.2876338114980746e-11
 6.60       4.320284842937241e-11
 6.61       4.353134455029031e-11
 6.62       4.3861835520677655e-11
 6.63       4.419433041088423e-11
 6.64       4.452883831870734e-11
 6.65       4.4865368369433755e-11
 6.66       4.520392971588001e-11
 6.67       4.5544531538434004e-11
 6.68       4.5887183045095126e-11
 6.69       4.623189347151533e-11
 6.70       4.657867208103866e-11
 6.71       4.6927528164740083e-11
 6.72       4.7278471041463145e-11
 6.73       4.763151005785434e-11
 6.74       4.7986654588392344e-11
 6.75       4.834391403540606e-11
 6.76       4.8703297829067044e-11
 6.77       4.9064815427318626e-11
 6.78       4.94284763156188e-11
 6.79       4.97942900059957e-11
 6.80       5.01622660935716e-11
 6.81       5.053241406405821e-11
 6.82       5.090474355361717e-11
 6.83       5.1279264263062264e-11
 6.84       5.165598567046013e-11
 6.85       5.20349175812308e-11
 6.86       5.241606969536841e-11
 6.87       5.279945175029795e-11
 6.88       5.318507351385273e-11
 6.89       5.357294478298767e-11
 6.90       5.3963075383441025e-11
 6.91       5.4355475169639614e-11
 6.92       5.4750154024682045e-11
 6.93       5.5147121860353176e-11
 6.94       5.5546388617151e-11
 6.95       5.5947964264320975e-11
 6.96       5.6351858799892245e-11
 6.97       5.675808225071688e-11
 6.98       5.716664467250906e-11
 6.99       5.7577556149886046e-11
 7.00       5.7990826796408256e-11
 7.01       5.840646675462047e-11
 7.02       5.882448619609287e-11
 7.03       5.924489532146243e-11
 7.04       5.966770436047377e-11
 7.05       6.009292357202076e-11
 7.06       6.052056324418781e-11
 7.07       6.095063369429138e-11
 7.08       6.138314526892102e-11
 7.09       6.181810834398114e-11
 7.10       6.225553332473221e-11
 7.11       6.269543064583236e-11
 7.12       6.31378107713788e-11
 7.13       6.358268419494904e-11
 7.14       6.403006143964253e-11
 7.15       6.447995305812209e-11
 7.16       6.493236963265537e-11
 7.17       6.538732177515636e-11
 7.18       6.584482012722657e-11
 7.19       6.63048753601968e-11
 7.20       6.67674981751684e-11
 7.21       6.723269930305501e-11
 7.22       6.770048950462351e-11
 7.23       6.817087957053603e-11
 7.24       6.864388032139109e-11
 7.25       6.9119502607765e-11
 7.26       6.95977573102537e-11
 7.27       7.007865533951382e-11
 7.28       7.05622076363043e-11
 7.29       7.104842517152795e-11
 7.30       7.15373189462727e-11
 7.31       7.202889999185314e-11
 7.32       7.252317936985228e-11
 7.33       7.302016817216247e-11
 7.34       7.351987752102725e-11
 7.35       7.402231856908271e-11
 7.36       7.452750249939882e-11
 7.37       7.503544052552133e-11
 7.38       7.554614389151256e-11
 7.39       7.60596238719935e-11
 7.40       7.657589177218487e-11
 7.41       7.709495892794863e-11
 7.42       7.761683670582964e-11
 7.43       7.814153650309711e-11
 7.44       7.866906974778573e-11
 7.45       7.919944789873757e-11
 7.46       7.973268244564305e-11
 7.47       8.026878490908305e-11
 7.48       8.080776684056975e-11
 7.49       8.134963982258847e-11
 7.50       8.189441546863903e-11
 7.51       8.24421054232771e-11
 7.52       8.299272136215586e-11
 7.53       8.354627499206722e-11
 7.54       8.410277805098366e-11
 7.55       8.466224230809934e-11
 7.56       8.522467956387165e-11
 7.57       8.579010165006276e-11
 7.58       8.635852042978096e-11
 7.59       8.692994779752239e-11
 7.60       8.750439567921203e-11
 7.61       8.80818760322457e-11
 7.62       8.866240084553112e-11
 7.63       8.92459821395295e-11
 7.64       8.98326319662972e-11
 7.65       9.042236240624032e-11
 7.66       9.101518558130609e-11
 7.67       9.161111363529398e-11
 7.68       9.221015874705466e-11
 7.69       9.281233312724112e-11
 7.70       9.341764901835024e-11
 7.71       9.4026118694764e-11
 7.72       9.463775446279107e-11
 7.73       9.525256866070817e-11
 7.74       9.587057365880197e-11
 7.75       9.649178185940985e-11
 7.76       9.711620569696183e-11
 7.77       9.774385763802196e-11
 7.78       9.837475018132967e-11
 7.79       9.900889585784138e-11
 7.80       9.964630723077187e-11
 7.81       1.0028699689563576e-10
 7.82       1.00930977480289e-10
 7.83       1.0157826164497027e-10
 7.84       1.0222886208234255e-10
 7.85       1.0288279151753447e-10
 7.86       1.0354006270818173e-10
 7.87       1.0420068844446884e-10
 7.88       1.0486468154917026e-10
 7.89       1.0553205487769214e-10
 7.90       1.0620282131811351e-10
 7.91       1.0687699379122794e-10
 7.92       1.0755458525058492e-10
 7.93       1.0823560868253128e-10
 7.94       1.0892007710625287e-10
 7.95       1.0960800357381573e-10
 7.96       1.1029940117020781e-10
 7.97       1.1099428301338022e-10
 7.98       1.1169266225428886e-10
 7.99       1.1239455207693572e-10
 8.00       1.1309996569841064e-10
 8.01       1.1380891636893225e-10
 8.02       1.1452141737189002e-10
 8.03       1.1523748202388532e-10
 8.04       1.1595712367477308e-10
 8.05       1.1668035570770333e-10
 8.06       1.1740719153916209e-10
 8.07       1.1813764461901387e-10
 8.08       1.1887172843054197e-10
 8.09       1.1960945649049084e-10
 8.10       1.2035084234910717e-10
 8.11       1.210958995901812e-10
 8.12       1.218446418310887e-10
 8.13       1.2259708272283176e-10
 8.14       1.2335323595008084e-10
 8.15       1.2411311523121592e-10
 8.16       1.2487673431836814e-10
 8.17       1.256441069974609e-10
 8.18       1.2641524708825186e-10
 8.19       1.271901684443739e-10
 8.20       1.2796888495337705e-10
 8.21       1.287514105367695e-10
 8.22       1.2953775915005938e-10
 8.23       1.3032794478279617e-10
 8.24       1.3112198145861197e-10
 8.25       1.3191988323526323e-10
 8.26       1.327216642046721e-10
 8.27       1.335273384929677e-10
 8.28       1.34336920260528e-10
 8.29       1.3515042370202096e-10
 8.30       1.3596786304644602e-10
 8.31       1.367892525571756e-10
 8.32       1.3761460653199673e-10
 8.33       1.3844393930315233e-10
 8.34       1.3927726523738282e-10
 8.35       1.4011459873596717e-10
 8.36       1.409559542347649e-10
 8.37       1.4180134620425727e-10
 8.38       1.426507891495888e-10
 8.39       1.4350429761060874e-10
 8.40       1.443618861619125e-10
 8.41       1.4522356941288302e-10
 8.42       1.4608936200773255e-10
 8.43       1.469592786255436e-10
 8.44       1.4783333398031113e-10
 8.45       1.4871154282098321e-10
 8.46       1.495939199315032e-10
 8.47       1.5048048013085054e-10
 8.48       1.5137123827308276e-10
 8.49       1.5226620924737654e-10
 8.50       1.531654079780697e-10
 8.51       1.5406884942470205e-10
 8.52       1.5497654858205723e-10
 8.53       1.558885204802041e-10
 8.54       1.5680478018453798e-10
 8.55       1.577253427958227e-10
 8.56       1.5865022345023135e-10
 8.57       1.595794373193882e-10
 8.58       1.6051299961041008e-10
 8.59       1.614509255659476e-10
 8.60       1.62393230464227e-10
 8.61       1.6333992961909134e-10
 8.62       1.6429103838004208e-10
 8.63       1.6524657213228054e-10
 8.64       1.662065462967492e-10
 8.65       1.6717097633017338e-10
 8.66       1.6813987772510262e-10
 8.67       1.6911326600995216e-10
 8.68       1.7009115674904454e-10
 8.69       1.7107356554265048e-10
 8.70       1.7206050802703116e-10
 8.71       1.7305199987447912e-10
 8.72       1.7404805679335994e-10
 8.73       1.7504869452815367e-10
 8.74       1.7605392885949643e-10
 8.75       1.7706377560422123e-10
 8.76       1.7807825061540064e-10
 8.77       1.7909736978238698e-10
 8.78       1.8012114903085444e-10
 8.79       1.8114960432284075e-10
 8.80       1.8218275165678816e-10
 8.81       1.8322060706758498e-10
 8.82       1.842631866266074e-10
 8.83       1.8531050644176028e-10
 8.84       1.8636258265751953e-10
 8.85       1.8741943145497278e-10
 8.86       1.8848106905186127e-10
 8.87       1.8954751170262107e-10
 8.88       1.9061877569842466e-10
 8.89       1.9169487736722275e-10
 8.90       1.9277583307378477e-10
 8.91       1.938616592197415e-10
 8.92       1.9495237224362556e-10
 8.93       1.9604798862091355e-10
 8.94       1.9714852486406745e-10
 8.95       1.9825399752257535e-10
 8.96       1.9936442318299383e-10
 8.97       2.0047981846898897e-10
 8.98       2.0160020004137795e-10
 8.99       2.0272558459817022e-10
 9.00       2.0385598887460975e-10
 9.01       2.0499142964321515e-10
 9.02       2.0613192371382256e-10
 9.03       2.072774879336261e-10
 9.04       2.0842813918722e-10
 9.05       2.0958389439663957e-10
 9.06       2.107447705214031e-10
 9.07       2.1191078455855248e-10
 9.08       2.1308195354269636e-10
 9.09       2.1425829454604938e-10
 9.10       2.154398246784756e-10
 9.11       2.166265610875287e-10
 9.12       2.17818520958494e-10
 9.13       2.1901572151442992e-10
 9.14       2.2021818001620904e-10
 9.15       2.214259137625604e-10
 9.16       2.2263894009010985e-10
 9.17       2.2385727637342223e-10
 9.18       2.250809400250429e-10
 9.19       2.26309948495539e-10
 9.20       2.2754431927354048e-10
 9.21       2.2878406988578243e-10
 9.22       2.3002921789714586e-10
 9.23       2.3127978091069944e-10
 9.24       2.325357765677409e-10
 9.25       2.3379722254783885e-10
 9.26       2.350641365688735e-10
 9.27       2.3633653638707875e-10
 9.28       2.376144397970832e-10
 9.29       2.388978646319522e-10
 9.30       2.401868287632286e-10
 9.31       2.4148135010097486e-10
 9.32       2.427814465938141e-10
 9.33       2.4408713622897164e-10
 9.34       2.453984370323169e-10
 9.35       2.467153670684037e-10
 9.36       2.480379444405137e-10
 9.37       2.49366187290695e-10
 9.38       2.50700113799807e-10
 9.39       2.5203974218755913e-10
 9.40       2.533850907125533e-10
 9.41       2.5473617767232594e-10
 9.42       2.560930214033884e-10
 9.43       2.574556402812692e-10
 9.44       2.588240527205551e-10
 9.45       2.601982771749327e-10
 9.46       2.615783321372299e-10
 9.47       2.629642361394571e-10
 9.48       2.6435600775284916e-10
 9.49       2.657536655879068e-10
 9.50       2.6715722829443743e-10
 9.51       2.68566714561597e-10
 9.52       2.6998214311793226e-10
 9.53       2.7140353273142046e-10
 9.54       2.7283090220951285e-10
 9.55       2.7426427039917424e-10
 9.56       2.7570365618692574e-10
 9.57       2.771490784988861e-10
 9.58       2.786005563008125e-10
 9.59       2.8005810859814224e-10
 9.60       2.8152175443603517e-10
 9.61       2.8299151289941325e-10
 9.62       2.844674031130045e-10
 9.63       2.8594944424138195e-10
 9.64       2.8743765548900647e-10
 9.65       2.889320561002686e-10
 9.66       2.9043266535952876e-10
 9.67       2.9193950259115963e-10
 9.68       2.9345258715958737e-10
 9.69       2.949719384693328e-10
 9.70       2.964975759650537e-10
 9.71       2.9802951913158525e-10
 9.72       2.9956778749398205e-10
 9.73       3.011124006175596e-10
 9.74       3.0266337810793527e-10
 9.75       3.0422073961107084e-10
 9.76       3.057845048133124e-10
 9.77       3.0735469344143353e-10
 9.78       3.089313252626754e-10
 9.79       3.105144200847887e-10
 9.80       3.121039977560753e-10
 9.81       3.1370007816542963e-10
 9.82       3.153026812423799e-10
 9.83       3.1691182695712986e-10
 9.84       3.185275353206002e-10
 9.85       3.2014982638446974e-10
 9.86       3.2177872024121753e-10
 9.87       3.234142370241631e-10
 9.88       3.250563969075093e-10
 9.89       3.2670522010638335e-10
 9.90       3.2836072687687743e-10
 9.91       3.3002293751609153e-10
 9.92       3.31691872362174e-10
 9.93       3.333675517943629e-10
 9.94       3.3504999623302817e-10
 9.95       3.3673922613971274e-10
 9.96       3.384352620171741e-10
 9.97       3.401381244094248e-10
 9.98       3.418478339017758e-10
 9.99       3.435644111208763e-10
