 0.01       55522124254.56359
 0.02       6940264971.948572
 0.03       2056374530.0375926
 0.04       867532841.5768774
 0.05       444176707.4024113
 0.06       257046629.64872313
 0.07       161871873.4616436
 0.08       108441465.24397576
 0.09       76161872.19039735
 0.10       55521976.462963186
 0.11       41714459.1385274
 0.12       32130735.403953377
 0.13       25271676.584845524
 0.14       20233904.20918246
 0.15       16450900.698460663
 0.16       13555113.178426506
 0.17       11300975.842580358
 0.18       9520171.821777448
 0.19       8094705.763067445
 0.20       6940191.075929971
 0.21       5995191.383253642
 0.22       5214256.499579703
 0.23       4563272.460681292
 0.24       4016295.273806418
 0.25       3553356.320581839
 0.26       3158916.4974887767
 0.27       2820760.9218544867
 0.28       2529198.027703177
 0.29       2276471.7699680435
 0.30       2056325.2556480037
 0.31       1863673.2847092287
 0.32       1694354.149217149
 0.33       1544939.7476940218
 0.34       1412589.0412892124
 0.35       1294934.032873779
 0.36       1189990.368973769
 0.37       1096086.7404700073
 0.38       1011808.7492427423
 0.39       935953.9899255269
 0.40       867495.8872398636
 0.41       805554.4152492838
 0.42       749372.2591863549
 0.43       698295.3078223785
 0.44       651756.611039361
 0.45       609263.1252225497
 0.46       570384.7130814494
 0.47       534744.9755317216
 0.48       502013.57939442294
 0.49       471899.811862852
 0.50       444147.1454008608
 0.51       418528.6383083307
 0.52       394843.02914010076
 0.53       372911.4094082663
 0.54       352574.37998872227
 0.55       333689.61358389445
 0.56       316129.7590528103
 0.57       299780.6347325828
 0.58       284539.6665851076
 0.59       270314.534506263
 0.60       257021.9960851986
 0.61       244586.8620864536
 0.62       232941.10196447343
 0.63       222023.06115144378
 0.64       211776.77464136432
 0.65       202151.36374563436
 0.66       193100.504852301
 0.67       184581.96066274415
 0.68       176557.16575961583
 0.69       168990.85952312333
 0.70       161850.76039586423
 0.71       155107.27632941646
 0.72       148733.24695340174
 0.73       142703.7136101288
 0.74       136995.71391200248
 0.75       131588.0979185702
 0.76       126461.36340699106
 0.77       121597.50803347693
 0.78       116979.89646196127
 0.79       112593.1407766448
 0.80       108422.9927028279
 0.81       104456.2463403376
 0.82       100680.65026991577
 0.83       97084.82802857758
 0.84       93658.20606657644
 0.85       90390.94839991265
 0.86       87273.89731529163
 0.87       84298.51936171536
 0.88       81456.8563046547
 0.89       78741.48038297107
 0.90       76145.45350994897
 0.91       73662.29002141986
 0.92       71285.92262777277
 0.93       69010.6712631597
 0.94       66831.21455747866
 0.95       64742.563685292625
 0.96       62740.03837118485
 0.97       60819.244853549535
 0.98       58976.055628804745
 0.99       57206.590815820484
 1.00       55507.20099621047
 1.01       53874.4514002843
 1.02       52305.10732109938
 1.03       50796.1206503484
 1.04       49344.61743994537
 1.05       47947.886402228716
 1.06       46603.36826985131
 1.07       45308.64594372223
 1.08       44061.43536394362
 1.09       42859.577044596816
 1.10       41701.0282185577
 1.11       40583.85554333065
 1.12       39506.22832322176
 1.13       38466.41220709377
 1.14       37462.76332448876
 1.15       36493.7228261106
 1.16       35557.81179756728
 1.17       34653.62651790626
 1.18       33779.83403687173
 1.19       32935.16804697922
 1.20       32118.425028483794
 1.21       31328.460647112464
 1.22       30564.18638606632
 1.23       29824.566395292924
 1.24       29108.614542385665
 1.25       28415.391650710288
 1.26       27744.002911492113
 1.27       27093.595457632448
 1.28       26463.356087973672
 1.29       25852.509131597202
 1.30       25260.314442534196
 1.31       24686.06551599985
 1.32       24129.08771792659
 1.33       23588.736620188873
 1.34       23064.396434473434
 1.35       22555.478538267234
 1.36       22061.420086912793
 1.37       21581.68270611796
 1.38       21115.751259711327
 1.39       20663.132687806446
 1.40       20223.35491088102
 1.41       19795.965795593947
 1.42       19380.532178454436
 1.43       18976.638943728372
 1.44       18583.888152214964
 1.45       18201.898217759066
 1.46       17830.30312857562
 1.47       17468.75171066245
 1.48       17116.90693075873
 1.49       16774.445236476564
 1.50       16441.05593139055
 1.51       16116.4405830153
 1.52       15800.312461736614
 1.53       15492.396008887268
 1.54       15192.426332275549
 1.55       14900.148727582691
 1.56       14615.318224146098
 1.57       14337.699153739932
 1.58       14067.064741050985
 1.59       13803.196714629668
 1.60       13545.884937171699
 1.61       13294.927054056467
 1.62       13050.128159134267
 1.63       12811.300476815764
 1.64       12578.263059574507
 1.65       12350.841500027052
 1.66       12128.867656804929
 1.67       11912.179393479662
 1.68       11700.620329846019
 1.69       11494.039604908852
 1.70       11292.291650957757
 1.71       11095.235978149758
 1.72       10902.736969052683
 1.73       10714.663682634635
 1.74       10530.889667213485
 1.75       10351.292781908489
 1.76       10175.75502616127
 1.77       10004.162376918803
 1.78       9836.404633092612
 1.79       9672.375266930785
 1.80       9511.971281958839
 1.81       9355.09307716479
 1.82       9201.644317121267
 1.83       9051.53180775415
 1.84       8904.665377483483
 1.85       8760.95776347614
 1.86       8620.324502764624
 1.87       8482.683827999064
 1.88       8347.956567611574
 1.89       8216.06605018402
 1.90       8086.938012821397
 1.91       7960.500513342731
 1.92       7836.683846111546
 1.93       7715.420461337423
 1.94       7596.644887687844
 1.95       7480.29365805886
 1.96       7366.305238359971
 1.97       7254.61995917635
 1.98       7145.1799501782225
 1.99       7037.929077153794
 2.00       6932.812881548276
 2.01       6829.778522397315
 2.02       6728.774720548791
 2.03       6629.751705071849
 2.04       6532.661161757261
 2.05       6437.456183617749
 2.06       6344.091223301319
 2.07       6252.5220473346435
 2.08       6162.705692118193
 2.09       6074.6004215973335
 2.10       5988.165686538501
 2.11       5903.362085342072
 2.12       5820.151326326892
 2.13       5738.496191424922
 2.14       5658.360501226528
 2.15       5579.7090813205095
 2.16       5502.507729874987
 2.17       5426.723186407935
 2.18       5352.323101698537
 2.19       5279.2760087926345
 2.20       5207.551295057735
 2.21       5137.119175245033
 2.22       5067.950665517794
 2.23       5000.017558407324
 2.24       4933.292398659301
 2.25       4867.7484599351465
 2.26       4803.359722334496
 2.27       4740.100850706287
 2.28       4677.94717371761
 2.29       4616.874663650481
 2.30       4556.859916898391
 2.31       4497.880135135289
 2.32       4439.913107131232
 2.33       4382.937191189554
 2.34       4326.931298182082
 2.35       4271.8748751593
 2.36       4217.747889513794
 2.37       4164.530813676045
 2.38       4112.204610322413
 2.39       4060.750718076282
 2.40       4010.1510376837678
 2.41       3960.3879186464505
 2.42       3911.4441462942214
 2.43       3863.3029292818924
 2.44       3815.9478874941387
 2.45       3769.3630403437473
 2.46       3723.532795448836
 2.47       3678.441937675424
 2.48       3634.075618531897
 2.49       3590.419345902991
 2.50       3547.458974110899
 2.51       3505.1806942918756
 2.52       3463.571025077239
 2.53       3422.616803567769
 2.54       3382.3051765913265
 2.55       3342.6235922336605
 2.56       3303.559791632832
 2.57       3265.1018010281014
 2.58       3227.237924054364
 2.59       3189.956734273737
 2.60       3153.2470679360013
 2.61       3117.0980169601617
 2.62       3081.4989221294436
 2.63       3046.4393664925315
 2.64       3011.909169252724
 2.65       2977.898378402531
 2.66       2944.3972664451885
 2.67       2911.396323388054
 2.68       2878.8862513671324
 2.69       2846.857959147343
 2.70       2815.3025567851537
 2.71       2784.211350448177
 2.72       2753.5758373866065
 2.73       2723.3877010514343
 2.74       2693.638806354709
 2.75       2664.3211949818196
 2.76       2635.427081264289
 2.77       2606.94884732433
 2.78       2578.879039202411
 2.79       2551.210362675189
 2.80       2523.935679276201
 2.81       2497.048002429489
 2.82       2470.5404936925142
 2.83       2444.4064591048777
 2.84       2418.6393456395604
 2.85       2393.232737753431
 2.86       2368.180354033884
 2.87       2343.476043938652
 2.88       2319.1137846258594
 2.89       2295.087677871508
 2.90       2271.391947071736
 2.91       2248.0209343271613
 2.92       2224.9690976069037
 2.93       2202.2310079896984
 2.94       2179.801346979886
 2.95       2157.674903895916
 2.96       2135.846573329208
 2.97       2114.311352671211
 2.98       2093.0643397066665
 2.99       2072.1007302710054
 3.00       2051.4158159700496
 3.01       2031.004981960084
 3.02       2010.8637047865836
 3.03       1990.9875502797624
 3.04       1971.372171505368
 3.05       1952.0133067690326
 3.06       1932.906777672622
 3.07       1914.0484872210884
 3.08       1895.4344179783175
 3.09       1877.0586369569487
 3.10       1858.9232604361969
 3.11       1841.0185191200662
 3.12       1823.34268961182
 3.13       1805.8921262262825
 3.14       1788.6632527250836
 3.15       1771.6525607782226
 3.16       1754.8566084644538
 3.17       1738.2720188094206
 3.18       1721.8954783604145
 3.19       1705.7237357968081
 3.20       1689.7536005750874
 3.21       1673.9819416075482
 3.22       1658.4056859737602
 3.23       1643.0218176637832
 3.24       1627.8273763523869
 3.25       1612.819456203285
 3.26       1597.9952047026866
 3.27       1583.3518215212575
 3.28       1568.886557403764
 3.29       1554.5967130856457
 3.30       1540.4796382357615
 3.31       1526.5327304246116
 3.32       1512.7534341173696
 3.33       1499.1392396910019
 3.34       1485.6876824748795
 3.35       1472.396341814226
 3.36       1459.2628401558115
 3.37       1446.284842155264
 3.38       1433.4600538054638
 3.39       1420.786221585451
 3.40       1408.2611316292819
 3.41       1395.8826089143506
 3.42       1383.6485164686158
 3.43       1371.5567545962942
 3.44       1359.6052601214851
 3.45       1347.7920056492974
 3.46       1336.1149988440045
 3.47       1324.5722817238004
 3.48       1313.1619299717129
 3.49       1301.8820522622802
 3.50       1290.7307896035602
 3.51       1279.7063146941077
 3.52       1268.8068312945165
 3.53       1258.0305736131638
 3.54       1247.375805705808
 3.55       1236.8408208886617
 3.56       1226.4239411646329
 3.57       1216.1235166623815
 3.58       1205.937925087873
 3.59       1195.86557118813
 3.60       1185.9048862268587
 3.61       1176.0543274716656
 3.62       1166.3123776925797
 3.63       1156.6775446715965
 3.64       1147.1483607229577
 3.65       1137.7233822239439
 3.66       1128.4011891558735
 3.67       1119.180384655081
 3.68       1110.0595945736516
 3.69       1101.0374670496205
 3.70       1092.1126720864727
 3.71       1083.2839011416672
 3.72       1074.5498667239874
 3.73       1065.9093019995194
 3.74       1057.3609604060107
 3.75       1048.903615275463
 3.76       1040.53605946471
 3.77       1032.2571049938354
 3.78       1024.0655826921973
 3.79       1015.9603418519371
 3.80       1007.9402498887288
 3.81       1000.0041920096645
 3.82       992.151070888062
 3.83       984.3798063450452
 3.84       976.6893350377463
 3.85       969.078610153972
 3.86       961.5466011131819
 3.87       954.092293273621
 3.88       946.7146876454954
 3.89       939.4128006100116
 3.90       932.1856636441813
 3.91       925.0323230512267
 3.92       917.9518396964955
 3.93       910.9432887487056
 3.94       904.0057594264712
 3.95       897.1383547499136
 3.96       890.3401912973001
 3.97       883.6103989665647
 3.98       876.9481207416119
 3.99       870.3525124633023
 4.00       863.8227426049906
 4.01       857.3579920525476
 4.02       850.9574538887462
 4.03       844.6203331819004
 4.04       838.3458467787086
 4.05       832.1332231011479
 4.06       825.9817019473883
 4.07       819.8905342965902
 4.08       813.8589821175326
 4.09       807.8863181809662
 4.10       801.9718258756318
 4.11       796.1147990278367
 4.12       790.3145417245378
 4.13       784.5703681398339
 4.14       778.8816023648116
 4.15       773.2475782406618
 4.16       767.6676391949911
 4.17       762.1411380812724
 4.18       756.6674370213603
 4.19       751.2459072510054
 4.20       745.8759289683069
 4.21       740.5568911850283
 4.22       735.2881915807458
 4.23       730.0692363597215
 4.24       724.8994401104947
 4.25       719.7782256680981
 4.26       714.7050239788571
 4.27       709.6792739677182
 4.28       704.7004224080493
 4.29       699.7679237938661
 4.30       694.8812402144285
 4.31       690.0398412311526
 4.32       685.2432037568133
 4.33       680.4908119369541
 4.34       675.7821570334945
 4.35       671.1167373104605
 4.36       666.4940579218181
 4.37       661.9136308013478
 4.38       657.3749745545284
 4.39       652.8776143523854
 4.40       648.4210818272685
 4.41       644.0049149705171
 4.42       639.6286580319626
 4.43       635.2918614212538
 4.44       630.9940816109531
 4.45       626.734881041368
 4.46       622.5138280270892
 4.47       618.3304966651917
 4.48       614.1844667450835
 4.49       610.0753236599459
 4.50       606.0026583197446
 4.51       601.966067065795
 4.52       597.9651515868137
 4.53       593.9995188364741
 4.54       590.0687809523882
 4.55       586.1725551765261
 4.56       582.3104637770248
 4.57       578.4821339713563
 4.58       574.6871978508467
 4.59       570.9252923064972
 4.60       567.1960589560936
 4.61       563.4991440725909
 4.62       559.8341985137154
 4.63       556.200877652797
 4.64       552.5988413107833
 4.65       549.0277536894235
 4.66       545.4872833055969
 4.67       541.977102926761
 4.68       538.496889507509
 4.69       535.0463241271963
 4.70       531.6250919286322
 4.71       528.2328820578168
 4.72       524.86938760468
 4.73       521.5343055448437
 4.74       518.2273366823429
 4.75       514.9481855933241
 4.76       511.69656057068437
 4.77       508.47217356963245
 4.78       505.27474015416544
 4.79       502.103979444434
 4.80       498.95961406498515
 4.81       495.84137009385796
 4.82       492.7489770125355
 4.83       489.68216765670866
 4.84       486.6406781678637
 4.85       483.6242479456604
 4.86       480.6326196010958
 4.87       477.66553891043526
 4.88       474.7227547698944
 4.89       471.80401915106495
 4.90       468.9090870570663
 4.91       466.0377164794064
 4.92       463.1896683555465
 4.93       460.3647065271534
 4.94       457.56259769902044
 4.95       454.7831113986642
 4.96       452.0260199365541
 4.97       449.2910983669947
 4.98       446.5781244496287
 4.99       443.88687861156086
 5.00       441.2171439100788
 5.01       438.5687059959762
 5.02       435.94135307745347
 5.03       433.3348758845971
 5.04       430.74906763441516
 5.05       428.18372399643033
 5.06       425.6386430588158
 5.07       423.11362529506096
 5.08       420.6084735311643
 5.09       418.12299291334165
 5.10       415.6569908762353
 5.11       413.21027711162566
 5.12       410.7826635376272
 5.13       408.37396426836347
 5.14       405.9839955841175
 5.15       403.6125759019384
 5.16       401.2595257467131
 5.17       398.9246677226678
 5.18       396.6078264853301
 5.19       394.3088287139056
 5.20       392.0275030840853
 5.21       389.76368024127163
 5.22       387.51719277421023
 5.23       385.2878751890245
 5.24       383.07556388364964
 5.25       380.8800971226514
 5.26       378.70131501242963
 5.27       376.53905947679675
 5.28       374.39317423292454
 5.29       372.26350476765583
 5.30       370.14989831417205
 5.31       368.05220382901285
 5.32       365.97027196943753
 5.33       363.9039550711314
 5.34       361.85310712623675
 5.35       359.81758376172326
 5.36       357.7972422180708
 5.37       355.7919413282711
 5.38       353.8015414971466
 5.39       351.82590468097175
 5.40       349.86489436739225
 5.41       347.9183755556479
 5.42       345.9862147370828
 5.43       344.0682798759403
 5.44       342.1644403904459
 5.45       340.2745671341602
 5.46       338.39853237761196
 5.47       336.5362097901906
 5.48       334.68747442231205
 5.49       332.8522026878375
 5.50       331.0302723467493
 5.51       329.2215624880774
 5.52       327.42595351307585
 5.53       325.64332711863796
 5.54       323.87356628095046
 5.55       322.1165552393901
 5.56       320.3721794806424
 5.57       318.64032572305246
 5.58       316.92088190120097
 5.59       315.2137371506964
 5.60       313.5187817931892
 5.61       311.8359073215956
 5.62       310.1650063855314
 5.63       308.5059727769559
 5.64       306.8587014160144
 5.65       305.2230883370857
 5.66       303.5990306750209
 5.67       301.9864266515824
 5.68       300.3851755620673
 5.69       298.7951777621236
 5.70       297.2163346547481
 5.71       295.6485486774672
 5.72       294.09172328969765
 5.73       292.5457629602802
 5.74       291.010573155192
 5.75       289.48606032542335
 5.76       287.97213189502935
 5.77       286.46869624933936
 5.78       284.9756627233384
 5.79       283.4929415901992
 5.80       282.0204440499791
 5.81       280.558082218471
 5.82       279.10576911620376
 5.83       277.66341865759864
 5.84       276.23094564026945
 5.85       274.8082657344722
 5.86       273.3952954726954
 5.87       271.99195223939444
 5.88       270.5981542608657
 5.89       269.21382059525433
 5.90       267.83887112270287
 5.91       266.47322653562793
 5.92       265.1168083291302
 5.93       263.7695387915348
 5.94       262.431340995056
 5.95       261.10213878659124
 5.96       259.78185677863314
 5.97       258.47042034030835
 5.98       257.1677555885327
 5.99       255.87378937928676
 6.00       254.588449299004
 6.01       253.31166365607774
 6.02       252.043361472478
 6.03       250.78347247547939
 6.04       249.53192708950039
 6.05       248.2886564280477
 6.06       247.05359228576904
 6.07       245.82666713060902
 6.08       244.6078140960701
 6.09       243.39696697357172
 6.10       242.1940602049125
 6.11       240.99902887482918
 6.12       239.81180870365455
 6.13       238.63233604006848
 6.14       237.46054785394648
 6.15       236.29638172929648
 6.16       235.13977585729404
 6.17       233.99066902939904
 6.18       232.84900063057037
 6.19       231.71471063256143
 6.20       230.5877395873042
 6.21       229.46802862038106
 6.22       228.35551942457465
 6.23       227.25015425350657
 6.24       226.1518759153544
 6.25       225.06062776664666
 6.26       223.9763537061445
 6.27       222.89899816879176
 6.28       221.82850611974933
 6.29       220.76482304850276
 6.30       219.7078949630433
 6.31       218.65766838412446
 6.32       217.61409033959058
 6.33       216.57710835877725
 6.34       215.5466704669811
 6.35       214.52272518000026
 6.36       213.50522149874388
 6.37       212.49410890390752
 6.38       211.48933735071685
 6.39       210.49085726373676
 6.40       209.49861953174334
 6.41       208.51257550266288
 6.42       207.53267697857262
 6.43       206.55887621076133
 6.44       205.5911258948551
 6.45       204.62937916600026
 6.46       203.6735895941086
 6.47       202.72371117915785
 6.48       201.77969834655363
 6.49       200.84150594254706
 6.50       199.90908922970704
 6.51       198.98240388245117
 6.52       198.06140598262928
 6.53       197.14605201516122
 6.54       196.23629886372996
 6.55       195.33210380652335
 6.56       194.43342451203074
 6.57       193.54021903489183
 6.58       192.65244581179036
 6.59       191.77006365740502
 6.60       190.89303176040295
 6.61       190.02130967948548
 6.62       189.15485733948043
 6.63       188.29363502748092
 6.64       187.43760338903195
 6.65       186.58672342436125
 6.66       185.74095648465737
 6.67       184.90026426838907
 6.68       184.06460881767293
 6.69       183.23395251468125
 6.70       182.40825807809424
 6.71       181.58748855959195
 6.72       180.77160734039288
 6.73       179.960578127829
 6.74       179.15436495196263
 6.75       178.3529321622453
 6.76       177.5562444242137
 6.77       176.76426671622474
 6.78       175.97696432623178
 6.79       175.1943028485951
 6.80       174.4162481809325
 6.81       173.64276652100625
 6.82       172.8738243636451
 6.83       172.109388497704
 6.84       171.34942600305993
 6.85       170.59390424763882
 6.86       169.84279088448326
 6.87       169.09605384884756
 6.88       168.35366135533255
 6.89       167.61558189505
 6.90       166.8817842328199
 6.91       166.15223740440283
 6.92       165.426910713761
 6.93       164.70577373035312
 6.94       163.98879628646023
 6.95       163.27594847453992
 6.96       162.56720064461524
 6.97       161.86252340168843
 6.98       161.16188760318897
 6.99       160.46526435644785
 7.00       159.77262501620064
 7.01       159.08394118212198
 7.02       158.3991846963838
 7.03       157.7183276412451
 7.04       157.04134233666647
 7.05       156.36820133795416
 7.06       155.69887743342676
 7.07       155.03334364211383
 7.08       154.37157321147546
 7.09       153.71353961515032
 7.10       153.05921655072814
 7.11       152.40857793754768
 7.12       151.76159791451818
 7.13       151.1182508379677
 7.14       150.47851127951276
 7.15       149.84235402395294
 7.16       149.20975406719057
 7.17       148.5806866141705
 7.18       147.95512707684435
 7.19       147.3330510721588
 7.20       146.71443442006424
 7.21       146.09925314154486
 7.22       145.48748345667371
 7.23       144.87910178268635
 7.24       144.27408473207572
 7.25       143.6724091107109
 7.26       143.0740519159739
 7.27       142.47899033491657
 7.28       141.8872017424414
 7.29       141.29866369949661
 7.30       140.71335395129674
 7.31       140.1312504255589
 7.32       139.5523312307591
 7.33       138.97657465440906
 7.34       138.4039591613493
 7.35       137.83446339206313
 7.36       137.268066161008
 7.37       136.7047464549638
 7.38       136.14448343140165
 7.39       135.58725641686718
 7.40       135.03304490538434
 7.41       134.4818285568741
 7.42       133.9335871955916
 7.43       133.38830080857878
 7.44       132.84594954413515
 7.45       132.30651371030456
 7.46       131.76997377337634
 7.47       131.2363103564054
 7.48       130.70550423774634
 7.49       130.17753634960363
 7.50       129.65238777659633
 7.51       129.13003975434015
 7.52       128.6104736680427
 7.53       128.0936710511149
 7.54       127.57961358379544
 7.55       127.0682830917916
 7.56       126.55966154493395
 7.57       126.05373105584455
 7.58       125.55047387862008
 7.59       125.04987240752719
 7.60       124.55190917571444
 7.61       124.05656685393551
 7.62       123.56382824928576
 7.63       123.07367630395328
 7.64       122.58609409398264
 7.65       122.10106482805058
 7.66       121.61857184625552
 7.67       121.13859861891939
 7.68       120.66112874540215
 7.69       120.18614595292736
 7.70       119.71363409542283
 7.71       119.24357715236894
 7.72       118.77595922766342
 7.73       118.31076454849513
 7.74       117.84797746422937
 7.75       117.3875824453064
 7.76       116.92956408215024
 7.77       116.47390708408825
 7.78       116.02059627828275
 7.79       115.56961660867303
 7.80       115.12095313492901
 7.81       114.67459103141367
 7.82       114.23051558615853
 7.83       113.78871219984826
 7.84       113.34916638481496
 7.85       112.91186376404487
 7.86       112.47679007019282
 7.87       112.04393114460802
 7.88       111.61327293636954
 7.89       111.18480150133148
 7.90       110.75850300117729
 7.91       110.33436370248504
 7.92       109.91236997580002
 7.93       109.49250829471849
 7.94       109.07476523498062
 7.95       108.65912747357062
 7.96       108.24558178782846
 7.97       107.83411505456822
 7.98       107.42471424920744
 7.99       107.01736644490319
 8.00       106.61205881169789
 8.01       106.20877861567344
 8.02       105.80751321811383
 8.03       105.40825007467606
 8.04       105.01097673456876
 8.05       104.6156808397398
 8.06       104.22235012407221
 8.07       103.83097241258601
 8.08       103.44153562065038
 8.09       103.05402775320253
 8.10       102.66843690397438
 8.11       102.28475125472619
 8.12       101.90295907448943
 8.13       101.52304871881512
 8.14       101.14500862903074
 8.15       100.76882733150465
 8.16       100.3944934369162
 8.17       100.02199563953535
 8.18       99.65132271650653
 8.19       99.28246352714221
 8.20       98.915407012221
 8.21       98.55014219329462
 8.22       98.18665817200007
 8.23       97.82494412937871
 8.24       97.4649893252039
 8.25       97.10678309731114
 8.26       96.75031486093933
 8.27       96.39557410807488
 8.28       96.04255040680393
 8.29       95.69123340066952
 8.30       95.34161280803767
 8.31       94.99367842146518
 8.32       94.64742010707782
 8.33       94.30282780395177
 8.34       93.95989152350208
 8.35       93.6186013488766
 8.36       93.27894743435598
 8.37       92.94092000475962
 8.38       92.6045093548562
 8.39       92.26970584878076
 8.40       91.93649991945783
 8.41       91.60488206802826
 8.42       91.27484286328375
 8.43       90.94637294110424
 8.44       90.61946300390316
 8.45       90.29410382007609
 8.46       89.97028622345522
 8.47       89.64800111276921
 8.48       89.32723945110797
 8.49       89.00799226539226
 8.50       88.69025064584838
 8.51       88.3740057454882
 8.52       88.05924877959313
 8.53       87.74597102520471
 8.54       87.43416382061692
 8.55       87.12381856487735
 8.56       86.81492671728847
 8.57       86.50747979691785
 8.58       86.20146938210962
 8.59       85.89688711000267
 8.60       85.59372467605148
 8.61       85.29197383355356
 8.62       84.99162639317915
 8.63       84.69267422250685
 8.64       84.39510924556232
 8.65       84.09892344236249
 8.66       83.80410884846283
 8.67       83.51065755450941
 8.68       83.21856170579512
 8.69       82.92781350181967
 8.70       82.63840519585378
 8.71       82.35032909450757
 8.72       82.06357755730214
 8.73       81.77814299624642
 8.74       81.49401787541659
 8.75       81.2111947105398
 8.76       80.92966606858211
 8.77       80.64942456733972
 8.78       80.37046287503377
 8.79       80.09277370990911
 8.80       79.81634983983692
 8.81       79.54118408192099
 8.82       79.26726930210614
 8.83       78.99459841479255
 8.84       78.72316438245157
 8.85       78.45296021524632
 8.86       78.18397897065465
 8.87       77.91621375309632
 8.88       77.6496577135633
 8.89       77.38430404925302
 8.90       77.1201460032053
 8.91       76.85717686394295
 8.92       76.59538996511431
 8.93       76.33477868514018
 8.94       76.07533644686384
 8.95       75.81705671720309
 8.96       75.55993300680674
 8.97       75.30395886971334
 8.98       75.04912790301348
 8.99       74.79543374651422
 9.00       74.54287008240799
 9.01       74.2914306349424
 9.02       74.04110917009496
 9.03       73.79189949524964
 9.04       73.54379545887619
 9.05       73.29679095021274
 9.06       73.05087989895111
 9.07       72.80605627492464
 9.08       72.56231408779928
 9.09       72.31964738676649
 9.10       72.07805026024
 9.11       71.83751683555391
 9.12       71.59804127866525
 9.13       71.35961779385684
 9.14       71.12224062344501
 9.15       70.88590404748797
 9.16       70.65060238349812
 9.17       70.41632998615628
 9.18       70.18308124702818
 9.19       69.95085059428403
 9.20       69.7196324924198
 9.21       69.48942144198183
 9.22       69.26021197929279
 9.23       69.03199867618083
 9.24       68.80477613971073
 9.25       68.5785390119174
 9.26       68.35328196954151
 9.27       68.128999723768
 9.28       67.90568701996611
 9.29       67.6833386374319
 9.30       67.46194938913347
 9.31       67.24151412145733
 9.32       67.02202771395821
 9.33       66.80348507911002
 9.34       66.58588116205902
 9.35       66.36921094038013
 9.36       66.15346942383373
 9.37       65.93865165412596
 9.38       65.72475270467015
 9.39       65.51176768035056
 9.40       65.2996917172888
 9.41       65.08851998261034
 9.42       64.87824767421561
 9.43       64.66887002055101
 9.44       64.46038228038232
 9.45       64.25277974257088
 9.46       64.04605772585067
 9.47       63.84021157860737
 9.48       63.635236678660334
 9.49       63.43112843304469
 9.50       63.22788227779697
 9.51       63.02549367774107
 9.52       62.82395812627717
 9.53       62.62327114517219
 9.54       62.423428284351075
 9.55       62.22442512169069
 9.56       62.026257262815975
 9.57       61.828920340896076
 9.58       61.632410016444084
 9.59       61.43672197711697
 9.60       61.24185193751794
 9.61       61.047795639000356
 9.62       60.8545488494733
 9.63       60.66210736320817
 9.64       60.470467000647986
 9.65       60.27962360821722
 9.66       60.08957305813392
 9.67       59.90031124822255
 9.68       59.71183410172978
 9.69       59.5241375671401
 9.70       59.337217617994476
 9.71       59.15107025270944
 9.72       58.965691494397745
 9.73       58.78107739069168
 9.74       58.59722401356591
 9.75       58.41412745916405
 9.76       58.231783847623824
 9.77       58.05018932290656
 9.78       57.86934005262641
 9.79       57.689232227880886
 9.80       57.50986206308377
 9.81       57.33122579579863
 9.82       57.15331968657352
 9.83       56.9761400187783
 9.84       56.7996830984413
 9.85       56.62394525408912
 9.86       56.44892283658663
 9.87       56.27461221897876
 9.88       56.101009796333486
 9.89       55.92811198558608
 9.90       55.755915225384115
 9.91       55.58441597593487
 9.92       55.41361071885282
 9.93       55.243495957008655
 9.94       55.07406821438017
 9.95       54.905324035903746
 9.96       54.737259987326574
 9.97       54.56987265506131
 9.98       54.403158646040744
 9.99       54.23711458757433
