 0.01       3481565.496161047
 0.02       435195.6520323062
 0.03       128946.8425850735
 0.04       54399.43901244704
 0.05       27852.50605815304
 0.06       16118.343663060401
 0.07       10150.323669549283
 0.08       6799.921131978563
 0.09       4775.799772254175
 0.10       3481.556261854771
 0.11       2615.743278148392
 0.12       2014.7871285030992
 0.13       1584.6835805034632
 0.14       1268.7854621543847
 0.15       1031.5687713801367
 0.16       849.9857695638015
 0.17       708.6380285622258
 0.18       596.971085388436
 0.19       507.585933679804
 0.20       435.19103521234376
 0.21       375.9339658516193
 0.22       326.9647302093255
 0.23       286.1441810018907
 0.24       251.84547646813567
 0.25       222.81646698278556
 0.26       198.0827553306326
 0.27       176.87840075912544
 0.28       158.59568285347868
 0.29       142.74825172280973
 0.30       128.94376317162224
 0.31       116.86334509472528
 0.32       106.24603378969562
 0.33       96.87686702142223
 0.34       88.57769485307034
 0.35       81.20002986106866
 0.36       74.61944134768432
 0.37       68.7311283474202
 0.38       63.44639973557452
 0.39       58.689857581003146
 0.40       54.39712954464802
 0.41       50.51303279587839
 0.42       46.99007922003336
 0.43       43.78725217464366
 0.44       40.8690005343273
 0.45       38.20440754851964
 0.46       35.76650106520129
 0.47       33.531678635676556
 0.48       31.47922641594476
 0.49       29.590914993655037
 0.50       27.85065857508922
 0.51       26.244226573417325
 0.52       24.758998705668272
 0.53       23.383756351486863
 0.54       22.108504243491
 0.55       20.924317617325514
 0.56       19.82321080369919
 0.57       18.79802393698793
 0.58       17.842325018291714
 0.59       16.950325030930134
 0.60       16.116804183537447
 0.61       15.337047666214913
 0.62       14.606789561347155
 0.63       13.922163762833595
 0.64       13.279660933750284
 0.65       12.67609067935748
 0.66       12.108548235162745
 0.67       11.574385072688637
 0.68       11.071182912131606
 0.69       10.596730704041804
 0.70       10.14900420380179
 0.71       9.726147814915267
 0.72       9.32645842148239
 0.73       8.94837096801183
 0.74       8.590445576955227
 0.75       8.251356021920802
 0.76       7.929879398157483
 0.77       7.624886852202834
 0.78       7.335335250064741
 0.79       7.060259678380701
 0.80       6.798766686026527
 0.81       6.550028184926926
 0.82       6.313275938606162
 0.83       6.087796575522674
 0.84       5.872927071635418
 0.85       5.668050653108161
 0.86       5.472593075698973
 0.87       5.286019242319238
 0.88       5.107830124572582
 0.89       4.937559957882433
 0.90       4.774773683155507
 0.91       4.619064610868756
 0.92       4.470052286059065
 0.93       4.327380534984191
 0.94       4.1907156762472635
 0.95       4.0597448809693715
 0.96       3.934174668183406
 0.97       3.81372952303334
 0.98       3.6981506266165844
 0.99       3.587194687423379
 1.00       3.480632865321574
 1.01       3.37824977992228
 1.02       3.2798425959546176
 1.03       3.18522017898628
 1.04       3.0942023154612848
 1.05       3.0066189915947836
 1.06       2.9223097261751367
 1.07       2.8411229527816424
 1.08       2.7629154473382163
 1.09       2.6875517972944287
 1.10       2.614903909058963
 1.11       2.5448505506122174
 1.12       2.477276926496487
 1.13       2.412074282627924
 1.14       2.3491395385967015
 1.15       2.2883749453230053
 1.16       2.229687766118539
 1.17       2.1729899793686833
 1.18       2.11819800120032
 1.19       2.065232426636507
 1.20       2.014017787863169
 1.21       1.964482328345604
 1.22       1.9165577916350955
 1.23       1.8701792237996424
 1.24       1.8252847884978995
 1.25       1.781815593793368
 1.26       1.7397155298769509
 1.27       1.6989311169308932
 1.28       1.6594113624267273
 1.29       1.6211076272041154
 1.30       1.5839734997273587
 1.31       1.547964677962125
 1.32       1.5130388583567127
 1.33       1.4791556314507928
 1.34       1.446276383669796
 1.35       1.4143642048956506
 1.36       1.3833838014344246
 1.37       1.3533014140289559
 1.38       1.324084740589825
 1.39       1.2957028633413754
 1.40       1.2681261801009898
 1.41       1.2413263394297005
 1.42       1.215276179410467
 1.43       1.1899496698274419
 1.44       1.1653218575351199
 1.45       1.141368814820772
 1.46       1.118067590576894
 1.47       1.0953961641128271
 1.48       1.0733334014461107
 1.49       1.051859013924853
 1.50       1.0309535190421297
 1.51       1.0105982033126761
 1.52       0.9907750870905493
 1.53       0.9714668912143362
 1.54       0.9526570053738005
 1.55       0.9343294580986693
 1.56       0.9164688882765567
 1.57       0.8990605181129528
 1.58       0.8820901274516337
 1.59       0.86554402937899
 1.60       0.8494090470404947
 1.61       0.833672491601981
 1.62       0.8183221412925255
 1.63       0.8033462214695718
 1.64       0.7887333856505485
 1.65       0.7744726974585895
 1.66       0.7605536134330811
 1.67       0.7469659666587208
 1.68       0.733699951169493
 1.69       0.7207461070865541
 1.70       0.7080953064513698
 1.71       0.6957387397177703
 1.72       0.6836679028686092
 1.73       0.6718745851247419
 1.74       0.6603508572158492
 1.75       0.6490890601843947
 1.76       0.6380817946955917
 1.77       0.6273219108277948
 1.78       0.6168024983191873
 1.79       0.6065168772479155
 1.80       0.596458589124144
 1.81       0.586621388373656
 1.82       0.5769992341937379
 1.83       0.5675862827631404
 1.84       0.5583768797889079
 1.85       0.5493655533737449
 1.86       0.5405470071885268
 1.87       0.5319161139353261
 1.88       0.5234679090871273
 1.89       0.5151975848911243
 1.90       0.5071004846231826
 1.91       0.4991720970816902
 1.92       0.49140805130963494
 1.93       0.48380411153432507
 1.94       0.4763561723147011
 1.95       0.4690602538867128
 1.96       0.4619124976977114
 1.97       0.4549091621212664
 1.98       0.4480466183442418
 1.99       0.4413213464183922
 2.00       0.4347299314690988
 2.01       0.42826906005425236
 2.02       0.42193551666663043
 2.03       0.41572618037342246
 2.04       0.4096380215869028
 2.05       0.4036680989605037
 2.06       0.3978135564048496
 2.07       0.3920716202185515
 2.08       0.3864395963288312
 2.09       0.3809148676372569
 2.10       0.375494891466115
 2.11       0.37017719710114416
 2.12       0.3649593834265536
 2.13       0.35983911664845925
 2.14       0.35481412810302154
 2.15       0.34988221214575926
 2.16       0.34504122411868393
 2.17       0.34028907839202577
 2.18       0.3356237464774972
 2.19       0.3310432552101618
 2.20       0.32654568499611963
 2.21       0.3221291681233347
 2.22       0.3177918871330614
 2.23       0.31353207324943627
 2.24       0.30934800486489666
 2.25       0.3052380060792231
 2.26       0.3012004452900615
 2.27       0.29723373383290186
 2.28       0.29333632466856996
 2.29       0.2895067111163652
 2.30       0.2857434256310795
 2.31       0.28204503862218167
 2.32       0.2784101573135477
 2.33       0.2748374246421709
 2.34       0.27132551819436695
 2.35       0.2678731491780347
 2.36       0.264479061429611
 2.37       0.2611420304544049
 2.38       0.2578608624990514
 2.39       0.2546343936548886
 2.40       0.25146148899109183
 2.41       0.24834104171646856
 2.42       0.2452719723688462
 2.43       0.24225322803103752
 2.44       0.23928378157240965
 2.45       0.23636263091511206
 2.46       0.23348879832407404
 2.47       0.23066132971990627
 2.48       0.22787929401387366
 2.49       0.22514178246415262
 2.50       0.22244790805260495
 2.51       0.2197968048813341
 2.52       0.2171876275883272
 2.53       0.2146195507814983
 2.54       0.21209176849048775
 2.55       0.20960349363559494
 2.56       0.207153957513238
 2.57       0.20474240929737375
 2.58       0.20236811555631293
 2.59       0.200030359784405
 2.60       0.19772844194807598
 2.61       0.19546167804573142
 2.62       0.1932293996810399
 2.63       0.19103095364915457
 2.64       0.18886570153541943
 2.65       0.18673301932614975
 2.66       0.1846322970310715
 2.67       0.18256293831703263
 2.68       0.1805243601526073
 2.69       0.17851599246322994
 2.70       0.17653727779651118
 2.71       0.1745876709973949
 2.72       0.1726666388928383
 2.73       0.1707736599856947
 2.74       0.1689082241575034
 2.75       0.1670698323798951
 2.76       0.16525799643432976
 2.77       0.16347223863990268
 2.78       0.16171209158895242
 2.79       0.15997709789022532
 2.80       0.15826680991935008
 2.81       0.156580789576393
 2.82       0.15491860805026486
 2.83       0.15327984558976654
 2.84       0.15166409128105898
 2.85       0.1500709428313597
 2.86       0.14850000635866759
 2.87       0.14695089618732993
 2.88       0.14542323464926704
 2.89       0.1439166518906815
 2.90       0.14243078568408069
 2.91       0.14096528124544933
 2.92       0.13951979105641538
 2.93       0.13809397469125237
 2.94       0.13668749864857596
 2.95       0.13530003618758718
 2.96       0.13393126716872827
 2.97       0.1325808778986149
 2.98       0.1312485609791185
 2.99       0.12993401516047218
 3.00       0.1286369451982822
 3.01       0.12735706171432498
 3.02       0.1260940810610224
 3.03       0.12484772518948113
 3.04       0.12361772152099391
 3.05       0.1224038028219018
 3.06       0.12120570708171505
 3.07       0.12002317739440115
 3.08       0.11885596184274669
 3.09       0.1177038133857018
 3.10       0.11656648974862444
 3.11       0.11544375331633754
 3.12       0.11433537102892054
 3.13       0.113241114280155
 3.14       0.11216075881855062
 3.15       0.11109408465087563
 3.16       0.11004087594812278
 3.17       0.1090009209538409
 3.18       0.10797401189476429
 3.19       0.10695994489367841
 3.20       0.10595851988445547
 3.21       0.10496954052920082
 3.22       0.10399281413745408
 3.23       0.10302815158738142
 3.24       0.10207536724891146
 3.25       0.10113427890875439
 3.26       0.100204707697258
 3.27       0.09928647801704611
 3.28       0.09837941747339295
 3.29       0.09748335680628538
 3.30       0.09659812982412698
 3.31       0.09572357333903973
 3.32       0.09485952710372048
 3.33       0.09400583374980907
 3.34       0.09316233872772878
 3.35       0.09232889024795897
 3.36       0.09150533922370249
 3.37       0.090691539214909
 3.38       0.08988734637362038
 3.39       0.08909261939060148
 3.40       0.08830721944322312
 3.41       0.08753101014456448
 3.42       0.08676385749370222
 3.43       0.08600562982715593
 3.44       0.08525619777145993
 3.45       0.08451543419683051
 3.46       0.08378321417190271
 3.47       0.08305941491950727
 3.48       0.08234391577346
 3.49       0.08163659813634166
 3.50       0.08093734543823701
 3.51       0.08024604309641373
 3.52       0.07956257847591473
 3.53       0.07888684085104025
 3.54       0.07821872136769917
 3.55       0.07755811300660527
 3.56       0.0769049105472993
 3.57       0.07625901053297406
 3.58       0.07562031123608397
 3.59       0.07498871262471875
 3.60       0.07436411632972242
 3.61       0.07374642561253852
 3.62       0.07313554533376461
 3.63       0.07253138192239739
 3.64       0.07193384334575208
 3.65       0.07134283908003969
 3.66       0.07075828008158513
 3.67       0.07018007875867108
 3.68       0.06960814894399292
 3.69       0.06904240586770852
 3.70       0.06848276613106938
 3.71       0.06792914768061939
 3.72       0.06738146978294603
 3.73       0.06683965299997269
 3.74       0.06630361916477708
 3.75       0.06577329135792537
 3.76       0.06524859388430701
 3.77       0.06472945225046155
 3.78       0.0642157931423824
 3.79       0.06370754440378947
 3.80       0.06320463501485657
 3.81       0.06270699507138537
 3.82       0.062214555764414196
 3.83       0.06172724936025111
 3.84       0.06124500918092258
 3.85       0.060767769585026714
 3.86       0.06029546594898333
 3.87       0.05982803464866923
 3.88       0.05936541304143254
 3.89       0.05890753944847493
 3.90       0.05845435313759514
 3.91       0.05800579430628394
 3.92       0.05756180406516407
 3.93       0.0571223244217652
 3.94       0.056687298264629336
 3.95       0.05625666934773535
 3.96       0.05583038227523883
 3.97       0.05540838248651803
 3.98       0.054990616241519893
 3.99       0.054577030606398874
 4.00       0.0541675734394428
 4.01       0.05376219337727791
 4.02       0.05336083982134926
 4.03       0.05296346292466713
 4.04       0.052570013578816514
 4.05       0.052180443401221785
 4.06       0.05179470472266248
 4.07       0.051412750575033174
 4.08       0.0510345346793428
 4.09       0.050660011433949034
 4.10       0.0502891359030205
 4.11       0.04992186380522401
 4.12       0.049558151502630106
 4.13       0.04919795598983356
 4.14       0.04884123488328364
 4.15       0.04848794641081929
 4.16       0.048138049401405036
 4.17       0.047791503275063686
 4.18       0.04744826803300079
 4.19       0.04710830424791795
 4.20       0.04677157305450936
 4.21       0.04643803614013884
 4.22       0.04610765573569374
 4.23       0.04578039460661025
 4.24       0.04545621604406905
 4.25       0.045135083856355035
 4.26       0.044816962360379776
 4.27       0.04450181637336208
 4.28       0.0441896112046638
 4.29       0.043880312647777524
 4.30       0.04357388697246304
 4.31       0.04327030091702915
 4.32       0.04296952168075873
 4.33       0.0426715169164726
 4.34       0.04237625472323088
 4.35       0.042083703639167795
 4.36       0.041793832634457746
 4.37       0.04150661110441044
 4.38       0.04122200886269076
 4.39       0.04093999613466269
 4.40       0.04066054355085413
 4.41       0.04038362214053931
 4.42       0.04010920332543766
 4.43       0.03983725891352603
 4.44       0.039567761092962256
 4.45       0.03930068242611724
 4.46       0.03903599584371495
 4.47       0.038773674639075585
 4.48       0.03851369246246285
 4.49       0.03825602331553033
 4.50       0.03800064154586734
 4.51       0.03774752184164116
 4.52       0.03749663922633321
 4.53       0.03724796905356916
 4.54       0.03700148700203881
 4.55       0.036757169070505726
 4.56       0.036514991572904255
 4.57       0.03627493113352175
 4.58       0.03603696468226531
 4.59       0.0358010694500105
 4.60       0.03556722296403065
 4.61       0.03533540304350594
 4.62       0.03510558779510934
 4.63       0.03487775560866916
 4.64       0.03465188515290602
 4.65       0.034427955371243074
 4.66       0.034205945477687946
 4.67       0.03398583495278504
 4.68       0.033767603539637266
 4.69       0.03355123123999478
 4.70       0.03333669831041085
 4.71       0.03312398525846252
 4.72       0.032913072839035266
 4.73       0.03270394205067032
 4.74       0.03249657413197376
 4.75       0.03229095055808545
 4.76       0.03208705303720786
 4.77       0.031884863507192385
 4.78       0.03168436413218312
 4.79       0.0314855372993163
 4.80       0.0312883656154748
 4.81       0.03109283190409624
 4.82       0.03089891920203451
 4.83       0.030706610756472567
 4.84       0.03051589002188648
 4.85       0.030326740657059363
 4.86       0.03013914652214456
 4.87       0.029953091675776564
 4.88       0.0297685603722296
 4.89       0.029585537058622408
 4.90       0.029404006372168726
 4.91       0.029223953137472083
 4.92       0.029045362363865165
 4.93       0.028868219242791555
 4.94       0.02869250914523034
 4.95       0.028518217619162012
 4.96       0.028345330387075096
 4.97       0.028173833343513005
 4.98       0.028003712552660147
 4.99       0.027834954245966742
 5.00       0.027667544819811363
 5.01       0.027501470833200932
 5.02       0.027336719005507167
 5.03       0.02717327621423915
 5.04       0.02701112949285097
 5.05       0.026850266028584046
 5.06       0.026690673160343747
 5.07       0.026532338376609108
 5.08       0.026375249313375614
 5.09       0.026219393752130313
 5.10       0.026064759617858337
 5.11       0.025911334977080976
 5.12       0.025759108035924055
 5.13       0.02560806713821635
 5.14       0.025458200763617867
 5.15       0.025309497525776707
 5.16       0.02516194617051495
 5.17       0.025015535574041983
 5.18       0.024870254741195977
 5.19       0.02472609280371188
 5.20       0.02458303901851633
 5.21       0.02444108276604875
 5.22       0.024300213548607744
 5.23       0.024160420988723154
 5.24       0.02402169482755279
 5.25       0.023884024923303375
 5.26       0.02374740124967574
 5.27       0.02361181389433348
 5.28       0.023477253057394468
 5.29       0.023343709049945743
 5.30       0.023211172292580268
 5.31       0.02307963331395582
 5.32       0.022949082749375654
 5.33       0.0228195113393904
 5.34       0.02269090992842059
 5.35       0.02256326946340011
 5.36       0.022436580992439763
 5.37       0.0223108356635104
 5.38       0.0221860247231462
 5.39       0.02206213951516659
 5.40       0.02193917147941731
 5.41       0.02181711215053014
 5.42       0.021695953156700684
 5.43       0.021575686218484356
 5.44       0.02145630314760987
 5.45       0.02133779584581021
 5.46       0.021220156303670724
 5.47       0.021103376599493788
 5.48       0.02098744889818047
 5.49       0.020872365450128043
 5.50       0.020758118590143676
 5.51       0.020644700736373922
 5.52       0.02053210438924958
 5.53       0.020420322130445853
 5.54       0.02030934662185752
 5.55       0.02019917060458876
 5.56       0.02008978689795766
 5.57       0.019981188398514805
 5.58       0.019873368079075967
 5.59       0.019766318987768736
 5.60       0.019660034247092638
 5.61       0.019554507052992547
 5.62       0.019449730673945544
 5.63       0.01934569845006038
 5.64       0.019242403792189968
 5.65       0.019139840181056335
 5.66       0.01903800116638783
 5.67       0.018936880366068574
 5.68       0.018836471465299934
 5.69       0.01873676821577355
 5.70       0.018637764434856263
 5.71       0.0185394540047861
 5.72       0.018441830871879766
 5.73       0.018344889045750996
 5.74       0.018248622598539998
 5.75       0.018153025664153177
 5.76       0.018058092437514023
 5.77       0.01796381717382382
 5.78       0.017870194187832804
 5.79       0.017777217853121398
 5.80       0.017684882601391203
 5.81       0.017593182921766048
 5.82       0.017502113360102104
 5.83       0.01741166851830801
 5.84       0.017321843053673958
 5.85       0.017232631678210018
 5.86       0.017144029157993467
 5.87       0.01705603031252507
 5.88       0.016968630014094137
 5.89       0.01688182318715183
 5.90       0.016795604807693605
 5.91       0.016709969902649332
 5.92       0.016624913549282114
 5.93       0.016540430874594985
 5.94       0.016456517054745528
 5.95       0.016373167314468667
 5.96       0.016290376926506825
 5.97       0.016208141211047886
 5.98       0.01612645553517068
 5.99       0.01604531531229782
 6.00       0.01596471600165578
 6.01       0.015884653107742293
 6.02       0.015805122179800596
 6.03       0.01572611881130087
 6.04       0.015647638639428377
 6.05       0.015569677344578417
 6.06       0.015492230649857951
 6.07       0.015415294320593707
 6.08       0.015338864163846944
 6.09       0.01526293602793425
 6.10       0.015187505801954975
 6.11       0.015112569415324576
 6.12       0.015038122837314212
 6.13       0.014964162076596227
 6.14       0.014890683180795639
 6.15       0.014817682236047392
 6.16       0.014745155366559383
 6.17       0.014673098734181104
 6.18       0.014601508537977918
 6.19       0.014530381013810842
 6.20       0.014459712433921563
 6.21       0.014389499106523132
 6.22       0.014319737375395492
 6.23       0.014250423619486571
 6.24       0.014181554252518337
 6.25       0.014113125722597718
 6.26       0.014045134511832816
 6.27       0.013977577135953732
 6.28       0.01391045014393835
 6.29       0.013843750117642918
 6.30       0.013777473671437068
 6.31       0.0137116174518438
 6.32       0.01364617813718375
 6.33       0.013581152437224143
 6.34       0.013516537092831913
 6.35       0.013452328875631414
 6.36       0.013388524587666423
 6.37       0.01332512106106625
 6.38       0.013262115157716131
 6.39       0.013199503768931635
 6.40       0.013137283815137301
 6.41       0.013075452245549101
 6.42       0.013014006037861039
 6.43       0.01295294219793541
 6.44       0.012892257759497176
 6.45       0.01283194978383184
 6.46       0.012772015359487408
 6.47       0.01271245160197956
 6.48       0.012653255653500938
 6.49       0.012594424682633715
 6.50       0.012535955884065742
 6.51       0.012477846478310278
 6.52       0.012420093711429051
 6.53       0.012362694854758738
 6.54       0.012305647204640882
 6.55       0.01224894808215486
 6.56       0.01219259483285437
 6.57       0.012136584826507025
 6.58       0.012080915456836963
 6.59       0.012025584141270885
 6.60       0.011970588320686829
 6.61       0.011915925459166261
 6.62       0.01186159304374898
 6.63       0.011807588584191007
 6.64       0.0117539096127255
 6.65       0.011700553683826376
 6.66       0.011647518373974928
 6.67       0.011594801281429023
 6.68       0.01154240002599534
 6.69       0.011490312248804124
 6.70       0.011438535612086673
 6.71       0.011387067798955501
 6.72       0.011335906513187072
 6.73       0.01128504947900722
 6.74       0.011234494440878888
 6.75       0.011184239163292727
 6.76       0.011134281430559794
 6.77       0.01108461904660691
 6.78       0.011035249834774451
 6.79       0.010986171637616397
 6.80       0.010937382316702823
 6.81       0.010888879752424663
 6.82       0.010840661843800734
 6.83       0.010792726508287128
 6.84       0.010745071681588706
 6.85       0.010697695317472864
 6.86       0.010650595387585424
 6.87       0.010603769881268706
 6.88       0.010557216805381724
 6.89       0.010510934184122371
 6.90       0.01046492005885179
 6.91       0.010419172487920663
 6.92       0.01037368954649763
 6.93       0.01032846932639953
 6.94       0.010283509935923772
 6.95       0.010238809499682429
 6.96       0.010194366158438495
 6.97       0.010150178068943708
 6.98       0.010106243403778551
 6.99       0.010062560351193831
 7.00       0.010019127114954141
 7.01       0.009975941914183252
 7.02       0.009933002983210993
 7.03       0.009890308571422108
 7.04       0.009847856943106697
 7.05       0.009805646377312434
 7.06       0.009763675167698339
 7.07       0.009721941622390375
 7.08       0.009680444063838516
 7.09       0.009639180828675499
 7.10       0.009598150267577175
 7.11       0.009557350745124383
 7.12       0.009516780639666423
 7.13       0.009476438343186039
 7.14       0.009436322261165865
 7.15       0.009396430812456476
 7.16       0.009356762429145805
 7.17       0.009317315556430086
 7.18       0.009278088652486109
 7.19       0.00923908018834512
 7.20       0.00920028864776791
 7.21       0.009161712527121382
 7.22       0.009123350335256448
 7.23       0.00908520059338737
 7.24       0.009047261834972219
 7.25       0.009009532605594932
 7.26       0.00897201146284848
 7.27       0.008934696976219297
 7.28       0.008897587726973194
 7.29       0.008860682308042182
 7.30       0.008823979323912908
 7.31       0.00878747739051603
 7.32       0.008751175135116923
 7.33       0.008715071196207553
 7.34       0.008679164223399545
 7.35       0.008643452877318358
 7.36       0.008607935829498682
 7.37       0.008572611762280927
 7.38       0.008537479368708823
 7.39       0.008502537352428185
 7.40       0.00846778442758667
 7.41       0.008433219318734758
 7.42       0.00839884076072762
 7.43       0.008364647498628211
 7.44       0.008330638287611299
 7.45       0.008296811892868596
 7.46       0.008263167089514785
 7.47       0.008229702662494722
 7.48       0.008196417406491473
 7.49       0.008163310125835441
 7.50       0.008130379634414394
 7.51       0.008097624755584464
 7.52       0.008065044322082158
 7.53       0.008032637175937189
 7.54       0.008000402168386303
 7.55       0.007968338159788032
 7.56       0.007936444019538287
 7.57       0.007904718625986885
 7.58       0.007873160866354997
 7.59       0.007841769636653293
 7.60       0.007810543841601181
 7.61       0.007779482394546751
 7.62       0.007748584217387587
 7.63       0.007717848240492383
 7.64       0.007687273402623457
 7.65       0.007656858650860003
 7.66       0.007626602940522124
 7.67       0.007596505235095759
 7.68       0.007566564506158324
 7.69       0.007536779733305065
 7.70       0.007507149904076344
 7.71       0.00747767401388547
 7.72       0.007448351065947467
 7.73       0.007419180071208461
 7.74       0.0073901600482758015
 7.75       0.007361290023348995
 7.76       0.0073325690301512285
 7.77       0.007303996109861705
 7.78       0.0072755703110485605
 7.79       0.007247290689602605
 7.80       0.007219156308671626
 7.81       0.007191166238595406
 7.82       0.007163319556841434
 7.83       0.007135615347941222
 7.84       0.007108052703427299
 7.85       0.007080630721770858
 7.86       0.0070533485083200086
 7.87       0.007026205175238647
 7.88       0.0069991998414459956
 7.89       0.006972331632556748
 7.90       0.006945599680821732
 7.91       0.006919003125069305
 7.92       0.006892541110647235
 7.93       0.006866212789365196
 7.94       0.006840017319437925
 7.95       0.0068139538654287774
 7.96       0.006788021598194027
 7.97       0.006762219694827608
 7.98       0.006736547338606478
 7.99       0.006711003718936459
 8.00       0.00668558803129871
 8.01       0.00666029947719663
 8.02       0.006635137264103384
 8.03       0.006610100605409907
 8.04       0.006585188720373395
 8.05       0.0065604008340663655
 8.06       0.006535736177326236
 8.07       0.006511193986705273
 8.08       0.006486773504421209
 8.09       0.006462473978308205
 8.10       0.006438294661768442
 8.11       0.006414234813723993
 8.12       0.0063902936985693855
 8.13       0.006366470586124433
 8.14       0.006342764751587695
 8.15       0.006319175475490296
 8.16       0.006295702043650202
 8.17       0.006272343747126985
 8.18       0.006249099882176997
 8.19       0.0062259697502090134
 8.20       0.0062029526577402445
 8.21       0.006180047916352883
 8.22       0.006157254842650912
 8.23       0.006134572758217542
 8.24       0.006112000989572901
 8.25       0.006089538868132108
 8.26       0.006067185730163981
 8.27       0.0060449409167498145
 8.28       0.006022803773742912
 8.29       0.006000773651728146
 8.30       0.005978849905982221
 8.31       0.005957031896434125
 8.32       0.0059353189876260315
 8.33       0.005913710548674567
 8.34       0.005892205953232452
 8.35       0.005870804579450502
 8.36       0.005849505809939991
 8.37       0.005828309031735403
 8.38       0.005807213636257492
 8.39       0.005786219019276695
 8.40       0.005765324580876985
 8.41       0.005744529725419914
 8.42       0.005723833861509154
 8.43       0.005703236401955252
 8.44       0.005682736763740778
 8.45       0.0056623343679858135
 8.46       0.005642028639913718
 8.47       0.005621819008817263
 8.48       0.005601704908025061
 8.49       0.0055816857748683096
 8.50       0.005561761050647874
 8.51       0.005541930180601639
 8.52       0.00552219261387221
 8.53       0.0055025478034748795
 8.54       0.005482995206265909
 8.55       0.005463534282911141
 8.56       0.005444164497854798
 8.57       0.005424885319288725
 8.58       0.0054056962191217995
 8.59       0.005386596672949654
 8.60       0.005367586160024724
 8.61       0.005348664163226516
 8.62       0.005329830169032178
 8.63       0.005311083667487367
 8.64       0.005292424152177325
 8.65       0.005273851120198274
 8.66       0.005255364072129067
 8.67       0.005236962512003068
 8.68       0.00521864594728034
 8.69       0.005200413888820046
 8.70       0.005182265850853135
 8.71       0.005164201350955245
 8.72       0.005146219910019887
 8.73       0.005128321052231862
 8.74       0.005110504305040925
 8.75       0.005092769199135655
 8.76       0.005075115268417647
 8.77       0.005057542049975844
 8.78       0.005040049084061146
 8.79       0.0050226359140612626
 8.80       0.005005302086475779
 8.81       0.00498804715089145
 8.82       0.004970870659957692
 8.83       0.004953772169362372
 8.84       0.004936751237807696
 8.85       0.004919807426986462
 8.86       0.004902940301558377
 8.87       0.004886149429126724
 8.88       0.004869434380215126
 8.89       0.004852794728244582
 8.90       0.004836230049510701
 8.91       0.004819739923161152
 8.92       0.004803323931173264
 8.93       0.004786981658331863
 8.94       0.0047707126922073555
 8.95       0.0047545166231338755
 8.96       0.004738393044187787
 8.97       0.004722341551166237
 8.98       0.004706361742566027
 8.99       0.004690453219562525
 9.00       0.004674615585988932
 9.01       0.004658848448315574
 9.02       0.004643151415629505
 9.03       0.004627524099614216
 9.04       0.004611966114529527
 9.05       0.004596477077191701
 9.06       0.004581056606953689
 9.07       0.004565704325685572
 9.08       0.004550419857755172
 9.09       0.004535202830008823
 9.10       0.004520052871752325
 9.11       0.004504969614732042
 9.12       0.004489952693116222
 9.13       0.00447500174347639
 9.14       0.004460116404768999
 9.15       0.004445296318317157
 9.16       0.004430541127792588
 9.17       0.004415850479197701
 9.18       0.004401224020847821
 9.19       0.004386661403353603
 9.20       0.004372162279603554
 9.21       0.004357726304746756
 9.22       0.004343353136175702
 9.23       0.0043290424335093005
 9.24       0.004314793858575996
 9.25       0.0043006070753971
 9.26       0.004286481750170183
 9.27       0.004272417551252687
 9.28       0.004258414149145625
 9.29       0.00424447121647743
 9.30       0.004230588427987979
 9.31       0.004216765460512704
 9.32       0.00420300199296688
 9.33       0.004189297706330023
 9.34       0.004175652283630411
 9.35       0.004162065409929799
 9.36       0.004148536772308173
 9.37       0.004135066059848713
 9.38       0.0041216529636228525
 9.39       0.004108297176675433
 9.40       0.0040949983940100675
 9.41       0.0040817563125745355
 9.42       0.004068570631246367
 9.43       0.004055441050818527
 9.44       0.004042367273985197
 9.45       0.004029349005327735
 9.46       0.0040163859513007065
 9.47       0.004003477820218017
 9.48       0.00399062432223925
 9.49       0.003977825169355998
 9.50       0.003965080075378421
 9.51       0.003952388755921838
 9.52       0.003939750928393473
 9.53       0.003927166311979316
 9.54       0.003914634627631051
 9.55       0.0039021555980531188
 9.56       0.003889728947689937
 9.57       0.0038773544027131154
 9.58       0.003865031691008899
 9.59       0.0038527605421656394
 9.60       0.003840540687461368
 9.61       0.0038283718598515317
 9.62       0.003816253793956763
 9.63       0.003804186226050808
 9.64       0.003792168894048531
 9.65       0.0037802015374939703
 9.66       0.0037682838975486113
 9.67       0.0037564157169796154
 9.68       0.0037445967401482576
 9.69       0.0037328267129984136
 9.70       0.0037211053830451366
 9.71       0.003709432499363332
 9.72       0.003697807812576528
 9.73       0.00368623107484577
 9.74       0.0036747020398585233
 9.75       0.0036632204628177967
 9.76       0.0036517861004311944
 9.77       0.0036403987109001885
 9.78       0.0036290580539094465
 9.79       0.0036177638906161884
 9.80       0.003606515983639708
 9.81       0.0035953140970509277
 9.82       0.0035841579963620668
 9.83       0.003573047448516378
 9.84       0.0035619822218779713
 9.85       0.003550962086221738
 9.86       0.0035399868127233007
 9.87       0.003529056173949134
 9.88       0.0035181699438466725
 9.89       0.003507327897734586
 9.90       0.003496529812293034
 9.91       0.0034857754655541035
 9.92       0.0034750646368922494
 9.93       0.003464397107014829
 9.94       0.0034537726579527517
 9.95       0.003443191073051138
 9.96       0.0034326521369601056
 9.97       0.003422155635625611
 9.98       0.003411701356280355
 9.99       0.0034012890874347847
