 0.01       2.0965161775666995e-24
 0.02       6.708851768213438e-23
 0.03       5.094534311487077e-22
 0.04       2.1468325658283002e-21
 0.05       6.551613054895936e-21
 0.06       1.6302509796758656e-20
 0.07       3.5236147396363523e-20
 0.08       6.869864210650561e-20
 0.09       1.2379718376913598e-19
 0.10       2.096516177566698e-19
 0.11       3.376460269132942e-19
 0.12       5.216803134962765e-19
 0.13       7.784217811172716e-19
 0.14       1.1275567166836316e-18
 0.15       1.5920419723397117e-18
 0.16       2.1983565474081794e-18
 0.17       2.9767531703313213e-18
 0.18       3.9615098806123544e-18
 0.19       5.1911816107567285e-18
 0.20       6.708851768213444e-18
 0.21       8.562383817316344e-18
 0.22       1.0804672861225435e-17
 0.23       1.3493897223868196e-17
 0.24       1.6693770031880888e-17
 0.25       2.0473790796549817e-17
 0.26       2.4909496995752743e-17
 0.27       3.008271565590009e-17
 0.28       3.6081814933876285e-17
 0.29       4.3001955698981084e-17
 0.30       5.094534311487087e-17
 0.31       6.002147822149994e-17
 0.32       7.034740951706187e-17
 0.33       8.204798453993069e-17
 0.34       9.525610145060245e-17
 0.35       1.101129606136362e-16
 0.36       1.2676831617959554e-16
 0.37       1.4538072766698985e-16
 0.38       1.661178115442156e-16
 0.39       1.8915649281149762e-16
 0.40       2.1468325658283047e-16
 0.41       2.4289439966791977e-16
 0.42       2.739962821541233e-16
 0.43       3.082055789883927e-16
 0.44       3.457495315592144e-16
 0.45       3.86866199278551e-16
 0.46       4.318047111637828e-16
 0.47       4.808255174196491e-16
 0.48       5.342006410201889e-16
 0.49       5.922139292906831e-16
 0.50       6.551613054895949e-16
 0.51       7.233510203905125e-16
 0.52       7.971039038640887e-16
 0.53       8.767536164599833e-16
 0.54       9.62646900988804e-16
 0.55       1.0551438341040476e-15
 0.56       1.1546180778840423e-15
 0.57       1.2614571314138875e-15
 0.58       1.376062582367396e-15
 0.59       1.4988503585890355e-15
 0.60       1.6302509796758695e-15
 0.61       1.770709808559498e-15
 0.62       1.920687303088e-15
 0.63       2.0806592676078743e-15
 0.64       2.2511171045459817e-15
 0.65       2.4325680659914833e-15
 0.66       2.6255355052777844e-15
 0.67       2.830559128564478e-15
 0.68       3.04819524641928e-15
 0.69       3.2790170253999765e-15
 0.70       3.5236147396363608e-15
 0.71       3.782596022412176e-15
 0.72       4.0565861177470604e-15
 0.73       4.34622813197848e-15
 0.74       4.652183285343678e-15
 0.75       4.9751311635616145e-15
 0.76       5.315769969414903e-15
 0.77       5.674816774331756e-15
 0.78       6.053007769967928e-15
 0.79       6.451098519788651e-15
 0.80       6.869864210650581e-15
 0.81       7.310099904383735e-15
 0.82       7.772620789373437e-15
 0.83       8.258262432142257e-15
 0.84       8.767881028931952e-15
 0.85       9.302353657285406e-15
 0.86       9.862578527628573e-15
 0.87       1.0449475234852421e-14
 0.88       1.1063985009894866e-14
 0.89       1.1707070971322724e-14
 0.90       1.2379718376913637e-14
 0.91       1.308293487523804e-14
 0.92       1.3817750757241059e-14
 0.93       1.458521920782451e-14
 0.94       1.5386416557428783e-14
 0.95       1.6222442533614822e-14
 0.96       1.7094420512646055e-14
 0.97       1.8003497771070335e-14
 0.98       1.895084573730187e-14
 0.99       1.9937660243203192e-14
 1.00       2.096516177566706e-14
 1.01       2.2034595728198443e-14
 1.02       2.3147232652496428e-14
 1.03       2.4304368510036176e-14
 1.04       2.5507324923650866e-14
 1.05       2.6757449429113627e-14
 1.06       2.8056115726719493e-14
 1.07       2.940472393286732e-14
 1.08       3.080470083164175e-14
 1.09       3.225750012639516e-14
 1.10       3.376460269132956e-14
 1.11       3.5327516823078585e-14
 1.12       3.6947778492289385e-14
 1.13       3.862695159520465e-14
 1.14       4.036662820524444e-14
 1.15       4.2168428824588205e-14
 1.16       4.403400263575671e-14
 1.17       4.596502775319397e-14
 1.18       4.796321147484919e-14
 1.19       5.003029053375868e-14
 1.20       5.216803134962787e-14
 1.21       5.437823028041317e-14
 1.22       5.666271387390398e-14
 1.23       5.902333911930457e-14
 1.24       6.146199369881604e-14
 1.25       6.398059623921834e-14
 1.26       6.658109656345204e-14
 1.27       6.926547594220045e-14
 1.28       7.203574734547145e-14
 1.29       7.489395569417951e-14
 1.30       7.784217811172752e-14
 1.31       8.088252417558884e-14
 1.32       8.401713616888919e-14
 1.33       8.724818933198859e-14
 1.34       9.057789211406337e-14
 1.35       9.400848642468799e-14
 1.36       9.754224788541708e-14
 1.37       1.0118148608136729e-13
 1.38       1.0492854481279936e-13
 1.39       1.0878580234669995e-13
 1.40       1.1275567166836363e-13
 1.41       1.1684060073297485e-13
 1.42       1.2104307271718976e-13
 1.43       1.253656062707183e-13
 1.44       1.2981075576790603e-13
 1.45       1.3438111155931618e-13
 1.46       1.3907930022331148e-13
 1.47       1.4390798481763615e-13
 1.48       1.4886986513099783e-13
 1.49       1.5396767793464958e-13
 1.50       1.5920419723397182e-13
 1.51       1.6458223452005402e-13
 1.52       1.7010463902127704e-13
 1.53       1.757742979548948e-13
 1.54       1.8159413677861637e-13
 1.55       1.8756711944218769e-13
 1.56       1.9369624863897382e-13
 1.57       1.9998456605754067e-13
 1.58       2.0643515263323694e-13
 1.59       2.1305112879977625e-13
 1.60       2.1983565474081873e-13
 1.61       2.2679193064155332e-13
 1.62       2.3392319694027967e-13
 1.63       2.4123273457998977e-13
 1.64       2.4872386525995014e-13
 1.65       2.5639995168728393e-13
 1.66       2.6426439782855243e-13
 1.67       2.7232064916133733e-13
 1.68       2.8057219292582265e-13
 1.69       2.890225583763765e-13
 1.70       2.976753170331332e-13
 1.71       3.0653408293357507e-13
 1.72       3.156025128841145e-13
 1.73       3.24884306711676e-13
 1.74       3.343832075152777e-13
 1.75       3.4410300191761376e-13
 1.76       3.5404752031663593e-13
 1.77       3.6422063713713605e-13
 1.78       3.746262710823275e-13
 1.79       3.852683853854268e-13
 1.80       3.9615098806123674e-13
 1.81       4.0727813215772716e-13
 1.82       4.186539160076175e-13
 1.83       4.3028248347995845e-13
 1.84       4.4216802423171425e-13
 1.85       4.5431477395934397e-13
 1.86       4.667270146503844e-13
 1.87       4.794090748350312e-13
 1.88       4.923653298377212e-13
 1.89       5.056002020287141e-13
 1.90       5.191181610756745e-13
 1.91       5.329237241952545e-13
 1.92       5.470214564046741e-13
 1.93       5.614159707733049e-13
 1.94       5.76111928674251e-13
 1.95       5.91114040035931e-13
 1.96       6.064270635936602e-13
 1.97       6.220558071412325e-13
 1.98       6.380051277825024e-13
 1.99       6.542799321829666e-13
 2.00       6.708851768213459e-13
 2.01       6.878258682411683e-13
 2.02       7.051070633023493e-13
 2.03       7.227338694327751e-13
 2.04       7.40711444879884e-13
 2.05       7.590449989622479e-13
 2.06       7.77739792321155e-13
 2.07       7.968011371721918e-13
 2.08       8.162343975568242e-13
 2.09       8.360449895939803e-13
 2.10       8.562383817316314e-13
 2.11       8.768200949983758e-13
 2.12       8.97795703255018e-13
 2.13       9.191708334461533e-13
 2.14       9.409511658517474e-13
 2.15       9.631424343387205e-13
 2.16       9.857504266125282e-13
 2.17       1.0087809844687424e-12
 2.18       1.0322400040446358e-12
 2.19       1.056133436070761e-12
 2.20       1.080467286122535e-12
 2.21       1.105247614871819e-12
 2.22       1.130480538338502e-12
 2.23       1.1561722281420815e-12
 2.24       1.1823289117532462e-12
 2.25       1.2089568727454582e-12
 2.26       1.236062451046533e-12
 2.27       1.2636520431902246e-12
 2.28       1.2917321025678045e-12
 2.29       1.3203091396796455e-12
 2.30       1.3493897223868032e-12
 2.31       1.378980476162597e-12
 2.32       1.4090880843441934e-12
 2.33       1.4397192883841873e-12
 2.34       1.4708808881021836e-12
 2.35       1.5025797419363797e-12
 2.36       1.534822767195148e-12
 2.37       1.5676169403086156e-12
 2.38       1.6009692970802493e-12
 2.39       1.634886932938435e-12
 2.40       1.6693770031880607e-12
 2.41       1.704446723262099e-12
 2.42       1.740103368973188e-12
 2.43       1.7763542767652136e-12
 2.44       1.813206843964891e-12
 2.45       1.8506685290333486e-12
 2.46       1.8887468518177066e-12
 2.47       1.9274493938026634e-12
 2.48       1.9667837983620713e-12
 2.49       2.0067577710105254e-12
 2.50       2.047379079654941e-12
 2.51       2.088655554846137e-12
 2.52       2.1305950900304164e-12
 2.53       2.173205641801151e-12
 2.54       2.2164952301503623e-12
 2.55       2.2604719387203005e-12
 2.56       2.3051439150550307e-12
 2.57       2.3505193708520128e-12
 2.58       2.3966065822136845e-12
 2.59       2.44341388989904e-12
 2.60       2.4909496995752167e-12
 2.61       2.5392224820690734e-12
 2.62       2.5882407736187743e-12
 2.63       2.638013176125371e-12
 2.64       2.688548357404381e-12
 2.65       2.739855051437376e-12
 2.66       2.7919420586235585e-12
 2.67       2.844818246031344e-12
 2.68       2.8984925476499463e-12
 2.69       2.9529739646409574e-12
 2.70       3.0082715655899293e-12
 2.71       3.064394486757955e-12
 2.72       3.1213519323332543e-12
 2.73       3.17915317468275e-12
 2.74       3.237807554603656e-12
 2.75       3.297324481575053e-12
 2.76       3.3577134340094765e-12
 2.77       3.418983959504494e-12
 2.78       3.48114567509429e-12
 2.79       3.5442082675012456e-12
 2.80       3.6081814933875216e-12
 2.81       3.673075179606642e-12
 2.82       3.738899223455074e-12
 2.83       3.8056635929238085e-12
 2.84       3.873378326949945e-12
 2.85       3.942053535668272e-12
 2.86       4.0116994006628516e-12
 2.87       4.0823261752185944e-12
 2.88       4.1539441845728525e-12
 2.89       4.2265638261669886e-12
 2.90       4.300195569897969e-12
 2.91       4.37484995836994e-12
 2.92       4.450537607145811e-12
 2.93       4.527269204998835e-12
 2.94       4.605055514164194e-12
 2.95       4.683907370590574e-12
 2.96       4.763835684191759e-12
 2.97       4.844851439098201e-12
 2.98       4.926965693908607e-12
 2.99       5.0101895819415214e-12
 3.00       5.094534311486908e-12
 3.01       5.18001116605773e-12
 3.02       5.266631504641531e-12
 3.03       5.3544067619520205e-12
 3.04       5.443348448680657e-12
 3.05       5.533468151748225e-12
 3.06       5.624777534556418e-12
 3.07       5.717288337239421e-12
 3.08       5.811012376915497e-12
 3.09       5.905961547938561e-12
 3.10       6.002147822149769e-12
 3.11       6.0995832491290955e-12
 3.12       6.198279956446916e-12
 3.13       6.2982501499155894e-12
 3.14       6.399506113841044e-12
 3.15       6.50206021127435e-12
 3.16       6.605924884263313e-12
 3.17       6.711112654104047e-12
 3.18       6.817636121592558e-12
 3.19       6.925507967276332e-12
 3.20       7.0347409517059054e-12
 3.21       7.145347915686462e-12
 3.22       7.257341780529401e-12
 3.23       7.370735548303928e-12
 3.24       7.485542302088631e-12
 3.25       7.601775206223066e-12
 3.26       7.71944750655934e-12
 3.27       7.838572530713688e-12
 3.28       7.95916368831806e-12
 3.29       8.0812344712717e-12
 3.30       8.204798453992726e-12
 3.31       8.329869293669722e-12
 3.32       8.456460730513305e-12
 3.33       8.584586588007717e-12
 3.34       8.714260773162407e-12
 3.35       8.845497276763607e-12
 3.36       8.978310173625921e-12
 3.37       9.112713622843902e-12
 3.38       9.24872186804363e-12
 3.39       9.386349237634304e-12
 3.40       9.525610145059826e-12
 3.41       9.666519089050362e-12
 3.42       9.809090653873951e-12
 3.43       9.95333950958806e-12
 3.44       1.0099280412291195e-11
 3.45       1.024692820437446e-11
 3.46       1.0396297814773145e-11
 3.47       1.0547404259218315e-11
 3.48       1.070026264048838e-11
 3.49       1.0854888148660695e-11
 3.50       1.1011296061363115e-11
 3.51       1.1169501744025607e-11
 3.52       1.1329520650131807e-11
 3.53       1.1491368321470623e-11
 3.54       1.1655060388387793e-11
 3.55       1.182061257003749e-11
 3.56       1.1988040674633894e-11
 3.57       1.2157360599702769e-11
 3.58       1.2328588332333054e-11
 3.59       1.2501739949428439e-11
 3.60       1.267683161795895e-11
 3.61       1.2853879595212532e-11
 3.62       1.303290022904662e-11
 3.63       1.3213909958139747e-11
 3.64       1.3396925312243088e-11
 3.65       1.3581962912432079e-11
 3.66       1.376903947135798e-11
 3.67       1.3958171793499445e-11
 3.68       1.4149376775414139e-11
 3.69       1.4342671405990284e-11
 3.70       1.4538072766698269e-11
 3.71       1.473559803184221e-11
 3.72       1.493526446881154e-11
 3.73       1.51370894383326e-11
 3.74       1.5341090394720208e-11
 3.75       1.5547284886129254e-11
 3.76       1.575569055480626e-11
 3.77       1.5966325137340987e-11
 3.78       1.6179206464918007e-11
 3.79       1.6394352463568268e-11
 3.80       1.6611781154420712e-11
 3.81       1.6831510653953826e-11
 3.82       1.705355917424724e-11
 3.83       1.7277945023233294e-11
 3.84       1.750468660494864e-11
 3.85       1.773380241978581e-11
 3.86       1.7965311064744795e-11
 3.87       1.819923123368465e-11
 3.88       1.8435581717575037e-11
 3.89       1.8674381404747853e-11
 3.90       1.8915649281148767e-11
 3.91       1.915940443058884e-11
 3.92       1.9405666034996073e-11
 3.93       1.965445337466702e-11
 3.94       1.9905785828518353e-11
 3.95       2.015968287433845e-11
 3.96       2.0416164089038953e-11
 3.97       2.0675249148906405e-11
 3.98       2.0936957829853775e-11
 3.99       2.1201310007672063e-11
 4.00       2.1468325658281887e-11
 4.01       2.1738024857985074e-11
 4.02       2.2010427783716195e-11
 4.03       2.2285554713294196e-11
 4.04       2.2563426025673962e-11
 4.05       2.284406220119792e-11
 4.06       2.3127483821847566e-11
 4.07       2.3413711571495114e-11
 4.08       2.3702766236155028e-11
 4.09       2.3994668704235617e-11
 4.10       2.428943996679064e-11
 4.11       2.4587101117770867e-11
 4.12       2.4887673354275648e-11
 4.13       2.5191177976804525e-11
 4.14       2.54976363895088e-11
 4.15       2.5807070100443105e-11
 4.16       2.611950072181701e-11
 4.17       2.643494997024658e-11
 4.18       2.6753439667005972e-11
 4.19       2.7074991738279023e-11
 4.20       2.7399628215410797e-11
 4.21       2.7727371235159204e-11
 4.22       2.8058243039946582e-11
 4.23       2.839226597811125e-11
 4.24       2.8729462504159107e-11
 4.25       2.9069855179015223e-11
 4.26       2.9413466670275406e-11
 4.27       2.9760319752457775e-11
 4.28       3.0110437307254384e-11
 4.29       3.0463842323782757e-11
 4.30       3.08205578988375e-11
 4.31       3.1180607237141855e-11
 4.32       3.1544013651599306e-11
 4.33       3.191080056354517e-11
 4.34       3.228099150299814e-11
 4.35       3.2654610108911896e-11
 4.36       3.303168012942669e-11
 4.37       3.341222542212091e-11
 4.38       3.379626995426268e-11
 4.39       3.41838378030614e-11
 4.40       3.45749531559194e-11
 4.41       3.496964031068349e-11
 4.42       3.5367923675896464e-11
 4.43       3.576982777104884e-11
 4.44       3.617537722683029e-11
 4.45       3.658459678538132e-11
 4.46       3.6997511300544805e-11
 4.47       3.741414573811759e-11
 4.48       3.783452517610205e-11
 4.49       3.825867480495771e-11
 4.50       3.868661992785278e-11
 4.51       3.91183859609158e-11
 4.52       3.955399843348715e-11
 4.53       3.9993482988370664e-11
 4.54       4.0436865382085244e-11
 4.55       4.088417148511638e-11
 4.56       4.1335427282167766e-11
 4.57       4.17906588724129e-11
 4.58       4.224989246974665e-11
 4.59       4.2713154403036786e-11
 4.60       4.318047111637565e-11
 4.61       4.3651869169331696e-11
 4.62       4.4127375237201024e-11
 4.63       4.460701611125906e-11
 4.64       4.5090818699012075e-11
 4.65       4.5578810024448755e-11
 4.66       4.607101722829184e-11
 4.67       4.656746756824964e-11
 4.68       4.706818841926768e-11
 4.69       4.757320727378023e-11
 4.70       4.808255174196193e-11
 4.71       4.8596249551979314e-11
 4.72       4.911432855024247e-11
 4.73       4.963681670165655e-11
 4.74       5.01637420898734e-11
 4.75       5.069513291754312e-11
 4.76       5.123101750656564e-11
 4.77       5.177142429834232e-11
 4.78       5.231638185402753e-11
 4.79       5.2865918854780233e-11
 4.80       5.3420064102015525e-11
 4.81       5.397884651765628e-11
 4.82       5.454229514438471e-11
 4.83       5.511043914589391e-11
 4.84       5.5683307807139504e-11
 4.85       5.6260930534591186e-11
 4.86       5.684333685648428e-11
 4.87       5.743055642307139e-11
 4.88       5.802261900687392e-11
 4.89       5.861955450293371e-11
 4.90       5.922139292906452e-11
 4.91       5.982816442610377e-11
 4.92       6.043989925816394e-11
 4.93       6.105662781288434e-11
 4.94       6.167838060168251e-11
 4.95       6.230518826000591e-11
 4.96       6.293708154758353e-11
 4.97       6.357409134867734e-11
 4.98       6.421624867233402e-11
 4.99       6.486358465263644e-11
 5.00       6.551613054895527e-11
 5.01       6.617391774620061e-11
 5.02       6.683697775507349e-11
 5.03       6.75053422123175e-11
 5.04       6.817904288097038e-11
 5.05       6.885811165061559e-11
 5.06       6.954258053763386e-11
 5.07       7.023248168545481e-11
 5.08       7.092784736480854e-11
 5.09       7.16287099739772e-11
 5.10       7.233510203904653e-11
 5.11       7.304705621415749e-11
 5.12       7.376460528175787e-11
 5.13       7.448778215285375e-11
 5.14       7.521661986726124e-11
 5.15       7.595115159385798e-11
 5.16       7.669141063083466e-11
 5.17       7.743743040594677e-11
 5.18       7.818924447676599e-11
 5.19       7.894688653093195e-11
 5.20       7.97103903864036e-11
 5.21       8.047978999171104e-11
 5.22       8.125511942620697e-11
 5.23       8.20364129003182e-11
 5.24       8.282370475579734e-11
 5.25       8.361702946597444e-11
 5.26       8.441642163600838e-11
 5.27       8.522191600313859e-11
 5.28       8.603354743693668e-11
 5.29       8.68513509395578e-11
 5.30       8.767536164599244e-11
 5.31       8.850561482431801e-11
 5.32       8.934214587595023e-11
 5.33       9.018499033589486e-11
 5.34       9.10341838729993e-11
 5.35       9.188976229020409e-11
 5.36       9.275176152479452e-11
 5.37       9.362021764865225e-11
 5.38       9.449516686850684e-11
 5.39       9.53766455261873e-11
 5.40       9.626469009887385e-11
 5.41       9.715933719934926e-11
 5.42       9.806062357625063e-11
 5.43       9.896858611432083e-11
 5.44       9.988326183466014e-11
 5.45       1.0080468789497789e-10
 5.46       1.0173290158984396e-10
 5.47       1.0266794035094036e-10
 5.48       1.0360984174731288e-10
 5.49       1.0455864348562259e-10
 5.50       1.0551438341039754e-10
 5.51       1.0647709950428414e-10
 5.52       1.07446829888299e-10
 5.53       1.0842361282208032e-10
 5.54       1.0940748670413952e-10
 5.55       1.1039849007211283e-10
 5.56       1.1139666160301291e-10
 5.57       1.1240204011348037e-10
 5.58       1.1341466456003541e-10
 5.59       1.1443457403932937e-10
 5.60       1.1546180778839623e-10
 5.61       1.1649640518490436e-10
 5.62       1.1753840574740803e-10
 5.63       1.185878491355989e-10
 5.64       1.1964477515055776e-10
 5.65       1.20709223735006e-10
 5.66       1.2178123497355717e-10
 5.67       1.2286084909296876e-10
 5.68       1.239481064623935e-10
 5.69       1.2504304759363113e-10
 5.70       1.261457131413799e-10
 5.71       1.272561439034883e-10
 5.72       1.2837438082120637e-10
 5.73       1.2950046497943755e-10
 5.74       1.3063443760699006e-10
 5.75       1.3177634007682873e-10
 5.76       1.3292621390632624e-10
 5.77       1.3408410075751498e-10
 5.78       1.3525004243733854e-10
 5.79       1.3642408089790327e-10
 5.80       1.3760625823672986e-10
 5.81       1.3879661669700501e-10
 5.82       1.3999519866783286e-10
 5.83       1.4120204668448675e-10
 5.84       1.4241720342866066e-10
 5.85       1.436407117287208e-10
 5.86       1.4487261455995734e-10
 5.87       1.461129550448358e-10
 5.88       1.4736177645324874e-10
 5.89       1.486191222027673e-10
 5.90       1.4988503585889285e-10
 5.91       1.5115956113530847e-10
 5.92       1.5244274189413066e-10
 5.93       1.537346221461608e-10
 5.94       1.5503524605113677e-10
 5.95       1.5634465791798446e-10
 5.96       1.5766290220506966e-10
 5.97       1.5899002352044925e-10
 5.98       1.603260666221229e-10
 5.99       1.616710764182848e-10
 6.00       1.6302509796757515e-10
 6.01       1.6438817647933172e-10
 6.02       1.6576035731384134e-10
 6.03       1.6714168598259176e-10
 6.04       1.685322081485229e-10
 6.05       1.6993196962627868e-10
 6.06       1.713410163824585e-10
 6.07       1.7275939453586888e-10
 6.08       1.7418715035777484e-10
 6.09       1.7562433027215174e-10
 6.10       1.7707098085593686e-10
 6.11       1.7852714883928075e-10
 6.12       1.7999288110579893e-10
 6.13       1.8146822469282358e-10
 6.14       1.8295322679165495e-10
 6.15       1.844479347478131e-10
 6.16       1.8595239606128935e-10
 6.17       1.8746665838679782e-10
 6.18       1.889907695340273e-10
 6.19       1.905247774678925e-10
 6.20       1.9206873030878587e-10
 6.21       1.9362267633282896e-10
 6.22       1.9518666397212423e-10
 6.23       1.9676074181500644e-10
 6.24       1.983449586062944e-10
 6.25       1.9993936324754236e-10
 6.26       2.0154400479729188e-10
 6.27       2.0315893247132304e-10
 6.28       2.047841956429063e-10
 6.29       2.0641984384305402e-10
 6.30       2.0806592676077204e-10
 6.31       2.0972249424331115e-10
 6.32       2.1138959629641876e-10
 6.33       2.1306728308459063e-10
 6.34       2.1475560493132212e-10
 6.35       2.1645461231936015e-10
 6.36       2.181643558909544e-10
 6.37       2.1988488644810924e-10
 6.38       2.2161625495283504e-10
 6.39       2.2335851252739993e-10
 6.40       2.251117104545813e-10
 6.41       2.2687590017791748e-10
 6.42       2.2865113330195906e-10
 6.43       2.3043746159252078e-10
 6.44       2.3223493697693297e-10
 6.45       2.3404361154429327e-10
 6.46       2.3586353754571775e-10
 6.47       2.3769476739459317e-10
 6.48       2.395373536668282e-10
 6.49       2.413913491011047e-10
 6.50       2.4325680659912994e-10
 6.51       2.45133779225888e-10
 6.52       2.4702232020989066e-10
 6.53       2.4892248294343007e-10
 6.54       2.5083432098282965e-10
 6.55       2.527578880486958e-10
 6.56       2.546932380261695e-10
 6.57       2.5664042496517785e-10
 6.58       2.5859950308068583e-10
 6.59       2.605705267529477e-10
 6.60       2.625535505277586e-10
 6.61       2.645486291167062e-10
 6.62       2.665558173974223e-10
 6.63       2.6857517041383433e-10
 6.64       2.7060674337641686e-10
 6.65       2.7265059166244343e-10
 6.66       2.7470677081623795e-10
 6.67       2.767753365494263e-10
 6.68       2.7885634474118797e-10
 6.69       2.8094985143850746e-10
 6.70       2.830559128564263e-10
 6.71       2.85174585378294e-10
 6.72       2.8730592555602017e-10
 6.73       2.8944999011032596e-10
 6.74       2.916068359309954e-10
 6.75       2.9377652007712725e-10
 6.76       2.959590997773866e-10
 6.77       2.9815463243025617e-10
 6.78       3.0036317560428807e-10
 6.79       3.0258478703835575e-10
 6.80       3.048195246419047e-10
 6.81       3.0706744649520485e-10
 6.82       3.093286108496017e-10
 6.83       3.1160307612776837e-10
 6.84       3.138909009239564e-10
 6.85       3.1619214400424806e-10
 6.86       3.185068643068078e-10
 6.87       3.2083512094213346e-10
 6.88       3.23176973193308e-10
 6.89       3.255324805162516e-10
 6.90       3.279017025399724e-10
 6.91       3.302846990668186e-10
 6.92       3.326815300727302e-10
 6.93       3.3509225570748985e-10
 6.94       3.375169362949755e-10
 6.95       3.3995563233341075e-10
 6.96       3.424084044956175e-10
 6.97       3.44875313629267e-10
 6.98       3.473564207571314e-10
 6.99       3.498517870773356e-10
 7.00       3.523614739636087e-10
 7.01       3.5488554296553554e-10
 7.02       3.574240558088082e-10
 7.03       3.5997707439547814e-10
 7.04       3.6254466080420665e-10
 7.05       3.651268772905176e-10
 7.06       3.677237862870486e-10
 7.07       3.7033545040380216e-10
 7.08       3.729619324283979e-10
 7.09       3.756032953263239e-10
 7.10       3.7825960224118814e-10
 7.11       3.809309164949702e-10
 7.12       3.8361730158827284e-10
 7.13       3.8631882120057375e-10
 7.14       3.890355391904768e-10
 7.15       3.917675195959637e-10
 7.16       3.9451482663464574e-10
 7.17       3.972775247040155e-10
 7.18       4.000556783816979e-10
 7.19       4.028493524257024e-10
 7.20       4.056586117746742e-10
 7.21       4.0848352154814564e-10
 7.22       4.113241470467885e-10
 7.23       4.1418055375266504e-10
 7.24       4.1705280732947937e-10
 7.25       4.1994097362282963e-10
 7.26       4.2284511866045924e-10
 7.27       4.257653086525085e-10
 7.28       4.287016099917661e-10
 7.29       4.316540892539209e-10
 7.30       4.346228131978136e-10
 7.31       4.376078487656879e-10
 7.32       4.406092630834422e-10
 7.33       4.436271234608816e-10
 7.34       4.4666149739196896e-10
 7.35       4.4971245255507685e-10
 7.36       4.52780056813239e-10
 7.37       4.5586437821440175e-10
 7.38       4.589654849916756e-10
 7.39       4.620834455635873e-10
 7.40       4.6521832853433085e-10
 7.41       4.683702026940196e-10
 7.42       4.715391370189368e-10
 7.43       4.747252006717888e-10
 7.44       4.779284630019553e-10
 7.45       4.811489935457413e-10
 7.46       4.843868620266291e-10
 7.47       4.876421383555292e-10
 7.48       4.909148926310325e-10
 7.49       4.942051951396614e-10
 7.50       4.975131163561218e-10
 7.51       5.008387269435541e-10
 7.52       5.041820977537857e-10
 7.53       5.075432998275819e-10
 7.54       5.109224043948969e-10
 7.55       5.143194828751271e-10
 7.56       5.177346068773612e-10
 7.57       5.211678482006324e-10
 7.58       5.246192788341695e-10
 7.59       5.280889709576494e-10
 7.60       5.315769969414476e-10
 7.61       5.350834293468906e-10
 7.62       5.386083409265071e-10
 7.63       5.421518046242796e-10
 7.64       5.45713893575896e-10
 7.65       5.492946811090016e-10
 7.66       5.528942407434498e-10
 7.67       5.565126461915542e-10
 7.68       5.601499713583405e-10
 7.69       5.638062903417979e-10
 7.70       5.674816774331298e-10
 7.71       5.711762071170068e-10
 7.72       5.748899540718173e-10
 7.73       5.786229931699194e-10
 7.74       5.823753994778925e-10
 7.75       5.861472482567887e-10
 7.76       5.899386149623849e-10
 7.77       5.937495752454334e-10
 7.78       5.975802049519145e-10
 7.79       6.01430580123288e-10
 7.80       6.053007769967437e-10
 7.81       6.091908720054542e-10
 7.82       6.131009417788257e-10
 7.83       6.170310631427504e-10
 7.84       6.20981313119857e-10
 7.85       6.249517689297633e-10
 7.86       6.289425079893272e-10
 7.87       6.329536079128982e-10
 7.88       6.369851465125698e-10
 7.89       6.410372017984295e-10
 7.90       6.451098519788126e-10
 7.91       6.492031754605514e-10
 7.92       6.533172508492286e-10
 7.93       6.574521569494282e-10
 7.94       6.61607972764987e-10
 7.95       6.657847774992459e-10
 7.96       6.699826505553024e-10
 7.97       6.742016715362616e-10
 7.98       6.784419202454875e-10
 7.99       6.827034766868551e-10
 8.00       6.869864210650017e-10
 8.01       6.912908337855787e-10
 8.02       6.956167954555033e-10
 8.03       6.999643868832088e-10
 8.04       7.043336890788986e-10
 8.05       7.087247832547954e-10
 8.06       7.131377508253945e-10
 8.07       7.175726734077139e-10
 8.08       7.22029632821547e-10
 8.09       7.26508711089714e-10
 8.10       7.310099904383134e-10
 8.11       7.355335532969728e-10
 8.12       7.400794822991019e-10
 8.13       7.446478602821431e-10
 8.14       7.492387702878232e-10
 8.15       7.538522955624053e-10
 8.16       7.584885195569401e-10
 8.17       7.631475259275177e-10
 8.18       7.678293985355188e-10
 8.19       7.725342214478671e-10
 8.20       7.772620789372794e-10
 8.21       7.820130554825193e-10
 8.22       7.867872357686465e-10
 8.23       7.9158470468727e-10
 8.24       7.964055473367993e-10
 8.25       8.012498490226956e-10
 8.26       8.061176952577232e-10
 8.27       8.110091717622025e-10
 8.28       8.159243644642597e-10
 8.29       8.208633595000797e-10
 8.30       8.258262432141571e-10
 8.31       8.308131021595483e-10
 8.32       8.35824023098122e-10
 8.33       8.408590930008118e-10
 8.34       8.459183990478682e-10
 8.35       8.510020286291079e-10
 8.36       8.561100693441684e-10
 8.37       8.612426090027576e-10
 8.38       8.663997356249058e-10
 8.39       8.715815374412172e-10
 8.40       8.767881028931223e-10
 8.41       8.82019520633128e-10
 8.42       8.872758795250713e-10
 8.43       8.925572686443678e-10
 8.44       8.978637772782671e-10
 8.45       9.031954949261008e-10
 8.46       9.085525112995362e-10
 8.47       9.139349163228276e-10
 8.48       9.193428001330673e-10
 8.49       9.247762530804378e-10
 8.50       9.302353657284626e-10
 8.51       9.357202288542593e-10
 8.52       9.412309334487882e-10
 8.53       9.46767570717108e-10
 8.54       9.52330232078624e-10
 8.55       9.579190091673413e-10
 8.56       9.635339938321155e-10
 8.57       9.69175278136905e-10
 8.58       9.74842954361023e-10
 8.59       9.805371149993878e-10
 8.60       9.862578527627746e-10
 8.61       9.92005260578068e-10
 8.62       9.977794315885135e-10
 8.63       1.003580459153968e-09
 8.64       1.0094084368511517e-09
 8.65       1.0152634584739014e-09
 8.66       1.0211456180334193e-09
 8.67       1.0270550097585264e-09
 8.68       1.0329917280959142e-09
 8.69       1.0389558677103946e-09
 8.70       1.044947523485154e-09
 8.71       1.0509667905220026e-09
 8.72       1.0570137641416274e-09
 8.73       1.0630885398838423e-09
 8.74       1.0691912135078421e-09
 8.75       1.0753218809924514e-09
 8.76       1.0814806385363782e-09
 8.77       1.087667582558464e-09
 8.78       1.093882809697937e-09
 8.79       1.100126416814662e-09
 8.80       1.1063985009893932e-09
 8.81       1.1126991595240246e-09
 8.82       1.1190284899418433e-09
 8.83       1.1253865899877795e-09
 8.84       1.1317735576286585e-09
 8.85       1.1381894910534532e-09
 8.86       1.1446344886735342e-09
 8.87       1.1511086491229224e-09
 8.88       1.1576120712585404e-09
 8.89       1.1641448541604639e-09
 8.90       1.1707070971321732e-09
 8.91       1.177298899700805e-09
 8.92       1.1839203616174044e-09
 8.93       1.190571582857175e-09
 8.94       1.197252663619733e-09
 8.95       1.2039637043293556e-09
 8.96       1.2107048056352356e-09
 8.97       1.2174760684117308e-09
 8.98       1.2242775937586163e-09
 8.99       1.2311094830013372e-09
 9.00       1.2379718376912584e-09
 9.01       1.2448647596059176e-09
 9.02       1.2517883507492748e-09
 9.03       1.2587427133519673e-09
 9.04       1.2657279498715578e-09
 9.05       1.272744162992788e-09
 9.06       1.27979145562783e-09
 9.07       1.2868699309165372e-09
 9.08       1.2939796922266964e-09
 9.09       1.3011208431542785e-09
 9.10       1.3082934875236922e-09
 9.11       1.3154977293880328e-09
 9.12       1.3227336730293365e-09
 9.13       1.330001422958829e-09
 9.14       1.3373010839171808e-09
 9.15       1.3446327608747545e-09
 9.16       1.35199655903186e-09
 9.17       1.3593925838190047e-09
 9.18       1.3668209408971443e-09
 9.19       1.3742817361579357e-09
 9.20       1.3817750757239876e-09
 9.21       1.389301065949113e-09
 9.22       1.3968598134185804e-09
 9.23       1.4044514249493644e-09
 9.24       1.4120760075903988e-09
 9.25       1.4197336686228276e-09
 9.26       1.4274245155602558e-09
 9.27       1.4351486561490025e-09
 9.28       1.4429061983683519e-09
 9.29       1.4506972504308034e-09
 9.30       1.4585219207823254e-09
 9.31       1.4663803181026057e-09
 9.32       1.474272551305304e-09
 9.33       1.4821987295383007e-09
 9.34       1.4901589621839531e-09
 9.35       1.4981533588593429e-09
 9.36       1.5061820294165302e-09
 9.37       1.5142450839428031e-09
 9.38       1.5223426327609317e-09
 9.39       1.530474786429417e-09
 9.40       1.5386416557427453e-09
 9.41       1.5468433517316375e-09
 9.42       1.5550799856633012e-09
 9.43       1.5633516690416837e-09
 9.44       1.5716585136077219e-09
 9.45       1.580000631339594e-09
 9.46       1.5883781344529723e-09
 9.47       1.5967911354012734e-09
 9.48       1.6052397468759111e-09
 9.49       1.6137240818065468e-09
 9.50       1.622244253361342e-09
 9.51       1.6308003749472084e-09
 9.52       1.639392560210062e-09
 9.53       1.6480209230350725e-09
 9.54       1.6566855775469158e-09
 9.55       1.6653866381100248e-09
 9.56       1.6741242193288422e-09
 9.57       1.6828984360480713e-09
 9.58       1.6917094033529284e-09
 9.59       1.7005572365693917e-09
 9.60       1.7094420512644573e-09
 9.61       1.7183639632463864e-09
 9.62       1.727323088564961e-09
 9.63       1.7363195435117315e-09
 9.64       1.7453534446202707e-09
 9.65       1.7544249086664244e-09
 9.66       1.763534052668565e-09
 9.67       1.772680993887839e-09
 9.68       1.7818658498284232e-09
 9.69       1.7910887382377738e-09
 9.70       1.800349777106877e-09
 9.71       1.8096490846705027e-09
 9.72       1.8189867794074557e-09
 9.73       1.828362980040826e-09
 9.74       1.8377778055382428e-09
 9.75       1.8472313751121225e-09
 9.76       1.8567238082199236e-09
 9.77       1.866255224564396e-09
 9.78       1.8758257440938357e-09
 9.79       1.885435487002332e-09
 9.80       1.8950845737300216e-09
 9.81       1.9047731249633414e-09
 9.82       1.914501261635277e-09
 9.83       1.9242691049256167e-09
 9.84       1.934076776261203e-09
 9.85       1.9439243973161804e-09
 9.86       1.953812090012255e-09
 9.87       1.9637399765189357e-09
 9.88       1.9737081792537954e-09
 9.89       1.983716820882717e-09
 9.90       1.9937660243201446e-09
 9.91       2.0038559127293394e-09
 9.92       2.013986609522628e-09
 9.93       2.0241582383616536e-09
 9.94       2.0343709231576295e-09
 9.95       2.0446247880715905e-09
 9.96       2.0549199575146428e-09
 9.97       2.065256556148217e-09
 9.98       2.0756347088843194e-09
 9.99       2.0860545408857837e-09
