 0.01       nan       
 0.02       nan       
 0.03       nan       
 0.04       nan       
 0.05       nan       
 0.06       nan       
 0.07       nan       
 0.08       nan       
 0.09       nan       
 0.10       nan       
 0.11       nan       
 0.12       nan       
 0.13       nan       
 0.14       nan       
 0.15       nan       
 0.16       nan       
 0.17       nan       
 0.18       nan       
 0.19       nan       
 0.20       nan       
 0.21       nan       
 0.22       nan       
 0.23       nan       
 0.24       nan       
 0.25       nan       
 0.26       nan       
 0.27       nan       
 0.28       nan       
 0.29       nan       
 0.30       nan       
 0.31       nan       
 0.32       nan       
 0.33       nan       
 0.34       nan       
 0.35       nan       
 0.36       nan       
 0.37       nan       
 0.38       nan       
 0.39       nan       
 0.40       nan       
 0.41       nan       
 0.42       nan       
 0.43       nan       
 0.44       nan       
 0.45       nan       
 0.46       nan       
 0.47       nan       
 0.48       nan       
 0.49       nan       
 0.50       nan       
 0.51       nan       
 0.52       nan       
 0.53       nan       
 0.54       nan       
 0.55       nan       
 0.56       nan       
 0.57       nan       
 0.58       nan       
 0.59       nan       
 0.60       nan       
 0.61       nan       
 0.62       nan       
 0.63       nan       
 0.64       nan       
 0.65       nan       
 0.66       nan       
 0.67       nan       
 0.68       nan       
 0.69       nan       
 0.70       nan       
 0.71       nan       
 0.72       nan       
 0.73       nan       
 0.74       nan       
 0.75       nan       
 0.76       nan       
 0.77       nan       
 0.78       nan       
 0.79       nan       
 0.80       nan       
 0.81       nan       
 0.82       nan       
 0.83       nan       
 0.84       nan       
 0.85       nan       
 0.86       nan       
 0.87       nan       
 0.88       nan       
 0.89       nan       
 0.90       nan       
 0.91       nan       
 0.92       nan       
 0.93       nan       
 0.94       nan       
 0.95       nan       
 0.96       nan       
 0.97       nan       
 0.98       nan       
 0.99       nan       
 1.00       nan       
 1.01       nan       
 1.02       nan       
 1.03       nan       
 1.04       nan       
 1.05       nan       
 1.06       nan       
 1.07       nan       
 1.08       nan       
 1.09       nan       
 1.10       nan       
 1.11       nan       
 1.12       nan       
 1.13       nan       
 1.14       nan       
 1.15       nan       
 1.16       nan       
 1.17       nan       
 1.18       nan       
 1.19       nan       
 1.20       nan       
 1.21       nan       
 1.22       nan       
 1.23       nan       
 1.24       nan       
 1.25       nan       
 1.26       nan       
 1.27       nan       
 1.28       nan       
 1.29       nan       
 1.30       nan       
 1.31       nan       
 1.32       nan       
 1.33       nan       
 1.34       nan       
 1.35       nan       
 1.36       nan       
 1.37       nan       
 1.38       nan       
 1.39       nan       
 1.40       nan       
 1.41       nan       
 1.42       nan       
 1.43       nan       
 1.44       nan       
 1.45       nan       
 1.46       nan       
 1.47       nan       
 1.48       nan       
 1.49       nan       
 1.50       nan       
 1.51       nan       
 1.52       nan       
 1.53       nan       
 1.54       nan       
 1.55       nan       
 1.56       nan       
 1.57       nan       
 1.58       nan       
 1.59       nan       
 1.60       nan       
 1.61       nan       
 1.62       nan       
 1.63       nan       
 1.64       nan       
 1.65       nan       
 1.66       nan       
 1.67       nan       
 1.68       nan       
 1.69       nan       
 1.70       nan       
 1.71       nan       
 1.72       nan       
 1.73       nan       
 1.74       nan       
 1.75       nan       
 1.76       nan       
 1.77       nan       
 1.78       nan       
 1.79       nan       
 1.80       nan       
 1.81       nan       
 1.82       nan       
 1.83       nan       
 1.84       nan       
 1.85       nan       
 1.86       nan       
 1.87       nan       
 1.88       nan       
 1.89       nan       
 1.90       nan       
 1.91       nan       
 1.92       nan       
 1.93       nan       
 1.94       nan       
 1.95       nan       
 1.96       nan       
 1.97       nan       
 1.98       nan       
 1.99       nan       
 2.00       nan       
 2.01       nan       
 2.02       nan       
 2.03       nan       
 2.04       nan       
 2.05       nan       
 2.06       nan       
 2.07       nan       
 2.08       nan       
 2.09       nan       
 2.10       nan       
 2.11       nan       
 2.12       nan       
 2.13       nan       
 2.14       nan       
 2.15       nan       
 2.16       nan       
 2.17       nan       
 2.18       nan       
 2.19       nan       
 2.20       nan       
 2.21       nan       
 2.22       nan       
 2.23       nan       
 2.24       nan       
 2.25       nan       
 2.26       nan       
 2.27       nan       
 2.28       nan       
 2.29       nan       
 2.30       nan       
 2.31       nan       
 2.32       nan       
 2.33       nan       
 2.34       nan       
 2.35       nan       
 2.36       nan       
 2.37       nan       
 2.38       nan       
 2.39       nan       
 2.40       nan       
 2.41       nan       
 2.42       nan       
 2.43       nan       
 2.44       nan       
 2.45       nan       
 2.46       nan       
 2.47       nan       
 2.48       nan       
 2.49       nan       
 2.50       nan       
 2.51       nan       
 2.52       nan       
 2.53       nan       
 2.54       nan       
 2.55       nan       
 2.56       nan       
 2.57       nan       
 2.58       nan       
 2.59       nan       
 2.60       nan       
 2.61       nan       
 2.62       nan       
 2.63       nan       
 2.64       nan       
 2.65       nan       
 2.66       nan       
 2.67       -3.819633708903961e-14
 2.68       -7.223531986651504e-14
 2.69       -9.573129085607208e-14
 2.70       -1.153197029264166e-13
 2.71       -1.327408752316308e-13
 2.72       -1.4875620298710112e-13
 2.73       -1.637758037840915e-13
 2.74       -1.78048292935509e-13
 2.75       -1.9173638649970833e-13
 2.76       -2.049524276636404e-13
 2.77       -2.1777706205650806e-13
 2.78       -2.302698922103235e-13
 2.79       -2.424759490395628e-13
 2.80       -2.5442982258250893e-13
 2.81       -2.6615840720326637e-13
 2.82       -2.776827881107667e-13
 2.83       -2.8901957493279907e-13
 2.84       -3.0018186747633467e-13
 2.85       -3.111799699054197e-13
 2.86       -3.220219286210141e-13
 2.87       -3.327139439476835e-13
 2.88       -3.432606897799118e-13
 2.89       -3.5366556496539067e-13
 2.90       -3.63930893295011e-13
 2.91       -3.7405808427336637e-13
 2.92       -3.8404776359063237e-13
 2.93       -3.9389987992460453e-13
 2.94       -4.0361379306158585e-13
 2.95       -4.131883471343635e-13
 2.96       -4.226219319003341e-13
 2.97       -4.3191253433159435e-13
 2.98       -4.41057782298897e-13
 2.99       -4.5005498175897824e-13
 3.00       -4.589011485690914e-13
 3.01       -4.67593035831371e-13
 3.02       -4.761271574970593e-13
 3.03       -4.844998088247903e-13
 3.04       -4.927070841796152e-13
 3.05       -5.007448925735633e-13
 3.06       -5.086089712796451e-13
 3.07       -5.162948977955915e-13
 3.08       -5.237981003883402e-13
 3.09       -5.311138674133983e-13
 3.10       -5.382373555728547e-13
 3.11       -5.451635972508595e-13
 3.12       -5.518875070445617e-13
 3.13       -5.58403887591326e-13
 3.14       -5.64707434778559e-13
 3.15       -5.707927424103843e-13
 3.16       -5.766543063952175e-13
 3.17       -5.822865285095971e-13
 3.18       -5.87683719786401e-13
 3.19       -5.928401035692256e-13
 3.20       -5.977498182694944e-13
 3.21       -6.024069198581711e-13
 3.22       -6.068053841201582e-13
 3.23       -6.109391086959484e-13
 3.24       -6.148019149323052e-13
 3.25       -6.183875495611004e-13
 3.26       -6.216896862232737e-13
 3.27       -6.24701926853031e-13
 3.28       -6.274178029356238e-13
 3.29       -6.298307766505795e-13
 3.30       -6.319342419111399e-13
 3.31       -6.337215253093054e-13
 3.32       -6.351858869750264e-13
 3.33       -6.363205213572295e-13
 3.34       -6.371185579334373e-13
 3.35       -6.375730618542617e-13
 3.36       -6.376770345282765e-13
 3.37       -6.374234141522377e-13
 3.38       -6.368050761913823e-13
 3.39       -6.358148338136297e-13
 3.40       -6.344454382817226e-13
 3.41       -6.326895793063989e-13
 3.42       -6.305398853638981e-13
 3.43       -6.279889239804542e-13
 3.44       -6.250292019864051e-13
 3.45       -6.216531657421443e-13
 3.46       -6.178532013381914e-13
 3.47       -6.136216347712024e-13
 3.48       -6.089507320976494e-13
 3.49       -6.038326995669937e-13
 3.50       -5.982596837356853e-13
 3.51       -5.922237715633392e-13
 3.52       -5.857169904924583e-13
 3.53       -5.787313085128676e-13
 3.54       -5.712586342117791e-13
 3.55       -5.632908168105547e-13
 3.56       -5.548196461892165e-13
 3.57       -5.458368528992249e-13
 3.58       -5.363341081656657e-13
 3.59       -5.263030238791779e-13
 3.60       -5.157351525786564e-13
 3.61       -5.046219874251363e-13
 3.62       -4.929549621673322e-13
 3.63       -4.807254510996419e-13
 3.64       -4.679247690129447e-13
 3.65       -4.5454417113849455e-13
 3.66       -4.405748530856829e-13
 3.67       -4.2600795077380686e-13
 3.68       -4.108345403582056e-13
 3.69       -3.950456381513146e-13
 3.70       -3.7863220053866773e-13
 3.71       -3.6158512389043974e-13
 3.72       -3.438952444685551e-13
 3.73       -3.2555333832975133e-13
 3.74       -3.0655012122486776e-13
 3.75       -2.8687624849450336e-13
 3.76       -2.6652231496118704e-13
 3.77       -2.4547885481853237e-13
 3.78       -2.2373634151728769e-13
 3.79       -2.0128518764852783e-13
 3.80       -1.7811574482415041e-13
 3.81       -1.5421830355509033e-13
 3.82       -1.2958309312680449e-13
 3.83       -1.0420028147270394e-13
 3.84       -7.80599750455835e-14
 3.85       -5.115221868679199e-14
 3.86       -2.346699549369598e-14
 3.87       5.0057733146499945e-15
 3.88       3.4276228533624376e-14
 3.89       6.435457311058811e-14
 3.90       9.525107228401622e-14
 3.91       1.269760537241875e-13
 3.92       1.5953990767490778e-13
 3.93       1.9295308709681765e-13
 3.94       2.272261078116069e-13
 3.95       2.623695486477294e-13
 3.96       2.9839405158675084e-13
 3.97       3.3531032191107333e-13
 3.98       3.7312912835250774e-13
 3.99       4.1186130324162027e-13
 4.00       4.515177426581963e-13
 4.01       4.921094065822192e-13
 4.02       5.336473190460044e-13
 4.03       5.761425682865311e-13
 4.04       6.196063068991592e-13
 4.05       6.640497519911552e-13
 4.06       7.094841853367714e-13
 4.07       7.559209535320385e-13
 4.08       8.033714681508273e-13
 4.09       8.518472059008474e-13
 4.10       9.013597087806047e-13
 4.11       9.519205842365964e-13
 4.12       1.0035415053209286e-12
 4.13       1.056234210849451e-12
 4.14       1.1100105055603696e-12
 4.15       1.1648822602729271e-12
 4.16       1.2208614120468291e-12
 4.17       1.2779599643416656e-12
 4.18       1.3361899871769139e-12
 4.19       1.3955636172921485e-12
 4.20       1.4560930583073234e-12
 4.21       1.5177905808838186e-12
 4.22       1.5806685228852376e-12
 4.23       1.6447392895386625e-12
 4.24       1.7100153535962196e-12
 4.25       1.7765092554967758e-12
 4.26       1.844233603527572e-12
 4.27       1.9132010739866878e-12
 4.28       1.983424411345056e-12
 4.29       2.054916428408875e-12
 4.30       2.1276900064822738e-12
 4.31       2.2017580955301177e-12
 4.32       2.277133714340609e-12
 4.33       2.3538299506887246e-12
 4.34       2.431859961498825e-12
 4.35       2.5112369730083963e-12
 4.36       2.5919742809311826e-12
 4.37       2.6740852506204877e-12
 4.38       2.7575833172329606e-12
 4.39       2.8424819858923464e-12
 4.40       2.928794831852755e-12
 4.41       3.01653550066291e-12
 4.42       3.105717708329907e-12
 4.43       3.19635524148305e-12
 4.44       3.2884619575379223e-12
 4.45       3.3820517848604828e-12
 4.46       3.4771387229310132e-12
 4.47       3.573736842508774e-12
 4.48       3.671860285795523e-12
 4.49       3.771523266600168e-12
 4.50       3.872740070503223e-12
 4.51       3.975525055020596e-12
 4.52       4.079892649768557e-12
 4.53       4.1858573566275255e-12
 4.54       4.293433749907074e-12
 4.55       4.402636476509739e-12
 4.56       4.51348025609614e-12
 4.57       4.625979881248747e-12
 4.58       4.740150217636941e-12
 4.59       4.856006204181261e-12
 4.60       4.973562853217688e-12
 4.61       5.092835250662767e-12
 4.62       5.213838556177306e-12
 4.63       5.336588003331686e-12
 4.64       5.461098899769952e-12
 4.65       5.587386627374346e-12
 4.66       5.715466642429873e-12
 4.67       5.845354475788978e-12
 4.68       5.977065733035793e-12
 4.69       6.110616094650947e-12
 4.70       6.2460213161758505e-12
 4.71       6.383297228377167e-12
 4.72       6.522459737411627e-12
 4.73       6.663524824990175e-12
 4.74       6.806508548542344e-12
 4.75       6.9514270413814395e-12
 4.76       7.098296512867895e-12
 4.77       7.247133248574685e-12
 4.78       7.39795361045111e-12
 4.79       7.550774036987604e-12
 4.80       7.705611043379912e-12
 4.81       7.862481221693447e-12
 4.82       8.021401241027699e-12
 4.83       8.182387847680786e-12
 4.84       8.345457865313141e-12
 4.85       8.510628195112816e-12
 4.86       8.677915815958894e-12
 4.87       8.84733778458587e-12
 4.88       9.018911235748717e-12
 4.89       9.192653382385862e-12
 4.90       9.368581515784229e-12
 4.91       9.546713005743253e-12
 4.92       9.727065300739132e-12
 4.93       9.909655928088707e-12
 4.94       1.0094502494113828e-11
 4.95       1.0281622684304974e-11
 4.96       1.0471034263486491e-11
 4.97       1.0662755075979025e-11
 4.98       1.0856803045764896e-11
 4.99       1.1053196176651761e-11
 5.00       1.125195255243584e-11
 5.01       1.145309033706723e-11
 5.02       1.1656627774812787e-11
 5.03       1.1862583190420114e-11
 5.04       1.2070974989282196e-11
 5.05       1.228182165760091e-11
 5.06       1.2495141762550327e-11
 5.07       1.2710953952441287e-11
 5.08       1.292927695688482e-11
 5.09       1.3150129586956378e-11
 5.10       1.3373530735358621e-11
 5.11       1.359949937658653e-11
 5.12       1.3828054567090016e-11
 5.13       1.4059215445437822e-11
 5.14       1.4293001232481675e-11
 5.15       1.4529431231519596e-11
 5.16       1.4768524828459507e-11
 5.17       1.5010301491982957e-11
 5.18       1.525478077370837e-11
 5.19       1.5501982308355017e-11
 5.20       1.5751925813907056e-11
 5.21       1.6004631091775153e-11
 5.22       1.6260118026962247e-11
 5.23       1.6518406588225293e-11
 5.24       1.6779516828239893e-11
 5.25       1.7043468883763155e-11
 5.26       1.731028297579723e-11
 5.27       1.7579979409752104e-11
 5.28       1.785257857561024e-11
 5.29       1.812810094808892e-11
 5.30       1.8406567086803545e-11
 5.31       1.8687997636431493e-11
 5.32       1.8972413326875335e-11
 5.33       1.925983497342524e-11
 5.34       1.9550283476923466e-11
 5.35       1.984377982392652e-11
 5.36       2.0140345086869138e-11
 5.37       2.0440000424226982e-11
 5.38       2.0742767080679712e-11
 5.39       2.1048666387274285e-11
 5.40       2.1357719761588876e-11
 5.41       2.1669948707894396e-11
 5.42       2.1985374817318427e-11
 5.43       2.2304019768008522e-11
 5.44       2.2625905325295088e-11
 5.45       2.295105334185374e-11
 5.46       2.3279485757869552e-11
 5.47       2.361122460119833e-11
 5.48       2.3946291987531287e-11
 5.49       2.4284710120557307e-11
 5.50       2.4626501292125505e-11
 5.51       2.4971687882408376e-11
 5.52       2.532029236006479e-11
 5.53       2.5672337282403076e-11
 5.54       2.60278452955433e-11
 5.55       2.638683913458098e-11
 5.56       2.6749341623748235e-11
 5.57       2.7115375676578735e-11
 5.58       2.7484964296068987e-11
 5.59       2.7858130574842088e-11
 5.60       2.8234897695309236e-11
 5.61       2.861528892983316e-11
 5.62       2.8999327640891337e-11
 5.63       2.9387037281238646e-11
 5.64       2.9778441394067737e-11
 5.65       3.017356361317548e-11
 5.66       3.0572427663122866e-11
 5.67       3.09750573593991e-11
 5.68       3.138147660858244e-11
 5.69       3.1791709408505496e-11
 5.70       3.22057798484145e-11
 5.71       3.2623712109135473e-11
 5.72       3.304553046323399e-11
 5.73       3.347125927517875e-11
 5.74       3.3900923001504244e-11
 5.75       3.433454619097317e-11
 5.76       3.4772153484738756e-11
 5.77       3.5213769616507926e-11
 5.78       3.565941941270253e-11
 5.79       3.610912779262192e-11
 5.80       3.6562919768608024e-11
 5.81       3.7020820446203763e-11
 5.82       3.748285502431798e-11
 5.83       3.794904879538775e-11
 5.84       3.841942714554028e-11
 5.85       3.889401555475442e-11
 5.86       3.937283959702525e-11
 5.87       3.9855924940523774e-11
 5.88       4.034329734776213e-11
 5.89       4.083498267575319e-11
 5.90       4.133100687617407e-11
 5.91       4.1831395995529635e-11
 5.92       4.233617617531256e-11
 5.93       4.284537365216678e-11
 5.94       4.335901475805009e-11
 5.95       4.387712592039571e-11
 5.96       4.439973366227438e-11
 5.97       4.4926864602557306e-11
 5.98       4.545854545607855e-11
 5.99       4.5994803033796346e-11
 6.00       4.653566424295533e-11
 6.01       4.708115608724945e-11
 6.02       4.7631305666983715e-11
 6.03       4.81861401792364e-11
 6.04       4.874568691802245e-11
 6.05       4.9309973274452375e-11
 6.06       4.987902673689714e-11
 6.07       5.045287489115026e-11
 6.08       5.10315454205886e-11
 6.09       5.1615066106336026e-11
 6.10       5.220346482742276e-11
 6.11       5.2796769560951e-11
 6.12       5.3395008382254965e-11
 6.13       5.3998209465062545e-11
 6.14       5.46064010816586e-11
 6.15       5.52196116030466e-11
 6.16       5.58378694991112e-11
 6.17       5.646120333877751e-11
 6.18       5.708964179017742e-11
 6.19       5.772321362080794e-11
 6.20       5.836194769769633e-11
 6.21       5.900587298755802e-11
 6.22       5.96550185569637e-11
 6.23       6.030941357249647e-11
 6.24       6.096908730091787e-11
 6.25       6.163406910932537e-11
 6.26       6.230438846531933e-11
 6.27       6.298007493716128e-11
 6.28       6.366115819393638e-11
 6.29       6.434766800571887e-11
 6.30       6.503963424372626e-11
 6.31       6.573708688049151e-11
 6.32       6.644005599001479e-11
 6.33       6.71485717479336e-11
 6.34       6.786266443167949e-11
 6.35       6.858236442064129e-11
 6.36       6.930770219632758e-11
 6.37       7.00387083425298e-11
 6.38       7.077541354548066e-11
 6.39       7.151784859401698e-11
 6.40       7.226604437974672e-11
 6.41       7.302003189720164e-11
 6.42       7.377984224400678e-11
 6.43       7.454550662103897e-11
 6.44       7.531705633258779e-11
 6.45       7.60945227865216e-11
 6.46       7.687793749444445e-11
 6.47       7.766733207185865e-11
 6.48       7.846273823833182e-11
 6.49       7.926418781765169e-11
 6.50       8.007171273799065e-11
 6.51       8.088534503206893e-11
 6.52       8.170511683731623e-11
 6.53       8.253106039602912e-11
 6.54       8.336320805553777e-11
 6.55       8.420159226836717e-11
 6.56       8.50462455923955e-11
 6.57       8.589720069102047e-11
 6.58       8.675449033331679e-11
 6.59       8.761814739419894e-11
 6.60       8.848820485458533e-11
 6.61       8.936469580155889e-11
 6.62       9.024765342852564e-11
 6.63       9.113711103538084e-11
 6.64       9.203310202866833e-11
 6.65       9.293565992174168e-11
 6.66       9.384481833492874e-11
 6.67       9.476061099569034e-11
 6.68       9.56830717387829e-11
 6.69       9.661223450641911e-11
 6.70       9.75481333484351e-11
 6.71       9.849080242244015e-11
 6.72       9.944027599399383e-11
 6.73       1.0039658843675388e-10
 6.74       1.013597742326475e-10
 6.75       1.0232986797202572e-10
 6.76       1.0330690435382969e-10
 6.77       1.0429091818575259e-10
 6.78       1.0528194438440096e-10
 6.79       1.062800179754481e-10
 6.80       1.0728517409380858e-10
 6.81       1.0829744798379472e-10
 6.82       1.0931687499927173e-10
 6.83       1.1034349060382976e-10
 6.84       1.1137733037093948e-10
 6.85       1.1241842998411362e-10
 6.86       1.1346682523707199e-10
 6.87       1.1452255203389667e-10
 6.88       1.1558564638920311e-10
 6.89       1.1665614442829138e-10
 6.90       1.177340823873182e-10
 6.91       1.188194966134462e-10
 6.92       1.1991242356501736e-10
 6.93       1.2101289981170756e-10
 6.94       1.221209620346909e-10
 6.95       1.2323664702679925e-10
 6.96       1.2435999169268624e-10
 6.97       1.2549103304898436e-10
 6.98       1.2662980822447453e-10
 6.99       1.2777635446023665e-10
 7.00       1.2893070910982418e-10
 7.01       1.3009290963941282e-10
 7.02       1.3126299362796826e-10
 7.03       1.32440998767413e-10
 7.04       1.3362696286277595e-10
 7.05       1.3482092383236104e-10
 7.06       1.3602291970790983e-10
 7.07       1.3723298863475922e-10
 7.08       1.3845116887200625e-10
 7.09       1.3967749879267e-10
 7.10       1.4091201688384355e-10
 7.11       1.4215476174687083e-10
 7.12       1.434057720974968e-10
 7.13       1.4466508676603058e-10
 7.14       1.4593274469751616e-10
 7.15       1.4720878495187744e-10
 7.16       1.484932467040936e-10
 7.17       1.4978616924435506e-10
 7.18       1.510875919782263e-10
 7.19       1.5239755442680396e-10
 7.20       1.537160962268851e-10
 7.21       1.5504325713111865e-10
 7.22       1.5637907700817788e-10
 7.23       1.5772359584291492e-10
 7.24       1.5907685373652608e-10
 7.25       1.6043889090670305e-10
 7.26       1.618097476878167e-10
 7.27       1.6318946453104934e-10
 7.28       1.6457808200457928e-10
 7.29       1.6597564079373315e-10
 7.30       1.673821817011482e-10
 7.31       1.6879774564693021e-10
 7.32       1.7022237366882407e-10
 7.33       1.7165610692236888e-10
 7.34       1.7309898668105427e-10
 7.35       1.745510543364931e-10
 7.36       1.7601235139857715e-10
 7.37       1.7748291949563336e-10
 7.38       1.7896280037459911e-10
 7.39       1.8045203590116783e-10
 7.40       1.8195066805996349e-10
 7.41       1.8345873895468904e-10
 7.42       1.8497629080830255e-10
 7.43       1.8650336596316926e-10
 7.44       1.880400068812216e-10
 7.45       1.8958625614412324e-10
 7.46       1.9114215645343782e-10
 7.47       1.9270775063077912e-10
 7.48       1.942830816179728e-10
 7.49       1.958681924772276e-10
 7.50       1.9746312639129075e-10
 7.51       1.9906792666360587e-10
 7.52       2.0068263671848233e-10
 7.53       2.023073001012487e-10
 7.54       2.039419604784172e-10
 7.55       2.0558666163785085e-10
 7.56       2.072414474889146e-10
 7.57       2.0890636206264408e-10
 7.58       2.1058144951190464e-10
 7.59       2.1226675411154976e-10
 7.60       2.139623202585871e-10
 7.61       2.1566819247234115e-10
 7.62       2.1738441539460493e-10
 7.63       2.191110337898149e-10
 7.64       2.2084809254519922e-10
 7.65       2.2259563667095285e-10
 7.66       2.2435371130037726e-10
 7.67       2.2612236169007274e-10
 7.68       2.2790163322007033e-10
 7.69       2.2969157139401143e-10
 7.70       2.3149222183930256e-10
 7.71       2.33303630307276e-10
 7.72       2.3512584267335346e-10
 7.73       2.369589049372037e-10
 7.74       2.388028632229128e-10
 7.75       2.406577637791321e-10
 7.76       2.425236529792544e-10
 7.77       2.4440057732156064e-10
 7.78       2.462885834293942e-10
 7.79       2.4818771805130736e-10
 7.80       2.5009802806124163e-10
 7.81       2.5201956045867856e-10
 7.82       2.5395236236879133e-10
 7.83       2.5589648104262596e-10
 7.84       2.5785196385724653e-10
 7.85       2.5981885831591226e-10
 7.86       2.617972120482154e-10
 7.87       2.637870728102687e-10
 7.88       2.657884884848479e-10
 7.89       2.6780150708156427e-10
 7.90       2.6982617673702067e-10
 7.91       2.718625457149627e-10
 7.92       2.739106624064679e-10
 7.93       2.7597057533008286e-10
 7.94       2.780423331319881e-10
 7.95       2.801259845861642e-10
 7.96       2.8222157859455825e-10
 7.97       2.843291641872274e-10
 7.98       2.864487905225259e-10
 7.99       2.885805068872351e-10
 8.00       2.9072436269675623e-10
 8.01       2.928804074952491e-10
 8.02       2.9504869095580925e-10
 8.03       2.9722926288060864e-10
 8.04       2.994221732010794e-10
 8.05       3.0162747197806344e-10
 8.06       3.038452094019737e-10
 8.07       3.0607543579296235e-10
 8.08       3.0831820160107e-10
 8.09       3.105735574063995e-10
 8.10       3.128415539192693e-10
 8.11       3.151222419803789e-10
 8.12       3.1741567256096795e-10
 8.13       3.197218967629781e-10
 8.14       3.220409658192082e-10
 8.15       3.243729310934943e-10
 8.16       3.267178440808511e-10
 8.17       3.2907575640764073e-10
 8.18       3.3144671983172825e-10
 8.19       3.338307862426627e-10
 8.20       3.3622800766180646e-10
 8.21       3.386384362425259e-10
 8.22       3.410621242703406e-10
 8.23       3.434991241630783e-10
 8.24       3.459494884710457e-10
 8.25       3.4841326987718873e-10
 8.26       3.508905211972552e-10
 8.27       3.533812953799418e-10
 8.28       3.558856455070713e-10
 8.29       3.584036247937531e-10
 8.30       3.6093528658853826e-10
 8.31       3.634806843735819e-10
 8.32       3.660398717648038e-10
 8.33       3.686129025120456e-10
 8.34       3.7119983049924965e-10
 8.35       3.738007097446017e-10
 8.36       3.764155944007008e-10
 8.37       3.790445387547142e-10
 8.38       3.816875972285488e-10
 8.39       3.843448243789994e-10
 8.40       3.870162748979209e-10
 8.41       3.8970200361238306e-10
 8.42       3.92402065484844e-10
 8.43       3.95116515613283e-10
 8.44       3.9784540923140384e-10
 8.45       4.005888017087491e-10
 8.46       4.033467485509031e-10
 8.47       4.0611930539961907e-10
 8.48       4.0890652803301686e-10
 8.49       4.1170847236570665e-10
 8.50       4.1452519444897727e-10
 8.51       4.173567504709286e-10
 8.52       4.2020319675668287e-10
 8.53       4.2306458976848906e-10
 8.54       4.259409861059167e-10
 8.55       4.2883244250601265e-10
 8.56       4.3173901584345974e-10
 8.57       4.346607631307457e-10
 8.58       4.3759774151829093e-10
 8.59       4.4055000829466195e-10
 8.60       4.435176208866924e-10
 8.61       4.4650063685967815e-10
 8.62       4.494991139174769e-10
 8.63       4.5251310990275563e-10
 8.64       4.5554268279708964e-10
 8.65       4.5858789072113164e-10
 8.66       4.6164879193479255e-10
 8.67       4.6472544483739747e-10
 8.68       4.678179079678335e-10
 8.69       4.709262400047199e-10
 8.70       4.740504997665818e-10
 8.71       4.771907462119824e-10
 8.72       4.803470384397018e-10
 8.73       4.835194356889126e-10
 8.74       4.86707997339312e-10
 8.75       4.899127829112991e-10
 8.76       4.931338520661451e-10
 8.77       4.963712646061171e-10
 8.78       4.996250804746935e-10
 8.79       5.028953597566792e-10
 8.80       5.061821626783913e-10
 8.81       5.094855496078183e-10
 8.82       5.128055810547584e-10
 8.83       5.161423176710181e-10
 8.84       5.194958202505542e-10
 8.85       5.228661497296274e-10
 8.86       5.262533671869544e-10
 8.87       5.296575338439231e-10
 8.88       5.330787110646941e-10
 8.89       5.365169603563906e-10
 8.90       5.399723433692526e-10
 8.91       5.434449218967814e-10
 8.92       5.469347578759505e-10
 8.93       5.504419133873135e-10
 8.94       5.539664506551962e-10
 8.95       5.575084320478376e-10
 8.96       5.610679200775737e-10
 8.97       5.646449774009753e-10
 8.98       5.682396668190385e-10
 8.99       5.718520512773138e-10
 9.00       5.754821938660635e-10
 9.01       5.791301578204906e-10
 9.02       5.827960065207991e-10
 9.03       5.864798034924495e-10
 9.04       5.901816124062372e-10
 9.05       5.939014970785151e-10
 9.06       5.976395214713442e-10
 9.07       6.013957496926232e-10
 9.08       6.051702459962706e-10
 9.09       6.089630747824037e-10
 9.10       6.127743005974696e-10
 9.11       6.166039881344181e-10
 9.12       6.204522022328584e-10
 9.13       6.243190078792419e-10
 9.14       6.282044702069885e-10
 9.15       6.321086544966838e-10
 9.16       6.360316261762056e-10
 9.17       6.399734508209053e-10
 9.18       6.439341941537943e-10
 9.19       6.479139220456281e-10
 9.20       6.51912700515154e-10
 9.21       6.559305957292161e-10
 9.22       6.599676740029527e-10
 9.23       6.64024001799901e-10
 9.24       6.680996457322518e-10
 9.25       6.721946725609272e-10
 9.26       6.763091491957424e-10
 9.27       6.804431426956561e-10
 9.28       6.845967202688232e-10
 9.29       6.887699492728262e-10
 9.30       6.929628972147985e-10
 9.31       6.971756317516018e-10
 9.32       7.01408220690015e-10
 9.33       7.05660731986834e-10
 9.34       7.09933233749069e-10
 9.35       7.142257942341183e-10
 9.36       7.185384818499017e-10
 9.37       7.228713651550359e-10
 9.38       7.272245128590057e-10
 9.39       7.315979938222744e-10
 9.40       7.359918770565382e-10
 9.41       7.404062317247857e-10
 9.42       7.44841127141539e-10
 9.43       7.492966327729426e-10
 9.44       7.537728182370101e-10
 9.45       7.582697533037193e-10
 9.46       7.627875078951824e-10
 9.47       7.673261520858288e-10
 9.48       7.718857561025539e-10
 9.49       7.764663903248712e-10
 9.50       7.810681252851104e-10
 9.51       7.856910316685383e-10
 9.52       7.903351803135243e-10
 9.53       7.950006422117235e-10
 9.54       7.996874885082061e-10
 9.55       8.043957905016693e-10
 9.56       8.09125619644562e-10
 9.57       8.138770475432257e-10
 9.58       8.186501459581061e-10
 9.59       8.234449868038543e-10
 9.60       8.282616421495941e-10
 9.61       8.331001842189306e-10
 9.62       8.379606853902593e-10
 9.63       8.428432181968275e-10
 9.64       8.477478553268989e-10
 9.65       8.526746696240286e-10
 9.66       8.576237340870622e-10
 9.67       8.625951218704122e-10
 9.68       8.675889062841973e-10
 9.69       8.72605160794344e-10
 9.70       8.77643959022818e-10
 9.71       8.827053747477669e-10
 9.72       8.877894819036596e-10
 9.73       8.928963545814835e-10
 9.74       8.980260670288493e-10
 9.75       9.031786936502271e-10
 9.76       9.083543090070223e-10
 9.77       9.135529878178348e-10
 9.78       9.187748049585349e-10
 9.79       9.240198354624731e-10
 9.80       9.292881545205866e-10
 9.81       9.345798374816641e-10
 9.82       9.398949598523877e-10
 9.83       9.452335972975928e-10
 9.84       9.50595825640309e-10
 9.85       9.559817208621137e-10
 9.86       9.613913591030936e-10
 9.87       9.668248166620793e-10
 9.88       9.722821699968867e-10
 9.89       9.777634957243386e-10
 9.90       9.832688706205372e-10
 9.91       9.887983716209784e-10
 9.92       9.943520758206993e-10
 9.93       9.999300604744625e-10
 9.94       1.0055324029969271e-09
 9.95       1.0111591809628018e-09
 9.96       1.016810472106968e-09
 9.97       1.0224863543247034e-09
 9.98       1.0281869056717864e-09
 9.99       1.033912204364729e-09
