 0.01       -1.6821235104473835e-07
 0.02       -2.1024052434463862e-08
 0.03       -6.228119447677726e-09
 0.04       -2.6267622556744495e-09
 0.05       -1.3444250471314972e-09
 0.06       -7.77686584332079e-10
 0.07       -4.894878758868558e-10
 0.08       -3.277251894885318e-10
 0.09       -2.3001813732152542e-10
 0.10       -1.675581747670578e-10
 0.11       -1.2578528720262165e-10
 0.12       -9.679943057671344e-11
 0.13       -7.606091968461302e-11
 0.14       -6.083438994272344e-11
 0.15       -4.940464261758728e-11
 0.16       nan       
 0.17       nan       
 0.18       nan       
 0.19       nan       
 0.20       nan       
 0.21       nan       
 0.22       nan       
 0.23       nan       
 0.24       nan       
 0.25       nan       
 0.26       nan       
 0.27       nan       
 0.28       nan       
 0.29       nan       
 0.30       nan       
 0.31       nan       
 0.32       nan       
 0.33       nan       
 0.34       nan       
 0.35       nan       
 0.36       nan       
 0.37       nan       
 0.38       nan       
 0.39       nan       
 0.40       nan       
 0.41       nan       
 0.42       nan       
 0.43       nan       
 0.44       nan       
 0.45       nan       
 0.46       nan       
 0.47       nan       
 0.48       nan       
 0.49       nan       
 0.50       nan       
 0.51       nan       
 0.52       nan       
 0.53       nan       
 0.54       nan       
 0.55       nan       
 0.56       -8.507244171066578e-13
 0.57       -8.033783670588595e-13
 0.58       -7.593163538143834e-13
 0.59       -7.182623478601112e-13
 0.60       -6.799675787570972e-13
 0.61       -6.442074510394803e-13
 0.62       -6.107788521228817e-13
 0.63       nan       
 0.64       nan       
 0.65       nan       
 0.66       nan       
 0.67       nan       
 0.68       nan       
 0.69       nan       
 0.70       nan       
 0.71       nan       
 0.72       nan       
 0.73       nan       
 0.74       nan       
 0.75       nan       
 0.76       nan       
 0.77       nan       
 0.78       nan       
 0.79       nan       
 0.80       nan       
 0.81       nan       
 0.82       nan       
 0.83       nan       
 0.84       nan       
 0.85       nan       
 0.86       -2.0131128888244462e-13
 0.87       -1.9325173026292266e-13
 0.88       -1.8557607477437276e-13
 0.89       -1.7826251182761167e-13
 0.90       -1.7129068391984343e-13
 0.91       -1.6464157544039135e-13
 0.92       -1.5829741107474384e-13
 0.93       -1.5224156288587318e-13
 0.94       -1.4645846524888204e-13
 0.95       -1.4093353690099442e-13
 0.96       -1.3565310944510864e-13
 0.97       -1.3060436171276275e-13
 0.98       -1.2577525945248753e-13
 0.99       -1.2115449986300734e-13
 1.00       -1.1673146053841523e-13
 1.01       -1.1249615243496517e-13
 1.02       -1.0843917650709016e-13
 1.03       -1.0455168369420374e-13
 1.04       -1.0082533797023127e-13
 1.05       -9.725228219504565e-14
 1.06       -9.382510653140508e-14
 1.07       -9.05368192129304e-14
 1.08       -8.738081946837326e-14
 1.09       -8.435087242516929e-14
 1.10       -8.144108583125249e-14
 1.11       -7.864588844851746e-14
 1.12       -7.596000998431291e-14
 1.13       -7.337846243909404e-14
 1.14       -7.089652275896438e-14
 1.15       -6.850971669139706e-14
 1.16       -6.621380375094378e-14
 1.17       -6.400476320873018e-14
 1.18       -6.187878101815623e-14
 1.19       nan       
 1.20       nan       
 1.21       nan       
 1.22       nan       
 1.23       nan       
 1.24       nan       
 1.25       nan       
 1.26       nan       
 1.27       nan       
 1.28       nan       
 1.29       nan       
 1.30       nan       
 1.31       nan       
 1.32       nan       
 1.33       -3.787264474683682e-14
 1.34       -3.66863446795871e-14
 1.35       -3.554064069043782e-14
 1.36       -3.4433955576227543e-14
 1.37       -3.3364782636044765e-14
 1.38       -3.233168206838094e-14
 1.39       -3.1333277575994433e-14
 1.40       -3.036825316514992e-14
 1.41       -2.943535012684059e-14
 1.42       -2.85333641884706e-14
 1.43       -2.7661142825280037e-14
 1.44       -2.681758272153447e-14
 1.45       -2.600162737218982e-14
 1.46       -2.5212264816376582e-14
 1.47       -2.4448525494635632e-14
 1.48       -2.3709480222381025e-14
 1.49       -2.2994238272569753e-14
 1.50       -2.2301945561025138e-14
 1.51       -2.1631782928293657e-14
 1.52       -2.0982964512317387e-14
 1.53       -2.0354736206576448e-14
 1.54       -1.974637419870334e-14
 1.55       -1.9157183584892392e-14
 1.56       -1.8586497055727257e-14
 1.57       -1.80336736493278e-14
 1.58       -1.749809756797638e-14
 1.59       -1.6979177054625964e-14
 1.60       -1.6476343325915294e-14
 1.61       -1.598904955852811e-14
 1.62       -1.5516769925925918e-14
 1.63       -1.5058998682668412e-14
 1.64       -1.461524929370397e-14
 1.65       -1.418505360617115e-14
 1.66       -1.376796106140129e-14
 1.67       -1.3363537944949805e-14
 1.68       -1.2971366672612869e-14
 1.69       -1.2591045110508057e-14
 1.70       -1.2222185927409652e-14
 1.71       -1.1864415977635477e-14
 1.72       -1.1517375712881482e-14
 1.73       -1.1180718621492458e-14
 1.74       -1.0854110693744739e-14
 1.75       -1.0537229911797994e-14
 1.76       -1.022976576304932e-14
 1.77       -9.931418775695052e-15
 1.78       -9.64190007537238e-15
 1.79       -9.360930961816177e-15
 1.80       -9.088242504525648e-15
 1.81       -8.823575156491048e-15
 1.82       -8.566678385082995e-15
 1.83       -8.317310319255894e-15
 1.84       -8.075237412263363e-15
 1.85       -7.840234119126924e-15
 1.86       -7.612082588140072e-15
 1.87       -7.390572365728236e-15
 1.88       -7.175500114021662e-15
 1.89       -6.96666934053185e-15
 1.90       -6.763890139354756e-15
 1.91       -6.566978943354126e-15
 1.92       -6.375758286806376e-15
 1.93       -6.19005657801623e-15
 1.94       -6.009707881436467e-15
 1.95       -5.834551708849559e-15
 1.96       -5.66443281919114e-15
 1.97       -5.499201026614542e-15
 1.98       -5.338711016414082e-15
 1.99       -5.182822250167609e-15
 2.00       -5.031398476116765e-15
 2.01       -4.884308038780709e-15
 2.02       -4.741423413059695e-15
 2.03       -4.602621130867247e-15
 2.04       -4.4677816373535514e-15
 2.05       -4.336789152832704e-15
 2.06       -4.209531540162145e-15
 2.07       -4.0859001773354365e-15
 2.08       -3.965789835060267e-15
 2.09       -3.8490985591053336e-15
 2.10       -3.7357275572095e-15
 2.11       -3.625581090356909e-15
 2.12       -3.5185663682306652e-15
 2.13       -3.4145934486668005e-15
 2.14       -3.3135751409386492e-15
 2.15       -3.2154269127093767e-15
 2.16       -3.1200668004983093e-15
 2.17       -3.027415323513794e-15
 2.18       -2.937395400711828e-15
 2.19       -2.8499322709466908e-15
 2.20       -2.764953416085393e-15
 2.21       -2.6823884869639367e-15
 2.22       -2.602169232068761e-15
 2.23       -2.5242294288321665e-15
 2.24       -2.4485048174352516e-15
 2.25       -2.3749330370168937e-15
 2.26       -2.3034535641917605e-15
 2.27       -2.23400765378459e-15
 2.28       -2.1665382816921214e-15
 2.29       -2.1009900897879564e-15
 2.30       -2.0373093327893274e-15
 2.31       -1.9754438270082984e-15
 2.32       -1.9153429009132922e-15
 2.33       -1.8569573474300018e-15
 2.34       -1.8002393779138743e-15
 2.35       -1.7451425777291796e-15
 2.36       -1.6916218633725678e-15
 2.37       -1.639633441081497e-15
 2.38       -1.5891347668706162e-15
 2.39       -1.5400845079414682e-15
 2.40       -1.4924425054132233e-15
 2.41       -1.4461697383243384e-15
 2.42       -1.4012282888571443e-15
 2.43       -1.3575813087392806e-15
 2.44       -1.3151929867779105e-15
 2.45       -1.2740285174844279e-15
 2.46       -1.2340540707490284e-15
 2.47       -1.1952367625262934e-15
 2.48       -1.1575446264944424e-15
 2.49       -1.120946586652465e-15
 2.50       -1.0854124308207662e-15
 2.51       -1.050912785012329e-15
 2.52       -1.017419088642765e-15
 2.53       -9.849035705488792e-16
 2.54       -9.533392257865256e-16
 2.55       -9.226997931797674e-16
 2.56       -8.929597335944148e-16
 2.57       -8.640942089101029e-16
 2.58       -8.360790616660278e-16
 2.59       -8.088907953565158e-16
 2.60       -7.825065553534598e-16
 2.61       -7.569041104335696e-16
 2.62       -7.320618348892579e-16
 2.63       -7.079586912027455e-16
 2.64       -6.845742132638045e-16
 2.65       -6.618884901123008e-16
 2.66       -6.398821501873579e-16
 2.67       -6.185363460657369e-16
 2.68       -5.978327396726314e-16
 2.69       -5.777534879487071e-16
 2.70       -5.582812289578597e-16
 2.71       -5.393990684207196e-16
 2.72       -5.210905666594752e-16
 2.73       -5.033397259401715e-16
 2.74       nan       
 2.75       nan       
 2.76       nan       
 2.77       nan       
 2.78       nan       
 2.79       nan       
 2.80       nan       
 2.81       nan       
 2.82       nan       
 2.83       nan       
 2.84       nan       
 2.85       nan       
 2.86       nan       
 2.87       nan       
 2.88       nan       
 2.89       nan       
 2.90       nan       
 2.91       nan       
 2.92       nan       
 2.93       nan       
 2.94       nan       
 2.95       nan       
 2.96       nan       
 2.97       nan       
 2.98       nan       
 2.99       nan       
 3.00       nan       
 3.01       nan       
 3.02       nan       
 3.03       nan       
 3.04       nan       
 3.05       nan       
 3.06       nan       
 3.07       nan       
 3.08       nan       
 3.09       nan       
 3.10       nan       
 3.11       nan       
 3.12       nan       
 3.13       nan       
 3.14       nan       
 3.15       nan       
 3.16       nan       
 3.17       nan       
 3.18       nan       
 3.19       nan       
 3.20       nan       
 3.21       nan       
 3.22       nan       
 3.23       nan       
 3.24       nan       
 3.25       nan       
 3.26       nan       
 3.27       nan       
 3.28       nan       
 3.29       nan       
 3.30       nan       
 3.31       nan       
 3.32       nan       
 3.33       nan       
 3.34       nan       
 3.35       nan       
 3.36       nan       
 3.37       nan       
 3.38       nan       
 3.39       nan       
 3.40       nan       
 3.41       nan       
 3.42       nan       
 3.43       nan       
 3.44       nan       
 3.45       nan       
 3.46       nan       
 3.47       nan       
 3.48       nan       
 3.49       nan       
 3.50       nan       
 3.51       nan       
 3.52       nan       
 3.53       nan       
 3.54       nan       
 3.55       nan       
 3.56       nan       
 3.57       nan       
 3.58       nan       
 3.59       nan       
 3.60       nan       
 3.61       nan       
 3.62       nan       
 3.63       nan       
 3.64       nan       
 3.65       nan       
 3.66       nan       
 3.67       nan       
 3.68       nan       
 3.69       nan       
 3.70       nan       
 3.71       nan       
 3.72       nan       
 3.73       nan       
 3.74       nan       
 3.75       nan       
 3.76       nan       
 3.77       nan       
 3.78       nan       
 3.79       nan       
 3.80       nan       
 3.81       nan       
 3.82       nan       
 3.83       nan       
 3.84       nan       
 3.85       nan       
 3.86       nan       
 3.87       nan       
 3.88       nan       
 3.89       nan       
 3.90       nan       
 3.91       nan       
 3.92       nan       
 3.93       nan       
 3.94       nan       
 3.95       nan       
 3.96       nan       
 3.97       nan       
 3.98       nan       
 3.99       nan       
 4.00       nan       
 4.01       nan       
 4.02       nan       
 4.03       nan       
 4.04       nan       
 4.05       nan       
 4.06       nan       
 4.07       nan       
 4.08       nan       
 4.09       nan       
 4.10       nan       
 4.11       nan       
 4.12       nan       
 4.13       nan       
 4.14       nan       
 4.15       nan       
 4.16       nan       
 4.17       nan       
 4.18       nan       
 4.19       nan       
 4.20       nan       
 4.21       nan       
 4.22       nan       
 4.23       nan       
 4.24       nan       
 4.25       nan       
 4.26       nan       
 4.27       nan       
 4.28       nan       
 4.29       nan       
 4.30       nan       
 4.31       nan       
 4.32       nan       
 4.33       nan       
 4.34       nan       
 4.35       nan       
 4.36       nan       
 4.37       nan       
 4.38       nan       
 4.39       nan       
 4.40       nan       
 4.41       nan       
 4.42       nan       
 4.43       nan       
 4.44       nan       
 4.45       nan       
 4.46       nan       
 4.47       nan       
 4.48       nan       
 4.49       nan       
 4.50       nan       
 4.51       1.0045055525462176e-27
 4.52       3.8312288997458615e-26
 4.53       2.9984741678493816e-25
 4.54       1.2743505325631869e-24
 4.55       3.897568055783482e-24
 4.56       9.695576391189439e-24
 4.57       2.0925294096330407e-23
 4.58       4.07122427573185e-23
 4.59       7.318561642020996e-23
 4.60       1.23610718135178e-22
 4.61       1.9851882084438465e-22
 4.62       3.0583450853217135e-22
 4.63       4.550005522702818e-22
 4.64       6.5710037453592695e-22
 4.65       9.249781539538333e-22
 4.66       1.2733566214193692e-21
 4.67       1.7189525973931517e-21
 4.68       2.2805903190167586e-21
 4.69       2.979312604588488e-21
 4.70       3.838489901867433e-21
 4.71       4.883927265596496e-21
 4.72       6.143969308616956e-21
 4.73       7.649603169948002e-21
 4.74       9.434559542206822e-21
 4.75       1.1535411799794244e-20
 4.76       1.3991673268341834e-20
 4.77       1.6845892675005768e-20
 4.78       2.0143747818275805e-20
 4.79       2.3934137495151173e-20
 4.80       2.8269271722632264e-20
 4.81       3.3204760289675055e-20
 4.82       3.8799699674991786e-20
 4.83       4.51167583651539e-20
 4.84       5.222226060689944e-20
 4.85       6.018626862656366e-20
 4.86       6.90826633490274e-20
 4.87       7.898922364764332e-20
 4.88       8.998770415621229e-20
 4.89       1.0216391167296338e-19
 4.90       1.156077801863118e-19
 4.91       1.3041344455108467e-19
 4.92       1.466793128436167e-19
 4.93       1.6450813742323545e-19
 4.94       1.840070847271997e-19
 4.95       2.0528780382550811e-19
 4.96       2.284664937615155e-19
 4.97       2.536639697034547e-19
 4.98       2.8100572793181717e-19
 4.99       3.1062200968664815e-19
 5.00       3.4264786389847256e-19
 5.01       3.772232088260516e-19
 5.02       4.144928926235271e-19
 5.03       4.546067528592391e-19
 5.04       4.977196750078452e-19
 5.05       5.439916499369362e-19
 5.06       5.935878304089369e-19
 5.07       6.466785866186617e-19
 5.08       7.034395607864113e-19
 5.09       7.640517208257315e-19
 5.10       8.287014131055859e-19
 5.11       8.97580414324754e-19
 5.12       9.708859825172855e-19
 5.13       1.0488209072066264e-18
 5.14       1.1315935587256907e-18
 5.15       1.2194179367205924e-18
 5.16       1.3125137178538674e-18
 5.17       1.4111063027242762e-18
 5.18       1.5154268620190546e-18
 5.19       1.625712381914119e-18
 5.20       1.7422057087375905e-18
 5.21       1.865155592911949e-18
 5.22       1.9948167321892547e-18
 5.23       2.1314498141939013e-18
 5.24       2.2753215582871208e-18
 5.25       2.4267047567669493e-18
 5.26       2.5858783154170433e-18
 5.27       2.7531272934180905e-18
 5.28       2.9287429426337363e-18
 5.29       3.1130227462853083e-18
 5.30       3.3062704570259833e-18
 5.31       3.5087961344277174e-18
 5.32       3.72091618189289e-18
 5.33       3.9429533830014046e-18
 5.34       4.175236937305617e-18
 5.35       4.4181024955835575e-18
 5.36       4.671892194562399e-18
 5.37       4.936954691121337e-18
 5.38       5.213645195986145e-18
 5.39       5.5023255069240905e-18
 5.40       5.803364041450525e-18
 5.41       6.117135869056604e-18
 5.42       6.444022742966979e-18
 5.43       6.784413131438428e-18
 5.44       7.138702248607973e-18
 5.45       7.507292084898729e-18
 5.46       7.890591436993916e-18
 5.47       8.289015937386994e-18
 5.48       8.702988083515724e-18
 5.49       9.132937266490425e-18
 5.50       9.579299799422574e-18
 5.51       1.0042518945362819e-17
 5.52       1.0523044944856709e-17
 5.53       1.1021335043123953e-17
 5.54       1.1537853516871893e-17
 5.55       1.2073071700746947e-17
 5.56       1.2627468013434542e-17
 5.57       1.3201527983411279e-17
 5.58       1.3795744274360915e-17
 5.59       1.441061671025529e-17
 5.60       1.5046652300112068e-17
 5.61       1.5704365262431797e-17
 5.62       1.638427704932412e-17
 5.63       1.7086916370326487e-17
 5.64       1.7812819215923167e-17
 5.65       1.8562528880770952e-17
 5.66       1.933659598663549e-17
 5.67       2.013557850504612e-17
 5.68       2.0960041779673797e-17
 5.69       2.1810558548438583e-17
 5.70       2.2687708965349464e-17
 5.71       2.3592080622087005e-17
 5.72       2.4524268569327958e-17
 5.73       2.5484875337821804e-17
 5.74       2.647451095922164e-17
 5.75       2.7493792986675723e-17
 5.76       2.854334651518225e-17
 5.77       2.9623804201716164e-17
 5.78       3.0735806285128726e-17
 5.79       3.1880000605824924e-17
 5.80       3.3057042625227426e-17
 5.81       3.4267595445023636e-17
 5.82       3.5512329826209e-17
 5.83       3.6791924207923994e-17
 5.84       3.810706472609064e-17
 5.85       3.945844523185648e-17
 5.86       4.084676730984352e-17
 5.87       4.22727402962105e-17
 5.88       4.373708129653159e-17
 5.89       4.5240515203493995e-17
 5.90       4.6783774714419605e-17
 5.91       4.836760034861244e-17
 5.92       4.999274046453709e-17
 5.93       5.165995127683113e-17
 5.94       5.336999687315494e-17
 5.95       5.512364923088062e-17
 5.96       5.692168823362817e-17
 5.97       5.876490168764203e-17
 5.98       6.065408533802665e-17
 5.99       6.259004288482627e-17
 6.00       6.457358599896857e-17
 6.01       6.660553433805986e-17
 6.02       6.868671556205098e-17
 6.03       7.081796534875801e-17
 6.04       7.300012740925975e-17
 6.05       7.523405350315901e-17
 6.06       7.752060345372092e-17
 6.07       7.986064516288322e-17
 6.08       8.225505462614928e-17
 6.09       8.470471594735578e-17
 6.10       8.721052135333041e-17
 6.11       8.977337120842733e-17
 6.12       9.239417402895962e-17
 6.13       9.50738464975117e-17
 6.14       9.781331347715428e-17
 6.15       1.0061350802554579e-16
 6.16       1.0347537140893648e-16
 6.17       1.0639985311606814e-16
 6.18       1.0938791087197603e-16
 6.19       1.1244051065169739e-16
 6.20       1.1555862669387692e-16
 6.21       1.1874324151428868e-16
 6.22       1.2199534591926147e-16
 6.23       1.25315939019019e-16
 6.24       1.287060282409292e-16
 6.25       1.3216662934266947e-16
 6.26       1.3569876642531454e-16
 6.27       1.393034719463319e-16
 6.28       1.4298178673250678e-16
 6.29       1.467347599927842e-16
 6.30       1.505634493310353e-16
 6.31       1.5446892075875163e-16
 6.32       1.5845224870766044e-16
 6.33       1.625145160422757e-16
 6.34       1.666568140723723e-16
 6.35       1.7088024256539382e-16
 6.36       1.75185909758799e-16
 6.37       1.7957493237233218e-16
 6.38       1.8404843562023468e-16
 6.39       1.8860755322339885e-16
 6.40       1.9325342742145e-16
 6.41       1.9798720898477689e-16
 6.42       2.0281005722649759e-16
 6.43       2.0772314001437157e-16
 6.44       2.1272763378265821e-16
 6.45       2.1782472354390693e-16
 6.46       2.2301560290071583e-16
 6.47       2.283014740574163e-16
 6.48       2.336835478317176e-16
 6.49       2.391630436663004e-16
 6.50       2.4474118964036047e-16
 6.51       2.504192224810997e-16
 6.52       2.5619838757517824e-16
 6.53       2.620799389801188e-16
 6.54       2.6806513943565785e-16
 6.55       2.7415526037506374e-16
 6.56       2.803515819364129e-16
 6.57       2.866553929738087e-16
 6.58       2.9306799106857936e-16
 6.59       2.9959068254042634e-16
 6.60       3.0622478245852973e-16
 6.61       3.1297161465262386e-16
 6.62       3.198325117240376e-16
 6.63       3.268088150566837e-16
 6.64       3.3390187482802967e-16
 6.65       3.4111305002002847e-16
 6.66       3.484437084300106e-16
 6.67       3.558952266815483e-16
 6.68       3.634689902352862e-16
 6.69       3.711663933997486e-16
 6.70       3.7898883934209793e-16
 6.71       3.8693774009887977e-16
 6.72       3.9501451658674077e-16
 6.73       4.032205986130993e-16
 6.74       4.115574248868083e-16
 6.75       4.2002644302878204e-16
 6.76       4.286291095826029e-16
 6.77       4.3736689002508934e-16
 6.78       4.462412587768558e-16
 6.79       4.5525369921284e-16
 6.80       4.644057036728034e-16
 6.81       4.73698773471818e-16
 6.82       4.83134418910721e-16
 6.83       4.927141592865594e-16
 6.84       5.024395229029986e-16
 6.85       5.12312047080726e-16
 6.86       5.223332781678214e-16
 6.87       5.325047715501199e-16
 6.88       5.428280916615447e-16
 6.89       5.533048119944275e-16
 6.90       5.639365151098146e-16
 6.91       5.747247926477467e-16
 6.92       5.856712453375353e-16
 6.93       5.967774830079987e-16
 6.94       6.080451245977087e-16
 6.95       6.194757981652192e-16
 6.96       6.310711408992525e-16
 6.97       6.428327991289017e-16
 6.98       6.547624283338062e-16
 6.99       6.668616931543183e-16
 7.00       6.791322674016498e-16
 7.01       6.915758340680078e-16
 7.02       7.041940853367225e-16
 7.03       7.169887225923697e-16
 7.04       7.299614564308581e-16
 7.05       7.431140066695241e-16
 7.06       7.564481023572231e-16
 7.07       7.699654817843877e-16
 7.08       7.836678924930929e-16
 7.09       7.975570912871012e-16
 7.10       8.11634844241911e-16
 7.11       8.259029267147859e-16
 7.12       8.403631233547797e-16
 7.13       8.550172281127439e-16
 7.14       8.698670442513461e-16
 7.15       8.84914384355062e-16
 7.16       9.00161070340174e-16
 7.17       9.156089334647523e-16
 7.18       9.312598143386343e-16
 7.19       9.471155629333938e-16
 7.20       9.631780385923163e-16
 7.21       9.79449110040354e-16
 7.22       9.95930655394076e-16
 7.23       1.0126245621716245e-15
 7.24       1.0295327273026577e-15
 7.25       1.0466570571382847e-15
 7.26       1.0639994674610124e-15
 7.27       1.0815618834946617e-15
 7.28       1.0993462399143038e-15
 7.29       1.1173544808561802e-15
 7.30       1.1355885599276219e-15
 7.31       1.1540504402169648e-15
 7.32       1.172742094303473e-15
 7.33       1.1916655042672268e-15
 7.34       1.2108226616990484e-15
 7.35       1.230215567710408e-15
 7.36       1.2498462329433068e-15
 7.37       1.2697166775802073e-15
 7.38       1.2898289313539033e-15
 7.39       1.3101850335574314e-15
 7.40       1.3307870330539661e-15
 7.41       1.351636988286718e-15
 7.42       1.3727369672888066e-15
 7.43       1.3940890476931858e-15
 7.44       1.4156953167425038e-15
 7.45       1.4375578712990135e-15
 7.46       1.4596788178544507e-15
 7.47       1.4820602725399331e-15
 7.48       1.5047043611358544e-15
 7.49       1.5276132190817594e-15
 7.50       1.550788991486239e-15
 7.51       1.574233833136834e-15
 7.52       1.5979499085099071e-15
 7.53       1.6219393917805486e-15
 7.54       1.6462044668324673e-15
 7.55       1.6707473272678785e-15
 7.56       1.6955701764173943e-15
 7.57       1.7206752273499376e-15
 7.58       1.7460647028826164e-15
 7.59       1.771740835590643e-15
 7.60       1.7977058678172106e-15
 7.61       1.8239620516834313e-15
 7.62       1.850511649098195e-15
 7.63       1.8773569317681055e-15
 7.64       1.904500181207381e-15
 7.65       1.9319436887477556e-15
 7.66       1.959689755548395e-15
 7.67       1.98774069260583e-15
 7.68       2.016098820763836e-15
 7.69       2.044766470723378e-15
 7.70       2.0737459830525215e-15
 7.71       2.1030397081963725e-15
 7.72       2.1326500064869776e-15
 7.73       2.1625792481532737e-15
 7.74       2.192829813331035e-15
 7.75       2.2234040920727646e-15
 7.76       2.2543044843576747e-15
 7.77       2.2855334001016105e-15
 7.78       2.3170932591670005e-15
 7.79       2.3489864913728035e-15
 7.80       2.3812155365044643e-15
 7.81       2.413782844323875e-15
 7.82       2.4466908745793152e-15
 7.83       2.479942097015444e-15
 7.84       2.513538991383236e-15
 7.85       2.5474840474499844e-15
 7.86       2.58177976500925e-15
 7.87       2.6164286538908517e-15
 7.88       2.651433233970851e-15
 7.89       2.68679603518154e-15
 7.90       2.7225195975214262e-15
 7.91       2.758606471065227e-15
 7.92       2.7950592159738747e-15
 7.93       2.8318804025045175e-15
 7.94       2.8690726110205373e-15
 7.95       2.906638432001544e-15
 7.96       2.9445804660534055e-15
 7.97       2.9829013239182794e-15
 7.98       3.021603626484605e-15
 7.99       3.060690004797177e-15
 8.00       3.1001631000671432e-15
 8.01       3.14002556368207e-15
 8.02       3.1802800572159735e-15
 8.03       3.220929252439377e-15
 8.04       3.2619758313293625e-15
 8.05       3.3034224860796337e-15
 8.06       3.3452719191105653e-15
 8.07       3.387526843079293e-15
 8.08       3.4301899808897703e-15
 8.09       3.4732640657028593e-15
 8.10       3.516751840946412e-15
 8.11       3.560656060325344e-15
 8.12       3.604979487831754e-15
 8.13       3.649724897755008e-15
 8.14       3.6948950746918515e-15
 8.15       3.740492813556498e-15
 8.16       3.786520919590781e-15
 8.17       3.832982208374229e-15
 8.18       3.879879505834226e-15
 8.19       3.927215648256131e-15
 8.20       3.974993482293405e-15
 8.21       4.0232158649777635e-15
 8.22       4.0718856637293115e-15
 8.23       4.121005756366716e-15
 8.24       4.170579031117333e-15
 8.25       4.220608386627392e-15
 8.26       4.271096731972161e-15
 8.27       4.322046986666097e-15
 8.28       4.3734620806730635e-15
 8.29       4.4253449544164805e-15
 8.30       4.477698558789539e-15
 8.31       4.530525855165361e-15
 8.32       4.583829815407247e-15
 8.33       4.637613421878852e-15
 8.34       4.6918796674543964e-15
 8.35       4.74663155552888e-15
 8.36       4.801872100028331e-15
 8.37       4.857604325420006e-15
 8.38       4.913831266722628e-15
 8.39       4.970555969516647e-15
 8.40       5.027781489954445e-15
 8.41       5.085510894770622e-15
 8.42       5.143747261292241e-15
 8.43       5.202493677449078e-15
 8.44       5.261753241783909e-15
 8.45       5.32152906346276e-15
 8.46       5.38182426228521e-15
 8.47       5.442641968694634e-15
 8.48       5.5039853237885485e-15
 8.49       5.565857479328851e-15
 8.50       5.628261597752162e-15
 8.51       5.691200852180114e-15
 8.52       5.754678426429654e-15
 8.53       5.818697515023379e-15
 8.54       5.883261323199846e-15
 8.55       5.948373066923903e-15
 8.56       6.014035972897046e-15
 8.57       6.0802532785676995e-15
 8.58       6.147028232141635e-15
 8.59       6.214364092592263e-15
 8.60       6.282264129671018e-15
 8.61       6.350731623917718e-15
 8.62       6.41976986667094e-15
 8.63       6.4893821600783735e-15
 8.64       6.559571817107204e-15
 8.65       6.6303421615545025e-15
 8.66       6.701696528057621e-15
 8.67       6.7736382621045875e-15
 8.68       6.846170720044498e-15
 8.69       6.919297269097916e-15
 8.70       6.993021287367315e-15
 8.71       7.0673461638474614e-15
 8.72       7.142275298435861e-15
 8.73       7.217812101943175e-15
 8.74       7.293959996103685e-15
 8.75       7.370722413585668e-15
 8.76       7.448102798001912e-15
 8.77       7.526104603920137e-15
 8.78       7.604731296873426e-15
 8.79       7.683986353370762e-15
 8.80       7.763873260907398e-15
 8.81       7.844395517975398e-15
 8.82       7.925556634074114e-15
 8.83       8.007360129720618e-15
 8.84       8.08980953646026e-15
 8.85       8.172908396877098e-15
 8.86       8.25666026460446e-15
 8.87       8.341068704335402e-15
 8.88       8.426137291833224e-15
 8.89       8.511869613942046e-15
 8.90       8.59826926859723e-15
 8.91       8.685339864835982e-15
 8.92       8.773085022807876e-15
 8.93       8.861508373785374e-15
 8.94       8.950613560174361e-15
 8.95       9.040404235524729e-15
 8.96       9.130884064540891e-15
 8.97       9.222056723092383e-15
 8.98       9.313925898224386e-15
 8.99       9.406495288168318e-15
 9.00       9.499768602352425e-15
 9.01       9.593749561412326e-15
 9.02       9.688441897201635e-15
 9.03       9.783849352802521e-15
 9.04       9.879975682536304e-15
 9.05       9.97682465197412e-15
 9.06       1.0074400037947444e-14
 9.07       1.017270562855871e-14
 9.08       1.0271745223192034e-14
 9.09       1.0371522632523705e-14
 9.10       1.0472041678532862e-14
 9.11       1.0573306194512143e-14
 9.12       1.067532002507832e-14
 9.13       1.0778087026182918e-14
 9.14       1.0881611065122871e-14
 9.15       1.0985896020551226e-14
 9.16       1.1090945782487717e-14
 9.17       1.1196764252329458e-14
 9.18       1.1303355342861665e-14
 9.19       1.1410722978268265e-14
 9.20       1.151887109414259e-14
 9.21       1.1627803637498081e-14
 9.22       1.173752456677895e-14
 9.23       1.1848037851870908e-14
 9.24       1.1959347474111804e-14
 9.25       1.2071457426302414e-14
 9.26       1.2184371712717066e-14
 9.27       1.2298094349114416e-14
 9.28       1.2412629362748102e-14
 9.29       1.2527980792377542e-14
 9.30       1.26441526882786e-14
 9.31       1.2761149112254355e-14
 9.32       1.2878974137645829e-14
 9.33       1.2997631849342713e-14
 9.34       1.3117126343794134e-14
 9.35       1.3237461729019422e-14
 9.36       1.3358642124618841e-14
 9.37       1.3480671661784296e-14
 9.38       1.3603554483310252e-14
 9.39       1.3727294743604368e-14
 9.40       1.3851896608698308e-14
 9.41       1.3977364256258566e-14
 9.42       1.4103701875597144e-14
 9.43       1.423091366768254e-14
 9.44       1.43590038451503e-14
 9.45       1.4487976632314007e-14
 9.46       1.461783626517596e-14
 9.47       1.474858699143807e-14
 9.48       1.4880233070512633e-14
 9.49       1.5012778773533166e-14
 9.50       1.514622838336519e-14
 9.51       1.528058619461706e-14
 9.52       1.5415856513650926e-14
 9.53       1.5552043658593343e-14
 9.54       1.5689151959346307e-14
 9.55       1.5827185757597965e-14
 9.56       1.5966149406833614e-14
 9.57       1.6106047272346372e-14
 9.58       1.6246883731248175e-14
 9.59       1.638866317248059e-14
 9.60       1.6531389996825667e-14
 9.61       1.6675068616916837e-14
 9.62       1.6819703457249842e-14
 9.63       1.6965298954193463e-14
 9.64       1.711185955600054e-14
 9.65       1.7259389722818802e-14
 9.66       1.740789392670181e-14
 9.67       1.7557376651619765e-14
 9.68       1.770784239347052e-14
 9.69       1.7859295660090384e-14
 9.70       1.80117409712651e-14
 9.71       1.816518285874078e-14
 9.72       1.8319625866234695e-14
 9.73       1.8475074549446367e-14
 9.74       1.863153347606835e-14
 9.75       1.8789007225797304e-14
 9.76       1.8947500390344777e-14
 9.77       1.9107017573448287e-14
 9.78       1.9267563390882153e-14
 9.79       1.9429142470468527e-14
 9.80       1.9591759452088243e-14
 9.81       1.9755418987691946e-14
 9.82       1.9920125741310855e-14
 9.83       2.0085884389067864e-14
 9.84       2.025269961918847e-14
 9.85       2.042057613201173e-14
 9.86       2.058951864000126e-14
 9.87       2.0759531867756157e-14
 9.88       2.0930620552022067e-14
 9.89       2.1102789441702197e-14
 9.90       2.1276043297868117e-14
 9.91       2.1450386893771008e-14
 9.92       2.1625825014852467e-14
 9.93       2.1802362458755625e-14
 9.94       2.1980004035336088e-14
 9.95       2.215875456667301e-14
 9.96       2.2338618887080054e-14
 9.97       2.251960184311641e-14
 9.98       2.2701708293597913e-14
 9.99       2.288494310960793e-14
