 0.01       -8.95718113691408e-10
 0.02       -1.1496489962613137e-10
 0.03       -3.554454079616428e-11
 0.04       -1.5869386466292562e-11
 0.05       -8.699959839337025e-12
 0.06       -5.440813524413388e-12
 0.07       -3.728111826149276e-12
 0.08       -2.730475247075444e-12
 0.09       -2.1027656330069753e-12
 0.10       -1.6833874398933145e-12
 0.11       -1.389416212908541e-12
 0.12       -1.1751028537312467e-12
 0.13       -1.0136804301609554e-12
 0.14       -8.887066355243444e-13
 0.15       -7.896580453821222e-13
 0.16       -7.095588072446715e-13
 0.17       -6.436421115034753e-13
 0.18       -5.885630477962324e-13
 0.19       -5.419189167772684e-13
 0.20       -5.019476068600929e-13
 0.21       -4.673326004486413e-13
 0.22       -4.370737536391794e-13
 0.23       -4.103997374494106e-13
 0.24       -3.8670750469746327e-13
 0.25       -3.6551967065105967e-13
 0.26       -3.464540029315203e-13
 0.27       -3.292012449481553e-13
 0.28       -3.135087694359711e-13
 0.29       -2.9916837285961013e-13
 0.30       -2.860070522555789e-13
 0.31       -2.738799581315728e-13
 0.32       -2.6266495426448213e-13
 0.33       -2.522583774615103e-13
 0.34       -2.4257170281565396e-13
 0.35       -2.3352889896293214e-13
 0.36       -2.2506431397516683e-13
 0.37       -2.171209728600433e-13
 0.38       -2.096491969382793e-13
 0.39       -2.0260547685965771e-13
 0.40       -1.959515469335389e-13
 0.41       -1.8965362033760552e-13
 0.42       -1.8368175372396258e-13
 0.43       -1.7800931654145306e-13
 0.44       -1.726125455949942e-13
 0.45       -1.6747016937082522e-13
 0.46       -1.6256308976583584e-13
 0.47       -1.5787411128679727e-13
 0.48       -1.533877096925103e-13
 0.49       -1.490898335590174e-13
 0.50       -1.4496773344574424e-13
 0.51       -1.410098142973804e-13
 0.52       -1.372055074848272e-13
 0.53       -1.3354515950878294e-13
 0.54       -1.3001993489248016e-13
 0.55       -1.2662173119976888e-13
 0.56       -1.2334310444990926e-13
 0.57       -1.2017720347579218e-13
 0.58       -1.1711771199943603e-13
 0.59       -1.141587973866862e-13
 0.60       -1.1129506519936188e-13
 0.61       -1.0852151879348866e-13
 0.62       -1.0583352332139755e-13
 0.63       -1.0322677358713291e-13
 0.64       -1.0069726528184127e-13
 0.65       -9.824126919108552e-14
 0.66       -9.58553080213603e-14
 0.67       -9.353613554012854e-14
 0.68       -9.128071776380755e-14
 0.69       -8.908621596242094e-14
 0.70       -8.694997127902512e-14
 0.71       -8.486949078727725e-14
 0.72       -8.284243483226842e-14
 0.73       -8.086660551854069e-14
 0.74       -7.893993622546547e-14
 0.75       -7.706048204427623e-14
 0.76       -7.522641104331092e-14
 0.77       -7.34359962787121e-14
 0.78       -7.168760847716189e-14
 0.79       -6.997970932539392e-14
 0.80       -6.83108453083809e-14
 0.81       -6.667964204437983e-14
 0.82       -6.508479907054773e-14
 0.83       -6.35250850377131e-14
 0.84       -6.199933327719335e-14
 0.85       -6.050643770635262e-14
 0.86       -5.904534904296835e-14
 0.87       -5.761507130146583e-14
 0.88       -5.6214658546740783e-14
 0.89       -5.484321188365534e-14
 0.90       -5.349987666240523e-14
 0.91       -5.2183839881838426e-14
 0.92       -5.089432777449094e-14
 0.93       -4.963060355861291e-14
 0.94       -4.839196534381017e-14
 0.95       -4.717774417814038e-14
 0.96       -4.598730222559348e-14
 0.97       -4.482003106386802e-14
 0.98       -4.367535009323964e-14
 0.99       -4.25527050481158e-14
 1.00       -4.1451566603592547e-14
 1.01       -4.0371429069979994e-14
 1.02       -3.9311809168854264e-14
 1.03       -3.827224488472749e-14
 1.04       -3.7252294386914144e-14
 1.05       -3.625153501661083e-14
 1.06       -3.526956233460934e-14
 1.07       -3.430598922542529e-14
 1.08       -3.336044505395876e-14
 1.09       -3.2432574871104657e-14
 1.10       -3.152203866500744e-14
 1.11       -3.0628510654907383e-14
 1.12       -2.9751678624756065e-14
 1.13       -2.889124329398977e-14
 1.14       -2.8046917723042826e-14
 1.15       -2.7218426751360192e-14
 1.16       -2.6405506465830388e-14
 1.17       -2.560790369770951e-14
 1.18       -2.482537554624309e-14
 1.19       -2.4057688927318383e-14
 1.20       -2.3304620145595075e-14
 1.21       -2.256595448866788e-14
 1.22       -2.1841485841912094e-14
 1.23       -2.1131016322752428e-14
 1.24       -2.0434355933177353e-14
 1.25       -1.975132222939618e-14
 1.26       -1.908174000760562e-14
 1.27       -1.842544100489399e-14
 1.28       -1.778226361437026e-14
 1.29       -1.715205261365516e-14
 1.30       -1.6534658905919685e-14
 1.31       -1.5929939272696766e-14
 1.32       -1.5337756137729498e-14
 1.33       -1.4757977341150067e-14
 1.34       -1.4190475923310242e-14
 1.35       -1.363512991760539e-14
 1.36       -1.3091822151648687e-14
 1.37       -1.2560440056160923e-14
 1.38       -1.204087548094281e-14
 1.39       -1.153302451728932e-14
 1.40       -1.1036787326188911e-14
 1.41       -1.0552067971621543e-14
 1.42       -1.007877425822621e-14
 1.43       -9.616817572547678e-15
 1.44       -9.16611272698822e-15
 1.45       -8.726577805478377e-15
 1.46       -8.298134009731409e-15
 1.47       -7.880705504749703e-15
 1.48       -7.474219261991787e-15
 1.49       -7.078604898266081e-15
 1.50       -6.69379450796312e-15
 1.51       -6.319722485633277e-15
 1.52       -5.956325335104597e-15
 1.53       -5.603541460238515e-15
 1.54       -5.261310930922846e-15
 1.55       -4.92957521583661e-15
 1.56       -4.608276870640841e-15
 1.57       -4.297359166180975e-15
 1.58       -3.996765635458164e-15
 1.59       -3.706439509648583e-15
 1.60       -3.426323000903235e-15
 1.61       -3.1563563707423395e-15
 1.62       -2.8964766937242513e-15
 1.63       -2.6466161801407635e-15
 1.64       -2.4066998471467444e-15
 1.65       -2.176642203736278e-15
 1.66       -1.9563424009528222e-15
 1.67       -1.7456769143610293e-15
 1.68       -1.544488102724669e-15
 1.69       -1.3525655492380343e-15
 1.70       -1.169614035475022e-15
 1.71       -9.951949375358344e-16
 1.72       -8.286096863849803e-16
 1.73       -6.686401289962372e-16
 1.74       -5.128648354415658e-16
 1.75       -3.55277876299447e-16
 1.76       -1.7041900134599123e-16
 1.77       nan       
 1.78       nan       
 1.79       nan       
 1.80       nan       
 1.81       nan       
 1.82       nan       
 1.83       nan       
 1.84       nan       
 1.85       nan       
 1.86       nan       
 1.87       nan       
 1.88       nan       
 1.89       nan       
 1.90       nan       
 1.91       nan       
 1.92       nan       
 1.93       nan       
 1.94       nan       
 1.95       nan       
 1.96       nan       
 1.97       nan       
 1.98       1.598455137675809e-16
 1.99       3.1695492580528203e-16
 2.00       4.573586237903525e-16
 2.01       5.989845324774137e-16
 2.02       7.462948045740993e-16
 2.03       9.010965875756683e-16
 2.04       1.0642928134317574e-15
 2.05       1.2363948001331507e-15
 2.06       1.4177182200952619e-15
 2.07       1.6084711439471617e-15
 2.08       1.8087982092855362e-15
 2.09       2.018804644923776e-15
 2.10       2.238570175658482e-15
 2.11       2.468157477262648e-15
 2.12       2.707617528670319e-15
 2.13       2.9569931151883683e-15
 2.14       3.216321187099221e-15
 2.15       3.4856344863785263e-15
 2.16       3.764962692207841e-15
 2.17       4.0543332423344784e-15
 2.18       4.353771931370521e-15
 2.19       4.663303352672005e-15
 2.20       4.98295122866822e-15
 2.21       5.312738660430371e-15
 2.22       5.652688317969537e-15
 2.23       6.0028225864966714e-15
 2.24       6.3631636795946264e-15
 2.25       6.733733727274991e-15
 2.26       7.114554844793568e-15
 2.27       7.505649186599e-15
 2.28       7.907038988705113e-15
 2.29       8.318746601985237e-15
 2.30       8.740794518301576e-15
 2.31       9.173205390946266e-15
 2.32       9.616002050542471e-15
 2.33       1.006920751730473e-14
 2.34       1.0532845010367329e-14
 2.35       1.1006937954742529e-14
 2.36       1.1491509986356974e-14
 2.37       1.198658495552533e-14
 2.38       1.2492186929150747e-14
 2.39       1.3008340191886302e-14
 2.40       1.3535069246447833e-14
 2.41       1.407239881323365e-14
 2.42       1.462035382937832e-14
 2.43       1.5178959447345165e-14
 2.44       1.5748241033143818e-14
 2.45       1.6328224164244172e-14
 2.46       1.691893462724576e-14
 2.47       1.7520398415351894e-14
 2.48       1.8132641725689352e-14
 2.49       1.875569095650785e-14
 2.50       1.938957270428781e-14
 2.51       2.003431376078024e-14
 2.52       2.068994110999875e-14
 2.53       2.1356481925180376e-14
 2.54       2.203396356572921e-14
 2.55       2.2722413574154605e-14
 2.56       2.342185967301374e-14
 2.57       2.413232976186659e-14
 2.58       2.4853851914250362e-14
 2.59       2.558645437467874e-14
 2.60       2.6330165555670837e-14
 2.61       2.7085014034813678e-14
 2.62       2.7851028551861127e-14
 2.63       2.862823800587215e-14
 2.64       2.941667145239005e-14
 2.65       3.0216358100664466e-14
 2.66       3.10273273109175e-14
 2.67       3.1849608591654337e-14
 2.68       3.268323159701984e-14
 2.69       3.3528226124200414e-14
 2.70       3.43846221108725e-14
 2.71       3.5252449632696854e-14
 2.72       3.6131738900858867e-14
 2.73       3.7022520259654896e-14
 2.74       3.7924824184123846e-14
 2.75       3.88386812777239e-14
 2.76       3.9764122270053987e-14
 2.77       4.070117801461904e-14
 2.78       4.1649879486639e-14
 2.79       4.261025778090063e-14
 2.80       4.358234410965146e-14
 2.81       4.456616980053546e-14
 2.82       4.556176629456932e-14
 2.83       4.6569165144159164e-14
 2.84       4.758839801115648e-14
 2.85       4.861949666495272e-14
 2.86       4.9662492980612165e-14
 2.87       5.071741893704164e-14
 2.88       5.178430661519708e-14
 2.89       5.2863188196325563e-14
 2.90       5.3954095960242736e-14
 2.91       5.505706228364423e-14
 2.92       5.6172119638451e-14
 2.93       5.729930059018749e-14
 2.94       5.843863779639203e-14
 2.95       5.959016400505872e-14
 2.96       6.07539120531104e-14
 2.97       6.192991486490182e-14
 2.98       6.311820545075207e-14
 2.99       6.431881690550652e-14
 3.00       6.553178240712659e-14
 3.01       6.675713521530741e-14
 3.02       6.799490867012286e-14
 3.03       6.924513619069651e-14
 3.04       7.050785127389918e-14
 3.05       7.178308749307158e-14
 3.06       7.307087849677146e-14
 3.07       7.437125800754583e-14
 3.08       7.568425982072617e-14
 3.09       7.70099178032473e-14
 3.10       7.834826589248894e-14
 3.11       7.969933809513941e-14
 3.12       8.106316848608106e-14
 3.13       8.243979120729737e-14
 3.14       8.382924046680017e-14
 3.15       8.523155053757789e-14
 3.16       8.66467557565636e-14
 3.17       8.807489052362214e-14
 3.18       8.951598930055682e-14
 3.19       9.097008661013479e-14
 3.20       9.243721703513e-14
 3.21       9.391741521738515e-14
 3.22       9.541071585689003e-14
 3.23       9.691715371087782e-14
 3.24       9.843676359293763e-14
 3.25       9.996958037214352e-14
 3.26       1.0151563897219999e-13
 3.27       1.0307497437060238e-13
 3.28       1.0464762159781368e-13
 3.29       1.062336157364554e-13
 3.30       1.0783299192051363e-13
 3.31       1.094457853345598e-13
 3.32       1.11072031212985e-13
 3.33       1.1271176483924848e-13
 3.34       1.1436502154513972e-13
 3.35       1.1603183671005326e-13
 3.36       1.1771224576027749e-13
 3.37       1.1940628416829509e-13
 3.38       1.211139874520965e-13
 3.39       1.2283539117450564e-13
 3.40       1.2457053094251726e-13
 3.41       1.2631944240664616e-13
 3.42       1.2808216126028783e-13
 3.43       1.2985872323909066e-13
 3.44       1.3164916412033812e-13
 3.45       1.3345351972234328e-13
 3.46       1.3527182590385237e-13
 3.47       1.3710411856345969e-13
 3.48       1.3895043363903216e-13
 3.49       1.4081080710714402e-13
 3.50       1.426852749825213e-13
 3.51       1.445738733174954e-13
 3.52       1.4647663820146673e-13
 3.53       1.4839360576037693e-13
 3.54       1.5032481215619035e-13
 3.55       1.5227029358638387e-13
 3.56       1.5423008628344665e-13
 3.57       1.562042265143864e-13
 3.58       1.581927505802456e-13
 3.59       1.6019569481562512e-13
 3.60       1.6221309558821556e-13
 3.61       1.6424498929833757e-13
 3.62       1.6629141237848806e-13
 3.63       1.6835240129289567e-13
 3.64       1.7042799253708247e-13
 3.65       1.7251822263743335e-13
 3.66       1.7462312815077256e-13
 3.67       1.7674274566394696e-13
 3.68       1.7887711179341604e-13
 3.69       1.8102626318484928e-13
 3.70       1.8319023651272913e-13
 3.71       1.8536906847996121e-13
 3.72       1.8756279581749034e-13
 3.73       1.8977145528392309e-13
 3.74       1.9199508366515618e-13
 3.75       1.9423371777401116e-13
 3.76       1.9648739444987448e-13
 3.77       1.9875615055834401e-13
 3.78       2.010400229908801e-13
 3.79       2.0333904866446351e-13
 3.80       2.0565326452125788e-13
 3.81       2.0798270752827754e-13
 3.82       2.103274146770614e-13
 3.83       2.1268742298335073e-13
 3.84       2.1506276948677304e-13
 3.85       2.1745349125053044e-13
 3.86       2.198596253610928e-13
 3.87       2.2228120892789606e-13
 3.88       2.2471827908304475e-13
 3.89       2.2717087298101972e-13
 3.90       2.2963902779838954e-13
 3.91       2.3212278073352745e-13
 3.92       2.346221690063313e-13
 3.93       2.371372298579494e-13
 3.94       2.396680005505091e-13
 3.95       2.4221451836685025e-13
 3.96       2.447768206102629e-13
 3.97       2.47354944604228e-13
 3.98       2.499489276921635e-13
 3.99       2.52558807237173e-13
 4.00       2.551846206217986e-13
 4.01       2.57826405247778e-13
 4.02       2.6048419853580395e-13
 4.03       2.6315803792528927e-13
 4.04       2.6584796087413315e-13
 4.05       2.685540048584928e-13
 4.06       2.7127620737255726e-13
 4.07       2.740146059283249e-13
 4.08       2.767692380553847e-13
 4.09       2.795401413007002e-13
 4.10       2.823273532283967e-13
 4.11       2.8513091141955166e-13
 4.12       2.879508534719881e-13
 4.13       2.907872170000715e-13
 4.14       2.9364003963450874e-13
 4.15       2.965093590221506e-13
 4.16       2.993952128257972e-13
 4.17       3.022976387240057e-13
 4.18       3.052166744109016e-13
 4.19       3.081523575959912e-13
 4.20       3.1110472600397937e-13
 4.21       3.1407381737458724e-13
 4.22       3.170596694623734e-13
 4.23       3.2006232003655916e-13
 4.24       3.230818068808537e-13
 4.25       3.261181677932838e-13
 4.26       3.291714405860246e-13
 4.27       3.3224166308523357e-13
 4.28       3.3532887313088706e-13
 4.29       3.3843310857661776e-13
 4.30       3.4155440728955597e-13
 4.31       3.4469280715017226e-13
 4.32       3.4784834605212233e-13
 4.33       3.5102106190209474e-13
 4.34       3.5421099261965944e-13
 4.35       3.5741817613712006e-13
 4.36       3.6064265039936666e-13
 4.37       3.638844533637318e-13
 4.38       3.6714362299984725e-13
 4.39       3.704201972895042e-13
 4.40       3.7371421422651424e-13
 4.41       3.770257118165725e-13
 4.42       3.8035472807712343e-13
 4.43       3.8370130103722614e-13
 4.44       3.870654687374256e-13
 4.45       3.9044726922962057e-13
 4.46       3.9384674057693787e-13
 4.47       3.972639208536052e-13
 4.48       4.0069884814482755e-13
 4.49       4.04151560546664e-13
 4.50       4.0762209616590703e-13
 4.51       4.111104931199629e-13
 4.52       4.146167895367342e-13
 4.53       4.1814102355450315e-13
 4.54       4.216832333218179e-13
 4.55       4.2524345699737756e-13
 4.56       4.2882173274992253e-13
 4.57       4.32418098758123e-13
 4.58       4.360325932104704e-13
 4.59       4.396652543051706e-13
 4.60       4.433161202500374e-13
 4.61       4.4698522926238846e-13
 4.62       4.5067261956894135e-13
 4.63       4.5437832940571305e-13
 4.64       4.581023970179181e-13
 4.65       4.618448606598697e-13
 4.66       4.656057585948825e-13
 4.67       4.693851290951753e-13
 4.68       4.731830104417757e-13
 4.69       4.76999440924426e-13
 4.70       4.8083445884149e-13
 4.71       4.846881024998619e-13
 4.72       4.885604102148741e-13
 4.73       4.924514203102101e-13
 4.74       4.963611711178138e-13
 4.75       5.002897009778033e-13
 4.76       5.042370482383859e-13
 4.77       5.082032512557705e-13
 4.78       5.12188348394086e-13
 4.79       5.16192378025297e-13
 4.80       5.202153785291228e-13
 4.81       5.24257388292956e-13
 4.82       5.283184457117827e-13
 4.83       5.32398589188104e-13
 4.84       5.36497857131858e-13
 4.85       5.406162879603424e-13
 4.86       5.4475392009814e-13
 4.87       5.489107919770414e-13
 4.88       5.530869420359734e-13
 4.89       5.572824087209242e-13
 4.90       5.614972304848716e-13
 4.91       5.657314457877115e-13
 4.92       5.69985093096188e-13
 4.93       5.742582108838232e-13
 4.94       5.785508376308478e-13
 4.95       5.828630118241349e-13
 4.96       5.871947719571315e-13
 4.97       5.915461565297919e-13
 4.98       5.959172040485136e-13
 4.99       6.003079530260713e-13
 5.00       6.047184419815534e-13
 5.01       6.091487094402988e-13
 5.02       6.135987939338349e-13
 5.03       6.180687339998153e-13
 5.04       6.225585681819589e-13
 5.05       6.270683350299896e-13
 5.06       6.315980730995785e-13
 5.07       6.361478209522819e-13
 5.08       6.407176171554856e-13
 5.09       6.453075002823477e-13
 5.10       6.499175089117401e-13
 5.11       6.545476816281936e-13
 5.12       6.591980570218426e-13
 5.13       6.638686736883697e-13
 5.14       6.685595702289521e-13
 5.15       6.732707852502077e-13
 5.16       6.780023573641431e-13
 5.17       6.827543251880997e-13
 5.18       6.875267273447042e-13
 5.19       6.923196024618162e-13
 5.20       6.971329891724774e-13
 5.21       7.01966926114863e-13
 5.22       7.068214519322313e-13
 5.23       7.116966052728763e-13
 5.24       7.165924247900781e-13
 5.25       7.215089491420556e-13
 5.26       7.264462169919202e-13
 5.27       7.314042670076289e-13
 5.28       7.363831378619376e-13
 5.29       7.413828682323573e-13
 5.30       7.464034968011066e-13
 5.31       7.514450622550701e-13
 5.32       7.565076032857524e-13
 5.33       7.615911585892354e-13
 5.34       7.66695766866135e-13
 5.35       7.718214668215598e-13
 5.36       7.769682971650673e-13
 5.37       7.821362966106234e-13
 5.38       7.87325503876562e-13
 5.39       7.92535957685542e-13
 5.40       7.977676967645107e-13
 5.41       8.030207598446609e-13
 5.42       8.082951856613925e-13
 5.43       8.135910129542755e-13
 5.44       8.189082804670087e-13
 5.45       8.242470269473842e-13
 5.46       8.29607291147248e-13
 5.47       8.349891118224643e-13
 5.48       8.403925277328774e-13
 5.49       8.458175776422768e-13
 5.50       8.512643003183603e-13
 5.51       8.567327345326986e-13
 5.52       8.622229190606996e-13
 5.53       8.67734892681576e-13
 5.54       8.732686941783068e-13
 5.55       8.788243623376078e-13
 5.56       8.844019359498946e-13
 5.57       8.900014538092506e-13
 5.58       8.956229547133942e-13
 5.59       9.012664774636454e-13
 5.60       9.069320608648951e-13
 5.61       9.126197437255714e-13
 5.62       9.18329564857609e-13
 5.63       9.240615630764186e-13
 5.64       9.29815777200854e-13
 5.65       9.355922460531842e-13
 5.66       9.413910084590606e-13
 5.67       9.472121032474898e-13
 5.68       9.530555692508018e-13
 5.69       9.589214453046209e-13
 5.70       9.648097702478378e-13
 5.71       9.70720582922581e-13
 5.72       9.766539221741878e-13
 5.73       9.826098268511752e-13
 5.74       9.88588335805215e-13
 5.75       9.945894878911024e-13
 5.76       1.0006133219667336e-12
 5.77       1.0066598768930745e-12
 5.78       1.012729191534136e-12
 5.79       1.0188213047569497e-12
 5.80       1.0249362554315362e-12
 5.81       1.0310740824308852e-12
 5.82       1.0372348246309274e-12
 5.83       1.043418520910508e-12
 5.84       1.0496252101513641e-12
 5.85       1.0558549312380992e-12
 5.86       1.0621077230581577e-12
 5.87       1.0683836245018008e-12
 5.88       1.074682674462085e-12
 5.89       1.0810049118348338e-12
 5.90       1.087350375518619e-12
 5.91       1.093719104414734e-12
 5.92       1.100111137427172e-12
 5.93       1.1065265134626035e-12
 5.94       1.1129652714303527e-12
 5.95       1.119427450242377e-12
 5.96       1.1259130888132425e-12
 5.97       1.1324222260601037e-12
 5.98       1.138954900902682e-12
 5.99       1.1455111522632422e-12
 6.00       1.1520910190665737e-12
 6.01       1.1586945402399691e-12
 6.02       1.1653217547132017e-12
 6.03       1.1719727014185057e-12
 6.04       1.1786474192905568e-12
 6.05       1.1853459472664509e-12
 6.06       1.192068324285684e-12
 6.07       1.198814589290134e-12
 6.08       1.2055847812240385e-12
 6.09       1.2123789390339769e-12
 6.10       1.2191971016688519e-12
 6.11       1.226039308079869e-12
 6.12       1.2329055972205186e-12
 6.13       1.239796008046556e-12
 6.14       1.2467105795159853e-12
 6.15       1.2536493505890385e-12
 6.16       1.260612360228159e-12
 6.17       1.2675996473979824e-12
 6.18       1.2746112510653217e-12
 6.19       1.2816472101991453e-12
 6.20       1.288707563770562e-12
 6.21       1.2957923507528057e-12
 6.22       1.3029016101212133e-12
 6.23       1.3100353808532121e-12
 6.24       1.3171937019283015e-12
 6.25       1.3243766123280358e-12
 6.26       1.3315841510360094e-12
 6.27       1.3388163570378383e-12
 6.28       1.346073269321146e-12
 6.29       1.3533549268755465e-12
 6.30       1.3606613686926288e-12
 6.31       1.3679926337659403e-12
 6.32       1.3753487610909732e-12
 6.33       1.382729789665147e-12
 6.34       1.3901357584877947e-12
 6.35       1.397566706560148e-12
 6.36       1.4050226728853194e-12
 6.37       1.4125036964682922e-12
 6.38       1.4200098163159015e-12
 6.39       1.4275410714368226e-12
 6.40       1.4350975008415539e-12
 6.41       1.4426791435424055e-12
 6.42       1.4502860385534832e-12
 6.43       1.457918224890676e-12
 6.44       1.4655757415716385e-12
 6.45       1.473258627615784e-12
 6.46       1.480966922044264e-12
 6.47       1.4887006638799579e-12
 6.48       1.4964598921474604e-12
 6.49       1.5042446458730658e-12
 6.50       1.5120549640847585e-12
 6.51       1.5198908858121951e-12
 6.52       1.5277524500866957e-12
 6.53       1.5356396959412298e-12
 6.54       1.5435526624104037e-12
 6.55       1.5514913885304476e-12
 6.56       1.5594559133392018e-12
 6.57       1.5674462758761087e-12
 6.58       1.5754625151821972e-12
 6.59       1.583504670300071e-12
 6.60       1.5915727802738962e-12
 6.61       1.599666884149393e-12
 6.62       1.6077870209738188e-12
 6.63       1.61593322979596e-12
 6.64       1.6241055496661194e-12
 6.65       1.632304019636105e-12
 6.66       1.6405286787592194e-12
 6.67       1.6487795660902459e-12
 6.68       1.657056720685441e-12
 6.69       1.665360181602522e-12
 6.70       1.6736899879006538e-12
 6.71       1.6820461786404414e-12
 6.72       1.6904287928839177e-12
 6.73       1.6988378696945323e-12
 6.74       1.7072734481371426e-12
 6.75       1.715735567278003e-12
 6.76       1.724224266184751e-12
 6.77       1.7327395839264034e-12
 6.78       1.7412815595733402e-12
 6.79       1.7498502321972993e-12
 6.80       1.7584456408713617e-12
 6.81       1.7670678246699463e-12
 6.82       1.7757168226687962e-12
 6.83       1.7843926739449723e-12
 6.84       1.7930954175768399e-12
 6.85       1.8018250926440638e-12
 6.86       1.8105817382275948e-12
 6.87       1.819365393409662e-12
 6.88       1.828176097273764e-12
 6.89       1.8370138889046584e-12
 6.90       1.845878807388353e-12
 6.91       1.8547708918120985e-12
 6.92       1.863690181264376e-12
 6.93       1.8726367148348923e-12
 6.94       1.881610531614567e-12
 6.95       1.8906116706955273e-12
 6.96       1.8996401711710963e-12
 6.97       1.908696072135787e-12
 6.98       1.91777941268529e-12
 6.99       1.9268902319164725e-12
 7.00       1.9360285689273603e-12
 7.01       1.9451944628171356e-12
 7.02       1.9543879526861294e-12
 7.03       1.963609077635808e-12
 7.04       1.972857876768772e-12
 7.05       1.98213438918874e-12
 7.06       1.9914386540005486e-12
 7.07       2.000770710310141e-12
 7.08       2.0101305972245574e-12
 7.09       2.0195183538519278e-12
 7.10       2.0289340193014706e-12
 7.11       2.0383776326834762e-12
 7.12       2.047849233109303e-12
 7.13       2.0573488596913717e-12
 7.14       2.0668765515431545e-12
 7.15       2.0764323477791707e-12
 7.16       2.0860162875149784e-12
 7.17       2.095628409867166e-12
 7.18       2.105268753953347e-12
 7.19       2.11493735889215e-12
 7.20       2.124634263803217e-12
 7.21       2.1343595078071874e-12
 7.22       2.1441131300257026e-12
 7.23       2.153895169581389e-12
 7.24       2.163705665597857e-12
 7.25       2.1735446571996903e-12
 7.26       2.183412183512445e-12
 7.27       2.1933082836626347e-12
 7.28       2.2032329967777323e-12
 7.29       2.2131863619861574e-12
 7.30       2.223168418417272e-12
 7.31       2.233179205201376e-12
 7.32       2.2432187614696947e-12
 7.33       2.25328712635438e-12
 7.34       2.2633843389885007e-12
 7.35       2.273510438506035e-12
 7.36       2.2836654640418634e-12
 7.37       2.293849454731769e-12
 7.38       2.3040624497124235e-12
 7.39       2.3143044881213872e-12
 7.40       2.324575609097099e-12
 7.41       2.334875851778872e-12
 7.42       2.345205255306889e-12
 7.43       2.355563858822193e-12
 7.44       2.365951701466686e-12
 7.45       2.376368822383118e-12
 7.46       2.3868152607150862e-12
 7.47       2.397291055607028e-12
 7.48       2.4077962462042133e-12
 7.49       2.4183308716527397e-12
 7.50       2.428894971099529e-12
 7.51       2.4394885836923198e-12
 7.52       2.4501117485796616e-12
 7.53       2.460764504910912e-12
 7.54       2.4714468918362284e-12
 7.55       2.4821589485065644e-12
 7.56       2.4929007140736647e-12
 7.57       2.503672227690059e-12
 7.58       2.514473528509055e-12
 7.59       2.5253046556847394e-12
 7.60       2.5361656483719656e-12
 7.61       2.5470565457263523e-12
 7.62       2.5579773869042786e-12
 7.63       2.568928211062879e-12
 7.64       2.5799090573600357e-12
 7.65       2.5909199649543774e-12
 7.66       2.601960973005273e-12
 7.67       2.6130321206728274e-12
 7.68       2.624133447117871e-12
 7.69       2.6352649915019667e-12
 7.70       2.6464267929873952e-12
 7.71       2.657618890737152e-12
 7.72       2.6688413239149464e-12
 7.73       2.6800941316851942e-12
 7.74       2.6913773532130137e-12
 7.75       2.702691027664221e-12
 7.76       2.7140351942053244e-12
 7.77       2.725409892003524e-12
 7.78       2.7368151602267026e-12
 7.79       2.7482510380434204e-12
 7.80       2.75971756462292e-12
 7.81       2.77121477913511e-12
 7.82       2.7827427207505667e-12
 7.83       2.7943014286405325e-12
 7.84       2.8058909419769046e-12
 7.85       2.8175112999322367e-12
 7.86       2.829162541679732e-12
 7.87       2.840844706393241e-12
 7.88       2.852557833247255e-12
 7.89       2.8643019614169025e-12
 7.90       2.8760771300779486e-12
 7.91       2.8878833784067857e-12
 7.92       2.899720745580434e-12
 7.93       2.911589270776533e-12
 7.94       2.9234889931733438e-12
 7.95       2.9354199519497402e-12
 7.96       2.947382186285205e-12
 7.97       2.9593757353598267e-12
 7.98       2.9714006383543015e-12
 7.99       2.983456934449919e-12
 8.00       2.995544662828566e-12
 8.01       3.0076638626727216e-12
 8.02       3.0198145731654516e-12
 8.03       3.0319968334904058e-12
 8.04       3.0442106828318155e-12
 8.05       3.0564561603744866e-12
 8.06       3.0687333053038e-12
 8.07       3.081042156805707e-12
 8.08       3.093382754066723e-12
 8.09       3.1057551362739268e-12
 8.10       3.1181593426149567e-12
 8.11       3.130595412278007e-12
 8.12       3.1430633844518226e-12
 8.13       3.1555632983257e-12
 8.14       3.1680951930894786e-12
 8.15       3.1806591079335415e-12
 8.16       3.1932550820488116e-12
 8.17       3.205883154626743e-12
 8.18       3.2185433648593276e-12
 8.19       3.2312357519390824e-12
 8.20       3.2439603550590516e-12
 8.21       3.2567172134128034e-12
 8.22       3.2695063661944223e-12
 8.23       3.2823278525985105e-12
 8.24       3.295181711820184e-12
 8.25       3.3080679830550683e-12
 8.26       3.3209867054992955e-12
 8.27       3.3339379183495025e-12
 8.28       3.3469216608028247e-12
 8.29       3.3599379720568974e-12
 8.30       3.372986891309851e-12
 8.31       3.3860684577603042e-12
 8.32       3.3991827106073696e-12
 8.33       3.4123296890506414e-12
 8.34       3.4255094322902013e-12
 8.35       3.4387219795266038e-12
 8.36       3.451967369960887e-12
 8.37       3.4652456427945633e-12
 8.38       3.4785568372296136e-12
 8.39       3.491900992468486e-12
 8.40       3.5052781477141012e-12
 8.41       3.5186883421698345e-12
 8.42       3.5321316150395296e-12
 8.43       3.5456080055274825e-12
 8.44       3.559117552838446e-12
 8.45       3.5726602961776255e-12
 8.46       3.586236274750676e-12
 8.47       3.599845527763698e-12
 8.48       3.6134880944232367e-12
 8.49       3.6271640139362808e-12
 8.50       3.640873325510256e-12
 8.51       3.654616068353024e-12
 8.52       3.668392281672884e-12
 8.53       3.682202004678562e-12
 8.54       3.6960452765792145e-12
 8.55       3.709922136584427e-12
 8.56       3.723832623904205e-12
 8.57       3.7377767777489764e-12
 8.58       3.7517546373295906e-12
 8.59       3.76576624185731e-12
 8.60       3.779811630543812e-12
 8.61       3.793890842601186e-12
 8.62       3.8080039172419326e-12
 8.63       3.822150893678955e-12
 8.64       3.836331811125564e-12
 8.65       3.850546708795472e-12
 8.66       3.864795625902791e-12
 8.67       3.879078601662031e-12
 8.68       3.893395675288096e-12
 8.69       3.907746885996284e-12
 8.70       3.922132273002281e-12
 8.71       3.936551875522171e-12
 8.72       3.951005732772409e-12
 8.73       3.965493883969847e-12
 8.74       3.9800163683317135e-12
 8.75       3.994573225075617e-12
 8.76       4.0091644934195416e-12
 8.77       4.02379021258185e-12
 8.78       4.0384504217812765e-12
 8.79       4.053145160236928e-12
 8.80       4.0678744671682785e-12
 8.81       4.082638381795169e-12
 8.82       4.097436943337806e-12
 8.83       4.112270191016757e-12
 8.84       4.127138164052952e-12
 8.85       4.142040901667681e-12
 8.86       4.156978443082586e-12
 8.87       4.171950827519668e-12
 8.88       4.18695809420128e-12
 8.89       4.20200028235012e-12
 8.90       4.217077431189245e-12
 8.91       4.232189579942046e-12
 8.92       4.24733676783227e-12
 8.93       4.262519034084e-12
 8.94       4.2777364179216635e-12
 8.95       4.2929889585700246e-12
 8.96       4.3082766952541865e-12
 8.97       4.323599667199583e-12
 8.98       4.338957913631987e-12
 8.99       4.354351473777502e-12
 9.00       4.369780386862555e-12
 9.01       4.385244692113911e-12
 9.02       4.4007444287586495e-12
 9.03       4.416279636024185e-12
 9.04       4.4318503531382454e-12
 9.05       4.447456619328885e-12
 9.06       4.463098473824475e-12
 9.07       4.478775955853703e-12
 9.08       4.494489104645572e-12
 9.09       4.5102379594294e-12
 9.10       4.526022559434816e-12
 9.11       4.5418429438917595e-12
 9.12       4.557699152030475e-12
 9.13       4.5735912230815206e-12
 9.14       4.589519196275754e-12
 9.15       4.605483110844339e-12
 9.16       4.6214830060187365e-12
 9.17       4.6375189210307145e-12
 9.18       4.6535908951123334e-12
 9.19       4.669698967495956e-12
 9.20       4.685843177414234e-12
 9.21       4.702023564100118e-12
 9.22       4.718240166786847e-12
 9.23       4.734493024707956e-12
 9.24       4.75078217709726e-12
 9.25       4.7671076631888675e-12
 9.26       4.7834695222171735e-12
 9.27       4.7998677934168526e-12
 9.28       4.816302516022865e-12
 9.29       4.832773729270453e-12
 9.30       4.849281472395135e-12
 9.31       4.865825784632711e-12
 9.32       4.882406705219258e-12
 9.33       4.8990242733911235e-12
 9.34       4.915678528384933e-12
 9.35       4.932369509437583e-12
 9.36       4.949097255786238e-12
 9.37       4.965861806668339e-12
 9.38       4.982663201321587e-12
 9.39       4.999501478983955e-12
 9.40       5.0163766788936754e-12
 9.41       5.03328884028925e-12
 9.42       5.0502380024094396e-12
 9.43       5.067224204493268e-12
 9.44       5.084247485780015e-12
 9.45       5.1013078855092224e-12
 9.46       5.118405442920686e-12
 9.47       5.135540197254456e-12
 9.48       5.152712187750843e-12
 9.49       5.1699214536504004e-12
 9.50       5.187168034193941e-12
 9.51       5.204451968622525e-12
 9.52       5.22177329617746e-12
 9.53       5.239132056100303e-12
 9.54       5.256528287632855e-12
 9.55       5.273962030017164e-12
 9.56       5.29143332249552e-12
 9.57       5.308942204310458e-12
 9.58       5.326488714704748e-12
 9.59       5.344072892921405e-12
 9.60       5.361694778203681e-12
 9.61       5.3793544097950655e-12
 9.62       5.397051826939284e-12
 9.63       5.414787068880294e-12
 9.64       5.4325601748622935e-12
 9.65       5.450371184129704e-12
 9.66       5.468220135927183e-12
 9.67       5.486107069499621e-12
 9.68       5.5040320240921296e-12
 9.69       5.521995038950054e-12
 9.70       5.539996153318965e-12
 9.71       5.558035406444654e-12
 9.72       5.576112837573144e-12
 9.73       5.594228485950674e-12
 9.74       5.612382390823707e-12
 9.75       5.630574591438932e-12
 9.76       5.6488051270432464e-12
 9.77       5.667074036883777e-12
 9.78       5.6853813602078625e-12
 9.79       5.7037271362630576e-12
 9.80       5.722111404297134e-12
 9.81       5.740534203558077e-12
 9.82       5.75899557329408e-12
 9.83       5.777495552753556e-12
 9.84       5.796034181185125e-12
 9.85       5.814611497837614e-12
 9.86       5.833227541960066e-12
 9.87       5.851882352801719e-12
 9.88       5.870575969612033e-12
 9.89       5.889308431640662e-12
 9.90       5.908079778137467e-12
 9.91       5.926890048352516e-12
 9.92       5.945739281536076e-12
 9.93       5.964627516938613e-12
 9.94       5.983554793810801e-12
 9.95       6.002521151403503e-12
 9.96       6.021526628967792e-12
 9.97       6.040571265754928e-12
 9.98       6.0596551010163716e-12
 9.99       6.078778174003779e-12
