 0.01       55522290949.41725
 0.02       6940285808.804663
 0.03       2056380703.920573
 0.04       867535446.1835783
 0.05       444178040.9609229
 0.06       257047401.38388833
 0.07       161872359.45223868
 0.08       108441790.81965788
 0.09       76162100.85256614
 0.10       55522143.15765268
 0.11       41714584.3786887
 0.12       32130831.870745335
 0.13       25271752.458571065
 0.14       20233964.957917947
 0.15       16450950.089418285
 0.16       13555153.875308957
 0.17       11301009.771824341
 0.18       9520200.40447936
 0.19       8094730.066064391
 0.20       6940211.912703878
 0.21       5995209.382835014
 0.22       5214272.154543224
 0.23       4563286.161180737
 0.24       4016307.332103478
 0.25       3553366.9889855664
 0.26       3158925.9816559767
 0.27       2820769.3907684656
 0.28       2529205.6212500785
 0.29       2276478.6047479035
 0.30       2056331.4294756658
 0.31       1863678.8801321595
 0.32       1694359.2362880374
 0.33       1544944.3861732997
 0.34       1412593.282407608
 0.35       1294937.920752535
 0.36       1189993.9417764647
 0.37       1096090.031342415
 0.38       1011811.7870841582
 0.39       935956.8000252416
 0.40       867498.4918050576
 0.41       805556.8338450169
 0.42       749374.5091039834
 0.43       698297.4043894057
 0.44       651758.5678811232
 0.45       609264.9544841059
 0.46       570386.4256164478
 0.47       534746.5810637382
 0.48       502015.08665526594
 0.49       471901.2287115151
 0.50       444148.478926159
 0.51       418529.8949177248
 0.52       394844.2146368003
 0.53       372912.5290985628
 0.54       352575.43862856406
 0.55       333690.615525739
 0.56       316130.7082746985
 0.57       299781.5348697694
 0.58       284540.5209649258
 0.59       270315.34617755486
 0.60       257022.7677937423
 0.61       244587.59645997945
 0.62       232941.80137295864
 0.63       222023.72777975726
 0.64       211777.41050634976
 0.65       202151.97071138019
 0.66       193101.0846438163
 0.67       184582.51487822735
 0.68       176557.6958814788
 0.69       168991.36692791356
 0.70       161851.24636320872
 0.71       155107.74205009706
 0.72       148733.69353665522
 0.73       142704.14209025772
 0.74       136996.12525436815
 0.75       131588.49302503446
 0.76       126461.74312086355
 0.77       121597.87314401772
 0.78       116980.24770848548
 0.79       112593.4788522676
 0.80       108423.31825788619
 0.81       104456.55998551934
 0.82       100680.95257912607
 0.83       97085.11954156532
 0.84       93658.48729279282
 0.85       90391.21982820946
 0.86       87274.15938420073
 0.87       84298.77249663544
 0.88       81457.1009070878
 0.89       78741.71683211476
 0.90       76145.68216416733
 0.91       73662.51121960206
 0.92       71286.13669058909
 0.93       69010.87849422527
 0.94       66831.4152444295
 0.95       64742.758100784835
 0.96       62740.226772295275
 0.97       60819.42748725525
 0.98       58976.232728120136
 0.99       57206.762602807845
 1.00       55507.36768056406
 1.01       53874.613182097884
 1.02       52305.26439075376
 1.03       50796.27318907247
 1.04       49344.76562033818
 1.05       47948.030388748615
 1.06       46603.508219272
 1.07       45308.78200555987
 1.08       44061.56768085626
 1.09       42859.70575275831
 1.10       41701.15344800839
 1.11       40583.977418305796
 1.12       39506.346962459735
 1.13       38466.5277241255
 1.14       37462.87582790918
 1.15       36493.832419834165
 1.16       35557.91858106781
 1.17       34653.730586442885
 1.18       33779.935481701235
 1.19       32935.26695555619
 1.20       32118.521484649198
 1.21       31328.554731271248
 1.22       30564.278175355168
 1.23       29824.655963738238
 1.24       29108.70196105301
 1.25       28415.47698784523
 1.26       27744.086232653455
 1.27       27093.676825818267
 1.28       26463.435563740364
 1.29       25852.586773172123
 1.30       25260.390305922367
 1.31       24686.139655084968
 1.32       24129.160184174558
 1.33       23588.807463920697
 1.34       23064.465703763122
 1.35       22555.546279421527
 1.36       22061.486344548426
 1.37       21581.747523235168
 1.38       21115.814677763636
 1.39       20663.194746766934
 1.40       20223.415649305338
 1.41       19796.02524847879
 1.42       19380.59038396133
 1.43       18976.695936505974
 1.44       18583.943965717248
 1.45       18201.952884294347
 1.46       17830.35667935336
 1.47       17468.80417583782
 1.48       17116.958339475004
 1.49       16774.495616905613
 1.50       16441.105310771512
 1.51       16116.488987691238
 1.52       15800.35991718981
 1.53       15492.442539772668
 1.54       15192.471962452852
 1.55       14900.19348014683
 1.56       14615.362121456574
 1.57       14337.742217448666
 1.58       14067.106992129078
 1.59       13803.23817339286
 1.60       13545.925623304862
 1.61       13294.96698663693
 1.62       13050.167356654194
 1.63       12811.338957203525
 1.64       12578.30084021521
 1.65       12350.878597782177
 1.66       12128.904088031151
 1.67       11912.215174046867
 1.68       11700.655475154554
 1.69       11494.074129906123
 1.70       11292.325570154162
 1.71       11095.269305633892
 1.72       10902.76971850592
 1.73       10714.69586734523
 1.74       10530.921300090067
 1.75       10351.323875492935
 1.76       10175.78559264121
 1.77       10004.192428139495
 1.78       9836.434180568474
 1.79       9672.404321856357
 1.80       9511.999855219468
 1.81       9355.121179346761
 1.82       9201.671958521621
 1.83       9051.558998390137
 1.84       8904.692127101607
 1.85       8760.984081560899
 1.86       8620.350398546943
 1.87       8482.709310464365
 1.88       8347.981645507558
 1.89       8216.090732028217
 1.90       8086.962306908332
 1.91       7960.524427750934
 1.92       7836.707388710287
 1.93       7715.443639793127
 1.94       7596.667709470389
 1.95       7480.316130447543
 1.96       7366.327368449346
 1.97       7254.6417538818405
 1.98       7145.201416241468
 1.99       7037.950221147901
 2.00       6932.833709882837
 2.01       6829.799041323279
 2.02       6728.794936163149
 2.03       6629.771623322138
 2.04       6532.68078844597
 2.05       6437.475524406535
 2.06       6344.110283715055
 2.07       6252.540832765435
 2.08       6162.724207829122
 2.09       6074.618672726161
 2.10       5988.183678101273
 2.11       5903.379822236496
 2.12       5820.168813335732
 2.13       5738.513433219174
 2.14       5658.3775023685785
 2.15       5579.725846267132
 2.16       5502.524262980244
 2.17       5426.739491926049
 2.18       5352.33918378659
 2.19       5279.291871513216
 2.20       5207.56694238155
 2.21       5137.134611053323
 2.22       5067.965893604813
 2.23       5000.032582482605
 2.24       4933.307222349934
 2.25       4867.763086787996
 2.26       4803.374155818301
 2.27       4740.115094213709
 2.28       4677.961230567236
 2.29       4616.888537088758
 2.30       4556.873610101484
 2.31       4497.893651210926
 2.32       4439.926449120431
 2.33       4382.950362068378
 2.34       4326.944300863251
 2.35       4271.887712493834
 2.36       4217.760564292562
 2.37       4164.54332863128
 2.38       4112.216968129195
 2.39       4060.76292135395
 2.40       4010.163088997319
 2.41       3960.3998205078938
 2.42       3911.4559011638703
 2.43       3863.314539569642
 2.44       3815.959355560705
 2.45       3769.3743685018567
 2.46       3723.543985964408
 2.47       3678.452992768682
 2.48       3634.0865403784937
 2.49       3590.430136635053
 2.50       3547.469635818086
 2.51       3505.1912290223813
 2.52       3463.581434838785
 2.53       3422.6270903285445
 2.54       3382.3153422809296
 2.55       3342.6336387440097
 2.56       3303.569720819028
 2.57       3265.111614709295
 2.58       3227.24762401459
 2.59       3189.966322262716
 2.60       3153.2565456699317
 2.61       3117.107386122495
 2.62       3081.508184371621
 2.63       3046.448523434719
 2.64       3011.9182221957903
 2.65       2977.9073291983173
 2.66       2944.4061166241536
 2.67       2911.405074452094
 2.68       2878.8949047902342
 2.69       2846.866516376184
 2.70       2815.311019239729
 2.71       2784.2197195223775
 2.72       2753.5841144487867
 2.73       2723.3958874449877
 2.74       2693.6469033985927
 2.75       2664.3292042420444
 2.76       2635.4350037384115
 2.77       2606.9566842612194
 2.78       2578.8867918285487
 2.79       2551.2180321951587
 2.80       2523.9432668731492
 2.81       2497.055509265584
 2.82       2470.5479209093874
 2.83       2444.4138078240667
 2.84       2418.6466169629225
 2.85       2393.239932763558
 2.86       2368.187473794508
 2.87       2343.48308949504
 2.88       2319.1207570051884
 2.89       2295.0945780832462
 2.90       2271.398776108005
 2.91       2248.0276931631006
 2.92       2224.975787200998
 2.93       2202.237629284143
 2.94       2179.807900900901
 2.95       2157.681391354075
 2.96       2135.852995219754
 2.97       2114.3177098743677
 2.98       2093.070633087937
 2.99       2072.106960681466
 3.00       2051.4219842466364
 3.01       2031.0110889258815
 3.02       2010.8697512510867
 3.03       1990.993537039156
 3.04       1971.3780993427845
 3.05       1952.0191764548028
 3.06       1932.912589964534
 3.07       1914.054242864629
 3.08       1895.4401177069067
 3.09       1877.0662748058105
 3.10       1858.9288504880542
 3.11       1841.024055387162
 3.12       1823.3460603460617
 3.13       1805.8975569752618
 3.14       1788.6686317190197
 3.15       1771.6578886723448
 3.16       1754.8618859036555
 3.17       1738.2772464284556
 3.18       1721.9006567840888
 3.19       1705.7288656401624
 3.20       1689.758682443578
 3.21       1673.986976097236
 3.22       1658.4106736714755
 3.23       1643.0267591473003
 3.24       1627.8322721905884
 3.25       1612.8243069563323
 3.26       1598.0000109221733
 3.27       1583.3565837503659
 3.28       1568.891276177425
 3.29       1554.60138893068
 3.30       1540.4842716710343
 3.31       1526.5373219611754
 3.32       1512.7579842585985
 3.33       1499.1437489327366
 3.34       1485.692151305559
 3.35       1472.4007707150195
 3.36       1459.2672296007506
 3.37       1446.2891926113655
 3.38       1433.4643657328568
 3.39       1420.7904954374978
 3.40       1408.2653678526976
 3.41       1395.886807949316
 3.42       1383.652678748898
 3.43       1371.5608805493537
 3.44       1359.609350168586
 3.45       1347.7960602056182
 3.46       1336.1190183187384
 3.47       1324.5762665202612
 3.48       1313.1658804874376
 3.49       1301.885968889125
 3.50       1290.7346727277989
 3.51       1279.710164696527
 3.52       1268.8106485505095
 3.53       1258.0343584928205
 3.54       1247.3795585740058
 3.55       1236.8445421051522
 3.56       1226.4276310841299
 3.57       1216.1271756346446
 3.58       1205.941553457788
 3.59       1195.8691692957943
 3.60       1185.908454407658
 3.61       1176.0578660563533
 3.62       1166.3158870073528
 3.63       1156.6810250381707
 3.64       1147.15181245864
 3.65       1137.7268056417095
 3.66       1128.4045845644303
 3.67       1119.183752358944
 3.68       1110.062934873207
 3.69       1101.0407802411978
 3.70       1092.1159584624058
 3.71       1083.2871609903593
 3.72       1074.5531003299782
 3.73       1065.912509643542
 3.74       1057.3641423650547
 3.75       1048.9067718228357
 3.76       1040.5391908700929
 3.77       1032.2602115233442
 3.78       1024.0686646084337
 3.79       1015.9633994140476
 3.80       1007.9432833524608
 3.81       1000.0072016274178
 3.82       992.1540569089375
 3.83       984.3827690149029
 3.84       976.6922745992528
 3.85       969.0815268466497
 3.86       961.5494951734579
 3.87       954.0951649348764
 3.88       946.71753713811
 3.89       939.415628161413
 3.90       932.1884694788863
 3.91       925.0351073908914
 3.92       917.9546027599519
 3.93       910.9460307520104
 3.94       904.0084805829463
 3.95       897.1410552701868
 3.96       890.3428713893454
 3.97       883.6130588357438
 3.98       876.9507605907131
 3.99       870.3551324925779
 4.00       863.825343012196
 4.01       857.360573032979
 4.02       850.9600156352756
 4.03       844.6228758850131
 4.04       838.3483706265371
 4.05       832.1357282795092
 4.06       825.9841886398159
 4.07       819.8930026843674
 4.08       813.8614323797265
 4.09       807.8887504944607
 4.10       801.9742404151563
 4.11       796.1171959660039
 4.12       790.3169212318669
 4.13       784.5727303847852
 4.14       778.8839475138182
 4.15       773.2499064581544
 4.16       767.6699506434262
 4.17       762.143432921166
 4.18       756.6697154113117
 4.19       751.2481693477255
 4.20       745.8781749266458
 4.21       740.5591211580011
 4.22       735.2904057195585
 4.23       730.0714348137967
 4.24       724.901623027497
 4.25       719.7803931939584
 4.26       714.7071762577978
 4.27       709.6814111422763
 4.28       704.7025446191003
 4.29       699.7700311806485
 4.30       694.8833329145635
 4.31       690.0419193806699
 4.32       685.2452674901696
 4.33       680.4928613870588
 4.34       675.7841923317279
 4.35       671.1187585866984
 4.36       666.4960653044474
 4.37       661.9156244172901
 4.38       657.3769545292596
 4.39       652.8795808099563
 4.40       648.4230348903233
 4.41       644.0068547603121
 4.42       639.630584668384
 4.43       635.2937750228391
 4.44       630.9959822949079
 4.45       626.736768923583
 4.46       622.5157032221588
 4.47       618.3323592864314
 4.48       614.1863169045469
 4.49       610.0771614684396
 4.50       606.0044838868499
 4.51       601.9678804998772
 4.52       597.966952995045
 4.53       594.0013083248454
 4.54       590.070558625724
 4.55       586.1743211385024
 4.56       582.3122181301833
 4.57       578.4838768171195
 4.58       574.6889292895313
 4.59       570.9270124373294
 4.60       567.197767877224
 4.61       563.5008418811067
 4.62       559.8358853056556
 4.63       556.2025535231656
 4.64       552.6005063535631
 4.65       549.0294079975884
 4.66       545.4889269711246
 4.67       541.978736040648
 4.68       538.4985121597797
 4.69       535.0479364069173
 4.70       531.6266939239265
 4.71       528.2344738558722
 4.72       524.8709692917625
 4.73       521.5358772063095
 4.74       518.2288984026494
 4.75       514.9497374560423
 4.76       511.698102658508
 4.77       508.4737059643904
 4.78       505.2762629368324
 4.79       502.1054926951415
 4.80       498.96111786303095
 4.81       495.84286451771806
 4.82       492.7504621398715
 4.83       489.68364356438104
 4.84       486.64214493194083
 4.85       483.6257056414277
 4.86       480.63406830306485
 4.87       477.66697869235514
 4.88       474.724185704759
 4.89       471.80544131112407
 4.90       468.9105005138336
 4.91       466.0391213036681
 4.92       463.1910646173716
 4.93       460.3660942959006
 4.94       457.56397704334984
 4.95       454.78448238654113
 4.96       452.0273826352616
 4.97       449.29245284313896
 4.98       446.5794707691501
 4.99       443.88821683973816
 5.00       441.21847411154107
 5.01       438.57002823470765
 5.02       435.9426674168027
 5.03       433.33618238728315
 5.04       430.7503663625373
 5.05       428.18501501147347
 5.06       425.63992642165863
 5.07       423.11490106598217
 5.08       420.6097417698514
 5.09       418.1242536788965
 5.10       415.65824422718055
 5.11       413.2115231059132
 5.12       410.78390223264404
 5.13       408.3751957209377
 5.14       405.9852198505262
 5.15       403.61379303791296
 5.16       401.2607358074443
 5.17       398.92587076281626
 5.18       396.60902255902795
 5.19       394.310017874765
 5.20       392.0286853852034
 5.21       389.76485573523775
 5.22       387.5183615131096
 5.23       385.2890372244462
 5.24       383.07671926669093
 5.25       380.88124590392397
 5.26       378.7024572420649
 5.27       376.5401952044513
 5.28       374.3943035077847
 5.29       372.2646276384455
 5.30       370.15101482915475
 5.31       368.05331403599865
 5.32       365.9713759157889
 5.33       363.90505280376584
 5.34       361.85419869163513
 5.35       359.81866920593086
 5.36       357.79832158670484
 5.37       355.7930146665245
 5.38       353.80260884979384
 5.39       351.8269660923719
 5.40       349.86594988149454
 5.41       347.91942521599555
 5.42       345.98725858681865
 5.43       344.0693179578106
 5.44       342.16547274680414
 5.45       340.27559380697227
 5.46       338.3995534084601
 5.47       336.53722522027715
 5.48       334.6884842924648
 5.49       332.8532070385127
 5.50       331.03127121803556
 5.51       329.22255591970094
 5.52       327.4269415444026
 5.53       325.64430978867887
 5.54       323.87454362836576
 5.55       322.1175273024915
 5.56       320.3731462973977
 5.57       318.6412873310895
 5.58       316.92183833781036
 5.59       315.21468845283624
 5.60       313.51972799748836
 5.61       311.83684846435625
 5.62       310.16594250273357
 5.63       308.506903904261
 5.64       306.8596275887674
 5.65       305.2240095903197
 5.66       303.59994704346036
 5.67       301.9873381696456
 5.68       300.38608226387
 5.69       298.7960796814823
 5.70       297.2172318251831
 5.71       295.64944113220605
 5.72       294.0926110616773
 5.73       292.54664608215114
 5.74       291.0114516593205
 5.75       289.48693424389444
 5.76       287.97300125965074
 5.77       286.46956109164284
 5.78       284.9765230745838
 5.79       283.49379748137636
 5.80       282.0212955118114
 5.81       280.55892928141753
 5.82       279.1066118104629
 5.83       277.66425701310965
 5.84       276.2317796867164
 5.85       274.8090955012847
 5.86       273.3961209890528
 5.87       271.99277353422826
 5.88       270.59897136286156
 5.89       269.2146335328547
 5.90       267.8396799241095
 5.91       266.47403122880405
 5.92       265.1176089418037
 5.93       263.77033535120006
 5.94       262.43213352897607
 5.95       261.10292732180045
 5.96       259.7826413419392
 5.97       258.47120095829524
 5.98       257.168532287562
 5.99       255.8745621855004
 6.00       254.58921823832654
 6.01       253.3124287542184
 6.02       252.0441227549327
 6.03       250.78422996753272
 6.04       249.53268081622798
 6.05       248.28940641431848
 6.06       247.05433855624685
 6.07       245.82740970975487
 6.08       244.60855300814444
 6.09       243.3977022426356
 6.10       242.19479185483016
 6.11       240.99975692926972
 6.12       239.81253318609444
 6.13       238.63305697379278
 6.14       237.4612652620504
 6.15       236.2970956346882
 6.16       235.14048628269597
 6.17       233.9913759973495
 6.18       232.8497041634263
 6.19       231.71541075249857
 6.20       230.58843631632016
 6.21       229.46872198029604
 6.22       228.3562094370344
 6.23       227.25084093998322
 6.24       226.15255929714772
 6.25       225.06130786488686
 6.26       223.9770305417928
 6.27       222.89967176264275
 6.28       221.82917649243203
 6.29       220.7654902204826
 6.30       219.70855895462324
 6.31       218.65832921544737
 6.32       217.61474803063948
 6.33       216.57776292937817
 6.34       215.54732193680337
 6.35       214.5233735685588
 6.36       213.5058668254003
 6.37       212.49475118787183
 6.38       211.48997661104843
 6.39       210.49149351934605
 6.40       209.4992528013936
 6.41       208.5132058049712
 6.42       207.5333043320108
 6.43       206.559500633658
 6.44       205.5917474053967
 6.45       204.6299977822325
 6.46       203.67420533393775
 6.47       202.72432406035196
 6.48       201.78030838674385
 6.49       200.84211315922843
 6.50       199.9096936402407
 6.51       198.98300550406506
 6.52       198.06200483241898
 6.53       197.14664811009223
 6.54       196.23689222063769
 6.55       195.3326944421149
 6.56       194.4340124428865
 6.57       193.5408042774654
 6.58       192.65302838241135
 6.59       191.77064357227852
 6.60       190.89360903561172
 6.61       190.02188433099104
 6.62       189.1554293831234
 6.63       188.29420447898303
 6.64       187.4381702639964
 6.65       186.58728773827423
 6.66       185.74151825288888
 6.67       184.90082350619406
 6.68       184.0651655401925
 6.69       183.234506736943
 6.70       182.40880981501377
 6.71       181.58803782597465
 6.72       180.77215415093323
 6.73       179.96112249711302
 6.74       179.15490689446756
 6.75       178.35347169234225
 6.76       177.55678155616675
 6.77       176.7648014641933
 6.78       175.97749670427046
 6.79       175.19483287065563
 6.80       174.416775860864
 6.81       173.6432918725559
 6.82       172.8743474004597
 6.83       172.10990923333102
 6.84       171.34994445094696
 6.85       170.5944204211363
 6.86       169.84330479684374
 6.87       169.0965655132278
 6.88       168.3541707847937
 6.89       167.61608910255802
 6.90       166.8822892312476
 6.91       166.15274020652942
 6.92       165.4274113322738
 6.93       164.706272177848
 6.94       163.98929257544228
 6.95       163.27644261742432
 6.96       162.56769265372813
 6.97       161.86301328926766
 6.98       161.16237538138515
 6.99       160.46575003732414
 7.00       159.77310861173467
 7.01       159.08442270420562
 7.02       158.3996641568245
 7.03       157.71880505176654
 7.04       157.04181770890918
 7.05       156.36867468347575
 7.06       155.6993487637036
 7.07       155.03381296854107
 7.08       154.3720405453675
 7.09       153.71400496774245
 7.10       153.05967993317626
 7.11       152.4090393609292
 7.12       151.76205738983316
 7.13       151.11870837613904
 7.14       150.4789668913865
 7.15       149.84280772030021
 7.16       149.21020585870662
 7.17       148.58113651147627
 7.18       147.9555750904872
 7.19       147.33349721261249
 7.20       146.71487869772983
 7.21       146.09969556675165
 7.22       145.48792403967934
 7.23       144.87954053367758
 7.24       144.27452166116913
 7.25       143.67284422795342
 7.26       143.07448523134315
 7.27       142.47942185832176
 7.28       141.88763148372368
 7.29       141.29909166842967
 7.30       140.7137801575876
 7.31       140.13167487884812
 7.32       139.55275394062116
 7.33       138.97699563035363
 7.34       138.40437841282127
 7.35       137.83488092844308
 7.36       137.26848199161284
 7.37       136.7051605890476
 7.38       136.1448958781552
 7.39       135.5876671854197
 7.40       135.0334540048032
 7.41       134.4822359961657
 7.42       133.9339929837016
 7.43       133.38870495439258
 7.44       132.84635205647888
 7.45       132.30691459794468
 7.46       131.77037304502096
 7.47       131.23670802070419
 7.48       130.70590030329146
 7.49       130.17793082492952
 7.50       129.65278067018116
 7.51       129.1304310746052
 7.52       128.61086342335352
 7.53       128.09405924978168
 7.54       127.58000023407295
 7.55       127.0686682018804
 7.56       126.56004512298013
 7.57       126.05411310994064
 7.58       125.55085441680504
 7.59       125.05025143778727
 7.60       124.55228670598311
 7.61       124.05694289209458
 7.62       123.56420280316529
 7.63       123.07404938133186
 7.64       122.58646570258801
 7.65       122.10143497556021
 7.66       121.61894054029652
 7.67       121.13896586706959
 7.68       120.6614945551898
 7.69       120.18651033183191
 7.70       119.71399705087514
 7.71       119.24393869175178
 7.72       118.77631935831187
 7.73       118.3111232776966
 7.74       117.84833479922429
 7.75       117.38793839328903
 7.76       116.92991865026792
 7.77       116.47426027944256
 7.78       116.02094810792977
 7.79       115.56996707962361
 7.80       115.12130225414872
 7.81       114.67493880582398
 7.82       114.23086202263657
 7.83       113.78905730522709
 7.84       113.3495101658844
 7.85       112.91220622755125
 7.86       112.47713122283989
 7.87       112.04427099305666
 7.88       111.61361148723864
 7.89       111.18513876119779
 7.90       110.75883897657627
 7.91       110.33469839991054
 7.92       109.91270340170523
 7.93       109.49284045551575
 7.94       109.07509613704201
 7.95       108.65945712322825
 7.96       108.24591019137436
 7.97       107.83444221825549
 7.98       107.42504017924955
 7.99       107.01769114747509
 8.00       106.6123822929358
 8.01       106.20910088167552
 8.02       105.80783427494003
 8.03       105.4085699283486
 8.04       105.01129539107252
 8.05       104.61599830502267
 8.06       104.22266640404511
 8.07       103.83128751312293
 8.08       103.44184954758947
 8.09       103.05434051234573
 8.10       102.6687485010877
 8.11       102.28506169554043
 8.12       101.90326836469987
 8.13       101.52335686408198
 8.14       101.14531563497968
 8.15       100.76913320372681
 8.16       100.39479818096858
 8.17       100.02229926094074
 8.18       99.65162522075413
 8.19       99.28276491968774
 8.20       98.91570729848682
 8.21       98.55044137867024
 8.22       98.18695626184213
 8.23       97.82524112901149
 8.24       97.46528523991917
 8.25       97.1070779323689
 8.26       96.75060862156754
 8.27       96.39586679946997
 8.28       96.04284203413086
 8.29       95.69152396906264
 8.30       95.34190232259964
 8.31       94.99396688726848
 8.32       94.6477075291644
 8.33       94.30311418733334
 8.34       93.96017687316022
 8.35       93.61888566976313
 8.36       93.27923073139323
 8.37       92.9412022828404
 8.38       92.60479061884419
 8.39       92.26998610351066
 8.40       91.9367791697357
 8.41       91.60516031863153
 8.42       91.27512011896134
 8.43       90.94664920657716
 8.44       90.61973828386436
 8.45       90.29437811919085
 8.46       89.97055954636112
 8.47       89.64827346407665
 8.48       89.3275108354001
 8.49       89.00826268722518
 8.50       88.6905201097515
 8.51       88.37427425596422
 8.52       88.05951634111862
 8.53       87.74623764222976
 8.54       87.43442949756569
 8.55       87.12408330614802
 8.56       86.81519052725383
 8.57       86.50774267992489
 8.58       86.20173134248029
 8.59       85.89714815203342
 8.60       85.59398480401403
 8.61       85.29223305169496
 8.62       84.99188470572155
 8.63       84.69293163364813
 8.64       84.39536575947606
 8.65       84.09917906319801
 8.66       83.80436358034584
 8.67       83.51091140154159
 8.68       83.21881467205449
 8.69       82.92806559136099
 8.70       82.63865641270847
 8.71       82.3505794426838
 8.72       82.06382704078523
 8.73       81.77839161899882
 8.74       81.49426564137818
 8.75       81.21144162362792
 8.76       80.92991213269174
 8.77       80.64966978634365
 8.78       80.37070725278262
 8.79       80.0930172502318
 8.80       79.81659254654075
 8.81       79.54142595879121
 8.82       79.26751035290695
 8.83       78.9948386432667
 8.84       78.72340379232071
 8.85       78.45319881021099
 8.86       78.18421675439468
 8.87       77.91645072927064
 8.88       77.64989388581043
 8.89       77.38453942119077
 8.90       77.12038057843131
 8.91       76.85741064603488
 8.92       76.59562295762943
 8.93       76.33501089161614
 8.94       76.07556787081825
 8.95       75.81728736213414
 8.96       75.560162876193
 8.97       75.3041879670141
 8.98       75.04935623166867
 8.99       74.79566130994475
 9.00       74.54309688401557
 9.01       74.29165667810997
 9.02       74.041334458187
 9.03       73.7921240316116
 9.04       73.54401924683528
 9.05       73.29701399307773
 9.06       73.05110220001245
 9.07       72.80627783745481
 9.08       72.56253491505261
 9.09       72.3198674819795
 9.10       72.0782696266313
 9.11       71.83773547632465
 9.12       71.59825919699887
 9.13       71.35983499291945
 9.14       71.12245710638543
 9.15       70.88611981743774
 9.16       70.65081744357177
 9.17       70.41654433945125
 9.18       70.1832948966252
 9.19       69.95106354324693
 9.20       69.71984474379595
 9.21       69.48963299880194
 9.22       69.26042284457117
 9.23       69.03220885291549
 9.24       68.80498563088335
 9.25       68.57874782049363
 9.26       68.35349009847108
 9.27       68.12920717598462
 9.28       67.90589379838774
 9.29       67.6835447449608
 9.30       67.46215482865628
 9.31       67.24171889584524
 9.32       67.02223182606703
 9.33       66.80368853178013
 9.34       66.58608395811575
 9.35       66.36941308263367
 9.36       66.15367091507919
 9.37       65.93885249714369
 9.38       65.72495290222551
 9.39       65.51196723519436
 9.40       65.29989063215702
 9.41       65.08871826022467
 9.42       64.87844531728314
 9.43       64.66906703176453
 9.44       64.46057866242042
 9.45       64.2529754980978
 9.46       64.0462528575168
 9.47       63.84040608904891
 9.48       63.63543057049978
 9.49       63.431321708890636
 9.50       63.22807494024428
 9.51       63.02568572937095
 9.52       62.82414956965735
 9.53       62.6234619828569
 9.54       62.423618518881035
 9.55       62.22461475559354
 9.56       62.02644629860605
 9.57       61.82910878107459
 9.58       61.632597863499
 9.59       61.436909233523615
 9.60       61.242038605738564
 9.61       61.04798172148454
 9.62       60.85473434865775
 9.63       60.66229228151689
 9.64       60.470651340492736
 9.65       60.27980737199694
 9.66       60.08975624823517
 9.67       59.90049386701978
 9.68       59.71201615158497
 9.69       59.52431905040314
 9.70       59.33739853700315
 9.71       59.1512506097894
 9.72       58.96587129186287
 9.73       58.78125663084382
 9.74       58.597402698695134
 9.75       58.414305591548555
 9.76       58.2319614295304
 9.77       58.050366356590274
 9.78       57.86951654033078
 9.79       57.68940817183798
 9.80       57.510037465514365
 9.81       57.33140065891202
 9.82       57.153494012568
 9.83       56.9763138098407
 9.84       56.79985635674753
 9.85       56.62411798180398
 9.86       56.44909503586398
 9.87       56.27478389196157
 9.88       56.10118094515382
 9.89       55.9282826123653
 9.90       55.75608533223279
 9.91       55.58458556495302
 9.92       55.41377979212973
 9.93       55.243664516623234
 9.94       55.074236262400944
 9.95       54.90549157438861
 9.96       54.73742701832333
 9.97       54.570039180607324
 9.98       54.40332466816326
 9.99       54.237280108290385
