 0.01       2.9649902423688614e-13
 0.02       1.4795321343761435e-13
 0.03       9.830669397192039e-14
 0.04       7.338549133085643e-14
 0.05       5.835496868982827e-14
 0.06       4.8270378838300724e-14
 0.07       4.101265731261248e-14
 0.08       3.5522370679180025e-14
 0.09       3.1211032628898844e-14
 0.10       2.7725630414903892e-14
 0.11       2.484159141518807e-14
 0.12       2.2409266413911375e-14
 0.13       2.0325112906721243e-14
 0.14       1.8515228418078496e-14
 0.15       1.6925470491652853e-14
 0.16       1.5515281684320166e-14
 0.17       1.425369397404295e-14
 0.18       1.3116665031790785e-14
 0.19       1.2085255670748947e-14
 0.20       1.1144354060764513e-14
 0.21       1.028176445295067e-14
 0.22       9.487544433944441e-15
 0.23       8.753515070358015e-15
 0.24       8.072893517117249e-15
 0.25       7.440013799798932e-15
 0.26       6.850112031813313e-15
 0.27       6.299159361101599e-15
 0.28       5.783730713969711e-15
 0.29       5.3009006953702295e-15
 0.30       4.848160309127961e-15
 0.31       4.423349796831505e-15
 0.32       4.024604069432662e-15
 0.33       3.650308060373222e-15
 0.34       3.299059957571733e-15
 0.35       2.9696407384982535e-15
 0.36       2.660988782736627e-15
 0.37       2.3721786014285846e-15
 0.38       2.102402925226646e-15
 0.39       1.8509575479465774e-15
 0.40       1.6172284436719942e-15
 0.41       1.4006807691607155e-15
 0.42       1.200849437335933e-15
 0.43       1.0173310061041898e-15
 0.44       8.49776673243636e-16
 0.45       6.978862053071839e-16
 0.46       5.614026584078594e-16
 0.47       4.4010777294645087e-16
 0.48       3.3381794399819827e-16
 0.49       2.423806851215235e-16
 0.50       1.6567151650971385e-16
 0.51       1.0359121924240303e-16
 0.52       5.606340635419379e-17
 0.53       2.303236887664121e-17
 0.54       4.4611612089053464e-18
 0.55       3.29895357059832e-19
 0.56       1.0634217933474459e-17
 0.57       3.5383947472052525e-17
 0.58       7.460185271085761e-17
 0.59       1.2832255511718348e-16
 0.60       1.9659154116012034e-16
 0.61       2.7946427173663476e-16
 0.62       3.770053777822269e-16
 0.63       4.892879324900927e-16
 0.64       6.163927917597429e-16
 0.65       7.584079955272851e-16
 0.66       9.154282235202282e-16
 0.67       1.0875542997506607e-15
 0.68       1.274892740729622e-15
 0.69       1.4775553429671717e-15
 0.70       1.6956588058296143e-15
 0.71       1.9293243862679195e-15
 0.72       2.1786775823187976e-15
 0.73       2.4438478426193665e-15
 0.74       2.7249682994746984e-15
 0.75       3.0221755232799532e-15
 0.76       3.3356092963302415e-15
 0.77       3.665412404255692e-15
 0.78       4.0117304434999756e-15
 0.79       4.3747116434207156e-15
 0.80       4.75450670173237e-15
 0.81       5.151268632138515e-15
 0.82       5.565152623113001e-15
 0.83       5.996315906889707e-15
 0.84       6.444917637810133e-15
 0.85       6.911118779258269e-15
 0.86       7.395081998483693e-15
 0.87       7.896971568678277e-15
 0.88       8.416953277729431e-15
 0.89       8.955194343124897e-15
 0.90       9.511863332530463e-15
 0.91       1.0087130089604387e-14
 0.92       1.0681165664649961e-14
 0.93       1.1294142249742146e-14
 0.94       1.1926233117994997e-14
 0.95       1.2577612566664905e-14
 0.96       1.3248455863809842e-14
 0.97       1.3938939198248028e-14
 0.98       1.4649239632580382e-14
 0.99       1.537953505906007e-14
 1.00       1.6130004158109914e-14
 1.01       1.6900826359304066e-14
 1.02       1.769218180464493e-14
 1.03       1.8504251313979235e-14
 1.04       1.933721635240939e-14
 1.05       2.0191258999567023e-14
 1.06       2.1066561920625736e-14
 1.07       2.1963308338939357e-14
 1.08       2.288168201020022e-14
 1.09       2.382186719802002e-14
 1.10       2.478404865084254e-14
 1.11       2.5768411580104353e-14
 1.12       2.6775141639565538e-14
 1.13       2.7804424905737818e-14
 1.14       2.885644785934284e-14
 1.15       2.9931397367737784e-14
 1.16       3.102946066825013e-14
 1.17       3.215082535236686e-14
 1.18       3.329567935072774e-14
 1.19       3.446421091887524e-14
 1.20       3.5656608623716865e-14
 1.21       3.6873061330658845e-14
 1.22       3.8113758191372645e-14
 1.23       3.9378888632158044e-14
 1.24       4.066864234286951e-14
 1.25       4.1983209266374e-14
 1.26       4.332277958851072e-14
 1.27       4.468754372852539e-14
 1.28       4.6077692329952695e-14
 1.29       4.7493416251923e-14
 1.30       4.893490656087016e-14
 1.31       5.040235452261916e-14
 1.32       5.189595159483352e-14
 1.33       5.341588941980313e-14
 1.34       5.4962359817555466e-14
 1.35       5.653555477927246e-14
 1.36       5.813566646099822e-14
 1.37       5.976288717762211e-14
 1.38       6.141740939712347e-14
 1.39       6.309942573506483e-14
 1.40       6.480912894932102e-14
 1.41       6.65467119350327e-14
 1.42       6.831236771977303e-14
 1.43       7.01062894589171e-14
 1.44       7.192867043120449e-14
 1.45       7.377970403448522e-14
 1.46       7.565958378164067e-14
 1.47       7.756850329667092e-14
 1.48       7.950665631094075e-14
 1.49       8.147423665957684e-14
 1.50       8.347143827800897e-14
 1.51       8.549845519864879e-14
 1.52       8.755548154769956e-14
 1.53       8.96427115420911e-14
 1.54       9.176033948653422e-14
 1.55       9.390855977068883e-14
 1.56       9.60875668664415e-14
 1.57       9.82975553252865e-14
 1.58       1.0053871977580679e-13
 1.59       1.0281125492124981e-13
 1.60       1.0511535553719409e-13
 1.61       1.0745121646930303e-13
 1.62       1.0981903263116178e-13
 1.63       1.1221899900219383e-13
 1.64       1.146513106256535e-13
 1.65       1.1711616260669203e-13
 1.66       1.1961375011049283e-13
 1.67       1.2214426836047443e-13
 1.68       1.2470791263655716e-13
 1.69       1.273048782734914e-13
 1.70       1.299353606592452e-13
 1.71       1.3259955523344782e-13
 1.72       1.3529765748588836e-13
 1.73       1.3802986295506578e-13
 1.74       1.4079636722678925e-13
 1.75       1.4359736593282653e-13
 1.76       1.4643305474959826e-13
 1.77       1.493036293969165e-13
 1.78       1.5220928563676588e-13
 1.79       1.5515021927212593e-13
 1.80       1.5812662614583172e-13
 1.81       1.6113870213947351e-13
 1.82       1.6418664317233158e-13
 1.83       1.6727064520034665e-13
 1.84       1.7039090421512374e-13
 1.85       1.7354761624296803e-13
 1.86       1.7674097734395235e-13
 1.87       1.79971183611014e-13
 1.88       1.8323843116908106e-13
 1.89       1.8654291617422568e-13
 1.90       1.8988483481284477e-13
 1.91       1.9326438330086615e-13
 1.92       1.966817578829792e-13
 1.93       2.0013715483189021e-13
 1.94       2.0363077044759997e-13
 1.95       2.0716280105670405e-13
 1.96       2.1073344301171434e-13
 1.97       2.143428926904012e-13
 1.98       2.1799134649515556e-13
 1.99       2.2167900085237064e-13
 2.00       2.254060522118415e-13
 2.01       2.2917269704618323e-13
 2.02       2.32979131850266e-13
 2.03       2.368255531406666e-13
 2.04       2.4071215745513695e-13
 2.05       2.446391413520871e-13
 2.06       2.486067014100844e-13
 2.07       2.52615034227366e-13
 2.08       2.5666433642136624e-13
 2.09       2.607548046282578e-13
 2.10       2.648866355025049e-13
 2.11       2.6906002571643033e-13
 2.12       2.7327517195979395e-13
 2.13       2.775322709393835e-13
 2.14       2.818315193786169e-13
 2.15       2.86173114017155e-13
 2.16       2.905572516105265e-13
 2.17       2.949841289297612e-13
 2.18       2.9945394276103536e-13
 2.19       3.039668899053254e-13
 2.20       3.08523167178072e-13
 2.21       3.131229714088521e-13
 2.22       3.177664994410614e-13
 2.23       3.224539481316038e-13
 2.24       3.271855143505902e-13
 2.25       3.319613949810453e-13
 2.26       3.3678178691862105e-13
 2.27       3.416468870713196e-13
 2.28       3.465568923592213e-13
 2.29       3.515119997142223e-13
 2.30       3.565124060797764e-13
 2.31       3.615583084106456e-13
 2.32       3.666499036726566e-13
 2.33       3.717873888424623e-13
 2.34       3.7697096090731195e-13
 2.35       3.8220081686482443e-13
 2.36       3.874771537227692e-13
 2.37       3.9280016849885193e-13
 2.38       3.9817005822050617e-13
 2.39       4.035870199246889e-13
 2.40       4.0905125065768323e-13
 2.41       4.145629474749042e-13
 2.42       4.201223074407103e-13
 2.43       4.257295276282195e-13
 2.44       4.3138480511912957e-13
 2.45       4.370883370035435e-13
 2.46       4.4284032037979783e-13
 2.47       4.486409523542967e-13
 2.48       4.544904300413489e-13
 2.49       4.603889505630089e-13
 2.50       4.663367110489227e-13
 2.51       4.723339086361759e-13
 2.52       4.783807404691459e-13
 2.53       4.844774036993587e-13
 2.54       4.906240954853477e-13
 2.55       4.96821012992516e-13
 2.56       5.030683533930022e-13
 2.57       5.093663138655505e-13
 2.58       5.157150915953811e-13
 2.59       5.221148837740666e-13
 2.60       5.285658875994084e-13
 2.61       5.350683002753187e-13
 2.62       5.41622319011703e-13
 2.63       5.482281410243466e-13
 2.64       5.548859635348032e-13
 2.65       5.615959837702858e-13
 2.66       5.683583989635609e-13
 2.67       5.751734063528433e-13
 2.68       5.820412031816962e-13
 2.69       5.889619866989303e-13
 2.70       5.959359541585068e-13
 2.71       6.02963302819444e-13
 2.72       6.100442299457217e-13
 2.73       6.171789328061927e-13
 2.74       6.243676086744919e-13
 2.75       6.316104548289516e-13
 2.76       6.389076685525141e-13
 2.77       6.462594471326499e-13
 2.78       6.536659878612759e-13
 2.79       6.611274880346756e-13
 2.80       6.686441449534212e-13
 2.81       6.76216155922298e-13
 2.82       6.838437182502278e-13
 2.83       6.915270292501977e-13
 2.84       6.99266286239188e-13
 2.85       7.070616865381017e-13
 2.86       7.149134274716965e-13
 2.87       7.228217063685172e-13
 2.88       7.307867205608299e-13
 2.89       7.388086673845581e-13
 2.90       7.468877441792195e-13
 2.91       7.550241482878638e-13
 2.92       7.632180770570127e-13
 2.93       7.714697278366007e-13
 2.94       7.797792979799165e-13
 2.95       7.881469848435466e-13
 2.96       7.965729857873199e-13
 2.97       8.050574981742518e-13
 2.98       8.136007193704924e-13
 2.99       8.222028467452735e-13
 3.00       8.308640776708562e-13
 3.01       8.395846095224823e-13
 3.02       8.483646396783235e-13
 3.03       8.57204365519434e-13
 3.04       8.661039844297027e-13
 3.05       8.750636937958064e-13
 3.06       8.84083691007165e-13
 3.07       8.931641734558964e-13
 3.08       9.023053385367732e-13
 3.09       9.115073836471776e-13
 3.10       9.207705061870632e-13
 3.11       9.300949035589098e-13
 3.12       9.394807731676853e-13
 3.13       9.48928312420805e-13
 3.14       9.58437718728093e-13
 3.15       9.680091895017441e-13
 3.16       9.77642922156285e-13
 3.17       9.873391141085395e-13
 3.18       9.97097962777591e-13
 3.19       1.006919665584748e-12
 3.20       1.0168044199535076e-12
 3.21       1.026752423309524e-12
 3.22       1.0367638730805732e-12
 3.23       1.0468389666965193e-12
 3.24       1.0569779015892858e-12
 3.25       1.0671808751928205e-12
 3.26       1.0774480849430653e-12
 3.27       1.0877797282779268e-12
 3.28       1.0981760026372446e-12
 3.29       1.1086371054627647e-12
 3.30       1.1191632341981067e-12
 3.31       1.1297545862887393e-12
 3.32       1.1404113591819495e-12
 3.33       1.1511337503268174e-12
 3.34       1.1619219571741888e-12
 3.35       1.1727761771766474e-12
 3.36       1.1836966077884919e-12
 3.37       1.1946834464657065e-12
 3.38       1.2057368906659404e-12
 3.39       1.2168571378484794e-12
 3.40       1.2280443854742248e-12
 3.41       1.2392988310056674e-12
 3.42       1.2506206719068665e-12
 3.43       1.2620101056434246e-12
 3.44       1.273467329682467e-12
 3.45       1.284992541492618e-12
 3.46       1.296585938543982e-12
 3.47       1.3082477183081184e-12
 3.48       1.319978078258023e-12
 3.49       1.3317772158681084e-12
 3.50       1.3436453286141809e-12
 3.51       1.3555826139734226e-12
 3.52       1.3675892694243721e-12
 3.53       1.3796654924469033e-12
 3.54       1.3918114805222092e-12
 3.55       1.4040274311327812e-12
 3.56       1.4163135417623919e-12
 3.57       1.4286700098960766e-12
 3.58       1.4410970330201161e-12
 3.59       1.4535948086220194e-12
 3.60       1.4661635341905062e-12
 3.61       1.4788034072154905e-12
 3.62       1.4915146251880636e-12
 3.63       1.5042973856004792e-12
 3.64       1.5171518859461361e-12
 3.65       1.5300783237195619e-12
 3.66       1.5430768964163995e-12
 3.67       1.5561478015333914e-12
 3.68       1.5692912365683634e-12
 3.69       1.582507399020212e-12
 3.70       1.5957964863888875e-12
 3.71       1.6091586961753822e-12
 3.72       1.6225942258817142e-12
 3.73       1.6361032730109161e-12
 3.74       1.6496860350670196e-12
 3.75       1.6633427095550417e-12
 3.76       1.6770734939809737e-12
 3.77       1.6908785858517666e-12
 3.78       1.70475818267532e-12
 3.79       1.718712481960466e-12
 3.80       1.7327416812169624e-12
 3.81       1.7468459779554762e-12
 3.82       1.7610255696875724e-12
 3.83       1.7752806539257047e-12
 3.84       1.7896114281832011e-12
 3.85       1.8040180899742543e-12
 3.86       1.818500836813909e-12
 3.87       1.8330598662180526e-12
 3.88       1.8476953757034025e-12
 3.89       1.862407562787497e-12
 3.90       1.877196624988685e-12
 3.91       1.8920627598261143e-12
 3.92       1.907006164819721e-12
 3.93       1.922027037490222e-12
 3.94       1.937125575359101e-12
 3.95       1.9523019759486053e-12
 3.96       1.9675564367817282e-12
 3.97       1.9828891553822063e-12
 3.98       1.9983003292745054e-12
 3.99       2.0137901559838146e-12
 4.00       2.0293588330360365e-12
 4.01       2.045006557957777e-12
 4.02       2.060733528276337e-12
 4.03       2.076539941519704e-12
 4.04       2.0924259952165465e-12
 4.05       2.1083918868961993e-12
 4.06       2.1244378140886607e-12
 4.07       2.1405639743245838e-12
 4.08       2.1567705651352644e-12
 4.09       2.1730577840526367e-12
 4.10       2.189425828609266e-12
 4.11       2.205874896338339e-12
 4.12       2.222405184773657e-12
 4.13       2.2390168914496296e-12
 4.14       2.2557102139012646e-12
 4.15       2.2724853496641625e-12
 4.16       2.2893424962745104e-12
 4.17       2.306281851269073e-12
 4.18       2.3233036121851876e-12
 4.19       2.3404079765607555e-12
 4.20       2.3575951419342358e-12
 4.21       2.3748653058446398e-12
 4.22       2.3922186658315233e-12
 4.23       2.409655419434979e-12
 4.24       2.4271757641956348e-12
 4.25       2.4447798976546424e-12
 4.26       2.462468017353673e-12
 4.27       2.480240320834912e-12
 4.28       2.4980970056410522e-12
 4.29       2.5160382693152894e-12
 4.30       2.534064309401311e-12
 4.31       2.5521753234432993e-12
 4.32       2.5703715089859184e-12
 4.33       2.5886530635743126e-12
 4.34       2.6070201847540973e-12
 4.35       2.6254730700713585e-12
 4.36       2.644011917072642e-12
 4.37       2.6626369233049537e-12
 4.38       2.6813482863157475e-12
 4.39       2.7001462036529287e-12
 4.40       2.719030872864841e-12
 4.41       2.738002491500266e-12
 4.42       2.7570612571084177e-12
 4.43       2.776207367238935e-12
 4.44       2.7954410194418817e-12
 4.45       2.8147624112677357e-12
 4.46       2.8341717402673913e-12
 4.47       2.853669203992148e-12
 4.48       2.87325499999371e-12
 4.49       2.8929293258241795e-12
 4.50       2.9126923790360545e-12
 4.51       2.9325443571822235e-12
 4.52       2.9524854578159604e-12
 4.53       2.9725158784909183e-12
 4.54       2.992635816761133e-12
 4.55       3.012845470181008e-12
 4.56       3.0331450363053196e-12
 4.57       3.053534712689208e-12
 4.58       3.074014696888176e-12
 4.59       3.0945851864580805e-12
 4.60       3.1152463789551346e-12
 4.61       3.1359984719359004e-12
 4.62       3.1568416629572845e-12
 4.63       3.1777761495765365e-12
 4.64       3.1988021293512443e-12
 4.65       3.21991979983933e-12
 4.66       3.2411293585990477e-12
 4.67       3.2624310031889784e-12
 4.68       3.2838249311680258e-12
 4.69       3.305311340095417e-12
 4.70       3.3268904275306945e-12
 4.71       3.3485623910337158e-12
 4.72       3.370327428164646e-12
 4.73       3.3921857364839616e-12
 4.74       3.41413751355244e-12
 4.75       3.4361829569311597e-12
 4.76       3.4583222641814977e-12
 4.77       3.480555632865126e-12
 4.78       3.5028832605440066e-12
 4.79       3.5253053447803908e-12
 4.80       3.5478220831368134e-12
 4.81       3.570433673176096e-12
 4.82       3.593140312461334e-12
 4.83       3.6159421985559035e-12
 4.84       3.638839529023454e-12
 4.85       3.661832501427902e-12
 4.86       3.684921313333437e-12
 4.87       3.70810616230451e-12
 4.88       3.73138724590584e-12
 4.89       3.7547647617023995e-12
 4.90       3.778238907259421e-12
 4.91       3.801809880142394e-12
 4.92       3.825477877917056e-12
 4.93       3.849243098149397e-12
 4.94       3.873105738405651e-12
 4.95       3.8970659962523025e-12
 4.96       3.9211240692560704e-12
 4.97       3.945280154983918e-12
 4.98       3.969534451003047e-12
 4.99       3.993887154880887e-12
 5.00       4.018338464185108e-12
 5.01       4.0428885764836065e-12
 5.02       4.067537689344506e-12
 5.03       4.092286000336158e-12
 5.04       4.117133707027134e-12
 5.05       4.142081006986232e-12
 5.06       4.1671280977824644e-12
 5.07       4.192275176985062e-12
 5.08       4.217522442163468e-12
 5.09       4.242870090887344e-12
 5.10       4.268318320726555e-12
 5.11       4.2938673292511795e-12
 5.12       4.3195173140315005e-12
 5.13       4.345268472638004e-12
 5.14       4.371121002641383e-12
 5.15       4.3970751016125245e-12
 5.16       4.423130967122519e-12
 5.17       4.4492887967426504e-12
 5.18       4.4755487880444e-12
 5.19       4.5019111385994426e-12
 5.20       4.528376045979638e-12
 5.21       4.554943707757041e-12
 5.22       4.581614321503893e-12
 5.23       4.6083880847926165e-12
 5.24       4.635265195195824e-12
 5.25       4.662245850286304e-12
 5.26       4.689330247637029e-12
 5.27       4.716518584821151e-12
 5.28       4.743811059411995e-12
 5.29       4.771207868983064e-12
 5.30       4.798709211108033e-12
 5.31       4.82631528336075e-12
 5.32       4.854026283315234e-12
 5.33       4.881842408545669e-12
 5.34       4.909763856626411e-12
 5.35       4.937790825131977e-12
 5.36       4.965923511637052e-12
 5.37       4.994162113716481e-12
 5.38       5.022506828945271e-12
 5.39       5.0509578548985855e-12
 5.40       5.079515389151752e-12
 5.41       5.10817962928025e-12
 5.42       5.136950772859715e-12
 5.43       5.165829017465934e-12
 5.44       5.194814560674854e-12
 5.45       5.22390760006256e-12
 5.46       5.2531083332053e-12
 5.47       5.282416957679462e-12
 5.48       5.3118336710615816e-12
 5.49       5.341358670928342e-12
 5.50       5.3709921548565696e-12
 5.51       5.400734320423232e-12
 5.52       5.43058536520544e-12
 5.53       5.460545486780447e-12
 5.54       5.490614882725639e-12
 5.55       5.520793750618544e-12
 5.56       5.551082288036828e-12
 5.57       5.5814806925582876e-12
 5.58       5.611989161760856e-12
 5.59       5.6426078932226e-12
 5.60       5.673337084521716e-12
 5.61       5.704176933236534e-12
 5.62       5.735127636945509e-12
 5.63       5.7661893932272275e-12
 5.64       5.7973623996604016e-12
 5.65       5.828646853823868e-12
 5.66       5.860042953296591e-12
 5.67       5.8915508956576584e-12
 5.68       5.92317087848628e-12
 5.69       5.9549030993617835e-12
 5.70       5.9867477558636225e-12
 5.71       6.018705045571365e-12
 5.72       6.050775166064704e-12
 5.73       6.082958314923442e-12
 5.74       6.1152546897275046e-12
 5.75       6.147664488056928e-12
 5.76       6.180187907491864e-12
 5.77       6.2128251456125794e-12
 5.78       6.245576399999451e-12
 5.79       6.278441868232968e-12
 5.80       6.3114217478937295e-12
 5.81       6.3445162365624465e-12
 5.82       6.377725531819934e-12
 5.83       6.411049831247117e-12
 5.84       6.4444893324250286e-12
 5.85       6.478044232934805e-12
 5.86       6.511714730357689e-12
 5.87       6.545501022275027e-12
 5.88       6.5794033062682676e-12
 5.89       6.61342177991896e-12
 5.90       6.64755664080876e-12
 5.91       6.681808086519421e-12
 5.92       6.716176314632793e-12
 5.93       6.750661522730826e-12
 5.94       6.785263908395576e-12
 5.95       6.819983669209184e-12
 5.96       6.8548210027538945e-12
 5.97       6.889776106612042e-12
 5.98       6.924849178366066e-12
 5.99       6.96004041559849e-12
 6.00       6.995350015891934e-12
 6.01       7.0307781768291086e-12
 6.02       7.0663250959928215e-12
 6.03       7.1019909709659644e-12
 6.04       7.137775999331523e-12
 6.05       7.173680378672572e-12
 6.06       7.209704306572272e-12
 6.07       7.245847980613877e-12
 6.08       7.282111598380718e-12
 6.09       7.318495357456228e-12
 6.10       7.35499945542391e-12
 6.11       7.391624089867363e-12
 6.12       7.42836945837026e-12
 6.13       7.465235758516371e-12
 6.14       7.502223187889538e-12
 6.15       7.539331944073688e-12
 6.16       7.576562224652834e-12
 6.17       7.613914227211062e-12
 6.18       7.651388149332547e-12
 6.19       7.688984188601535e-12
 6.20       7.726702542602357e-12
 6.21       7.764543408919424e-12
 6.22       7.802506985137217e-12
 6.23       7.8405934688403e-12
 6.24       7.87880305761331e-12
 6.25       7.917135949040966e-12
 6.26       7.955592340708058e-12
 6.27       7.994172430199448e-12
 6.28       8.032876415100075e-12
 6.29       8.071704492994953e-12
 6.30       8.110656861469169e-12
 6.31       8.149733718107876e-12
 6.32       8.188935260496302e-12
 6.33       8.228261686219756e-12
 6.34       8.2677131928636e-12
 6.35       8.307289978013283e-12
 6.36       8.34699223925431e-12
 6.37       8.386820174172265e-12
 6.38       8.42677398035279e-12
 6.39       8.46685385538161e-12
 6.40       8.507059996844502e-12
 6.41       8.547392602327317e-12
 6.42       8.58785186941597e-12
 6.43       8.628437995696449e-12
 6.44       8.669151178754795e-12
 6.45       8.709991616177126e-12
 6.46       8.750959505549616e-12
 6.47       8.792055044458505e-12
 6.48       8.8332784304901e-12
 6.49       8.874629861230762e-12
 6.50       8.916109534266924e-12
 6.51       8.957717647185078e-12
 6.52       8.999454397571774e-12
 6.53       9.041319983013623e-12
 6.54       9.0833146010973e-12
 6.55       9.125438449409544e-12
 6.56       9.16769172553714e-12
 6.57       9.21007462706694e-12
 6.58       9.25258735158586e-12
 6.59       9.295230096680866e-12
 6.60       9.338003059938986e-12
 6.61       9.380906438947304e-12
 6.62       9.423940431292956e-12
 6.63       9.467105234563146e-12
 6.64       9.510401046345125e-12
 6.65       9.553828064226196e-12
 6.66       9.597386485793732e-12
 6.67       9.641076508635143e-12
 6.68       9.684898330337908e-12
 6.69       9.728852148489553e-12
 6.70       9.772938160677655e-12
 6.71       9.81715656448985e-12
 6.72       9.86150755751383e-12
 6.73       9.905991337337324e-12
 6.74       9.950608101548127e-12
 6.75       9.995358047734083e-12
 6.76       1.004024137348308e-11
 6.77       1.0085258276383068e-11
 6.78       1.0130408954022041e-11
 6.79       1.0175693603988039e-11
 6.80       1.022111242386916e-11
 6.81       1.0266665611253546e-11
 6.82       1.0312353363729396e-11
 6.83       1.0358175878884946e-11
 6.84       1.040413335430848e-11
 6.85       1.0450225987588348e-11
 6.86       1.0496453976312928e-11
 6.87       1.0542817518070653e-11
 6.88       1.058931681045e-11
 6.89       1.06359520510395e-11
 6.90       1.0682723437427721e-11
 6.91       1.0729631167203282e-11
 6.92       1.0776675437954847e-11
 6.93       1.0823856447271123e-11
 6.94       1.0871174392740863e-11
 6.95       1.0918629471952868e-11
 6.96       1.0966221882495981e-11
 6.97       1.101395182195908e-11
 6.98       1.1061819487931102e-11
 6.99       1.110982507800102e-11
 7.00       1.1157968789757847e-11
 7.01       1.1206250820790643e-11
 7.02       1.1254671368688508e-11
 7.03       1.1303230631040585e-11
 7.04       1.1351928805436065e-11
 7.05       1.140076608946416e-11
 7.06       1.1449742680714153e-11
 7.07       1.1498858776775345e-11
 7.08       1.1548114575237085e-11
 7.09       1.1597510273688763e-11
 7.10       1.1647046069719806e-11
 7.11       1.169672216091969e-11
 7.12       1.1746538744877914e-11
 7.13       1.1796496019184035e-11
 7.14       1.1846594181427634e-11
 7.15       1.1896833429198338e-11
 7.16       1.194721396008581e-11
 7.17       1.1997735971679749e-11
 7.18       1.2048399661569901e-11
 7.19       1.2099205227346037e-11
 7.20       1.2150152866597977e-11
 7.21       1.220124277691557e-11
 7.22       1.2252475155888704e-11
 7.23       1.2303850201107301e-11
 7.24       1.2355368110161327e-11
 7.25       1.2407029080640778e-11
 7.26       1.2458833310135688e-11
 7.27       1.251078099623612e-11
 7.28       1.2562872336532183e-11
 7.29       1.2615107528614018e-11
 7.30       1.2667486770071793e-11
 7.31       1.2720010258495722e-11
 7.32       1.2772678191476041e-11
 7.33       1.2825490766603032e-11
 7.34       1.2878448181467005e-11
 7.35       1.2931550633658303e-11
 7.36       1.2984798320767304e-11
 7.37       1.3038191440384422e-11
 7.38       1.3091730190100093e-11
 7.39       1.3145414767504803e-11
 7.40       1.3199245370189058e-11
 7.41       1.3253222195743396e-11
 7.42       1.3307345441758399e-11
 7.43       1.336161530582466e-11
 7.44       1.3416031985532827e-11
 7.45       1.3470595678473564e-11
 7.46       1.3525306582237572e-11
 7.47       1.3580164894415577e-11
 7.48       1.3635170812598352e-11
 7.49       1.369032453437668e-11
 7.50       1.3745626257341383e-11
 7.51       1.380107617908332e-11
 7.52       1.385667449719337e-11
 7.53       1.3912421409262448e-11
 7.54       1.3968317112881494e-11
 7.55       1.4024361805641478e-11
 7.56       1.4080555685133408e-11
 7.57       1.4136898948948308e-11
 7.58       1.419339179467724e-11
 7.59       1.425003441991129e-11
 7.60       1.4306827022241574e-11
 7.61       1.4363769799259235e-11
 7.62       1.4420862948555445e-11
 7.63       1.447810666772141e-11
 7.64       1.4535501154348348e-11
 7.65       1.459304660602753e-11
 7.66       1.4650743220350218e-11
 7.67       1.4708591194907735e-11
 7.68       1.476659072729142e-11
 7.69       1.4824742015092635e-11
 7.70       1.488304525590276e-11
 7.71       1.494150064731322e-11
 7.72       1.5000108386915468e-11
 7.73       1.5058868672300956e-11
 7.74       1.511778170106119e-11
 7.75       1.5176847670787686e-11
 7.76       1.5236066779071996e-11
 7.77       1.5295439223505687e-11
 7.78       1.5354965201680363e-11
 7.79       1.5414644911187635e-11
 7.80       1.5474478549619162e-11
 7.81       1.5534466314566618e-11
 7.82       1.5594608403621687e-11
 7.83       1.5654905014376102e-11
 7.84       1.5715356344421602e-11
 7.85       1.5775962591349964e-11
 7.86       1.583672395275298e-11
 7.87       1.589764062622247e-11
 7.88       1.5958712809350268e-11
 7.89       1.6019940699728243e-11
 7.90       1.608132449494829e-11
 7.91       1.6142864392602315e-11
 7.92       1.6204560590282255e-11
 7.93       1.6266413285580067e-11
 7.94       1.6328422676087738e-11
 7.95       1.6390588959397263e-11
 7.96       1.6452912333100676e-11
 7.97       1.651539299479002e-11
 7.98       1.657803114205737e-11
 7.99       1.6640826972494822e-11
 8.00       1.6703780683694483e-11
 8.01       1.6766892473248498e-11
 8.02       1.683016253874902e-11
 8.03       1.6893591077788237e-11
 8.04       1.6957178287958343e-11
 8.05       1.702092436685156e-11
 8.06       1.7084829512060138e-11
 8.07       1.714889392117635e-11
 8.08       1.7213117791792463e-11
 8.09       1.7277501321500808e-11
 8.10       1.734204470789369e-11
 8.11       1.740674814856347e-11
 8.12       1.7471611841102516e-11
 8.13       1.7536635983103212e-11
 8.14       1.760182077215798e-11
 8.15       1.7667166405859232e-11
 8.16       1.7732673081799433e-11
 8.17       1.7798340997571044e-11
 8.18       1.786417035076655e-11
 8.19       1.7930161338978472e-11
 8.20       1.7996314159799324e-11
 8.21       1.8062629010821664e-11
 8.22       1.8129106089638055e-11
 8.23       1.819574559384108e-11
 8.24       1.8262547721023342e-11
 8.25       1.832951266877747e-11
 8.26       1.8396640634696106e-11
 8.27       1.8463931816371903e-11
 8.28       1.853138641139755e-11
 8.29       1.8599004617365742e-11
 8.30       1.8666786631869186e-11
 8.31       1.8734732652500625e-11
 8.32       1.8802842876852813e-11
 8.33       1.8871117502518517e-11
 8.34       1.893955672709052e-11
 8.35       1.9008160748161637e-11
 8.36       1.9076929763324684e-11
 8.37       1.9145863970172507e-11
 8.38       1.921496356629796e-11
 8.39       1.928422874929392e-11
 8.40       1.9353659716753282e-11
 8.41       1.9423256666268956e-11
 8.42       1.9493019795433866e-11
 8.43       1.956294930184096e-11
 8.44       1.9633045383083195e-11
 8.45       1.970330823675355e-11
 8.46       1.977373806044502e-11
 8.47       1.984433505175062e-11
 8.48       1.9915099408263372e-11
 8.49       1.9986031327576318e-11
 8.50       2.005713100728252e-11
 8.51       2.0128398644975056e-11
 8.52       2.0199834438247012e-11
 8.53       2.0271438584691502e-11
 8.54       2.034321128190165e-11
 8.55       2.041515272747059e-11
 8.56       2.048726311899148e-11
 8.57       2.055954265405749e-11
 8.58       2.063199153026181e-11
 8.59       2.0704609945197645e-11
 8.60       2.0777398096458202e-11
 8.61       2.0850356181636713e-11
 8.62       2.0923484398326438e-11
 8.63       2.099678294412062e-11
 8.64       2.1070252016612557e-11
 8.65       2.1143891813395526e-11
 8.66       2.1217702532062846e-11
 8.67       2.1291684370207825e-11
 8.68       2.1365837525423814e-11
 8.69       2.1440162195304153e-11
 8.70       2.1514658577442216e-11
 8.71       2.1589326869431378e-11
 8.72       2.166416726886502e-11
 8.73       2.1739179973336575e-11
 8.74       2.1814365180439456e-11
 8.75       2.188972308776709e-11
 8.76       2.196525389291294e-11
 8.77       2.2040957793470462e-11
 8.78       2.2116834987033135e-11
 8.79       2.219288567119445e-11
 8.80       2.2269110043547923e-11
 8.81       2.2345508301687065e-11
 8.82       2.2422080643205396e-11
 8.83       2.2498827265696485e-11
 8.84       2.257574836675388e-11
 8.85       2.2652844143971145e-11
 8.86       2.2730114794941885e-11
 8.87       2.2807560517259683e-11
 8.88       2.288518150851816e-11
 8.89       2.296297796631093e-11
 8.90       2.3040950088231644e-11
 8.91       2.3119098071873946e-11
 8.92       2.3197422114831497e-11
 8.93       2.327592241469798e-11
 8.94       2.3354599169067078e-11
 8.95       2.343345257553249e-11
 8.96       2.3512482831687932e-11
 8.97       2.3591690135127132e-11
 8.98       2.3671074683443832e-11
 8.99       2.3750636674231774e-11
 9.00       2.3830376305084722e-11
 9.01       2.3910293773596453e-11
 9.02       2.399038927736076e-11
 9.03       2.4070663013971438e-11
 9.04       2.415111518102229e-11
 9.05       2.4231745976107146e-11
 9.06       2.4312555596819843e-11
 9.07       2.4393544240754223e-11
 9.08       2.4474712105504144e-11
 9.09       2.455605938866347e-11
 9.10       2.4637586287826093e-11
 9.11       2.4719293000585908e-11
 9.12       2.48011797245368e-11
 9.13       2.48832466572727e-11
 9.14       2.4965493996387536e-11
 9.15       2.5047921939475233e-11
 9.16       2.513053068412975e-11
 9.17       2.5213320427945043e-11
 9.18       2.5296291368515086e-11
 9.19       2.5379443703433862e-11
 9.20       2.546277763029536e-11
 9.21       2.554629334669359e-11
 9.22       2.5629991050222553e-11
 9.23       2.571387093847629e-11
 9.24       2.579793320904883e-11
 9.25       2.5882178059534223e-11
 9.26       2.5966605687526518e-11
 9.27       2.6051216290619792e-11
 9.28       2.6136010066408118e-11
 9.29       2.622098721248559e-11
 9.30       2.6306147926446305e-11
 9.31       2.6391492405884363e-11
 9.32       2.6477020848393906e-11
 9.33       2.6562733451569035e-11
 9.34       2.664863041300391e-11
 9.35       2.6734711930292676e-11
 9.36       2.6820978201029497e-11
 9.37       2.690742942280853e-11
 9.38       2.699406579322397e-11
 9.39       2.7080887509869994e-11
 9.40       2.716789477034081e-11
 9.41       2.725508777223062e-11
 9.42       2.7342466713133656e-11
 9.43       2.7430031790644127e-11
 9.44       2.7517783202356294e-11
 9.45       2.760572114586439e-11
 9.46       2.769384581876267e-11
 9.47       2.778215741864541e-11
 9.48       2.7870656143106877e-11
 9.49       2.7959342189741372e-11
 9.50       2.8048215756143165e-11
 9.51       2.8137277039906583e-11
 9.52       2.8226526238625936e-11
 9.53       2.831596354989553e-11
 9.54       2.8405589171309717e-11
 9.55       2.8495403300462825e-11
 9.56       2.8585406134949204e-11
 9.57       2.8675597872363217e-11
 9.58       2.8765978710299226e-11
 9.59       2.8856548846351614e-11
 9.60       2.8947308478114764e-11
 9.61       2.9038257803183072e-11
 9.62       2.9129397019150926e-11
 9.63       2.922072632361276e-11
 9.64       2.931224591416298e-11
 9.65       2.940395598839601e-11
 9.66       2.9495856743906305e-11
 9.67       2.95879483782883e-11
 9.68       2.9680231089136445e-11
 9.69       2.9772705074045204e-11
 9.70       2.986537053060906e-11
 9.71       2.995822765642247e-11
 9.72       3.0051276649079943e-11
 9.73       3.014451770617596e-11
 9.74       3.0237951025305035e-11
 9.75       3.0331576804061676e-11
 9.76       3.04253952400404e-11
 9.77       3.0519406530835753e-11
 9.78       3.061361087404224e-11
 9.79       3.070800846725443e-11
 9.80       3.0802599508066863e-11
 9.81       3.0897384194074104e-11
 9.82       3.099236272287074e-11
 9.83       3.1087535292051306e-11
 9.84       3.118290209921041e-11
 9.85       3.1278463341942654e-11
 9.86       3.137421921784262e-11
 9.87       3.147016992450491e-11
 9.88       3.1566315659524156e-11
 9.89       3.1662656620494976e-11
 9.90       3.175919300501199e-11
 9.91       3.1855925010669855e-11
 9.92       3.195285283506319e-11
 9.93       3.2049976675786664e-11
 9.94       3.214729673043492e-11
 9.95       3.2244813196602656e-11
 9.96       3.234252627188452e-11
 9.97       3.2440436153875194e-11
 9.98       3.253854304016939e-11
 9.99       3.263684712836177e-11
