 0.01       -8.002448550195775e-12
 0.02       -4.000537466240005e-12
 0.03       -2.6662619438739395e-12
 0.04       -1.998895410155832e-12
 0.05       -1.5982925819375035e-12
 0.06       -1.331071724369703e-12
 0.07       -1.1400692592600155e-12
 0.08       -9.967034171623398e-13
 0.09       -8.850954547400482e-13
 0.10       -7.957181417112485e-13
 0.11       -7.225087094602689e-13
 0.12       -6.614253253433988e-13
 0.13       -6.096698096227505e-13
 0.14       -5.652434737141789e-13
 0.15       -5.266806231360348e-13
 0.16       -4.928819968521342e-13
 0.17       -4.630069927289747e-13
 0.18       -4.3640181784054615e-13
 0.19       -4.1255032815056953e-13
 0.20       -3.910396162900642e-13
 0.21       -3.7153543139846735e-13
 0.22       -3.537643026444479e-13
 0.23       -3.3750032617607424e-13
 0.24       -3.2255525533343797e-13
 0.25       -3.0877096921025085e-13
 0.26       -2.9601367923968577e-13
 0.27       -2.841694232055886e-13
 0.28       -2.731405248227145e-13
 0.29       -2.6284278581760593e-13
 0.30       -2.532032395932948e-13
 0.31       -2.4415833966857837e-13
 0.32       -2.3565248778493063e-13
 0.33       -2.2763682963033943e-13
 0.34       -2.2006826308246621e-13
 0.35       -2.1290861646726387e-13
 0.36       -2.0612396377449206e-13
 0.37       -1.9968405091936466e-13
 0.38       -1.9356181259446416e-13
 0.39       -1.8773296345212966e-13
 0.40       -1.8217565060948795e-13
 0.41       -1.7687015700640555e-13
 0.42       -1.7179864714087744e-13
 0.43       -1.6694494828319787e-13
 0.44       -1.6229436152456281e-13
 0.45       -1.5783349801919177e-13
 0.46       -1.535501365861736e-13
 0.47       -1.4943309948979867e-13
 0.48       -1.4547214374735138e-13
 0.49       -1.416578657461508e-13
 0.50       -1.3798161730654755e-13
 0.51       -1.3443543161986186e-13
 0.52       -1.3101195773194418e-13
 0.53       -1.2770440244369105e-13
 0.54       -1.2450647866705963e-13
 0.55       -1.214123594149711e-13
 0.56       -1.1841663672086727e-13
 0.57       -1.15514284882525e-13
 0.58       -1.1270062750823377e-13
 0.59       -1.0997130791421025e-13
 0.60       -1.0732226248227075e-13
 0.61       -1.0474969663806079e-13
 0.62       -1.0225006315397225e-13
 0.63       -9.982004251844915e-14
 0.64       -9.745652514567095e-14
 0.65       -9.515659522741928e-14
 0.66       -9.29175160529564e-14
 0.67       -9.073671664354153e-14
 0.68       -8.861177956625479e-14
 0.69       -8.654042980748829e-14
 0.70       -8.452052460013821e-14
 0.71       -8.255004411047066e-14
 0.72       -8.062708290108204e-14
 0.73       -7.87498420955342e-14
 0.74       -7.691662217828884e-14
 0.75       -7.512581637064791e-14
 0.76       -7.337590452964538e-14
 0.77       -7.166544752235049e-14
 0.78       -6.999308203291683e-14
 0.79       -6.835751576403252e-14
 0.80       -6.675752299826204e-14
 0.81       -6.519194048817711e-14
 0.82       -6.365966364721002e-14
 0.83       -6.215964301586674e-14
 0.84       -6.069088098035368e-14
 0.85       -5.925242872283045e-14
 0.86       -5.784338338443586e-14
 0.87       -5.6462885423967265e-14
 0.88       -5.5110116156650013e-14
 0.89       -5.3784295458832516e-14
 0.90       -5.248467962570157e-14
 0.91       -5.1210559370247313e-14
 0.92       -4.996125795273041e-14
 0.93       -4.8736129430828834e-14
 0.94       -4.753455702147739e-14
 0.95       -4.6355951566169934e-14
 0.96       -4.5199750092180233e-14
 0.97       -4.4065414462779584e-14
 0.98       -4.295243011009407e-14
 0.99       -4.186030484475821e-14
 1.00       -4.0788567736989793e-14
 1.01       -3.9736768064134995e-14
 1.02       -3.8704474320123085e-14
 1.03       -3.769127328262243e-14
 1.04       -3.669676913401474e-14
 1.05       -3.572058263259894e-14
 1.06       -3.476235033070864e-14
 1.07       -3.382172383667273e-14
 1.08       -3.289836911777887e-14
 1.09       -3.1991965841605576e-14
 1.10       -3.110220675328163e-14
 1.11       -3.0228797086407346e-14
 1.12       -2.937145400553345e-14
 1.13       -2.8529906078243e-14
 1.14       -2.7703892775018272e-14
 1.15       -2.689316399520182e-14
 1.16       -2.609747961747647e-14
 1.17       -2.5316609073397904e-14
 1.18       -2.455033094261189e-14
 1.19       -2.3798432568480692e-14
 1.20       -2.3060709692928282e-14
 1.21       -2.2336966109392294e-14
 1.22       -2.1627013332844003e-14
 1.23       -2.0930670285904767e-14
 1.24       -2.024776300015057e-14
 1.25       -1.9578124331753674e-14
 1.26       -1.8921593690665523e-14
 1.27       -1.827801678259373e-14
 1.28       -1.7647245363074235e-14
 1.29       -1.7029137002981773e-14
 1.30       -1.6423554864863054e-14
 1.31       -1.5830367489514073e-14
 1.32       -1.524944859225866e-14
 1.33       -1.4680676868417286e-14
 1.34       -1.4123935807486305e-14
 1.35       -1.3579113515575887e-14
 1.36       -1.3046102545681595e-14
 1.37       -1.2524799735389235e-14
 1.38       -1.2015106051636152e-14
 1.39       -1.1516926442173361e-14
 1.40       -1.1030169693393641e-14
 1.41       -1.0554748294209488e-14
 1.42       -1.0090578305682693e-14
 1.43       -9.637579236124042e-15
 1.44       -9.195673921397122e-15
 1.45       -8.764788410175187e-15
 1.46       -8.344851853913367e-15
 1.47       -7.935796401311925e-15
 1.48       -7.537557097057916e-15
 1.49       -7.15007178464449e-15
 1.50       -6.773281013077275e-15
 1.51       -6.4071279472879514e-15
 1.52       -6.051558282084009e-15
 1.53       -5.706520159473066e-15
 1.54       -5.37196408920833e-15
 1.55       -5.0478428724097215e-15
 1.56       -4.734111528122591e-15
 1.57       -4.430727222683208e-15
 1.58       -4.137649201766456e-15
 1.59       -3.854838724997889e-15
 1.60       -3.582259003017711e-15
 1.61       -3.3198751368903177e-15
 1.62       -3.06765405975781e-15
 1.63       -2.8255644806413456e-15
 1.64       -2.5935768302984565e-15
 1.65       -2.37166320904922e-15
 1.66       -2.159797336488245e-15
 1.67       -1.9579545030033814e-15
 1.68       -1.766111523025932e-15
 1.69       -1.5842466899406055e-15
 1.70       -1.4123397325868905e-15
 1.71       -1.2503717732866873e-15
 1.72       -1.098325287336101e-15
 1.73       -9.561840639021491e-16
 1.74       -8.239331682678355e-16
 1.75       -7.015589053716996e-16
 1.76       -5.890487845903405e-16
 1.77       -4.863914857147256e-16
 1.78       -3.935768260733883e-16
 1.79       -3.105957287576462e-16
 1.80       -2.374401919059533e-16
 1.81       -1.7410325900647363e-16
 1.82       -1.2057899017867893e-16
 1.83       -7.686243439654264e-17
 1.84       -4.2949602617485884e-17
 1.85       -1.883744178282958e-17
 1.86       -4.523809656937004e-18
 1.87       7.450473654860828e-21
 1.88       5.287971359997866e-18
 1.89       2.0365819508287192e-17
 1.90       4.524226006916876e-17
 1.91       7.991935473909122e-17
 1.92       1.2439994101692658e-16
 1.93       1.7868761210546107e-16
 1.94       2.427866974344901e-16
 1.95       3.1670224378320344e-16
 1.96       4.0043999698045444e-16
 1.97       4.940063841623848e-16
 1.98       5.97408496567692e-16
 1.99       7.106540728516378e-16
 2.00       8.337514829006331e-16
 2.01       9.667097121299735e-16
 2.02       1.1095383462479716e-15
 2.03       1.2622475564704162e-15
 2.04       1.4248480851699017e-15
 2.05       1.5973512319451704e-15
 2.06       1.7797688400962003e-15
 2.07       1.972113283491346e-15
 2.08       2.174397453813266e-15
 2.09       2.3866347481710345e-15
 2.10       2.60883905706618e-15
 2.11       2.8410247527009127e-15
 2.12       3.083206677617268e-15
 2.13       3.3354001336562655e-15
 2.14       3.597620871226607e-15
 2.15       3.8698850788728964e-15
 2.16       4.152209373133583e-15
 2.17       4.444610788679377e-15
 2.18       4.74710676872302e-15
 2.19       5.059715155691885e-15
 2.20       5.382454182154885e-15
 2.21       5.715342461995767e-15
 2.22       6.058398981824913e-15
 2.23       6.411643092622264e-15
 2.24       6.7750945016040526e-15
 2.25       7.148773264306455e-15
 2.26       7.532699776879391e-15
 2.27       7.926894768584024e-15
 2.28       8.33137929448767e-15
 2.29       8.746174728350159e-15
 2.30       9.171302755695709e-15
 2.31       9.606785367064796e-15
 2.32       1.0052644851440524e-14
 2.33       1.0508903789844258e-14
 2.34       1.097558504909552e-14
 2.35       1.1452711775731158e-14
 2.36       1.1940307390079147e-14
 2.37       1.2438395580482384e-14
 2.38       1.294700029766813e-14
 2.39       1.3466145749258816e-14
 2.40       1.3995856394420022e-14
 2.41       1.453615693864178e-14
 2.42       1.5087072328649224e-14
 2.43       1.5648627747438847e-14
 2.44       1.622084860943694e-14
 2.45       1.6803760555776508e-14
 2.46       1.739738944968942e-14
 2.47       1.8001761372010477e-14
 2.48       1.8616902616790248e-14
 2.49       1.9242839687013616e-14
 2.50       1.9879599290421133e-14
 2.51       2.052720833543019e-14
 2.52       2.118569392715334e-14
 2.53       2.1855083363511062e-14
 2.54       2.253540413143629e-14
 2.55       2.3226683903168305e-14
 2.56       2.392895053263351e-14
 2.57       2.4642232051910564e-14
 2.58       2.5366556667777927e-14
 2.59       2.6101952758341242e-14
 2.60       2.6848448869738512e-14
 2.61       2.760607371292118e-14
 2.62       2.8374856160508812e-14
 2.63       2.915482524371551e-14
 2.64       2.9946010149346314e-14
 2.65       3.0748440216861433e-14
 2.66       3.156214493550685e-14
 2.67       3.2387153941509305e-14
 2.68       3.322349701533415e-14
 2.69       3.4071204079004317e-14
 2.70       3.4930305193478876e-14
 2.71       3.580083055608968e-14
 2.72       3.668281049803442e-14
 2.73       3.7576275481924945e-14
 2.74       3.848125609938922e-14
 2.75       3.939778306872546e-14
 2.76       4.032588723260752e-14
 2.77       4.1265599555839775e-14
 2.78       4.2216951123160456e-14
 2.79       4.3179973137092474e-14
 2.80       4.4154696915839964e-14
 2.81       4.514115389122996e-14
 2.82       4.613937560669784e-14
 2.83       4.714939371531538e-14
 2.84       4.8171239977860577e-14
 2.85       4.920494626092809e-14
 2.86       5.025054453507918e-14
 2.87       5.130806687303059e-14
 2.88       5.2377545447880954e-14
 2.89       5.3459012531374057e-14
 2.90       5.4552500492198115e-14
 2.91       5.565804179432003e-14
 2.92       5.677566899535387e-14
 2.93       5.790541474496282e-14
 2.94       5.904731178329384e-14
 2.95       6.02013929394438e-14
 2.96       6.136769112995717e-14
 2.97       6.254623935735371e-14
 2.98       6.373707070868598e-14
 2.99       6.494021835412583e-14
 3.00       6.615571554557875e-14
 3.01       6.738359561532665e-14
 3.02       6.862389197469681e-14
 3.03       6.987663811275748e-14
 3.04       7.114186759503947e-14
 3.05       7.241961406228245e-14
 3.06       7.370991122920618e-14
 3.07       7.501279288330551e-14
 3.08       7.632829288366905e-14
 3.09       7.765644515982077e-14
 3.10       7.899728371058368e-14
 3.11       8.035084260296602e-14
 3.12       8.171715597106829e-14
 3.13       8.309625801501167e-14
 3.14       8.44881829998866e-14
 3.15       8.589296525472162e-14
 3.16       8.731063917147164e-14
 3.17       8.87412392040254e-14
 3.18       9.018479986723171e-14
 3.19       9.164135573594397e-14
 3.20       9.311094144408251e-14
 3.21       9.459359168371475e-14
 3.22       9.608934120415186e-14
 3.23       9.759822481106326e-14
 3.24       9.912027736560634e-14
 3.25       1.0065553378357311e-13
 3.26       1.0220402903455212e-13
 3.27       1.0376579814110597e-13
 3.28       1.0534087617796351e-13
 3.29       1.0692929827122765e-13
 3.30       1.085310995975962e-13
 3.31       1.1014631538359816e-13
 3.32       1.1177498090484302e-13
 3.33       1.1341713148528379e-13
 3.34       1.1507280249649347e-13
 3.35       1.1674202935695405e-13
 3.36       1.1842484753135876e-13
 3.37       1.2012129252992615e-13
 3.38       1.2183139990772685e-13
 3.39       1.2355520526402193e-13
 3.40       1.2529274424161308e-13
 3.41       1.2704405252620406e-13
 3.42       1.2880916584577385e-13
 3.43       1.3058811996995994e-13
 3.44       1.32380950709453e-13
 3.45       1.34187693915402e-13
 3.46       1.3600838547882948e-13
 3.47       1.3784306133005692e-13
 3.48       1.396917574381403e-13
 3.49       1.41554509810315e-13
 3.50       1.4343135449145052e-13
 3.51       1.453223275635139e-13
 3.52       1.4722746514504377e-13
 3.53       1.491468033906312e-13
 3.54       1.5108037849041132e-13
 3.55       1.5302822666956212e-13
 3.56       1.5499038418781287e-13
 3.57       1.5696688733895962e-13
 3.58       1.589577724503897e-13
 3.59       1.6096307588261402e-13
 3.60       1.6298283402880664e-13
 3.61       1.6501708331435268e-13
 3.62       1.6706586019640335e-13
 3.63       1.6912920116343814e-13
 3.64       1.7120714273483507e-13
 3.65       1.7329972146044672e-13
 3.66       1.754069739201844e-13
 3.67       1.7752893672360862e-13
 3.68       1.7966564650952563e-13
 3.69       1.8181713994559234e-13
 3.70       1.839834537279251e-13
 3.71       1.86164624580717e-13
 3.72       1.8836068925586042e-13
 3.73       1.9057168453257518e-13
 3.74       1.9279764721704403e-13
 3.75       1.9503861414205252e-13
 3.76       1.9729462216663524e-13
 3.77       1.9956570817572824e-13
 3.78       2.0185190907982568e-13
 3.79       2.0415326181464336e-13
 3.80       2.0646980334078621e-13
 3.81       2.088015706434222e-13
 3.82       2.1114860073196062e-13
 3.83       2.135109306397354e-13
 3.84       2.1588859742369398e-13
 3.85       2.182816381640904e-13
 3.86       2.2069008996418325e-13
 3.87       2.2311398994993909e-13
 3.88       2.2555337526973892e-13
 3.89       2.2800828309409095e-13
 3.90       2.304787506153461e-13
 3.91       2.329648150474195e-13
 3.92       2.3546651362551484e-13
 3.93       2.3798388360585363e-13
 3.94       2.4051696226540875e-13
 3.95       2.4306578690164144e-13
 3.96       2.4563039483224275e-13
 3.97       2.4821082339487897e-13
 3.98       2.5080710994694013e-13
 3.99       2.534192918652935e-13
 4.00       2.560474065460396e-13
 4.01       2.586914914042728e-13
 4.02       2.6135158387384447e-13
 4.03       2.640277214071311e-13
 4.04       2.6671994147480435e-13
 4.05       2.6942828156560546e-13
 4.06       2.7215277918612267e-13
 4.07       2.748934718605722e-13
 4.08       2.7765039713058145e-13
 4.09       2.804235925549774e-13
 4.10       2.8321309570957555e-13
 4.11       2.8601894418697434e-13
 4.12       2.8884117559635065e-13
 4.13       2.916798275632595e-13
 4.14       2.945349377294365e-13
 4.15       2.974065437526018e-13
 4.16       3.002946833062697e-13
 4.17       3.0319939407955763e-13
 4.18       3.061207137770007e-13
 4.19       3.090586801183666e-13
 4.20       3.1201333083847553e-13
 4.21       3.1498470368702053e-13
 4.22       3.1797283642839123e-13
 4.23       3.2097776684150095e-13
 4.24       3.2399953271961426e-13
 4.25       3.270381718701794e-13
 4.26       3.3009372211466073e-13
 4.27       3.3316622128837503e-13
 4.28       3.3625570724033034e-13
 4.29       3.39362217833065e-13
 4.30       3.4248579094249123e-13
 4.31       3.456264644577401e-13
 4.32       3.487842762810081e-13
 4.33       3.5195926432740633e-13
 4.34       3.5515146652481195e-13
 4.35       3.5836092081372104e-13
 4.36       3.6158766514710447e-13
 4.37       3.648317374902648e-13
 4.38       3.680931758206953e-13
 4.39       3.7137201812794157e-13
 4.40       3.7466830241346426e-13
 4.41       3.779820666905041e-13
 4.42       3.8131334898394895e-13
 4.43       3.8466218733020114e-13
 4.44       3.8802861977704977e-13
 4.45       3.9141268438354103e-13
 4.46       3.948144192198527e-13
 4.47       3.9823386236716973e-13
 4.48       4.016710519175611e-13
 4.49       4.05126025973859e-13
 4.50       4.085988226495389e-13
 4.51       4.1208948006860147e-13
 4.52       4.1559803636545655e-13
 4.53       4.191245296848078e-13
 4.54       4.226689981815401e-13
 4.55       4.262314800206064e-13
 4.56       4.298120133769187e-13
 4.57       4.334106364352383e-13
 4.58       4.3702738739006825e-13
 4.59       4.4066230444554743e-13
 4.60       4.4431542581534594e-13
 4.61       4.4798678972256176e-13
 4.62       4.516764343996181e-13
 4.63       4.553843980881633e-13
 4.64       4.591107190389714e-13
 4.65       4.628554355118438e-13
 4.66       4.666185857755124e-13
 4.67       4.70400208107544e-13
 4.68       4.742003407942462e-13
 4.69       4.780190221305739e-13
 4.70       4.818562904200369e-13
 4.71       4.857121839746107e-13
 4.72       4.895867411146442e-13
 4.73       4.93480000168774e-13
 4.74       4.973919994738351e-13
 4.75       5.013227773747748e-13
 4.76       5.052723722245686e-13
 4.77       5.092408223841344e-13
 4.78       5.132281662222514e-13
 4.79       5.172344421154761e-13
 4.80       5.212596884480623e-13
 4.81       5.253039436118812e-13
 4.82       5.293672460063417e-13
 4.83       5.334496340383131e-13
 4.84       5.375511461220476e-13
 4.85       5.416718206791042e-13
 4.86       5.45811696138274e-13
 4.87       5.499708109355048e-13
 4.88       5.541492035138294e-13
 4.89       5.583469123232918e-13
 4.90       5.625639758208762e-13
 4.91       5.668004324704362e-13
 4.92       5.710563207426255e-13
 4.93       5.753316791148282e-13
 4.94       5.796265460710907e-13
 4.95       5.839409601020551e-13
 4.96       5.882749597048925e-13
 4.97       5.926285833832363e-13
 4.98       5.970018696471188e-13
 4.99       6.013948570129063e-13
 5.00       6.058075840032356e-13
 5.01       6.102400891469519e-13
 5.02       6.14692410979047e-13
 5.03       6.191645880405976e-13
 5.04       6.236566588787051e-13
 5.05       6.281686620464367e-13
 5.06       6.327006361027655e-13
 5.07       6.372526196125129e-13
 5.08       6.418246511462903e-13
 5.09       6.464167692804435e-13
 5.10       6.510290125969949e-13
 5.11       6.55661419683589e-13
 5.12       6.603140291334376e-13
 5.13       6.64986879545265e-13
 5.14       6.696800095232541e-13
 5.15       6.743934576769942e-13
 5.16       6.791272626214283e-13
 5.17       6.838814629768015e-13
 5.18       6.886560973686091e-13
 5.19       6.934512044275472e-13
 5.20       6.982668227894612e-13
 5.21       7.031029910952977e-13
 5.22       7.079597479910557e-13
 5.23       7.128371321277363e-13
 5.24       7.177351821612978e-13
 5.25       7.226539367526064e-13
 5.26       7.275934345673903e-13
 5.27       7.325537142761937e-13
 5.28       7.375348145543314e-13
 5.29       7.425367740818422e-13
 5.30       7.475596315434464e-13
 5.31       7.526034256285008e-13
 5.32       7.576681950309543e-13
 5.33       7.627539784493066e-13
 5.34       7.678608145865638e-13
 5.35       7.72988742150198e-13
 5.36       7.781377998521035e-13
 5.37       7.833080264085577e-13
 5.38       7.884994605401798e-13
 5.39       7.937121409718896e-13
 5.40       7.989461064328684e-13
 5.41       8.042013956565199e-13
 5.42       8.094780473804306e-13
 5.43       8.147761003463317e-13
 5.44       8.200955933000608e-13
 5.45       8.254365649915243e-13
 5.46       8.307990541746605e-13
 5.47       8.361830996074016e-13
 5.48       8.415887400516392e-13
 5.49       8.470160142731856e-13
 5.50       8.524649610417413e-13
 5.51       8.579356191308572e-13
 5.52       8.634280273179001e-13
 5.53       8.689422243840198e-13
 5.54       8.744782491141128e-13
 5.55       8.800361402967904e-13
 5.56       8.856159367243444e-13
 5.57       8.91217677192713e-13
 5.58       8.968414005014513e-13
 5.59       9.024871454536952e-13
 5.60       9.081549508561318e-13
 5.61       9.138448555189673e-13
 5.62       9.19556898255895e-13
 5.63       9.252911178840651e-13
 5.64       9.310475532240535e-13
 5.65       9.368262430998326e-13
 5.66       9.426272263387395e-13
 5.67       9.484505417714476e-13
 5.68       9.542962282319372e-13
 5.69       9.601643245574657e-13
 5.70       9.660548695885397e-13
 5.71       9.719679021688855e-13
 5.72       9.779034611454228e-13
 5.73       9.838615853682343e-13
 5.74       9.89842313690541e-13
 5.75       9.958456849686714e-13
 5.76       1.0018717380620386e-12
 5.77       1.0079205118331102e-12
 5.78       1.0139920451473837e-12
 5.79       1.0200863768733594e-12
 5.80       1.0262035458825157e-12
 5.81       1.0323435910492814e-12
 5.82       1.0385065512510131e-12
 5.83       1.0446924653679681e-12
 5.84       1.0509013722832796e-12
 5.85       1.057133310882933e-12
 5.86       1.0633883200557416e-12
 5.87       1.0696664386933213e-12
 5.88       1.075967705690068e-12
 5.89       1.082292159943134e-12
 5.90       1.0886398403524037e-12
 5.91       1.0950107858204706e-12
 5.92       1.1014050352526157e-12
 5.93       1.1078226275567833e-12
 5.94       1.1142636016435596e-12
 5.95       1.1207279964261503e-12
 5.96       1.1272158508203575e-12
 5.97       1.13372720374456e-12
 5.98       1.1402620941196908e-12
 5.99       1.1468205608692141e-12
 6.00       1.1534026429191076e-12
 6.01       1.1600083791978385e-12
 6.02       1.1666378086363449e-12
 6.03       1.1732909701680134e-12
 6.04       1.1799679027286617e-12
 6.05       1.1866686452565143e-12
 6.06       1.1933932366921873e-12
 6.07       1.2001417159786654e-12
 6.08       1.206914122061283e-12
 6.09       1.213710493887707e-12
 6.10       1.2205308704079145e-12
 6.11       1.2273752905741762e-12
 6.12       1.2342437933410367e-12
 6.13       1.2411364176652965e-12
 6.14       1.248053202505993e-12
 6.15       1.2549941868243827e-12
 6.16       1.2619594095839235e-12
 6.17       1.2689489097502555e-12
 6.18       1.275962726291185e-12
 6.19       1.2830008981766667e-12
 6.20       1.2900634643787853e-12
 6.21       1.2971504638717393e-12
 6.22       1.3042619356318237e-12
 6.23       1.3113979186374132e-12
 6.24       1.3185584518689458e-12
 6.25       1.3257435743089064e-12
 6.26       1.3329533249418086e-12
 6.27       1.3401877427541819e-12
 6.28       1.3474468667345521e-12
 6.29       1.3547307358734287e-12
 6.30       1.362039389163287e-12
 6.31       1.3693728655985514e-12
 6.32       1.376731204175585e-12
 6.33       1.384114443892668e-12
 6.34       1.391522623749987e-12
 6.35       1.3989557827496182e-12
 6.36       1.406413959895513e-12
 6.37       1.4138971941934826e-12
 6.38       1.421405524651185e-12
 6.39       1.4289389902781083e-12
 6.40       1.4364976300855585e-12
 6.41       1.4440814830866448e-12
 6.42       1.4516905882962637e-12
 6.43       1.459324984731088e-12
 6.44       1.4669847114095505e-12
 6.45       1.4746698073518336e-12
 6.46       1.4823803115798502e-12
 6.47       1.4901162631172373e-12
 6.48       1.4978777009893369e-12
 6.49       1.5056646642231854e-12
 6.50       1.513477191847502e-12
 6.51       1.5213153228926713e-12
 6.52       1.5291790963907348e-12
 6.53       1.5370685513753774e-12
 6.54       1.5449837268819131e-12
 6.55       1.552924661947274e-12
 6.56       1.5608913956099968e-12
 6.57       1.5688839669102121e-12
 6.58       1.576902414889632e-12
 6.59       1.5849467785915368e-12
 6.60       1.593017097060764e-12
 6.61       1.6011134093436975e-12
 6.62       1.6092357544882528e-12
 6.63       1.6173841715438705e-12
 6.64       1.6255586995614992e-12
 6.65       1.6337593775935876e-12
 6.66       1.6419862446940742e-12
 6.67       1.6502393399183718e-12
 6.68       1.6585187023233602e-12
 6.69       1.6668243709673748e-12
 6.70       1.675156384910194e-12
 6.71       1.68351478321303e-12
 6.72       1.691899604938518e-12
 6.73       1.7003108891507039e-12
 6.74       1.708748674915037e-12
 6.75       1.717213001298356e-12
 6.76       1.7257039073688816e-12
 6.77       1.7342214321962044e-12
 6.78       1.7427656148512772e-12
 6.79       1.7513364944064022e-12
 6.80       1.7599341099352218e-12
 6.81       1.7685585005127102e-12
 6.82       1.7772097052151616e-12
 6.83       1.7858877631201838e-12
 6.84       1.7945927133066827e-12
 6.85       1.8033245948548601e-12
 6.86       1.8120834468461989e-12
 6.87       1.820869308363455e-12
 6.88       1.829682218490651e-12
 6.89       1.838522216313061e-12
 6.90       1.8473893409172086e-12
 6.91       1.8562836313908523e-12
 6.92       1.8652051268229787e-12
 6.93       1.874153866303796e-12
 6.94       1.883129888924719e-12
 6.95       1.8921332337783676e-12
 6.96       1.901163939958552e-12
 6.97       1.9102220465602695e-12
 6.98       1.919307592679691e-12
 6.99       1.928420617414157e-12
 7.00       1.937561159862166e-12
 7.01       1.946729259123368e-12
 7.02       1.9559249542985564e-12
 7.03       1.9651482844896585e-12
 7.04       1.9743992887997275e-12
 7.05       1.9836780063329367e-12
 7.06       1.9929844761945696e-12
 7.07       2.002318737491013e-12
 7.08       2.011680829329747e-12
 7.09       2.0210707908193405e-12
 7.10       2.0304886610694426e-12
 7.11       2.039934479190774e-12
 7.12       2.0494082842951187e-12
 7.13       2.058910115495319e-12
 7.14       2.0684400119052673e-12
 7.15       2.0779980126398972e-12
 7.16       2.0875841568151777e-12
 7.17       2.0971984835481066e-12
 7.18       2.1068410319567018e-12
 7.19       2.116511841159994e-12
 7.20       2.1262109502780218e-12
 7.21       2.1359383984318216e-12
 7.22       2.1456942247434253e-12
 7.23       2.155478468335848e-12
 7.24       2.1652911683330844e-12
 7.25       2.175132363860102e-12
 7.26       2.185002094042834e-12
 7.27       2.194900398008171e-12
 7.28       2.2048273148839584e-12
 7.29       2.2147828837989848e-12
 7.30       2.224767143882979e-12
 7.31       2.234780134266605e-12
 7.32       2.2448218940814492e-12
 7.33       2.254892462460021e-12
 7.34       2.264991878535743e-12
 7.35       2.2751201814429455e-12
 7.36       2.2852774103168594e-12
 7.37       2.2954636042936135e-12
 7.38       2.305678802510222e-12
 7.39       2.3159230441045875e-12
 7.40       2.3261963682154863e-12
 7.41       2.3364988139825655e-12
 7.42       2.3468304205463423e-12
 7.43       2.3571912270481883e-12
 7.44       2.367581272630333e-12
 7.45       2.3780005964358513e-12
 7.46       2.3884492376086627e-12
 7.47       2.3989272352935238e-12
 7.48       2.4094346286360202e-12
 7.49       2.4199714567825654e-12
 7.50       2.4305377588803923e-12
 7.51       2.4411335740775496e-12
 7.52       2.451758941522893e-12
 7.53       2.4624139003660844e-12
 7.54       2.473098489757585e-12
 7.55       2.4838127488486466e-12
 7.56       2.494556716791311e-12
 7.57       2.505330432738403e-12
 7.58       2.5161339358435255e-12
 7.59       2.5269672652610515e-12
 7.60       2.537830460146125e-12
 7.61       2.5487235596546503e-12
 7.62       2.5596466029432903e-12
 7.63       2.5705996291694594e-12
 7.64       2.581582677491321e-12
 7.65       2.5925957870677804e-12
 7.66       2.6036389970584805e-12
 7.67       2.6147123466237977e-12
 7.68       2.6258158749248367e-12
 7.69       2.6369496211234263e-12
 7.70       2.648113624382113e-12
 7.71       2.6593079238641586e-12
 7.72       2.6705325587335343e-12
 7.73       2.6817875681549155e-12
 7.74       2.6930729912936794e-12
 7.75       2.7043888673158977e-12
 7.76       2.715735235388334e-12
 7.77       2.7271121346784398e-12
 7.78       2.7385196043543487e-12
 7.79       2.749957683584871e-12
 7.80       2.761426411539493e-12
 7.81       2.7729258273883705e-12
 7.82       2.7844559703023223e-12
 7.83       2.7960168794528294e-12
 7.84       2.8076085940120315e-12
 7.85       2.8192311531527183e-12
 7.86       2.8308845960483284e-12
 7.87       2.842568961872946e-12
 7.88       2.8542842898012947e-12
 7.89       2.8660306190087345e-12
 7.90       2.8778079886712573e-12
 7.91       2.8896164379654825e-12
 7.92       2.9014560060686564e-12
 7.93       2.9133267321586413e-12
 7.94       2.92522865541392e-12
 7.95       2.937161815013586e-12
 7.96       2.949126250137341e-12
 7.97       2.9611219999654916e-12
 7.98       2.973149103678946e-12
 7.99       2.9852076004592106e-12
 8.00       2.997297529488383e-12
 8.01       3.0094189299491526e-12
 8.02       3.0215718410247934e-12
 8.03       3.033756301899164e-12
 8.04       3.0459723517566993e-12
 8.05       3.0582200297824124e-12
 8.06       3.0704993751618838e-12
 8.07       3.0828104270812673e-12
 8.08       3.0951532247272792e-12
 8.09       3.1075278072871956e-12
 8.10       3.119934213948851e-12
 8.11       3.132372483900635e-12
 8.12       3.144842656331488e-12
 8.13       3.157344770430898e-12
 8.14       3.169878865388896e-12
 8.15       3.1824449803960545e-12
 8.16       3.1950431546434833e-12
 8.17       3.207673427322826e-12
 8.18       3.220335837626258e-12
 8.19       3.2330304247464823e-12
 8.20       3.2457572278767247e-12
 8.21       3.2585162862107352e-12
 8.22       3.2713076389427783e-12
 8.23       3.2841313252676366e-12
 8.24       3.2969873843806015e-12
 8.25       3.3098758554774766e-12
 8.26       3.322796777754568e-12
 8.27       3.3357501904086876e-12
 8.28       3.348736132637143e-12
 8.29       3.36175464363774e-12
 8.30       3.3748057626087797e-12
 8.31       3.3878895287490505e-12
 8.32       3.4010059812578313e-12
 8.33       3.4141551593348836e-12
 8.34       3.427337102180452e-12
 8.35       3.4405518489952597e-12
 8.36       3.4537994389805064e-12
 8.37       3.4670799113378623e-12
 8.38       3.480393305269473e-12
 8.39       3.4937396599779447e-12
 8.40       3.507119014666356e-12
 8.41       3.5205314085382424e-12
 8.42       3.5339768807975987e-12
 8.43       3.547455470648881e-12
 8.44       3.560967217296993e-12
 8.45       3.574512159947294e-12
 8.46       3.5880903378055892e-12
 8.47       3.601701790078132e-12
 8.48       3.6153465559716163e-12
 8.49       3.629024674693178e-12
 8.50       3.642736185450392e-12
 8.51       3.6564811274512686e-12
 8.52       3.670259539904248e-12
 8.53       3.684071462018202e-12
 8.54       3.697916933002434e-12
 8.55       3.711795992066667e-12
 8.56       3.725708678421051e-12
 8.57       3.739655031276154e-12
 8.58       3.753635089842965e-12
 8.59       3.767648893332884e-12
 8.60       3.781696480957727e-12
 8.61       3.79577789192972e-12
 8.62       3.809893165461497e-12
 8.63       3.8240423407661e-12
 8.64       3.83822545705697e-12
 8.65       3.852442553547954e-12
 8.66       3.866693669453297e-12
 8.67       3.8809788439876386e-12
 8.68       3.8952981163660115e-12
 8.69       3.909651525803847e-12
 8.70       3.924039111516959e-12
 8.71       3.938460912721553e-12
 8.72       3.952916968634218e-12
 8.73       3.967407318471928e-12
 8.74       3.981932001452036e-12
 8.75       3.996491056792277e-12
 8.76       4.0110845237107575e-12
 8.77       4.025712441425962e-12
 8.78       4.040374849156749e-12
 8.79       4.05507178612234e-12
 8.80       4.069803291542335e-12
 8.81       4.08456940463669e-12
 8.82       4.099370164625733e-12
 8.83       4.114205610730148e-12
 8.84       4.129075782170983e-12
 8.85       4.1439807181696396e-12
 8.86       4.1589204579478806e-12
 8.87       4.173895040727818e-12
 8.88       4.1889045057319156e-12
 8.89       4.203948892182994e-12
 8.90       4.2190282393042104e-12
 8.91       4.234142586319076e-12
 8.92       4.249291972451444e-12
 8.93       4.2644764369255105e-12
 8.94       4.27969601896581e-12
 8.95       4.2949507577972125e-12
 8.96       4.310240692644932e-12
 8.97       4.325565862734512e-12
 8.98       4.340926307291828e-12
 8.99       4.356322065543088e-12
 9.00       4.371753176714826e-12
 9.01       4.387219680033911e-12
 9.02       4.402721614727527e-12
 9.03       4.418259020023187e-12
 9.04       4.433831935148728e-12
 9.05       4.4494403993322995e-12
 9.06       4.465084451802376e-12
 9.07       4.480764131787747e-12
 9.08       4.496479478517512e-12
 9.09       4.51223053122109e-12
 9.10       4.528017329128205e-12
 9.11       4.5438399114688985e-12
 9.12       4.559698317473509e-12
 9.13       4.575592586372692e-12
 9.14       4.591522757397399e-12
 9.15       4.6074888697788904e-12
 9.16       4.623490962748723e-12
 9.17       4.6395290755387555e-12
 9.18       4.6556032473811445e-12
 9.19       4.671713517508342e-12
 9.20       4.687859925153095e-12
 9.21       4.7040425095484435e-12
 9.22       4.720261309927719e-12
 9.23       4.736516365524542e-12
 9.24       4.752807715572824e-12
 9.25       4.769135399306758e-12
 9.26       4.78549945596083e-12
 9.27       4.801899924769799e-12
 9.28       4.818336844968716e-12
 9.29       4.83481025579291e-12
 9.30       4.8513201964779846e-12
 9.31       4.867866706259826e-12
 9.32       4.8844498243745935e-12
 9.33       4.901069590058723e-12
 9.34       4.917726042548922e-12
 9.35       4.93441922108217e-12
 9.36       4.951149164895719e-12
 9.37       4.967915913227086e-12
 9.38       4.9847195053140586e-12
 9.39       5.001559980394688e-12
 9.40       5.0184373777072905e-12
 9.41       5.035351736490447e-12
 9.42       5.052303095983e-12
 9.43       5.069291495424048e-12
 9.44       5.086316974052954e-12
 9.45       5.103379571109336e-12
 9.46       5.120479325833069e-12
 9.47       5.137616277464279e-12
 9.48       5.154790465243356e-12
 9.49       5.172001928410929e-12
 9.50       5.189250706207884e-12
 9.51       5.206536837875361e-12
 9.52       5.22386036265474e-12
 9.53       5.241221319787652e-12
 9.54       5.2586197485159745e-12
 9.55       5.276055688081828e-12
 9.56       5.293529177727575e-12
 9.57       5.311040256695822e-12
 9.58       5.328588964229414e-12
 9.59       5.346175339571438e-12
 9.60       5.363799421965214e-12
 9.61       5.3814612506543074e-12
 9.62       5.399160864882508e-12
 9.63       5.4168983038938504e-12
 9.64       5.434673606932595e-12
 9.65       5.452486813243238e-12
 9.66       5.470337962070505e-12
 9.67       5.488227092659351e-12
 9.68       5.506154244254959e-12
 9.69       5.5241194561027404e-12
 9.70       5.542122767448332e-12
 9.71       5.560164217537596e-12
 9.72       5.578243845616617e-12
 9.73       5.596361690931703e-12
 9.74       5.6145177927293814e-12
 9.75       5.632712190256405e-12
 9.76       5.6509449227597386e-12
 9.77       5.6692160294865716e-12
 9.78       5.687525549684306e-12
 9.79       5.705873522600561e-12
 9.80       5.724259987483171e-12
 9.81       5.742684983580183e-12
 9.82       5.761148550139856e-12
 9.83       5.7796507264106615e-12
 9.84       5.798191551641283e-12
 9.85       5.816771065080608e-12
 9.86       5.835389305977739e-12
 9.87       5.85404631358198e-12
 9.88       5.872742127142844e-12
 9.89       5.891476785910049e-12
 9.90       5.910250329133515e-12
 9.91       5.9290627960633685e-12
 9.92       5.947914225949934e-12
 9.93       5.966804658043738e-12
 9.94       5.98573413159551e-12
 9.95       6.004702685856174e-12
 9.96       6.023710360076856e-12
 9.97       6.042757193508878e-12
 9.98       6.061843225403753e-12
 9.99       6.0809684950131955e-12
