 0.01       -1.6287098881931646e-15
 0.02       -7.89337582300326e-16
 0.03       -4.990061948282809e-16
 0.04       -3.4658552166332697e-16
 0.05       -2.5005767708732826e-16
 0.06       -1.8225682844807816e-16
 0.07       -1.3168915825506315e-16
 0.08       -9.273785470340492e-17
 0.09       -6.239810851517419e-17
 0.10       -3.897111167591614e-17
 0.11       -2.1470420496707476e-17
 0.12       -9.325137145185001e-18
 0.13       -2.2200843160993345e-18
 0.14       4.476471631490705e-21
 0.15       2.6371225855827275e-18
 0.16       1.0152177858493199e-17
 0.17       2.2636983062718773e-17
 0.18       4.021729077248216e-17
 0.19       6.304715699496076e-17
 0.20       9.130186531204771e-17
 0.21       1.2517287269589605e-16
 0.22       1.6486413373840488e-16
 0.23       2.105893837773616e-16
 0.24       2.6257010124104857e-16
 0.25       3.2103395903014407e-16
 0.26       3.862136332730309e-16
 0.27       4.58345876802147e-16
 0.28       5.376707911711192e-16
 0.29       6.244312492890399e-16
 0.30       7.188724335278908e-16
 0.31       8.212414632285272e-16
 0.32       9.317870920492922e-16
 0.33       1.0507594603421552e-15
 0.34       1.1784098912271782e-15
 0.35       1.314990721625645e-15
 0.36       1.460755161454337e-15
 0.37       1.6159571756531676e-15
 0.38       1.7808513848400335e-15
 0.39       1.955692981249536e-15
 0.40       2.140737657280891e-15
 0.41       2.336241544502246e-15
 0.42       2.542461161368664e-15
 0.43       2.75965336823527e-15
 0.44       2.9880753285049767e-15
 0.45       3.227984474956505e-15
 0.46       3.4796384804644014e-15
 0.47       3.7432952324569365e-15
 0.48       4.019212810566755e-15
 0.49       4.3076494670181805e-15
 0.50       4.6088636093680505e-15
 0.51       4.9231137852770485e-15
 0.52       5.250658669038163e-15
 0.53       5.5917570496302496e-15
 0.54       5.946667820098981e-15
 0.55       6.3156499680962104e-15
 0.56       6.698962567433e-15
 0.57       7.096864770521792e-15
 0.58       7.509615801600439e-15
 0.59       7.937474950645283e-15
 0.60       8.380701567892968e-15
 0.61       8.83955505890106e-15
 0.62       9.314294880086688e-15
 0.63       9.805180534690071e-15
 0.64       1.0312471569116456e-14
 0.65       1.0836427569615734e-14
 0.66       1.1377308159263922e-14
 0.67       1.1935372995214919e-14
 0.68       1.25108817661948e-14
 0.69       1.3104094190213962e-14
 0.70       1.3715270012475406e-14
 0.71       1.4344669003459743e-14
 0.72       1.4992550957169806e-14
 0.73       1.5659175689519576e-14
 0.74       1.634480303685364e-14
 0.75       1.70496928545852e-14
 0.76       1.777410501594153e-14
 0.77       1.8518299410807233e-14
 0.78       1.9282535944656452e-14
 0.79       2.0067074537566206e-14
 0.80       2.087217512330369e-14
 0.81       2.1698097648481227e-14
 0.82       2.2545102071772996e-14
 0.83       2.3413448363188455e-14
 0.84       2.430339650339758e-14
 0.85       2.5215206483103805e-14
 0.86       2.6149138302460676e-14
 0.87       2.7105451970528727e-14
 0.88       2.8084407504769416e-14
 0.89       2.9086264930573175e-14
 0.90       3.011128428081885e-14
 0.91       3.115972559546235e-14
 0.92       3.223184892115192e-14
 0.93       3.3327914310868416e-14
 0.94       3.4448181823588437e-14
 0.95       3.559291152396872e-14
 0.96       3.6762363482050385e-14
 0.97       3.795679777298132e-14
 0.98       3.9176474476755637e-14
 0.99       4.042165367796894e-14
 1.00       4.169259546558826e-14
 1.01       4.298955993273559e-14
 1.02       4.4312807176484286e-14
 1.03       4.566259729766717e-14
 1.04       4.703919040069588e-14
 1.05       4.844284659339034e-14
 1.06       4.987382598681814e-14
 1.07       5.13323886951426e-14
 1.08       5.2818794835479586e-14
 1.09       5.4333304527762024e-14
 1.10       5.587617789461182e-14
 1.11       5.74476750612188e-14
 1.12       5.904805615522605e-14
 1.13       6.067758130662132e-14
 1.14       6.233651064763419e-14
 1.15       6.402510431263872e-14
 1.16       6.574362243806083e-14
 1.17       6.749232516229078e-14
 1.18       6.927147262559981e-14
 1.19       7.108132497006121e-14
 1.20       7.292214233947516e-14
 1.21       7.479418487929735e-14
 1.22       7.669771273657128e-14
 1.23       7.863298605986352e-14
 1.24       8.060026499920247e-14
 1.25       8.259980970601969e-14
 1.26       8.463188033309448e-14
 1.27       8.669673703450052e-14
 1.28       8.87946399655556e-14
 1.29       9.092584928277319e-14
 1.30       9.30906251438165e-14
 1.31       9.52892277074547e-14
 1.32       9.752191713352084e-14
 1.33       9.978895358287206e-14
 1.34       1.0209059721735124e-13
 1.35       1.0442710819975052e-13
 1.36       1.0679874669377643e-13
 1.37       1.0920577286401648e-13
 1.38       1.1164844687590726e-13
 1.39       1.1412702889570394e-13
 1.40       1.1664177909045093e-13
 1.41       1.19192957627954e-13
 1.42       1.2178082467675344e-13
 1.43       1.2440564040609825e-13
 1.44       1.270676649859218e-13
 1.45       1.29767158586818e-13
 1.46       1.3250438138001876e-13
 1.47       1.3527959353737232e-13
 1.48       1.3809305523132227e-13
 1.49       1.4094502663488792e-13
 1.50       1.4383576792164463e-13
 1.51       1.4676553926570584e-13
 1.52       1.497346008417051e-13
 1.53       1.5274321282477916e-13
 1.54       1.5579163539055168e-13
 1.55       1.5888012871511743e-13
 1.56       1.6200895297502715e-13
 1.57       1.651783683472733e-13
 1.58       1.6838863500927567e-13
 1.59       1.716400131388683e-13
 1.60       1.7493276291428647e-13
 1.61       1.78267144514154e-13
 1.62       1.8164341811747146e-13
 1.63       1.8506184390360465e-13
 1.64       1.8852268205227333e-13
 1.65       1.9202619274354068e-13
 1.66       1.9557263615780262e-13
 1.67       1.9916227247577822e-13
 1.68       2.027953618784999e-13
 1.69       2.0647216454730406e-13
 1.70       2.1019294066382248e-13
 1.71       2.1395795040997337e-13
 1.72       2.1776745396795297e-13
 1.73       2.2162171152022796e-13
 1.74       2.255209832495273e-13
 1.75       2.294655293388347e-13
 1.76       2.334556099713817e-13
 1.77       2.3749148533064057e-13
 1.78       2.4157341560031726e-13
 1.79       2.457016609643452e-13
 1.80       2.4987648160687894e-13
 1.81       2.5409813771228793e-13
 1.82       2.583668894651505e-13
 1.83       2.6268299705024855e-13
 1.84       2.6704672065256164e-13
 1.85       2.7145832045726193e-13
 1.86       2.7591805664970856e-13
 1.87       2.8042618941544325e-13
 1.88       2.8498297894018505e-13
 1.89       2.8958868540982585e-13
 1.90       2.942435690104254e-13
 1.91       2.989478899282076e-13
 1.92       3.0370190834955575e-13
 1.93       3.0850588446100837e-13
 1.94       3.1336007844925554e-13
 1.95       3.18264750501135e-13
 1.96       3.232201608036278e-13
 1.97       3.282265695438555e-13
 1.98       3.332842369090758e-13
 1.99       3.3839342308668e-13
 2.00       3.435543882641887e-13
 2.01       3.4876739262924943e-13
 2.02       3.540326963696332e-13
 2.03       3.5935055967323097e-13
 2.04       3.6472124272805167e-13
 2.05       3.7014500572221837e-13
 2.06       3.7562210884396623e-13
 2.07       3.8115281228163937e-13
 2.08       3.867373762236884e-13
 2.09       3.9237606085866787e-13
 2.10       3.9806912637523375e-13
 2.11       4.0381683296214126e-13
 2.12       4.0961944080824197e-13
 2.13       4.1547721010248204e-13
 2.14       4.2139040103390015e-13
 2.15       4.2735927379162453e-13
 2.16       4.33384088564872e-13
 2.17       4.394651055429448e-13
 2.18       4.456025849152296e-13
 2.19       4.51796786871195e-13
 2.20       4.580479716003897e-13
 2.21       4.643563992924411e-13
 2.22       4.707223301370528e-13
 2.23       4.771460243240039e-13
 2.24       4.836277420431461e-13
 2.25       4.901677434844034e-13
 2.26       4.967662888377691e-13
 2.27       5.034236382933059e-13
 2.28       5.101400520411425e-13
 2.29       5.169157902714739e-13
 2.30       5.237511131745589e-13
 2.31       5.306462809407189e-13
 2.32       5.376015537603368e-13
 2.33       5.446171918238558e-13
 2.34       5.516934553217772e-13
 2.35       5.588306044446605e-13
 2.36       5.660288993831212e-13
 2.37       5.732886003278299e-13
 2.38       5.806099674695113e-13
 2.39       5.879932609989425e-13
 2.40       5.954387411069531e-13
 2.41       6.029466679844225e-13
 2.42       6.105173018222803e-13
 2.43       6.181509028115044e-13
 2.44       6.258477311431202e-13
 2.45       6.336080470082e-13
 2.46       6.414321105978618e-13
 2.47       6.49320182103268e-13
 2.48       6.572725217156249e-13
 2.49       6.652893896261822e-13
 2.50       6.733710460262311e-13
 2.51       6.815177511071045e-13
 2.52       6.897297650601756e-13
 2.53       6.980073480768572e-13
 2.54       7.063507603486011e-13
 2.55       7.14760262066897e-13
 2.56       7.23236113423272e-13
 2.57       7.317785746092899e-13
 2.58       7.403879058165506e-13
 2.59       7.490643672366891e-13
 2.60       7.578082190613745e-13
 2.61       7.666197214823106e-13
 2.62       7.754991346912338e-13
 2.63       7.844467188799134e-13
 2.64       7.934627342401508e-13
 2.65       8.025474409637783e-13
 2.66       8.117010992426596e-13
 2.67       8.209239692686881e-13
 2.68       8.302163112337872e-13
 2.69       8.395783853299096e-13
 2.70       8.490104517490355e-13
 2.71       8.585127706831747e-13
 2.72       8.680856023243637e-13
 2.73       8.777292068646657e-13
 2.74       8.874438444961709e-13
 2.75       8.972297754109953e-13
 2.76       9.070872598012809e-13
 2.77       9.170165578591946e-13
 2.78       9.270179297769273e-13
 2.79       9.370916357466957e-13
 2.80       9.47237935960738e-13
 2.81       9.574570906113185e-13
 2.82       9.677493598907216e-13
 2.83       9.781150039912567e-13
 2.84       9.885542831052537e-13
 2.85       9.990674574250652e-13
 2.86       1.0096547871430649e-12
 2.87       1.0203165324516465e-12
 2.88       1.0310529535432268e-12
 2.89       1.04186431061024e-12
 2.90       1.0527508638451423e-12
 2.91       1.0637128734404087e-12
 2.92       1.0747505995885334e-12
 2.93       1.08586430248203e-12
 2.94       1.0970542423134297e-12
 2.95       1.1083206792752833e-12
 2.96       1.1196638735601586e-12
 2.97       1.1310840853606417e-12
 2.98       1.1425815748693354e-12
 2.99       1.1541566022788606e-12
 3.00       1.165809427781854e-12
 3.01       1.177540311570969e-12
 3.02       1.189349513838876e-12
 3.03       1.2012372947782603e-12
 3.04       1.213203914581824e-12
 3.05       1.225249633442284e-12
 3.06       1.2373747115523724e-12
 3.07       1.2495794091048368e-12
 3.08       1.2618639862924386e-12
 3.09       1.2742287033079544e-12
 3.10       1.2866738203441753e-12
 3.11       1.2991995975939058e-12
 3.12       1.3118062952499641e-12
 3.13       1.324494173505183e-12
 3.14       1.3372634925524068e-12
 3.15       1.3501145125844952e-12
 3.16       1.3630474937943187e-12
 3.17       1.3760626963747627e-12
 3.18       1.3891603805187226e-12
 3.19       1.4023408064191089e-12
 3.20       1.4156042342688419e-12
 3.21       1.4289509242608556e-12
 3.22       1.442381136588094e-12
 3.23       1.455895131443515e-12
 3.24       1.4694931690200854e-12
 3.25       1.4831755095107847e-12
 3.26       1.496942413108604e-12
 3.27       1.5107941400065435e-12
 3.28       1.5247309503976154e-12
 3.29       1.5387531044748426e-12
 3.30       1.5528608624312574e-12
 3.31       1.567054484459903e-12
 3.32       1.5813342307538333e-12
 3.33       1.5957003615061105e-12
 3.34       1.6101531369098086e-12
 3.35       1.624692817158009e-12
 3.36       1.6393196624438044e-12
 3.37       1.6540339329602961e-12
 3.38       1.6688358889005951e-12
 3.39       1.6837257904578213e-12
 3.40       1.698703897825103e-12
 3.41       1.713770471195577e-12
 3.42       1.7289257707623915e-12
 3.43       1.7441700567186995e-12
 3.44       1.759503589257665e-12
 3.45       1.7749266285724596e-12
 3.46       1.7904394348562628e-12
 3.47       1.8060422683022628e-12
 3.48       1.821735389103655e-12
 3.49       1.8375190574536432e-12
 3.50       1.853393533545439e-12
 3.51       1.8693590775722606e-12
 3.52       1.8854159497273353e-12
 3.53       1.9015644102038972e-12
 3.54       1.9178047191951874e-12
 3.55       1.934137136894454e-12
 3.56       1.9505619234949538e-12
 3.57       1.967079339189947e-12
 3.58       1.983689644172705e-12
 3.59       2.0003930986365033e-12
 3.60       2.017189962774625e-12
 3.61       2.0340804967803607e-12
 3.62       2.051064960847005e-12
 3.63       2.068143615167862e-12
 3.64       2.0853167199362394e-12
 3.65       2.102584535345454e-12
 3.66       2.1199473215888252e-12
 3.67       2.1374053388596814e-12
 3.68       2.154958847351357e-12
 3.69       2.17260810725719e-12
 3.70       2.190353378770526e-12
 3.71       2.208194922084717e-12
 3.72       2.2261329973931193e-12
 3.73       2.244167864889095e-12
 3.74       2.262299784766012e-12
 3.75       2.280529017217244e-12
 3.76       2.2988558224361696e-12
 3.77       2.3172804606161736e-12
 3.78       2.3358031919506445e-12
 3.79       2.3544242766329773e-12
 3.80       2.3731439748565714e-12
 3.81       2.3919625468148317e-12
 3.82       2.410880252701169e-12
 3.83       2.429897352708995e-12
 3.84       2.449014107031732e-12
 3.85       2.468230775862803e-12
 3.86       2.487547619395638e-12
 3.87       2.50696489782367e-12
 3.88       2.526482871340337e-12
 3.89       2.5461018001390827e-12
 3.90       2.5658219444133534e-12
 3.91       2.585643564356602e-12
 3.92       2.605566920162284e-12
 3.93       2.6255922720238595e-12
 3.94       2.6457198801347932e-12
 3.95       2.665950004688555e-12
 3.96       2.6862829058786177e-12
 3.97       2.706718843898459e-12
 3.98       2.727258078941558e-12
 3.99       2.747900871201403e-12
 4.00       2.768647480871481e-12
 4.01       2.789498168145287e-12
 4.02       2.8104531932163155e-12
 4.03       2.831512816278069e-12
 4.04       2.8526772975240525e-12
 4.05       2.8739468971477723e-12
 4.06       2.8953218753427417e-12
 4.07       2.9168024923024766e-12
 4.08       2.9383890082204957e-12
 4.09       2.9600816832903218e-12
 4.10       2.981880777705481e-12
 4.11       3.003786551659502e-12
 4.12       3.0257992653459192e-12
 4.13       3.0479191789582694e-12
 4.14       3.070146552690091e-12
 4.15       3.0924816467349274e-12
 4.16       3.114924721286325e-12
 4.17       3.137476036537833e-12
 4.18       3.160135852683005e-12
 4.19       3.1829044299153954e-12
 4.20       3.2057820284285643e-12
 4.21       3.228768908416073e-12
 4.22       3.2518653300714872e-12
 4.23       3.2750715535883735e-12
 4.24       3.2983878391603034e-12
 4.25       3.321814446980852e-12
 4.26       3.3453516372435944e-12
 4.27       3.3689996701421097e-12
 4.28       3.3927588058699817e-12
 4.29       3.4166293046207962e-12
 4.30       3.440611426588138e-12
 4.31       3.4647054319656e-12
 4.32       3.4889115809467755e-12
 4.33       3.5132301337252607e-12
 4.34       3.5376613504946533e-12
 4.35       3.562205491448554e-12
 4.36       3.5868628167805675e-12
 4.37       3.6116335866843e-12
 4.38       3.6365180613533597e-12
 4.39       3.661516500981359e-12
 4.40       3.6866291657619095e-12
 4.41       3.711856315888631e-12
 4.42       3.7371982115551385e-12
 4.43       3.7626551129550536e-12
 4.44       3.7882272802820005e-12
 4.45       3.813914973729604e-12
 4.46       3.839718453491493e-12
 4.47       3.865637979761295e-12
 4.48       3.891673812732646e-12
 4.49       3.917826212599178e-12
 4.50       3.944095439554529e-12
 4.51       3.970481753792337e-12
 4.52       3.9969854155062434e-12
 4.53       4.02360668488989e-12
 4.54       4.050345822136926e-12
 4.55       4.077203087440993e-12
 4.56       4.1041787409957465e-12
 4.57       4.131273042994834e-12
 4.58       4.158486253631909e-12
 4.59       4.185818633100628e-12
 4.60       4.213270441594647e-12
 4.61       4.2408419393076286e-12
 4.62       4.26853338643323e-12
 4.63       4.296345043165116e-12
 4.64       4.324277169696954e-12
 4.65       4.3523300262224064e-12
 4.66       4.380503872935144e-12
 4.67       4.4087989700288365e-12
 4.68       4.437215577697157e-12
 4.69       4.46575395613378e-12
 4.70       4.494414365532382e-12
 4.71       4.523197066086637e-12
 4.72       4.552102317990227e-12
 4.73       4.581130381436833e-12
 4.74       4.610281516620137e-12
 4.75       4.639555983733823e-12
 4.76       4.6689540429715785e-12
 4.77       4.698475954527089e-12
 4.78       4.728121978594046e-12
 4.79       4.757892375366138e-12
 4.80       4.7877874050370584e-12
 4.81       4.817807327800503e-12
 4.82       4.847952403850164e-12
 4.83       4.878222893379743e-12
 4.84       4.908619056582933e-12
 4.85       4.939141153653437e-12
 4.86       4.969789444784957e-12
 4.87       5.000564190171196e-12
 4.88       5.031465650005857e-12
 4.89       5.062494084482649e-12
 4.90       5.0936497537952756e-12
 4.91       5.124932918137447e-12
 4.92       5.156343837702874e-12
 4.93       5.187882772685267e-12
 4.94       5.219549983278341e-12
 4.95       5.251345729675808e-12
 4.96       5.283270272071386e-12
 4.97       5.315323870658789e-12
 4.98       5.3475067856317385e-12
 4.99       5.3798192771839515e-12
 5.00       5.4122616055091504e-12
 5.01       5.444834030801057e-12
 5.02       5.477536813253394e-12
 5.03       5.510370213059887e-12
 5.04       5.543334490414262e-12
 5.05       5.576429905510244e-12
 5.06       5.6096567185415655e-12
 5.07       5.64301518970195e-12
 5.08       5.676505579185135e-12
 5.09       5.710128147184848e-12
 5.10       5.743883153894822e-12
 5.11       5.777770859508793e-12
 5.12       5.811791524220498e-12
 5.13       5.8459454082236704e-12
 5.14       5.880232771712049e-12
 5.15       5.914653874879372e-12
 5.16       5.949208977919377e-12
 5.17       5.98389834102581e-12
 5.18       6.0187222243924105e-12
 5.19       6.053680888212924e-12
 5.20       6.0887745926810885e-12
 5.21       6.1240035979906545e-12
 5.22       6.159368164335369e-12
 5.23       6.194868551908972e-12
 5.24       6.230505020905221e-12
 5.25       6.2662778315178615e-12
 5.26       6.30218724394064e-12
 5.27       6.3382335183673134e-12
 5.28       6.374416914991632e-12
 5.29       6.4107376940073476e-12
 5.30       6.447196115608215e-12
 5.31       6.483792439987992e-12
 5.32       6.520526927340432e-12
 5.33       6.557399837859291e-12
 5.34       6.59441143173833e-12
 5.35       6.631561969171308e-12
 5.36       6.668851710351981e-12
 5.37       6.7062809154741135e-12
 5.38       6.7438498447314654e-12
 5.39       6.781558758317798e-12
 5.40       6.819407916426876e-12
 5.41       6.857397579252465e-12
 5.42       6.895528006988328e-12
 5.43       6.93379945982823e-12
 5.44       6.972212197965944e-12
 5.45       7.010766481595228e-12
 5.46       7.0494625709098584e-12
 5.47       7.0883007261036e-12
 5.48       7.127281207370225e-12
 5.49       7.166404274903501e-12
 5.50       7.2056701888972054e-12
 5.51       7.245079209545107e-12
 5.52       7.284631597040976e-12
 5.53       7.324327611578596e-12
 5.54       7.364167513351733e-12
 5.55       7.404151562554163e-12
 5.56       7.444280019379668e-12
 5.57       7.484553144022022e-12
 5.58       7.524971196675e-12
 5.59       7.565534437532383e-12
 5.60       7.606243126787953e-12
 5.61       7.647097524635485e-12
 5.62       7.688097891268763e-12
 5.63       7.729244486881569e-12
 5.64       7.770537571667682e-12
 5.65       7.811977405820887e-12
 5.66       7.853564249534966e-12
 5.67       7.895298363003702e-12
 5.68       7.937180006420887e-12
 5.69       7.9792094399803e-12
 5.70       8.021386923875728e-12
 5.71       8.063712718300961e-12
 5.72       8.10618708344978e-12
 5.73       8.148810279515983e-12
 5.74       8.191582566693348e-12
 5.75       8.234504205175673e-12
 5.76       8.277575455156745e-12
 5.77       8.320796576830354e-12
 5.78       8.36416783039029e-12
 5.79       8.40768947603035e-12
 5.80       8.451361773944324e-12
 5.81       8.495184984326002e-12
 5.82       8.539159367369185e-12
 5.83       8.58328518326766e-12
 5.84       8.627562692215228e-12
 5.85       8.671992154405678e-12
 5.86       8.716573830032813e-12
 5.87       8.761307979290423e-12
 5.88       8.806194862372312e-12
 5.89       8.851234739472274e-12
 5.90       8.896427870784106e-12
 5.91       8.941774516501612e-12
 5.92       8.98727493681859e-12
 5.93       9.032929391928836e-12
 5.94       9.078738142026153e-12
 5.95       9.124701447304344e-12
 5.96       9.17081956795721e-12
 5.97       9.217092764178553e-12
 5.98       9.263521296162175e-12
 5.99       9.310105424101879e-12
 6.00       9.35684540819147e-12
 6.01       9.40374150862475e-12
 6.02       9.45079398559553e-12
 6.03       9.498003099297608e-12
 6.04       9.545369109924792e-12
 6.05       9.592892277670891e-12
 6.06       9.640572862729711e-12
 6.07       9.688411125295055e-12
 6.08       9.736407325560738e-12
 6.09       9.784561723720558e-12
 6.10       9.832874579968337e-12
 6.11       9.881346154497874e-12
 6.12       9.929976707502983e-12
 6.13       9.978766499177472e-12
 6.14       1.0027715789715153e-11
 6.15       1.0076824839309837e-11
 6.16       1.0126093908155336e-11
 6.17       1.0175523256445459e-11
 6.18       1.0225113144374021e-11
 6.19       1.0274863832134838e-11
 6.20       1.0324775579921718e-11
 6.21       1.0374848647928474e-11
 6.22       1.0425083296348925e-11
 6.23       1.0475479785376882e-11
 6.24       1.0526038375206165e-11
 6.25       1.0576759326030583e-11
 6.26       1.0627642898043953e-11
 6.27       1.0678689351440096e-11
 6.28       1.0729898946412823e-11
 6.29       1.0781271943155954e-11
 6.30       1.0832808601863307e-11
 6.31       1.0884509182728697e-11
 6.32       1.0936373945945945e-11
 6.33       1.0988403151708871e-11
 6.34       1.104059706021129e-11
 6.35       1.1092955931647022e-11
 6.36       1.1145480026209886e-11
 6.37       1.1198169604093711e-11
 6.38       1.1251024925492308e-11
 6.39       1.13040462505995e-11
 6.40       1.1357233839609112e-11
 6.41       1.1410587952714963e-11
 6.42       1.1464108850110872e-11
 6.43       1.1517796791990666e-11
 6.44       1.1571652038548165e-11
 6.45       1.1625674849977196e-11
 6.46       1.1679865486471578e-11
 6.47       1.173422420822514e-11
 6.48       1.1788751275431704e-11
 6.49       1.1843446948285087e-11
 6.50       1.1898311486979127e-11
 6.51       1.195334515170764e-11
 6.52       1.2008548202664458e-11
 6.53       1.2063920900043401e-11
 6.54       1.2119463504038295e-11
 6.55       1.2175176274842978e-11
 6.56       1.2231059472651265e-11
 6.57       1.2287113357656983e-11
 6.58       1.2343338190053967e-11
 6.59       1.2399734230036037e-11
 6.60       1.245630173779703e-11
 6.61       1.251304097353077e-11
 6.62       1.2569952197431084e-11
 6.63       1.2627035669691802e-11
 6.64       1.268429165050676e-11
 6.65       1.2741720400069775e-11
 6.66       1.2799322178574691e-11
 6.67       1.285709724621533e-11
 6.68       1.2915045863185521e-11
 6.69       1.2973168289679106e-11
 6.70       1.3031464785889903e-11
 6.71       1.3089935612011752e-11
 6.72       1.3148581028238483e-11
 6.73       1.3207401294763927e-11
 6.74       1.326639667178192e-11
 6.75       1.3325567419486289e-11
 6.76       1.3384913798070872e-11
 6.77       1.3444436067729501e-11
 6.78       1.3504134488656002e-11
 6.79       1.3564009321044223e-11
 6.80       1.362406082508799e-11
 6.81       1.3684289260981138e-11
 6.82       1.3744694888917504e-11
 6.83       1.3805277969090921e-11
 6.84       1.3866038761695221e-11
 6.85       1.3926977526924245e-11
 6.86       1.3988094524971828e-11
 6.87       1.4049390016031803e-11
 6.88       1.4110864260298011e-11
 6.89       1.4172517517964286e-11
 6.90       1.423435004922446e-11
 6.91       1.4296362114272375e-11
 6.92       1.4358553973301873e-11
 6.93       1.4420925886506784e-11
 6.94       1.4483478114080945e-11
 6.95       1.4546210916218203e-11
 6.96       1.460912455311239e-11
 6.97       1.4672219284957344e-11
 6.98       1.47354953719469e-11
 6.99       1.479895307427491e-11
 7.00       1.48625926521352e-11
 7.01       1.4926414365721615e-11
 7.02       1.4990418475228e-11
 7.03       1.5054605240848183e-11
 7.04       1.511897492277602e-11
 7.05       1.518352778120533e-11
 7.06       1.5248264076329973e-11
 7.07       1.5313184068343785e-11
 7.08       1.5378288017440602e-11
 7.09       1.544357618381427e-11
 7.10       1.5509048827658626e-11
 7.11       1.557470620916752e-11
 7.12       1.5640548588534783e-11
 7.13       1.5706576225954266e-11
 7.14       1.5772789381619813e-11
 7.15       1.5839188315725253e-11
 7.16       1.5905773288464446e-11
 7.17       1.5972544560031224e-11
 7.18       1.6039502390619427e-11
 7.19       1.6106647040422914e-11
 7.20       1.6173978769635515e-11
 7.21       1.624149783845108e-11
 7.22       1.630920450706345e-11
 7.23       1.6377099035666472e-11
 7.24       1.6445181684453996e-11
 7.25       1.6513452713619848e-11
 7.26       1.658191238335789e-11
 7.27       1.6650560953861965e-11
 7.28       1.671939868532591e-11
 7.29       1.678842583794358e-11
 7.30       1.6857642671908817e-11
 7.31       1.6927049447415466e-11
 7.32       1.6996646424657377e-11
 7.33       1.706643386382839e-11
 7.34       1.7136412025122352e-11
 7.35       1.7206581168733118e-11
 7.36       1.7276941554854524e-11
 7.37       1.7347493443680423e-11
 7.38       1.7418237095404656e-11
 7.39       1.7489172770221087e-11
 7.40       1.7560300728323544e-11
 7.41       1.7631621229905882e-11
 7.42       1.7703134535161956e-11
 7.43       1.7774840904285607e-11
 7.44       1.784674059747068e-11
 7.45       1.7918833874911024e-11
 7.46       1.7991120996800503e-11
 7.47       1.8063602223332945e-11
 7.48       1.8136277814702206e-11
 7.49       1.8209148031102146e-11
 7.50       1.8282213132726595e-11
 7.51       1.8355473379769424e-11
 7.52       1.8428929032424462e-11
 7.53       1.8502580350885573e-11
 7.54       1.8576427595346603e-11
 7.55       1.86504710260014e-11
 7.56       1.8724710903043818e-11
 7.57       1.87991474866677e-11
 7.58       1.8873781037066904e-11
 7.59       1.894861181443528e-11
 7.60       1.9023640078966678e-11
 7.61       1.9098866090854945e-11
 7.62       1.917429011029394e-11
 7.63       1.9249912397477502e-11
 7.64       1.9325733212599504e-11
 7.65       1.9401752815853775e-11
 7.66       1.947797146743418e-11
 7.67       1.9554389427534565e-11
 7.68       1.963100695634878e-11
 7.69       1.9707824314070688e-11
 7.70       1.9784841760894137e-11
 7.71       1.9862059557012974e-11
 7.72       1.9939477962621056e-11
 7.73       2.0017097237912234e-11
 7.74       2.009491764308036e-11
 7.75       2.0172939438319294e-11
 7.76       2.0251162883822887e-11
 7.77       2.0329588239784987e-11
 7.78       2.0408215766399453e-11
 7.79       2.0487045723860137e-11
 7.80       2.0566078372360885e-11
 7.81       2.064531397209557e-11
 7.82       2.0724752783258027e-11
 7.83       2.0804395066042122e-11
 7.84       2.08842410806417e-11
 7.85       2.0964291087250626e-11
 7.86       2.1044545346062754e-11
 7.87       2.1125004117271926e-11
 7.88       2.120566766107201e-11
 7.89       2.1286536237656853e-11
 7.90       2.1367610107220317e-11
 7.91       2.144888952995625e-11
 7.92       2.1530374766058516e-11
 7.93       2.1612066075720964e-11
 7.94       2.1693963719137452e-11
 7.95       2.1776067956501838e-11
 7.96       2.1858379048007977e-11
 7.97       2.1940897253849715e-11
 7.98       2.2023622834220927e-11
 7.99       2.210655604931546e-11
 8.00       2.218969715932716e-11
 8.01       2.2273046424449897e-11
 8.02       2.2356604104877524e-11
 8.03       2.2440370460803907e-11
 8.04       2.2524345752422883e-11
 8.05       2.2608530239928323e-11
 8.06       2.2692924183514083e-11
 8.07       2.277752784337402e-11
 8.08       2.2862341479701983e-11
 8.09       2.294736535269185e-11
 8.10       2.3032599722537452e-11
 8.11       2.3118044849432665e-11
 8.12       2.320370099357134e-11
 8.13       2.328956841514734e-11
 8.14       2.3375647374354515e-11
 8.15       2.346193813138673e-11
 8.16       2.3548440946437842e-11
 8.17       2.363515607970171e-11
 8.18       2.3722083791372187e-11
 8.19       2.3809224341643146e-11
 8.20       2.389657799070843e-11
 8.21       2.39841449987619e-11
 8.22       2.4071925625997425e-11
 8.23       2.4159920132608855e-11
 8.24       2.424812877879005e-11
 8.25       2.4336551824734872e-11
 8.26       2.4425189530637182e-11
 8.27       2.451404215669083e-11
 8.28       2.460310996308969e-11
 8.29       2.469239321002761e-11
 8.30       2.4781892157698462e-11
 8.31       2.4871607066296084e-11
 8.32       2.4961538196014366e-11
 8.33       2.5051685807047147e-11
 8.34       2.5142050159588286e-11
 8.35       2.5232631513831656e-11
 8.36       2.5323430129971108e-11
 8.37       2.5414446268200502e-11
 8.38       2.550568018871371e-11
 8.39       2.5597132151704578e-11
 8.40       2.568880241736698e-11
 8.41       2.578069124589477e-11
 8.42       2.5872798897481804e-11
 8.43       2.5965125632321952e-11
 8.44       2.605767171060907e-11
 8.45       2.6150437392537023e-11
 8.46       2.6243422938299674e-11
 8.47       2.6336628608090878e-11
 8.48       2.6430054662104493e-11
 8.49       2.652370136053439e-11
 8.50       2.661756896357443e-11
 8.51       2.6711657731418473e-11
 8.52       2.680596792426038e-11
 8.53       2.6900499802294008e-11
 8.54       2.699525362571323e-11
 8.55       2.7090229654711897e-11
 8.56       2.7185428149483882e-11
 8.57       2.7280849370223043e-11
 8.58       2.7376493577123233e-11
 8.59       2.7472361030378333e-11
 8.60       2.7568451990182193e-11
 8.61       2.7664766716728675e-11
 8.62       2.776130547021165e-11
 8.63       2.785806851082497e-11
 8.64       2.7955056098762504e-11
 8.65       2.8052268494218118e-11
 8.66       2.8149705957385667e-11
 8.67       2.8247368748459028e-11
 8.68       2.8345257127632043e-11
 8.69       2.8443371355098596e-11
 8.70       2.854171169105254e-11
 8.71       2.8640278395687743e-11
 8.72       2.8739071729198057e-11
 8.73       2.8838091951777365e-11
 8.74       2.8937339323619513e-11
 8.75       2.903681410491838e-11
 8.76       2.9136516555867815e-11
 8.77       2.923644693666169e-11
 8.78       2.9336605507493876e-11
 8.79       2.943699252855822e-11
 8.80       2.9537608260048606e-11
 8.81       2.963845296215887e-11
 8.82       2.9739526895082896e-11
 8.83       2.984083031901456e-11
 8.84       2.994236349414771e-11
 8.85       3.00441266806762e-11
 8.86       3.014612013879392e-11
 8.87       3.0248344128694724e-11
 8.88       3.035079891057246e-11
 8.89       3.045348474462102e-11
 8.90       3.0556401891034263e-11
 8.91       3.065955061000604e-11
 8.92       3.076293116173023e-11
 8.93       3.086654380640068e-11
 8.94       3.097038880421127e-11
 8.95       3.1074466415355873e-11
 8.96       3.1178776900028335e-11
 8.97       3.1283320518422535e-11
 8.98       3.1388097530732336e-11
 8.99       3.14931081971516e-11
 9.00       3.159835277787419e-11
 9.01       3.170383153309398e-11
 9.02       3.180954472300482e-11
 9.03       3.1915492607800604e-11
 9.04       3.202167544767518e-11
 9.05       3.21280935028224e-11
 9.06       3.223474703343616e-11
 9.07       3.2341636299710305e-11
 9.08       3.244876156183871e-11
 9.09       3.255612308001523e-11
 9.10       3.266372111443376e-11
 9.11       3.2771555925288123e-11
 9.12       3.2879627772772225e-11
 9.13       3.2987936917079905e-11
 9.14       3.309648361840505e-11
 9.15       3.3205268136941505e-11
 9.16       3.3314290732883154e-11
 9.17       3.3423551666423864e-11
 9.18       3.35330511977575e-11
 9.19       3.3642789587077915e-11
 9.20       3.375276709457898e-11
 9.21       3.3862983980454585e-11
 9.22       3.397344050489857e-11
 9.23       3.408413692810482e-11
 9.24       3.419507351026717e-11
 9.25       3.430625051157953e-11
 9.26       3.4417668192235754e-11
 9.27       3.4529326812429696e-11
 9.28       3.464122663235522e-11
 9.29       3.4753367912206225e-11
 9.30       3.486575091217655e-11
 9.31       3.4978375892460056e-11
 9.32       3.509124311325065e-11
 9.33       3.520435283474216e-11
 9.34       3.531770531712847e-11
 9.35       3.543130082060345e-11
 9.36       3.554513960536097e-11
 9.37       3.565922193159487e-11
 9.38       3.577354805949906e-11
 9.39       3.588811824926738e-11
 9.40       3.60029327610937e-11
 9.41       3.61179918551719e-11
 9.42       3.623329579169585e-11
 9.43       3.63488448308594e-11
 9.44       3.6464639232856433e-11
 9.45       3.658067925788081e-11
 9.46       3.6696965166126404e-11
 9.47       3.681349721778708e-11
 9.48       3.6930275673056714e-11
 9.49       3.704730079212916e-11
 9.50       3.7164572835198293e-11
 9.51       3.728209206245799e-11
 9.52       3.739985873410212e-11
 9.53       3.751787311032453e-11
 9.54       3.763613545131911e-11
 9.55       3.775464601727973e-11
 9.56       3.7873405068400245e-11
 9.57       3.7992412864874534e-11
 9.58       3.811166966689645e-11
 9.59       3.8231175734659886e-11
 9.60       3.83509313283587e-11
 9.61       3.8470936708186754e-11
 9.62       3.8591192134337934e-11
 9.63       3.871169786700609e-11
 9.64       3.88324541663851e-11
 9.65       3.895346129266883e-11
 9.66       3.907471950605115e-11
 9.67       3.9196229066725945e-11
 9.68       3.9317990234887075e-11
 9.69       3.944000327072839e-11
 9.70       3.956226843444379e-11
 9.71       3.968478598622712e-11
 9.72       3.980755618627226e-11
 9.73       3.993057929477309e-11
 9.74       4.005385557192345e-11
 9.75       4.017738527791725e-11
 9.76       4.030116867294833e-11
 9.77       4.0425206017210567e-11
 9.78       4.054949757089782e-11
 9.79       4.0674043594204e-11
 9.80       4.079884434732293e-11
 9.81       4.0923900090448505e-11
 9.82       4.1049211083774584e-11
 9.83       4.117477758749504e-11
 9.84       4.130059986180375e-11
 9.85       4.1426678166894585e-11
 9.86       4.15530127629614e-11
 9.87       4.1679603910198076e-11
 9.88       4.180645186879848e-11
 9.89       4.1933556898956485e-11
 9.90       4.206091926086597e-11
 9.91       4.2188539214720786e-11
 9.92       4.231641702071482e-11
 9.93       4.244455293904193e-11
 9.94       4.2572947229896e-11
 9.95       4.270160015347089e-11
 9.96       4.283051196996046e-11
 9.97       4.2959682939558614e-11
 9.98       4.30891133224592e-11
 9.99       4.321880337885609e-11
