 0.01       81894935.0054117
 0.02       10236866.052676076
 0.03       3033145.090706604
 0.04       1279607.8451389114
 0.05       655159.0587289786
 0.06       379142.8620644779
 0.07       238760.4363946841
 0.08       159950.77494822248
 0.09       112338.49036522985
 0.10       81894.71779163081
 0.11       61528.6789778954
 0.12       47392.72063660055
 0.13       37275.63332406921
 0.14       29844.93701834235
 0.15       24265.020312904762
 0.16       19993.744029810816
 0.17       16668.89948065337
 0.18       14042.219883926407
 0.19       11939.6625149305
 0.20       10236.757453622706
 0.21       8842.886262851593
 0.22       7691.010081119957
 0.23       6730.810932807915
 0.24       5924.021521079485
 0.25       5241.188224484232
 0.26       4659.390837532545
 0.27       4160.612560528819
 0.28       3730.5583230765365
 0.29       3357.7879863222024
 0.30       3033.072655268641
 0.31       2748.9116781664125
 0.32       2499.166550520273
 0.33       2278.7808348476033
 0.34       2083.564008949604
 0.35       1910.023285482227
 0.36       1755.2317501264133
 0.37       1616.7242278718584
 0.38       1492.4144865620874
 0.39       1380.5289824630024
 0.40       1279.5535207306207
 0.41       1188.1900662330784
 0.42       1105.3215823763665
 0.43       1029.9832574190843
 0.44       961.338841948227
 0.45       898.6610983803425
 0.46       841.3155757366967
 0.47       788.7470867016924
 0.48       740.4683910065478
 0.49       696.0506882908222
 0.50       655.115601346761
 0.51       617.3283919697265
 0.52       582.3922002400066
 0.53       550.0431367705302
 0.54       520.046088427993
 0.55       492.19112292831016
 0.56       466.2903977999574
 0.57       442.17549549325173
 0.58       419.69511966393424
 0.59       398.7130984820325
 0.60       379.1066496890748
 0.61       360.7648694256796
 0.62       343.58741287678356
 0.63       327.48333977193096
 0.64       312.3701019242188
 0.65       298.1726534469223
 0.66       284.8226671752726
 0.67       272.25784324222553
 0.68       260.42129779264377
 0.69       249.261021536113
 0.70       238.7293992887285
 0.71       228.78278288284088
 0.72       219.3811108673371
 0.73       210.48756930955375
 0.74       202.06828876818093
 0.75       194.09207315505853
 0.76       186.53015675969928
 0.77       179.35598618793708
 0.78       172.54502437718367
 0.79       166.0745742053559
 0.80       159.92361951698473
 0.81       154.07268165536277
 0.82       148.50368981977795
 0.83       143.19986376694771
 0.84       138.1456075499318
 0.85       133.3264131397171
 0.86       128.72877290735863
 0.87       124.34010006069634
 0.88       120.14865623142124
 0.89       116.14348549761628
 0.90       112.31435420542451
 0.91       108.65169602266242
 0.92       105.14656171815497
 0.93       101.79057321442416
 0.94       98.57588150896309
 0.95       95.49512810148387
 0.96       92.5414096019015
 0.97       89.70824522700215
 0.98       86.98954692322793
 0.99       84.3795918792746
 1.00       81.87299721558135
 1.01       79.46469665866643
 1.02       77.14991902690369
 1.03       74.92416837100619
 1.04       72.78320562740603
 1.05       70.72303165609706
 1.06       68.73987154650807
 1.07       66.83016008575254
 1.08       64.99052829329158
 1.09       63.217790934773575
 1.10       61.50893493566431
 1.11       59.86110862237738
 1.12       58.27161172500329
 1.13       56.737886081520365
 1.14       55.25750698859568
 1.15       53.82817514881628
 1.16       52.44770916847639
 1.17       51.11403856393396
 1.18       49.82519723808031
 1.19       48.579317391664496
 1.20       47.374623837135154
 1.21       46.20942868530786
 1.22       45.082126377580785
 1.23       43.99118903862137
 1.24       42.935162126454216
 1.25       41.912660358706376
 1.26       40.922363895445535
 1.27       39.96301476056762
 1.28       39.03341348509558
 1.29       38.13241595702614
 1.30       37.25893046353538
 1.31       36.41191491243059
 1.32       35.59037422071806
 1.33       34.79335785906529
 1.34       34.01995754176483
 1.35       33.26930505257224
 1.36       32.54057019749174
 1.37       31.832958876233153
 1.38       31.145711264655215
 1.39       30.478100101061834
 1.40       29.82942906972268
 1.41       29.19903127545681
 1.42       28.58626780354818
 1.43       27.990526359660425
 1.44       27.411219984785795
 1.45       26.847785840603176
 1.46       26.299684060934815
 1.47       25.76639666528244
 1.48       25.24742653069331
 1.49       24.742296418456906
 1.50       24.250548052363897
 1.51       23.771741245475077
 1.52       23.3054530725468
 1.53       22.85127708544461
 1.54       22.408822569049576
 1.55       21.977713835320923
 1.56       21.557589553328253
 1.57       21.14810211320399
 1.58       20.74891702209694
 1.59       20.35971233032618
 1.60       19.980178086047896
 1.61       19.610015816850723
 1.62       19.24893803679284
 1.63       18.896667777485213
 1.64       18.552938141908832
 1.65       18.217491879733743
 1.66       17.89008098298119
 1.67       17.57046630093903
 1.68       17.258417173305055
 1.69       16.95371108059378
 1.70       16.6561333108971
 1.71       16.365476642144444
 1.72       16.08154103905507
 1.73       15.804133364023249
 1.74       15.533067101219178
 1.75       15.268162093230861
 1.76       15.009244289608242
 1.77       14.756145506708389
 1.78       14.508703198273613
 1.79       14.266760236205469
 1.80       14.030164701028127
 1.81       13.79876968156183
 1.82       13.57243308335335
 1.83       13.351017445435243
 1.84       13.134389765009006
 1.85       12.922421329668207
 1.86       12.7149875567991
 1.87       12.511967839815092
 1.88       12.313245400899554
 1.89       12.118707149948571
 1.90       11.928243549422069
 1.91       11.741748484825491
 1.92       11.559119140560304
 1.93       11.380255880893785
 1.94       11.20506213581194
 1.95       11.033444291531362
 1.96       10.865311585457302
 1.97       10.700576005385571
 1.98       10.539152192756577
 1.99       10.38095734977919
 2.00       10.22591115025096
 2.01       10.07393565391013
 2.02       9.924955224162952
 2.03       9.778896449037175
 2.04       9.635688065220336
 2.05       9.495260885047784
 2.06       9.357547726312553
 2.07       9.222483344774602
 2.08       9.090004369253576
 2.09       8.960049239193959
 2.10       8.83255814459756
 2.11       8.707472968222563
 2.12       8.584737229953399
 2.13       8.464296033250402
 2.14       8.346096013591788
 2.15       8.23008528882525
 2.16       8.116213411349925
 2.17       8.004431322053001
 2.18       7.894691305929071
 2.19       7.786946949313284
 2.20       7.6811530986625165
 2.21       7.577265820822021
 2.22       7.475242364717336
 2.23       7.375041124414408
 2.24       7.276621603493012
 2.25       7.179944380681396
 2.26       7.08497107670196
 2.27       6.991664322280165
 2.28       6.899987727271206
 2.29       6.809905850860265
 2.30       6.721384172795027
 2.31       6.634389065609974
 2.32       6.548887767804498
 2.33       6.464848357937858
 2.34       6.382239729606095
 2.35       6.301031567267125
 2.36       6.221194322881862
 2.37       6.142699193340545
 2.38       6.065518098644606
 2.39       5.989623660815848
 2.40       5.914989183505689
 2.41       5.841588632278503
 2.42       5.769396615544074
 2.43       5.698388366115132
 2.44       5.62853972336725
 2.45       5.55982711597869
 2.46       5.492227545229455
 2.47       5.4257185688390015
 2.48       5.360278285323211
 2.49       5.29588531885197
 2.50       5.232518804589389
 2.51       5.170158374499284
 2.52       5.108784143599712
 2.53       5.048376696650223
 2.54       4.9889170752568806
 2.55       4.930386765380238
 2.56       4.87276768523212
 2.57       4.8160421735477685
 2.58       4.760192978220163
 2.59       4.705203245284121
 2.60       4.651056508237988
 2.61       4.597736677691456
 2.62       4.545228031328192
 2.63       4.4935152041727155
 2.64       4.442583179151013
 2.65       4.392417277935128
 2.66       4.343003152062031
 2.67       4.294326774317582
 2.68       4.246374430376796
 2.69       4.199132710691717
 2.70       4.15258850261883
 2.71       4.106728982777996
 2.72       4.061541609635318
 2.73       4.01701411630253
 2.74       3.9731345035458974
 2.75       3.9298910329977406
 2.76       3.8872722205640255
 2.77       3.845266830021647
 2.78       3.803863866799322
 2.79       3.7630525719361643
 2.80       3.722822416212258
 2.81       3.6831630944457343
 2.82       3.64406451995109
 2.83       3.6055168191535714
 2.84       3.5675103263547547
 2.85       3.5300355786445428
 2.86       3.493083310955005
 2.87       3.456644451251574
 2.88       3.420710115857392
 2.89       3.385271604906631
 2.90       3.3503203979227996
 2.91       3.3158481495182053
 2.92       3.2818466852108386
 2.93       3.248307997355081
 2.94       3.2152242411827463
 2.95       3.18258773095118
 2.96       3.1503909361950444
 2.97       3.118626478078774
 2.98       3.0872871258466117
 2.99       3.056365793367309
 3.00       3.025855535770669
 3.01       2.9957495461731765
 3.02       2.9660411524901056
 3.03       2.9367238143314838
 3.04       2.907791119979505
 3.05       2.8792367834449637
 3.06       2.851054641600364
 3.07       2.823238651387544
 3.08       2.7957828870975443
 3.09       2.7686815377207155
 3.10       2.7419289043649684
 3.11       2.7155193977402283
 3.12       2.6894475357071945
 3.13       2.6637079408885285
 3.14       2.6382953383407477
 3.15       2.6132045532850325
 3.16       2.588430508895297
 3.17       2.563968224141938
 3.18       2.539812811689621
 3.19       2.5159594758476542
 3.20       2.4924035105714326
 3.21       2.469140297513516
 3.22       2.4461653041230256
 3.23       2.423474081791916
 3.24       2.4010622640469332
 3.25       2.3789255647858814
 3.26       2.357059776557097
 3.27       2.3354607688808535
 3.28       2.3141244866115924
 3.29       2.2930469483398586
 3.30       2.272224244832873
 3.31       2.2516525375126504
 3.32       2.231328056970721
 3.33       2.2112471015183948
 3.34       2.1914060357716574
 3.35       2.171801289269775
 3.36       2.152429355126665
 3.37       2.1332867887142193
 3.38       2.114370206376663
 3.39       2.0956762841752004
 3.40       2.0772017566620873
 3.41       2.058943415683406
 3.42       2.0408981092097207
 3.43       2.0230627401939807
 3.44       2.005434265455874
 3.45       1.9880096945919847
 3.46       1.9707860889110742
 3.47       1.953760560393858
 3.48       1.9369302706765872
 3.49       1.9202924300579163
 3.50       1.9038442965283553
 3.51       1.8875831748218215
 3.52       1.8715064154886611
 3.53       1.8556114139896271
 3.54       1.8398956098102823
 3.55       1.8243564855952927
 3.56       1.8089915663021252
 3.57       1.7937984183736644
 3.58       1.7787746489292529
 3.59       1.7639179049737237
 3.60       1.749225872623956
 3.61       1.7346962763525215
 3.62       1.7203268782479986
 3.63       1.706115477291556
 3.64       1.6920599086493717
 3.65       1.6781580429805465
 3.66       1.6644077857600725
 3.67       1.6508070766165504
 3.68       1.6373538886842438
 3.69       1.6240462279691514
 3.70       1.610882132728749
 3.71       1.5978596728650831
 3.72       1.5849769493308465
 3.73       1.572232093548206
 3.74       1.5596232668399854
 3.75       1.5471486598729836
 3.76       1.5348064921130853
 3.77       1.522595011291918
 3.78       1.5105124928847509
 3.79       1.4985572395994111
 3.80       1.4867275808759008
 3.81       1.4750218723965232
 3.82       1.4634384956062116
 3.83       1.45197585724289
 3.84       1.4406323888775499
 3.85       1.4294065464638912
 3.86       1.4182968098972581
 3.87       1.407301682582682
 3.88       1.3964196910117863
 3.89       1.3856493843483986
 3.90       1.3749893340226145
 3.91       1.3644381333331652
 3.92       1.3539943970578794
 3.93       1.3436567610720285
 3.94       1.3334238819744506
 3.95       1.3232944367211714
 3.96       1.3132671222664583
 3.97       1.303340655211052
 3.98       1.2935137714574774
 3.99       1.2837852258722362
 4.00       1.2741537919547368
 4.01       1.2646182615128179
 4.02       1.2551774443447246
 4.03       1.2458301679273487
 4.04       1.2365752771106735
 4.05       1.2274116338181973
 4.06       1.2183381167532725
 4.07       1.2093536211111944
 4.08       1.2004570582969178
 4.09       1.1916473556482887
 4.10       1.1829234561646604
 4.11       1.1742843182407823
 4.12       1.1657289154058292
 4.13       1.1572562360675025
 4.14       1.1488652832610315
 4.15       1.1405550744030326
 4.16       1.1323246410500645
 4.17       1.1241730286618201
 4.18       1.116099296368836
 4.19       1.108102516744627
 4.20       1.1001817755821544
 4.21       1.0923361716745186
 4.22       1.0845648165998207
 4.23       1.0768668345100612
 4.24       1.0692413619240344
 4.25       1.061687547524089
 4.26       1.054204551956722
 4.27       1.0467915476368763
 4.28       1.0394477185559023
 4.29       1.0321722600930918
 4.30       1.0249643788307041
 4.31       1.0178232923724182
 4.32       1.0107482291651495
 4.33       1.0037384283241382
 4.34       0.9967931394612576
 4.35       0.9899116225164853
 4.36       0.9830931475924372
 4.37       0.9763369947919488
 4.38       0.9696424540585963
 4.39       0.9630088250201235
 4.40       0.9564354168347217
 4.41       0.94992154804007
 4.42       0.9434665464051186
 4.43       0.9370697487845366
 4.44       0.9307305009757786
 4.45       0.9244481575787111
 4.46       0.918222081857759
 4.47       0.9120516456065012
 4.48       0.9059362290146954
 4.49       0.8998752205376593
 4.50       0.8938680167679527
 4.51       0.8879140223093696
 4.52       0.8820126496531124
 4.53       0.8761633190561798
 4.54       0.8703654584218762
 4.55       0.864618503182424
 4.56       0.8589218961836337
 4.57       0.8532750875715761
 4.58       0.8476775346812451
 4.59       0.8421287019271515
 4.60       0.8366280606958035
 4.61       0.8311750892400752
 4.62       0.8257692725753728
 4.63       0.8204101023776077
 4.64       0.8150970768829224
 4.65       0.8098297007891329
 4.66       0.8046074851588648
 4.67       0.7994299473243414
 4.68       0.7942966107938011
 4.69       0.7892070051595023
 4.70       0.784160666007292
 4.71       0.7791571348277139
 4.72       0.7741959589286059
 4.73       0.7692766913491913
 4.74       0.7643988907755992
 4.75       0.759562121457818
 4.76       0.7547659531280336
 4.77       0.7500099609203401
 4.78       0.7452937252917845
 4.79       0.7406168319447413
 4.80       0.7359788717505561
 4.81       0.7313794406744769
 4.82       0.7268181397018215
 4.83       0.7222945747653624
 4.84       0.7178083566739143
 4.85       0.7133591010420924
 4.86       0.7089464282212298
 4.87       0.704569963231426
 4.88       0.7002293356947029
 4.89       0.695924179769257
 4.90       0.6916541340847826
 4.91       0.6874188416788475
 4.92       0.6832179499342886
 4.93       0.6790511105176485
 4.94       0.6749179793185761
 4.95       0.6708182163902305
 4.96       0.6667514858906242
 4.97       0.6627174560249223
 4.98       0.6587157989886612
 4.99       0.6547461909118778
 5.00       0.6508083118041268
 5.01       0.646901845500381
 5.02       0.6430264796077834
 5.03       0.6391819054532563
 5.04       0.6353678180319277
 5.05       0.631583915956383
 5.06       0.6278299014067111
 5.07       0.6241054800813421
 5.08       0.6204103611486521
 5.09       0.6167442571993347
 5.10       0.6131068841995109
 5.11       0.6094979614445766
 5.12       0.605917211513768
 5.13       0.6023643602254316
 5.14       0.5988391365929976
 5.15       0.5953412727816215
 5.16       0.5918705040655182
 5.17       0.5884265687859267
 5.18       0.5850092083097506
 5.19       0.581618166988819
 5.20       0.5782531921197712
 5.21       0.5749140339045715
 5.22       0.5716004454116105
 5.23       0.5683121825374124
 5.24       0.5650490039689187
 5.25       0.561810671146349
 5.26       0.5585969482266278
 5.27       0.5554076020473596
 5.28       0.5522424020913523
 5.29       0.5491011204516765
 5.30       0.5459835317972527
 5.31       0.5428894133389474
 5.32       0.5398185447961928
 5.33       0.5367707083640938
 5.34       0.5337456886810307
 5.35       0.530743272796749
 5.36       0.5277632501409224
 5.37       0.5248054124921766
 5.38       0.5218695539475886
 5.39       0.5189554708926204
 5.40       0.516062961971511
 5.41       0.5131918280580957
 5.42       0.5103418722270634
 5.43       0.5075128997256273
 5.44       0.5047047179456228
 5.45       0.5019171363960045
 5.46       0.4991499666757518
 5.47       0.49640302244716317
 5.48       0.49367611940955114
 5.49       0.49096907527330713
 5.50       0.4882817097343502
 5.51       0.48561384444894434
 5.52       0.48296530300888163
 5.53       0.48033591091702155
 5.54       0.47772549556318233
 5.55       0.4751338862003827
 5.56       0.47256091392142274
 5.57       0.47000641163579926
 5.58       0.4674702140469564
 5.59       0.4649521576298513
 5.60       0.46245208060885373
 5.61       0.45996982293594874
 5.62       0.45750522626925316
 5.63       0.45505813395183836
 5.64       0.45262839099085
 5.65       0.45021584403692755
 5.66       0.4478203413639064
 5.67       0.44544173284881405
 5.68       0.44307986995214177
 5.69       0.44073460569839806
 5.70       0.43840579465693025
 5.71       0.4360932929230143
 5.72       0.43379695809921603
 5.73       0.43151664927699934
 5.74       0.4292522270186046
 5.75       0.42700355333916595
 5.76       0.4247704916890863
 5.77       0.42255290693664965
 5.78       0.4203506653508795
 5.79       0.418163634584626
 5.80       0.415991683657895
 5.81       0.41383468294139947
 5.82       0.41169250414033987
 5.83       0.40956502027840497
 5.84       0.4074521056819945
 5.85       0.40535363596465246
 5.86       0.4032694880117174
 5.87       0.4011995399651782
 5.88       0.39914367120873734
 5.89       0.3971017623530756
 5.90       0.3950736952213184
 5.91       0.39305935283469495
 5.92       0.3910586193983942
 5.93       0.3890713802876097
 5.94       0.38709752203377146
 5.95       0.38513693231096696
 5.96       0.383189499922536
 5.97       0.3812551147878534
 5.98       0.3793336679292832
 5.99       0.37742505145930866
 6.00       0.37552915856783115
 6.01       0.37364588350964323
 6.02       0.3717751215920617
 6.03       0.36991676916272853
 6.04       0.3680707235975709
 6.05       0.36623688328892345
 6.06       0.3644151476338015
 6.07       0.362605417022334
 6.08       0.3608075928263467
 6.09       0.3590215773880947
 6.10       0.3572472740091391
 6.11       0.35548458693937734
 6.12       0.3537334213662094
 6.13       0.35199368340384823
 6.14       0.35026528008276814
 6.15       0.3485481193392909
 6.16       0.34684211000530857
 6.17       0.34514716179813365
 6.18       0.34346318531048975
 6.19       0.34179009200062055
 6.20       0.34012779418253564
 6.21       0.3384762050163764
 6.22       0.33683523849890595
 6.23       0.33520480945412395
 6.24       0.333584833524001
 6.25       0.33197522715932465
 6.26       0.330375907610675
 6.27       0.32878679291950336
 6.28       0.32720780190932897
 6.29       0.32563885417705124
 6.30       0.3240798700843655
 6.31       0.32253077074929054
 6.32       0.3209914780378048
 6.33       0.3194619145555863
 6.34       0.31794200363985503
 6.35       0.3164316693513212
 6.36       0.3149308364662329
 6.37       0.3134394304685255
 6.38       0.311957377542063
 6.39       0.31048460456298727
 6.40       0.3090210390921508
 6.41       0.3075666093676534
 6.42       0.30612124429746596
 6.43       0.3046848734521478
 6.44       0.30325742705765507
 6.45       0.3018388359882373
 6.46       0.3004290317594222
 6.47       0.2990279465210848
 6.48       0.2976355130506071
 6.49       0.2962516647461172
 6.50       0.29487633561981336
 6.51       0.29350946029136915
 6.52       0.2921509739814219
 6.53       0.29080081250513773
 6.54       0.2894589122658567
 6.55       0.28812521024881493
 6.56       0.2867996440149437
 6.57       0.2854821516947442
 6.58       0.28417267198223534
 6.59       0.28287114412897657
 6.60       0.2815775079381614
 6.61       0.28029170375878343
 6.62       0.27901367247987374
 6.63       0.2777433555248038
 6.64       0.27648069484566223
 6.65       0.275225632917695
 6.66       0.2739781127338148
 6.67       0.27273807779917353
 6.68       0.2715054721258034
 6.69       0.27028024022731867
 6.70       0.2690623271136828
 6.71       0.2678516782860355
 6.72       0.26664823973158375
 6.73       0.26545195791855386
 6.74       0.2642627797911979
 6.75       0.2630806527648693
 6.76       0.261905524721145
 6.77       0.2607373440030134
 6.78       0.25957605941011724
 6.79       0.25842162019404963
 6.80       0.25727397605370944
 6.81       0.2561330771307069
 6.82       0.25499887400482785
 6.83       0.2538713176895456
 6.84       0.25275035962759024
 6.85       0.25163595168656694
 6.86       0.25052804615462526
 6.87       0.24942659573617862
 6.88       0.24833155354767714
 6.89       0.24724287311342377
 6.90       0.24616050836144113
 6.91       0.24508441361939054
 6.92       0.24401454361053018
 6.93       0.24295085344972567
 6.94       0.2418932986395064
 6.95       0.24084183506616075
 6.96       0.2397964189958882
 6.97       0.23875700707098219
 6.98       0.237723556306066
 6.99       0.23669602408436813
 7.00       0.2356743681540391
 7.01       0.23465854662451427
 7.02       0.2336485179629137
 7.03       0.23264424099048486
 7.04       0.23164567487908658
 7.05       0.23065277914771126
 7.06       0.22966551365904633
 7.07       0.22868383861607627
 7.08       0.22770771455872235
 7.09       0.22673710236051894
 7.10       0.22577196322532783
 7.11       0.22481225868409155
 7.12       0.22385795059161914
 7.13       0.2229090011234126
 7.14       0.2219653727725242
 7.15       0.2210270283464522
 7.16       0.22009393096407062
 7.17       0.21916604405259255
 7.18       0.2182433313445654
 7.19       0.21732575687490474
 7.20       0.2164132849779568
 7.21       0.2155058802845933
 7.22       0.21460350771934159
 7.23       0.2137061324975441
 7.24       0.21281372012254854
 7.25       0.21192623638293218
 7.26       0.21104364734975403
 7.27       0.21016591937383672
 7.28       0.20929301908308243
 7.29       0.20842491337981134
 7.30       0.20756156943813625
 7.31       0.20670295470136166
 7.32       0.20584903687941175
 7.33       0.20499978394628826
 7.34       0.20415516413755389
 7.35       0.20331514594784383
 7.36       0.2024796981284058
 7.37       0.20164878968466293
 7.38       0.20082238987380838
 7.39       0.20000046820242084
 7.40       0.1991829944241089
 7.41       0.19836993853718032
 7.42       0.19756127078233493
 7.43       0.19675696164038436
 7.44       0.1959569818299953
 7.45       0.19516130230545645
 7.46       0.19436989425447007
 7.47       0.19358272909596677
 7.48       0.19279977847794574
 7.49       0.19202101427533322
 7.50       0.19124640858786954
 7.51       0.19047593373801278
 7.52       0.1897095622688709
 7.53       0.18894726694215136
 7.54       0.18818902073613286
 7.55       0.1874347968436609
 7.56       0.18668456867016248
 7.57       0.1859383098316822
 7.58       0.1851959941529403
 7.59       0.18445759566540854
 7.60       0.18372308860540812
 7.61       0.18299244741222956
 7.62       0.18226564672626674
 7.63       0.18154266138717565
 7.64       0.18082346643205074
 7.65       0.1801080370936199
 7.66       0.1793963487984565
 7.67       0.1786883771652157
 7.68       0.17798409800288306
 7.69       0.17728348730904306
 7.70       0.17658652126816932
 7.71       0.1758931762499258
 7.72       0.17520342880749235
 7.73       0.17451725567590295
 7.74       0.17383463377040256
 7.75       0.17315554018482213
 7.76       0.17247995218996778
 7.77       0.17180784723202944
 7.78       0.17113920293100346
 7.79       0.17047399707913197
 7.80       0.16981220763936028
 7.81       0.16915381274380664
 7.82       0.1684987906922501
 7.83       0.1678471199506332
 7.84       0.167198779149579
 7.85       0.16655374708292547
 7.86       0.16591200270627215
 7.87       0.16527352513554247
 7.88       0.16463829364556248
 7.89       0.16400628766865036
 7.90       0.16337748679322436
 7.91       0.16275187076242112
 7.92       0.16212941947272994
 7.93       0.16151011297264012
 7.94       0.16089393146130365
 7.95       0.16028085528720745
 7.96       0.15967086494686367
 7.97       0.15906394108350894
 7.98       0.15846006448582
 7.99       0.1578592160866396
 8.00       0.15726137696171666
 8.01       0.15666652832845893
 8.02       0.15607465154469666
 8.03       0.1554857281074613
 8.04       0.1548997396517724
 8.05       0.1543166679494407
 8.06       0.15373649490788147
 8.07       0.15315920256893623
 8.08       0.1525847731077133
 8.09       0.15201318883143308
 8.10       0.15144443217828843
 8.11       0.1508784857163143
 8.12       0.1503153321422711
 8.13       0.14975495428053517
 8.14       0.1491973350820041
 8.15       0.1486424576230105
 8.16       0.14809030510424612
 8.17       0.14754086084969875
 8.18       0.14699410830559637
 8.19       0.14645003103936496
 8.20       0.1459086127385936
 8.21       0.14536983721001187
 8.22       0.14483368837847402
 8.23       0.14430015028595825
 8.24       0.14376920709057056
 8.25       0.14324084306556004
 8.26       0.14271504259834564
 8.27       0.14219179018954856
 8.28       0.14167107045203808
 8.29       0.1411528681099825
 8.30       0.14063716799791356
 8.31       0.14012395505979522
 8.32       0.13961321434810556
 8.33       0.13910493102292493
 8.34       0.13859909035103324
 8.35       0.13809567770501724
 8.36       0.13759467856238394
 8.37       0.13709607850468566
 8.38       0.1365998632166501
 8.39       0.1361060184853201
 8.40       0.13561453019920391
 8.41       0.13512538434742843
 8.42       0.13463856701890572
 8.43       0.1341540644015037
 8.44       0.13367186278122684
 8.45       0.1331919485414038
 8.46       0.13271430816188232
 8.47       0.1322389282182327
 8.48       0.13176579538095778
 8.49       0.13129489641471187
 8.50       0.13082621817752463
 8.51       0.13035974762003424
 8.52       0.129895471784728
 8.53       0.12943337780518796
 8.54       0.1289734529053448
 8.55       0.12851568439874034
 8.56       0.12806005968779294
 8.57       0.12760656626307437
 8.58       0.12715519170258968
 8.59       0.126705923671066
 8.60       0.12625874991924682
 8.61       0.1258136582831936
 8.62       0.12537063668359316
 8.63       0.12492967312507218
 8.64       0.12449075569551696
 8.65       0.12405387256540074
 8.66       0.12361901198711707
 8.67       0.1231861622943177
 8.68       0.12275531190125855
 8.69       0.1223264493021512
 8.70       0.12189956307051933
 8.71       0.12147464185856234
 8.72       0.12105167439652381
 8.73       0.12063064949206688
 8.74       0.12021155602965383
 8.75       0.11979438296993285
 8.76       0.11937911934912894
 8.77       0.11896575427844225
 8.78       0.11855427694344972
 8.79       0.11814467660351342
 8.80       0.11773694259119466
 8.81       0.11733106431167252
 8.82       0.11692703124216704
 8.83       0.11652483293137043
 8.84       0.11612445899887926
 8.85       0.11572589913463639
 8.86       0.1153291430983734
 8.87       0.11493418071906193
 8.88       0.11454100189436744
 8.89       0.11414959659010859
 8.90       0.11375995483972187
 8.91       0.11337206674373158
 8.92       0.11298592246922161
 8.93       0.11260151224931626
 8.94       0.11221882638266231
 8.95       0.11183785523291721
 8.96       0.11145858922824163
 8.97       0.11108101886079619
 8.98       0.11070513468624349
 8.99       0.11033092732325292
 9.00       0.10995838745301272
 9.01       0.10958750581874242
 9.02       0.10921827322521367
 9.03       0.10885068053827227
 9.04       0.10848471868436614
 9.05       0.10812037865007648
 9.06       0.10775765148165385
 9.07       0.10739652828455806
 9.08       0.10703700022300137
 9.09       0.1066790585194971
 9.10       0.10632269445441127
 9.11       0.10596789936551763
 9.12       0.10561466464755864
 9.13       0.10526298175180784
 9.14       0.10491284218563825
 9.15       0.1045642375120921
 9.16       0.10421715934945686
 9.17       0.10387159937084352
 9.18       0.10352754930376845
 9.19       0.10318500092973977
 9.20       0.10284394608384653
 9.21       0.10250437665435161
 9.22       0.1021662845822886
 9.23       0.10182966186106178
 9.24       0.10149450053604914
 9.25       0.10116079270421043
 9.26       0.10082853051369617
 9.27       0.10049770616346212
 9.28       0.1001683119028866
 9.29       0.09984034003138959
 9.30       0.09951378289805766
 9.31       0.09918863290126977
 9.32       0.09886488248832809
 9.33       0.0985425241550904
 9.34       0.0982215504456069
 9.35       0.09790195395175971
 9.36       0.09758372731290511
 9.37       0.09726686321551886
 9.38       0.09695135439284565
 9.39       0.09663719362454945
 9.40       0.09632437373636966
 9.41       0.09601288759977648
 9.42       0.09570272813163337
 9.43       0.09539388829385889
 9.44       0.09508636109309346
 9.45       0.09478013958036774
 9.46       0.09447521685077545
 9.47       0.09417158604314639
 9.48       0.09386924033972509
 9.49       0.09356817296584943
 9.50       0.09326837718963457
 9.51       0.09296984632165732
 9.52       0.09267257371464445
 9.53       0.09237655276316373
 9.54       0.0920817769033163
 9.55       0.09178823961243261
 9.56       0.0914959344087714
 9.57       0.09120485485121928
 9.58       0.09091499453899528
 9.59       0.09062634711135614
 9.60       0.090338906247304
 9.61       0.09005266566529782
 9.62       0.08976761912296603
 9.63       0.08948376041682211
 9.64       0.0892010833819826
 9.65       0.08891958189188667
 9.66       0.08863924985801917
 9.67       0.08836008122963467
 9.68       0.0880820699934855
 9.69       0.08780521017354999
 9.70       0.08752949583076484
 9.71       0.08725492106275817
 9.72       0.08698148000358566
 9.73       0.08670916682346864
 9.74       0.0864379757285343
 9.75       0.08616790096055858
 9.76       0.0858989367967093
 9.77       0.08563107754929386
 9.78       0.08536431756550804
 9.79       0.08509865122718531
 9.80       0.08483407295055126
 9.81       0.08457057718597671
 9.82       0.0843081584177357
 9.83       0.08404681116376381
 9.84       0.08378652997541823
 9.85       0.08352730943724122
 9.86       0.08326914416672426
 9.87       0.08301202881407418
 9.88       0.08275595806198223
 9.89       0.08250092662539377
 9.90       0.08224692925128009
 9.91       0.0819939607184132
 9.92       0.0817420158371406
 9.93       0.08149108944916308
 9.94       0.0812411764273145
 9.95       0.08099227167534238
 9.96       0.08074437012769085
 9.97       0.08049746674928521
 9.98       0.08025155653531846
 9.99       0.08000663451103893
