 0.01       9.334403278322408e-08
 0.02       1.1664106256625324e-08
 0.03       3.45410713935158e-09
 0.04       1.456065340580382e-09
 0.05       7.447579711032872e-10
 0.06       4.304658523267166e-10
 0.07       2.7068764091712136e-10
 0.08       1.8103615388554725e-10
 0.09       1.2690622286482763e-10
 0.10       9.231830865048698e-11
 0.11       6.919730005295429e-11
 0.12       5.3162394037129526e-11
 0.13       4.169660250429108e-11
 0.14       3.328358835291035e-11
 0.15       2.6972717307067744e-11
 0.16       2.2147416754984386e-11
 0.17       1.8395886176063583e-11
 0.18       1.5435968142314278e-11
 0.19       1.306993662731972e-11
 0.20       1.1156441016261824e-11
 0.21       9.592616835112826e-12
 0.22       8.302399720289568e-12
 0.23       7.228724158022122e-12
 0.24       6.328212648996704e-12
 0.25       5.567495534914453e-12
 0.26       4.920619237485498e-12
 0.27       4.367193815215817e-12
 0.28       3.8910508356101905e-12
 0.29       3.479258730455899e-12
 0.30       3.1213920065196617e-12
 0.31       2.808983010490733e-12
 0.32       2.5351065189704496e-12
 0.33       2.294062029541304e-12
 0.34       2.081128651442359e-12
 0.35       1.892374458997848e-12
 0.36       1.7245070678090065e-12
 0.37       1.5747556748144904e-12
 0.38       1.4407773036667132e-12
 0.39       1.3205818103094521e-12
 0.40       1.2124715309852986e-12
 0.41       1.114992434884755e-12
 0.42       1.0268943731148752e-12
 0.43       9.470985628762368e-13
 0.44       8.746708592551392e-13
 0.45       8.087996817143512e-13
 0.46       7.487777034205441e-13
 0.47       6.939865973746335e-13
 0.48       6.438842774309246e-13
 0.49       5.979941847079716e-13
 0.50       5.558962580652661e-13
 0.51       5.17219296838852e-13
 0.52       4.816344791179316e-13
 0.53       4.4884984270966994e-13
 0.54       4.1860557102932737e-13
 0.55       3.906699543478988e-13
 0.56       3.648359195812057e-13
 0.57       3.409180402392021e-13
 0.58       3.1874995315021695e-13
 0.59       2.981821208199574e-13
 0.60       2.790798883205505e-13
 0.61       2.6132179185859985e-13
 0.62       2.4479808298262494e-13
 0.63       2.294094380299282e-13
 0.64       2.1506582709730311e-13
 0.65       2.0168552072284768e-13
 0.66       1.891942157275428e-13
 0.67       1.7752426439846505e-13
 0.68       1.666139934924547e-13
 0.69       1.5640710147459346e-13
 0.70       1.468521240411079e-13
 0.71       1.3790195936138e-13
 0.72       1.2951344564979412e-13
 0.73       1.2164698467910522e-13
 0.74       1.1426620570091404e-13
 0.75       1.0733766496894098e-13
 0.76       1.0083057668639922e-13
 0.77       9.47165717359886e-14
 0.78       8.896948101330302e-14
 0.79       8.356514058301961e-14
 0.80       7.848121622157619e-14
 0.81       7.369704520807997e-14
 0.82       6.919349348364146e-14
 0.83       6.495282652384865e-14
 0.84       6.095859246448538e-14
 0.85       5.719551619092889e-14
 0.86       5.3649403250391454e-14
 0.87       5.0307052576251724e-14
 0.88       4.7156177127667606e-14
 0.89       4.4185331647628784e-14
 0.90       4.138384683043579e-14
 0.91       3.874176926686484e-14
 0.92       3.624980660335502e-14
 0.93       3.389927741160313e-14
 0.94       3.1682065317979706e-14
 0.95       2.9590576989054915e-14
 0.96       2.7617703610991423e-14
 0.97       2.575678553726481e-14
 0.98       2.4001579811664777e-14
 0.99       2.2346230302277865e-14
 1.00       2.0785240207555632e-14
 1.01       1.9313446717955903e-14
 1.02       1.7925997636273794e-14
 1.03       1.6618329776844828e-14
 1.04       1.5386148978428006e-14
 1.05       1.422541157779257e-14
 1.06       1.3132307200764608e-14
 1.07       1.2103242734511743e-14
 1.08       1.11348273487248e-14
 1.09       1.022385843334544e-14
 1.10       9.367308315365392e-15
 1.11       8.562311604998001e-15
 1.12       7.806152998969923e-15
 1.13       7.096255330491891e-15
 1.14       6.430167592746766e-15
 1.15       5.805552560206186e-15
 1.16       5.220173462753867e-15
 1.17       4.671878882093424e-15
 1.18       4.15858454439092e-15
 1.19       3.678249790781082e-15
 1.20       3.2288448262629554e-15
 1.21       2.8083015012587227e-15
 1.22       2.414433254136371e-15
 1.23       2.044793331098882e-15
 1.24       1.6963977435612395e-15
 1.25       1.3651118468320043e-15
 1.26       1.044028026650234e-15
 1.27       7.176980071213481e-16
 1.28       3.200485251081065e-16
 1.29       nan       
 1.30       nan       
 1.31       nan       
 1.32       nan       
 1.33       nan       
 1.34       nan       
 1.35       nan       
 1.36       nan       
 1.37       nan       
 1.38       nan       
 1.39       nan       
 1.40       nan       
 1.41       nan       
 1.42       nan       
 1.43       nan       
 1.44       nan       
 1.45       nan       
 1.46       nan       
 1.47       nan       
 1.48       nan       
 1.49       nan       
 1.50       nan       
 1.51       nan       
 1.52       nan       
 1.53       nan       
 1.54       nan       
 1.55       nan       
 1.56       nan       
 1.57       nan       
 1.58       nan       
 1.59       nan       
 1.60       nan       
 1.61       nan       
 1.62       nan       
 1.63       nan       
 1.64       nan       
 1.65       nan       
 1.66       nan       
 1.67       nan       
 1.68       nan       
 1.69       nan       
 1.70       nan       
 1.71       nan       
 1.72       nan       
 1.73       nan       
 1.74       nan       
 1.75       nan       
 1.76       nan       
 1.77       nan       
 1.78       nan       
 1.79       nan       
 1.80       nan       
 1.81       nan       
 1.82       nan       
 1.83       nan       
 1.84       nan       
 1.85       nan       
 1.86       nan       
 1.87       nan       
 1.88       nan       
 1.89       nan       
 1.90       nan       
 1.91       nan       
 1.92       nan       
 1.93       nan       
 1.94       nan       
 1.95       nan       
 1.96       nan       
 1.97       nan       
 1.98       nan       
 1.99       nan       
 2.00       nan       
 2.01       nan       
 2.02       nan       
 2.03       nan       
 2.04       nan       
 2.05       nan       
 2.06       nan       
 2.07       nan       
 2.08       nan       
 2.09       nan       
 2.10       nan       
 2.11       nan       
 2.12       nan       
 2.13       nan       
 2.14       nan       
 2.15       nan       
 2.16       nan       
 2.17       nan       
 2.18       nan       
 2.19       nan       
 2.20       nan       
 2.21       nan       
 2.22       nan       
 2.23       nan       
 2.24       nan       
 2.25       nan       
 2.26       nan       
 2.27       nan       
 2.28       2.44771652914148e-16
 2.29       3.781842781568656e-16
 2.30       4.992951895035517e-16
 2.31       6.178852832013403e-16
 2.32       7.373627287824708e-16
 2.33       8.59332782145644e-16
 2.34       9.846807319255189e-16
 2.35       1.1139468906762893e-15
 2.36       1.24748596100974e-15
 2.37       1.3855443488626707e-15
 2.38       1.5283013528118497e-15
 2.39       1.6758927022998325e-15
 2.40       1.828424764260943e-15
 2.41       1.9859835017865263e-15
 2.42       2.148640330363684e-15
 2.43       2.316456062949219e-15
 2.44       2.4894836362999395e-15
 2.45       2.6677700368832926e-15
 2.46       2.851357687588826e-15
 2.47       3.0402854630904513e-15
 2.48       3.2345894444424277e-15
 2.49       3.4343034873858222e-15
 2.50       3.6394596555155224e-15
 2.51       3.850088554056401e-15
 2.52       4.066219589628975e-15
 2.53       4.287881174280967e-15
 2.54       4.515100887116309e-15
 2.55       4.7479056033609784e-15
 2.56       4.986321598205794e-15
 2.57       5.2303746309563075e-15
 2.58       5.4800900136940355e-15
 2.59       5.735492667672276e-15
 2.60       5.99660716993675e-15
 2.61       6.263457792109157e-15
 2.62       6.5360685328517424e-15
 2.63       6.814463145209902e-15
 2.64       7.098665159781884e-15
 2.65       7.388697904472246e-15
 2.66       7.684584521435643e-15
 2.67       7.9863479816992e-15
 2.68       8.294011097858631e-15
 2.69       8.607596535169121e-15
 2.70       8.927126821292745e-15
 2.71       9.252624354917094e-15
 2.72       9.584111413421171e-15
 2.73       9.921610159734211e-15
 2.74       1.0265142648507728e-14
 2.75       1.0614730831700688e-14
 2.76       1.0970396563661298e-14
 2.77       1.1332161605774794e-14
 2.78       1.1700047630735724e-14
 2.79       1.2074076226493678e-14
 2.80       1.2454268899913856e-14
 2.81       1.2840647080187391e-14
 2.82       1.323323212202103e-14
 2.83       1.3632045308631494e-14
 2.84       1.403710785456583e-14
 2.85       1.4448440908366268e-14
 2.86       1.4866065555095203e-14
 2.87       1.5290002818734033e-14
 2.88       1.572027366446736e-14
 2.89       1.6156899000862812e-14
 2.90       1.6599899681955166e-14
 2.91       1.704929650924259e-14
 2.92       1.7505110233601473e-14
 2.93       1.796736155712595e-14
 2.94       1.8436071134897113e-14
 2.95       1.8911259576686587e-14
 2.96       1.9392947448598526e-14
 2.97       1.9881155274653565e-14
 2.98       2.0375903538318006e-14
 2.99       2.0877212683981285e-14
 3.00       2.1385103118384046e-14
 3.01       2.1899595211999395e-14
 3.02       2.2420709300369637e-14
 3.03       2.2948465685399994e-14
 3.04       2.3482884636611703e-14
 3.05       2.4023986392355726e-14
 3.06       2.4571791160988783e-14
 3.07       2.5126319122013182e-14
 3.08       2.5687590427181664e-14
 3.09       2.6255625201568642e-14
 3.10       2.6830443544608828e-14
 3.11       2.7412065531104638e-14
 3.12       2.8000511212203038e-14
 3.13       2.8595800616343214e-14
 3.14       2.9197953750175716e-14
 3.15       2.9806990599453976e-14
 3.16       3.0422931129899435e-14
 3.17       3.104579528804043e-14
 3.18       3.16756030020263e-14
 3.19       3.2312374182416964e-14
 3.20       3.295612872294893e-14
 3.21       3.3606886501278375e-14
 3.22       3.4264667379702056e-14
 3.23       3.492949120585638e-14
 3.24       3.5601377813395684e-14
 3.25       3.6280347022650025e-14
 3.26       3.6966418641263124e-14
 3.27       3.765961246481114e-14
 3.28       3.835994827740267e-14
 3.29       3.9067445852260606e-14
 3.30       3.9782124952286207e-14
 3.31       4.0504005330606206e-14
 3.32       4.123310673110298e-14
 3.33       4.1969448888928746e-14
 3.34       4.271305153100379e-14
 3.35       4.3463934376499414e-14
 3.36       4.4222117137306053e-14
 3.37       4.498761951848685e-14
 3.38       4.576046121871722e-14
 3.39       4.6540661930710564e-14
 3.40       4.7328241341630963e-14
 3.41       4.8123219133492616e-14
 3.42       4.8925614983547044e-14
 3.43       4.9735448564657823e-14
 3.44       5.0552739545663566e-14
 3.45       5.137750759172937e-14
 3.46       5.220977236468703e-14
 3.47       5.304955352336444e-14
 3.48       5.389687072390414e-14
 3.49       5.475174362007202e-14
 3.50       5.5614191863555575e-14
 3.51       5.648423510425274e-14
 3.52       5.736189299055108e-14
 3.53       5.824718516959808e-14
 3.54       5.91401312875623e-14
 3.55       6.004075098988577e-14
 3.56       6.09490639215283e-14
 3.57       6.18650897272034e-14
 3.58       6.27888480516063e-14
 3.59       6.37203585396342e-14
 3.60       6.465964083659908e-14
 3.61       6.560671458843332e-14
 3.62       6.656159944188811e-14
 3.63       6.752431504472495e-14
 3.64       6.849488104590073e-14
 3.65       6.947331709574595e-14
 3.66       7.045964284613709e-14
 3.67       7.145387795066241e-14
 3.68       7.245604206478221e-14
 3.69       7.34661548459831e-14
 3.70       7.448423595392668e-14
 3.71       7.551030505059286e-14
 3.72       7.654438180041786e-14
 3.73       7.758648587042718e-14
 3.74       7.863663693036328e-14
 3.75       7.9694854652809e-14
 3.76       8.076115871330553e-14
 3.77       8.183556879046675e-14
 3.78       8.2918104566088e-14
 3.79       8.40087857252519e-14
 3.80       8.510763195642876e-14
 3.81       8.621466295157375e-14
 3.82       8.732989840621988e-14
 3.83       8.84533580195671e-14
 3.84       8.958506149456782e-14
 3.85       9.072502853800891e-14
 3.86       9.187327886058995e-14
 3.87       9.302983217699846e-14
 3.88       9.419470820598141e-14
 3.89       9.536792667041428e-14
 3.90       9.654950729736596e-14
 3.91       9.773946981816178e-14
 3.92       9.893783396844283e-14
 3.93       1.0014461948822296e-13
 3.94       1.0135984612194269e-13
 3.95       1.0258353361852076e-13
 3.96       1.0381570173140301e-13
 3.97       1.0505637021860851e-13
 3.98       1.0630555884277383e-13
 3.99       1.0756328737119453e-13
 4.00       1.088295755758645e-13
 4.01       1.1010444323351322e-13
 4.02       1.1138791012564039e-13
 4.03       1.1267999603854943e-13
 4.04       1.1398072076337833e-13
 4.05       1.1529010409612818e-13
 4.06       1.1660816583769088e-13
 4.07       1.1793492579387417e-13
 4.08       1.1927040377542527e-13
 4.09       1.2061461959805253e-13
 4.10       1.2196759308244602e-13
 4.11       1.2332934405429565e-13
 4.12       1.2469989234430849e-13
 4.13       1.2607925778822424e-13
 4.14       1.2746746022682926e-13
 4.15       1.2886451950596917e-13
 4.16       1.302704554765604e-13
 4.17       1.3168528799459988e-13
 4.18       1.331090369211737e-13
 4.19       1.3454172212246512e-13
 4.20       1.3598336346976018e-13
 4.21       1.3743398083945323e-13
 4.22       1.388935941130506e-13
 4.23       1.4036222317717392e-13
 4.24       1.4183988792356173e-13
 4.25       1.433266082490703e-13
 4.26       1.4482240405567382e-13
 4.27       1.4632729525046292e-13
 4.28       1.478413017456431e-13
 4.29       1.493644434585316e-13
 4.30       1.5089674031155384e-13
 4.31       1.5243821223223896e-13
 4.32       1.5398887915321427e-13
 4.33       1.5554876101219957e-13
 4.34       1.5711787775199986e-13
 4.35       1.5869624932049821e-13
 4.36       1.6028389567064745e-13
 4.37       1.6188083676046122e-13
 4.38       1.6348709255300448e-13
 4.39       1.6510268301638357e-13
 4.40       1.6672762812373523e-13
 4.41       1.683619478532154e-13
 4.42       1.7000566218798776e-13
 4.43       1.7165879111621074e-13
 4.44       1.733213546310252e-13
 4.45       1.749933727305408e-13
 4.46       1.7667486541782215e-13
 4.47       1.7836585270087499e-13
 4.48       1.8006635459263075e-13
 4.49       1.8177639111093228e-13
 4.50       1.8349598227851763e-13
 4.51       1.8522514812300442e-13
 4.52       1.8696390867687375e-13
 4.53       1.8871228397745337e-13
 4.54       1.9047029406690079e-13
 4.55       1.9223795899218613e-13
 4.56       1.940152988050744e-13
 4.57       1.9580233356210758e-13
 4.58       1.9759908332458683e-13
 4.59       1.994055681585535e-13
 4.60       2.0122180813477102e-13
 4.61       2.0304782332870592e-13
 4.62       2.0488363382050816e-13
 4.63       2.0672925969499232e-13
 4.64       2.0858472104161794e-13
 4.65       2.1045003795446963e-13
 4.66       2.123252305322369e-13
 4.67       2.1421031887819475e-13
 4.68       2.1610532310018245e-13
 4.69       2.180102633105839e-13
 4.70       2.1992515962630646e-13
 4.71       2.2185003216876063e-13
 4.72       2.2378490106383866e-13
 4.73       2.2572978644189404e-13
 4.74       2.2768470843772034e-13
 4.75       2.2964968719052945e-13
 4.76       2.316247428439312e-13
 4.77       2.3360989554591103e-13
 4.78       2.3560516544880884e-13
 4.79       2.3761057270929784e-13
 4.80       2.396261374883622e-13
 4.81       2.4165187995127586e-13
 4.82       2.4368782026758057e-13
 4.83       2.4573397861106376e-13
 4.84       2.477903751597376e-13
 4.85       2.4985703009581603e-13
 4.86       2.519339636056935e-13
 4.87       2.540211958799227e-13
 4.88       2.561187471131928e-13
 4.89       2.582266375043072e-13
 4.90       2.6034488725616153e-13
 4.91       2.6247351657572214e-13
 4.92       2.6461254567400294e-13
 4.93       2.6676199476604467e-13
 4.94       2.689218840708919e-13
 4.95       2.7109223381157145e-13
 4.96       2.7327306421507015e-13
 4.97       2.754643955123133e-13
 4.98       2.776662479381419e-13
 4.99       2.7987864173129125e-13
 5.00       2.8210159713436923e-13
 5.01       2.8433513439383365e-13
 5.02       2.8657927375997125e-13
 5.03       2.8883403548687483e-13
 5.04       2.910994398324227e-13
 5.05       2.9337550705825556e-13
 5.06       2.956622574297561e-13
 5.07       2.9795971121602637e-13
 5.08       3.002678886898669e-13
 5.09       3.025868101277543e-13
 5.10       3.049164958098205e-13
 5.11       3.0725696601983113e-13
 5.12       3.096082410451638e-13
 5.13       3.1197034117678705e-13
 5.14       3.1434328670923925e-13
 5.15       3.1672709794060663e-13
 5.16       3.191217951725034e-13
 5.17       3.215273987100495e-13
 5.18       3.2394392886185023e-13
 5.19       3.2637140593997545e-13
 5.20       3.288098502599378e-13
 5.21       3.312592821406732e-13
 5.22       3.3371972190451956e-13
 5.23       3.3619118987719554e-13
 5.24       3.386737063877814e-13
 5.25       3.411672917686974e-13
 5.26       3.4367196635568347e-13
 5.27       3.4618775048778006e-13
 5.28       3.487146645073064e-13
 5.29       3.5125272875984113e-13
 5.30       3.538019635942025e-13
 5.31       3.5636238936242847e-13
 5.32       3.5893402641975583e-13
 5.33       3.6151689512460124e-13
 5.34       3.641110158385419e-13
 5.35       3.6671640892629523e-13
 5.36       3.6933309475569933e-13
 5.37       3.7196109369769455e-13
 5.38       3.7460042612630297e-13
 5.39       3.7725111241860957e-13
 5.40       3.7991317295474394e-13
 5.41       3.8258662811786013e-13
 5.42       3.85271498294118e-13
 5.43       3.8796780387266445e-13
 5.44       3.9067556524561553e-13
 5.45       3.93394802808036e-13
 5.46       3.9612553695792225e-13
 5.47       3.9886778809618324e-13
 5.48       4.0162157662662226e-13
 5.49       4.0438692295591897e-13
 5.50       4.0716384749361034e-13
 5.51       4.0995237065207384e-13
 5.52       4.1275251284650807e-13
 5.53       4.155642944949166e-13
 5.54       4.183877360180878e-13
 5.55       4.2122285783957995e-13
 5.56       4.240696803857014e-13
 5.57       4.2692822408549495e-13
 5.58       4.297985093707182e-13
 5.59       4.3268055667582863e-13
 5.60       4.355743864379646e-13
 5.61       4.3848001909692995e-13
 5.62       4.41397475095175e-13
 5.63       4.4432677487778143e-13
 5.64       4.4726793889244496e-13
 5.65       4.50220987589458e-13
 5.66       4.5318594142169377e-13
 5.67       4.561628208445899e-13
 5.68       4.591516463161309e-13
 5.69       4.621524382968338e-13
 5.70       4.651652172497303e-13
 5.71       4.681900036403511e-13
 5.72       4.712268179367101e-13
 5.73       4.742756806092887e-13
 5.74       4.773366121310193e-13
 5.75       4.804096329772701e-13
 5.76       4.834947636258297e-13
 5.77       4.865920245568905e-13
 5.78       4.897014362530347e-13
 5.79       4.928230191992182e-13
 5.80       4.959567938827549e-13
 5.81       4.991027807933028e-13
 5.82       5.022610004228477e-13
 5.83       5.054314732656892e-13
 5.84       5.086142198184252e-13
 5.85       5.118092605799375e-13
 5.86       5.150166160513769e-13
 5.87       5.18236306736149e-13
 5.88       5.214683531398992e-13
 5.89       5.247127757704987e-13
 5.90       5.279695951380301e-13
 5.91       5.312388317547728e-13
 5.92       5.345205061351898e-13
 5.93       5.378146387959126e-13
 5.94       5.41121250255728e-13
 5.95       5.444403610355641e-13
 5.96       5.477719916584765e-13
 5.97       5.511161626496344e-13
 5.98       5.544728945363075e-13
 5.99       5.578422078478519e-13
 6.00       5.612241231156974e-13
 6.01       5.646186608733335e-13
 6.02       5.68025841656297e-13
 6.03       5.714456860021581e-13
 6.04       5.748782144505073e-13
 6.05       5.783234475429434e-13
 6.06       5.817814058230595e-13
 6.07       5.852521098364306e-13
 6.08       5.887355801306015e-13
 6.09       5.922318372550735e-13
 6.10       5.957409017612916e-13
 6.11       5.992627942026326e-13
 6.12       6.027975351343928e-13
 6.13       6.063451451137756e-13
 6.14       6.09905644699879e-13
 6.15       6.13479054453683e-13
 6.16       6.170653949380395e-13
 6.17       6.20664686717658e-13
 6.18       6.24276950359095e-13
 6.19       6.279022064307422e-13
 6.20       6.315404755028144e-13
 6.21       6.351917781473376e-13
 6.22       6.388561349381385e-13
 6.23       6.425335664508315e-13
 6.24       6.462240932628089e-13
 6.25       6.499277359532282e-13
 6.26       6.536445151030016e-13
 6.27       6.573744512947843e-13
 6.28       6.611175651129644e-13
 6.29       6.648738771436507e-13
 6.30       6.686434079746623e-13
 6.31       6.724261781955172e-13
 6.32       6.762222083974228e-13
 6.33       6.800315191732639e-13
 6.34       6.838541311175921e-13
 6.35       6.87690064826616e-13
 6.36       6.915393408981897e-13
 6.37       6.95401979931804e-13
 6.38       6.992780025285736e-13
 6.39       7.031674292912287e-13
 6.40       7.070702808241041e-13
 6.41       7.109865777331291e-13
 6.42       7.149163406258175e-13
 6.43       7.188595901112578e-13
 6.44       7.228163468001019e-13
 6.45       7.267866313045574e-13
 6.46       7.307704642383761e-13
 6.47       7.347678662168447e-13
 6.48       7.387788578567752e-13
 6.49       7.428034597764956e-13
 6.50       7.468416925958397e-13
 6.51       7.508935769361384e-13
 6.52       7.549591334202089e-13
 6.53       7.590383826723473e-13
 6.54       7.631313453183173e-13
 6.55       7.672380419853431e-13
 6.56       7.713584933020975e-13
 6.57       7.75492719898696e-13
 6.58       7.796407424066849e-13
 6.59       7.838025814590339e-13
 6.60       7.879782576901275e-13
 6.61       7.921677917357545e-13
 6.62       7.963712042331004e-13
 6.63       8.005885158207392e-13
 6.64       8.048197471386231e-13
 6.65       8.090649188280746e-13
 6.66       8.133240515317796e-13
 6.67       8.175971658937754e-13
 6.68       8.218842825594459e-13
 6.69       8.261854221755107e-13
 6.70       8.305006053900176e-13
 6.71       8.348298528523351e-13
 6.72       8.391731852131432e-13
 6.73       8.435306231244254e-13
 6.74       8.479021872394605e-13
 6.75       8.522878982128154e-13
 6.76       8.566877767003365e-13
 6.77       8.611018433591413e-13
 6.78       8.655301188476111e-13
 6.79       8.699726238253834e-13
 6.80       8.744293789533446e-13
 6.81       8.789004048936201e-13
 6.82       8.833857223095684e-13
 6.83       8.878853518657741e-13
 6.84       8.92399314228038e-13
 6.85       8.969276300633724e-13
 6.86       9.014703200399915e-13
 6.87       9.060274048273045e-13
 6.88       9.105989050959095e-13
 6.89       9.151848415175842e-13
 6.90       9.197852347652805e-13
 6.91       9.244001055131156e-13
 6.92       9.290294744363663e-13
 6.93       9.336733622114613e-13
 6.94       9.383317895159742e-13
 6.95       9.430047770286157e-13
 6.96       9.476923454292287e-13
 6.97       9.52394515398779e-13
 6.98       9.571113076193507e-13
 6.99       9.618427427741367e-13
 7.00       9.66588841547434e-13
 7.01       9.713496246246378e-13
 7.02       9.761251126922319e-13
 7.03       9.809153264377836e-13
 7.04       9.857202865499384e-13
 7.05       9.905400137184111e-13
 7.06       9.953745286339814e-13
 7.07       1.0002238519884852e-12
 7.08       1.0050880044748106e-12
 7.09       1.00996700678689e-12
 7.10       1.0148608796196943e-12
 7.11       1.0197696436692259e-12
 7.12       1.0246933196325145e-12
 7.13       1.0296319282076077e-12
 7.14       1.0345854900935684e-12
 7.15       1.0395540259904662e-12
 7.16       1.0445375565993714e-12
 7.17       1.0495361026223507e-12
 7.18       1.0545496847624597e-12
 7.19       1.059578323723738e-12
 7.20       1.0646220402112015e-12
 7.21       1.0696808549308394e-12
 7.22       1.0747547885896063e-12
 7.23       1.0798438618954154e-12
 7.24       1.0849480955571358e-12
 7.25       1.0900675102845853e-12
 7.26       1.0952021267885245e-12
 7.27       1.1003519657806506e-12
 7.28       1.105517047973593e-12
 7.29       1.110697394080908e-12
 7.30       1.1158930248170716e-12
 7.31       1.1211039608974757e-12
 7.32       1.1263302230384218e-12
 7.33       1.1315718319571159e-12
 7.34       1.1368288083716628e-12
 7.35       1.1421011730010611e-12
 7.36       1.1473889465651982e-12
 7.37       1.1526921497848442e-12
 7.38       1.1580108033816473e-12
 7.39       1.1633449280781285e-12
 7.40       1.1686945445976767e-12
 7.41       1.1740596736645423e-12
 7.42       1.1794403360038343e-12
 7.43       1.1848365523415135e-12
 7.44       1.1902483434043885e-12
 7.45       1.1956757299201092e-12
 7.46       1.2011187326171643e-12
 7.47       1.206577372224874e-12
 7.48       1.212051669473387e-12
 7.49       1.2175416450936731e-12
 7.50       1.2230473198175228e-12
 7.51       1.2285687143775374e-12
 7.52       1.2341058495071275e-12
 7.53       1.2396587459405082e-12
 7.54       1.2452274244126925e-12
 7.55       1.250811905659488e-12
 7.56       1.2564122104174924e-12
 7.57       1.2620283594240886e-12
 7.58       1.2676603734174398e-12
 7.59       1.2733082731364854e-12
 7.60       1.2789720793209366e-12
 7.61       1.2846518127112714e-12
 7.62       1.2903474940487306e-12
 7.63       1.296059144075313e-12
 7.64       1.3017867835337716e-12
 7.65       1.3075304331676087e-12
 7.66       1.3132901137210719e-12
 7.67       1.3190658459391502e-12
 7.68       1.3248576505675676e-12
 7.69       1.3306655483527824e-12
 7.70       1.33648956004198e-12
 7.71       1.3423297063830699e-12
 7.72       1.3481860081246807e-12
 7.73       1.3540584860161593e-12
 7.74       1.3599471608075605e-12
 7.75       1.36585205324965e-12
 7.76       1.3717731840938947e-12
 7.77       1.3777105740924618e-12
 7.78       1.3836642439982146e-12
 7.79       1.389634214564706e-12
 7.80       1.3956205065461785e-12
 7.81       1.4016231406975572e-12
 7.82       1.4076421377744467e-12
 7.83       1.413677518533128e-12
 7.84       1.4197293037305545e-12
 7.85       1.4257975141243469e-12
 7.86       1.4318821704727906e-12
 7.87       1.4379832935348322e-12
 7.88       1.4441009040700745e-12
 7.89       1.450235022838774e-12
 7.90       1.4563856706018364e-12
 7.91       1.4625528681208137e-12
 7.92       1.4687366361579e-12
 7.93       1.4749369954759267e-12
 7.94       1.4811539668383627e-12
 7.95       1.4873875710093057e-12
 7.96       1.4936378287534831e-12
 7.97       1.4999047608362458e-12
 7.98       1.5061883880235665e-12
 7.99       1.5124887310820333e-12
 8.00       1.51880581077885e-12
 8.01       1.5251396478818303e-12
 8.02       1.531490263159395e-12
 8.03       1.5378576773805686e-12
 8.04       1.5442419113149753e-12
 8.05       1.550642985732837e-12
 8.06       1.5570609214049686e-12
 8.07       1.563495739102776e-12
 8.08       1.5699474595982524e-12
 8.09       1.5764161036639733e-12
 8.10       1.5829016920730955e-12
 8.11       1.5894042455993534e-12
 8.12       1.5959237850170551e-12
 8.13       1.6024603311010806e-12
 8.14       1.6090139046268764e-12
 8.15       1.6155845263704531e-12
 8.16       1.622172217108386e-12
 8.17       1.6287769976178048e-12
 8.18       1.6353988886763967e-12
 8.19       1.6420379110624014e-12
 8.20       1.6486940855546072e-12
 8.21       1.6553674329323488e-12
 8.22       1.6620579739755034e-12
 8.23       1.6687657294644894e-12
 8.24       1.6754907201802631e-12
 8.25       1.6822329669043124e-12
 8.26       1.6889924904186596e-12
 8.27       1.695769311505854e-12
 8.28       1.702563450948971e-12
 8.29       1.7093749295316086e-12
 8.30       1.7162037680378846e-12
 8.31       1.7230499872524329e-12
 8.32       1.7299136079604044e-12
 8.33       1.736794650947459e-12
 8.34       1.7436931369997658e-12
 8.35       1.7506090869039998e-12
 8.36       1.7575425214473407e-12
 8.37       1.7644934614174658e-12
 8.38       1.7714619276025518e-12
 8.39       1.7784479407912713e-12
 8.40       1.7854515217727875e-12
 8.41       1.7924726913367542e-12
 8.42       1.799511470273312e-12
 8.43       1.8065678793730858e-12
 8.44       1.813641939427183e-12
 8.45       1.82073367122719e-12
 8.46       1.82784309556517e-12
 8.47       1.8349702332336584e-12
 8.48       1.842115105025665e-12
 8.49       1.849277731734667e-12
 8.50       1.8564581341546087e-12
 8.51       1.863656333079898e-12
 8.52       1.870872349305404e-12
 8.53       1.8781062036264565e-12
 8.54       1.8853579168388393e-12
 8.55       1.8926275097387935e-12
 8.56       1.8999150031230093e-12
 8.57       1.9072204177886276e-12
 8.58       1.914543774533235e-12
 8.59       1.9218850941548655e-12
 8.60       1.9292443974519926e-12
 8.61       1.9366217052235305e-12
 8.62       1.9440170382688304e-12
 8.63       1.9514304173876807e-12
 8.64       1.9588618633803014e-12
 8.65       1.9663113970473416e-12
 8.66       1.973779039189881e-12
 8.67       1.9812648106094257e-12
 8.68       1.988768732107904e-12
 8.69       1.996290824487666e-12
 8.70       2.0038311085514834e-12
 8.71       2.0113896051025417e-12
 8.72       2.018966334944444e-12
 8.73       2.026561318881206e-12
 8.74       2.034174577717252e-12
 8.75       2.0418061322574185e-12
 8.76       2.0494560033069446e-12
 8.77       2.0571242116714753e-12
 8.78       2.0648107781570592e-12
 8.79       2.0725157235701417e-12
 8.80       2.0802390687175692e-12
 8.81       2.087980834406583e-12
 8.82       2.0957410414448158e-12
 8.83       2.1035197106402974e-12
 8.84       2.111316862801443e-12
 8.85       2.119132518737056e-12
 8.86       2.126966699256327e-12
 8.87       2.1348194251688297e-12
 8.88       2.1426907172845185e-12
 8.89       2.1505805964137296e-12
 8.90       2.1584890833671753e-12
 8.91       2.1664161989559444e-12
 8.92       2.1743619639915003e-12
 8.93       2.1823263992856762e-12
 8.94       2.1903095256506776e-12
 8.95       2.1983113638990776e-12
 8.96       2.206331934843814e-12
 8.97       2.2143712592981905e-12
 8.98       2.222429358075875e-12
 8.99       2.2305062519908923e-12
 9.00       2.2386019618576273e-12
 9.01       2.2467165084908235e-12
 9.02       2.2548499127055784e-12
 9.03       2.2630021953173427e-12
 9.04       2.271173377141919e-12
 9.05       2.2793634789954573e-12
 9.06       2.2875725216944602e-12
 9.07       2.2958005260557735e-12
 9.08       2.304047512896587e-12
 9.09       2.3123135030344344e-12
 9.10       2.320598517287189e-12
 9.11       2.328902576473066e-12
 9.12       2.3372257014106156e-12
 9.13       2.345567912918723e-12
 9.14       2.3539292318166102e-12
 9.15       2.3623096789238303e-12
 9.16       2.370709275060268e-12
 9.17       2.3791280410461332e-12
 9.18       2.3875659977019693e-12
 9.19       2.3960231658486403e-12
 9.20       2.404499566307337e-12
 9.21       2.4129952198995712e-12
 9.22       2.421510147447177e-12
 9.23       2.4300443697723067e-12
 9.24       2.43859790769743e-12
 9.25       2.4471707820453324e-12
 9.26       2.4557630136391163e-12
 9.27       2.464374623302194e-12
 9.28       2.4730056318582915e-12
 9.29       2.4816560601314413e-12
 9.30       2.4903259289459884e-12
 9.31       2.4990152591265802e-12
 9.32       2.507724071498172e-12
 9.33       2.5164523868860236e-12
 9.34       2.525200226115693e-12
 9.35       2.533967610013043e-12
 9.36       2.5427545594042326e-12
 9.37       2.55156109511572e-12
 9.38       2.5603872379742582e-12
 9.39       2.5692330088068975e-12
 9.40       2.5780984284409776e-12
 9.41       2.586983517704134e-12
 9.42       2.5958882974242896e-12
 9.43       2.604812788429658e-12
 9.44       2.6137570115487397e-12
 9.45       2.622720987610321e-12
 9.46       2.631704737443473e-12
 9.47       2.6407082818775498e-12
 9.48       2.6497316417421893e-12
 9.49       2.658774837867306e-12
 9.50       2.6678378910830973e-12
 9.51       2.6769208222200378e-12
 9.52       2.686023652108876e-12
 9.53       2.695146401580638e-12
 9.54       2.704289091466622e-12
 9.55       2.713451742598401e-12
 9.56       2.7226343758078156e-12
 9.57       2.731837011926978e-12
 9.58       2.74105967178827e-12
 9.59       2.750302376224338e-12
 9.60       2.7595651460680957e-12
 9.61       2.7688480021527217e-12
 9.62       2.7781509653116547e-12
 9.63       2.787474056378601e-12
 9.64       2.7968172961875228e-12
 9.65       2.8061807055726427e-12
 9.66       2.815564305368443e-12
 9.67       2.8249681164096614e-12
 9.68       2.834392159531294e-12
 9.69       2.8438364555685856e-12
 9.70       2.8533010253570405e-12
 9.71       2.8627858897324125e-12
 9.72       2.8722910695307043e-12
 9.73       2.8818165855881707e-12
 9.74       2.8913624587413144e-12
 9.75       2.900928709826886e-12
 9.76       2.9105153596818786e-12
 9.77       2.9201224291435348e-12
 9.78       2.929749939049338e-12
 9.79       2.9393979102370154e-12
 9.80       2.949066363544534e-12
 9.81       2.958755319810104e-12
 9.82       2.96846479987217e-12
 9.83       2.9781948245694188e-12
 9.84       2.987945414740771e-12
 9.85       2.9977165912253863e-12
 9.86       3.0075083748626547e-12
 9.87       3.0173207864922036e-12
 9.88       3.027153846953889e-12
 9.89       3.0370075770878002e-12
 9.90       3.046881997734257e-12
 9.91       3.0567771297338082e-12
 9.92       3.0666929939272287e-12
 9.93       3.0766296111555223e-12
 9.94       3.0865870022599164e-12
 9.95       3.0965651880818647e-12
 9.96       3.106564189463045e-12
 9.97       3.116584027245358e-12
 9.98       3.1266247222709237e-12
 9.99       3.1366862953820832e-12
