 0.01       -3.596851659573473e-13
 0.02       -1.7935585030653757e-13
 0.03       -1.1937686478318146e-13
 0.04       -8.936354199343392e-14
 0.05       -7.132455485911512e-14
 0.06       -5.927036510083946e-14
 0.07       -5.063544040900767e-14
 0.08       -4.413740165783486e-14
 0.09       -3.906395435791754e-14
 0.10       -3.498778345246802e-14
 0.11       -3.163699457809323e-14
 0.12       -2.883034624255438e-14
 0.13       -2.6442379224653077e-14
 0.14       -2.4383492352109288e-14
 0.15       -2.2587988800858846e-14
 0.16       -2.1006605435616157e-14
 0.17       -1.960167906048851e-14
 0.18       -1.834392403043548e-14
 0.19       -1.7210227521262165e-14
 0.20       -1.6182106254669465e-14
 0.21       -1.524460418059084e-14
 0.22       -1.4385490804911745e-14
 0.23       -1.3594668657481554e-14
 0.24       -1.2863728898543596e-14
 0.25       -1.218561358319579e-14
 0.26       -1.1554355867222187e-14
 0.27       -1.0964877946601663e-14
 0.28       -1.0412832296831163e-14
 0.29       -9.894475760086465e-15
 0.30       -9.406568815522218e-15
 0.31       -8.94629434605549e-15
 0.32       -8.511191636678892e-15
 0.33       -8.099102373302906e-15
 0.34       -7.708126171380238e-15
 0.35       -7.336583728319461e-15
 0.36       -6.982986117257871e-15
 0.37       -6.646009060295155e-15
 0.38       -6.324471263904051e-15
 0.39       -6.0173160873982575e-15
 0.40       -5.723595961164244e-15
 0.41       -5.442459085178643e-15
 0.42       -5.173138027758681e-15
 0.43       -4.914939915201611e-15
 0.44       -4.667237959214163e-15
 0.45       -4.429464114029028e-15
 0.46       -4.2011026912976106e-15
 0.47       -3.981684790110091e-15
 0.48       -3.770783423268862e-15
 0.49       -3.568009240349689e-15
 0.50       -3.3730067639995017e-15
 0.51       -3.185451069026006e-15
 0.52       -3.005044844672016e-15
 0.53       -2.831515789464804e-15
 0.54       -2.6646142955285436e-15
 0.55       -2.5041113855188533e-15
 0.56       -2.3497968706014005e-15
 0.57       -2.2014777023286883e-15
 0.58       -2.058976495013278e-15
 0.59       -1.922130198369017e-15
 0.60       -1.790788902888821e-15
 0.61       -1.6648147627269122e-15
 0.62       -1.5440810228187685e-15
 0.63       -1.4284711386567648e-15
 0.64       -1.3178779785872458e-15
 0.65       -1.2122030997420303e-15
 0.66       -1.1113560897946361e-15
 0.67       -1.0152539676639389e-15
 0.68       -9.238206370971567e-16
 0.69       -8.369863877675325e-16
 0.70       -7.546874391352537e-16
 0.71       -6.76865522855471e-16
 0.72       -6.034674999857812e-16
 0.73       -5.344450096562219e-16
 0.74       -4.697541462255748e-16
 0.75       -4.093551622652611e-16
 0.76       -3.5321219499193964e-16
 0.77       -3.0129301401711743e-16
 0.78       -2.5356878850068876e-16
 0.79       -2.1001387198905028e-16
 0.80       -1.7060560339038844e-16
 0.81       -1.3532412269252589e-16
 0.82       -1.0415220016475886e-16
 0.83       -7.707507790633548e-17
 0.84       -5.4080322712266507e-17
 0.85       -3.515768932308839e-17
 0.86       -2.0298993207705133e-17
 0.87       -9.497992079366198e-18
 0.88       -2.7502750874953315e-18
 0.89       -5.3097577848280414e-20
 0.90       1.405604763152383e-18
 0.91       6.808100128238303e-18
 0.92       1.6262598696119674e-17
 0.93       2.9772437205410415e-17
 0.94       4.7342258567043696e-17
 0.95       6.897794423330351e-17
 0.96       9.468654977193959e-17
 0.97       1.2447624435869485e-16
 0.98       1.5835625396405125e-16
 0.99       1.9633680798082498e-16
 1.00       2.3842908905340564e-16
 1.01       2.84645185887197e-16
 1.02       3.349980488338822e-16
 1.03       3.895014480639128e-16
 1.04       4.481699341521095e-16
 1.05       5.110188009155122e-16
 1.06       5.780640503547379e-16
 1.07       6.49322359561252e-16
 1.08       7.248110494631192e-16
 1.09       8.045480552911797e-16
 1.10       8.88551898656158e-16
 1.11       9.76841661135121e-16
 1.12       1.0694369592729501e-15
 1.13       1.1663579209111701e-15
 1.14       1.2676251627626283e-15
 1.15       1.3732597691561967e-15
 1.16       1.483283271880883e-15
 1.17       1.597717631063581e-15
 1.18       1.716585217019139e-15
 1.19       1.839908793015555e-15
 1.20       1.967711498900906e-15
 1.21       2.1000168355421757e-15
 1.22       2.2368486500293775e-15
 1.23       2.3782311216014324e-15
 1.24       2.524188748253062e-15
 1.25       2.6747463339845343e-15
 1.26       2.829928976658574e-15
 1.27       2.9897620564309747e-15
 1.28       3.1542712247234996e-15
 1.29       3.3234823937096974e-15
 1.30       3.4974217262859715e-15
 1.31       3.676115626502007e-15
 1.32       3.859590730426149e-15
 1.33       4.0478738974229115e-15
 1.34       4.2409922018210064e-15
 1.35       4.438972924951709e-15
 1.36       4.641843547538455e-15
 1.37       4.849631742419757e-15
 1.38       5.062365367588503e-15
 1.39       5.280072459531717e-15
 1.40       5.502781226855776e-15
 1.41       5.7305200441828686e-15
 1.42       5.963317446305372e-15
 1.43       6.2012021225854785e-15
 1.44       6.444202911588211e-15
 1.45       6.692348795936461e-15
 1.46       6.9456688973775196e-15
 1.47       7.204192472050937e-15
 1.48       7.467948905948251e-15
 1.49       7.736967710555535e-15
 1.50       8.011278518670232e-15
 1.51       8.290911080384228e-15
 1.52       8.575895259225478e-15
 1.53       8.866261028450941e-15
 1.54       9.162038467483956e-15
 1.55       9.4632577584895e-15
 1.56       9.769949183081207e-15
 1.57       1.0082143119154182e-14
 1.58       1.0399870037838152e-14
 1.59       1.0723160500565531e-14
 1.60       1.1052045156249475e-14
 1.61       1.138655473856707e-14
 1.62       1.1726720063343186e-14
 1.63       1.2072572026030573e-14
 1.64       1.2424141599282209e-14
 1.65       1.2781459830611882e-14
 1.66       1.3144557840139338e-14
 1.67       1.3513466818416478e-14
 1.68       1.3888218024331123e-14
 1.69       1.4268842783085275e-14
 1.70       1.4655372484244685e-14
 1.71       1.5047838579856848e-14
 1.72       1.544627258263472e-14
 1.73       1.5850706064203337e-14
 1.74       1.6261170653406965e-14
 1.75       1.6677698034674257e-14
 1.76       1.7100319946439125e-14
 1.77       1.7529068179615215e-14
 1.78       1.7963974576121717e-14
 1.79       1.8405071027458662e-14
 1.80       1.885238947332962e-14
 1.81       1.9305961900310183e-14
 1.82       1.9765820340560213e-14
 1.83       2.0231996870578397e-14
 1.84       2.0704523609997375e-14
 1.85       2.1183432720417975e-14
 1.86       2.1668756404281013e-14
 1.87       2.2160526903775334e-14
 1.88       2.265877649978066e-14
 1.89       2.316353751084405e-14
 1.90       2.3674842292188634e-14
 1.91       2.419272323475351e-14
 1.92       2.4717212764263627e-14
 1.93       2.5248343340328628e-14
 1.94       2.578614745556953e-14
 1.95       2.6330657634772233e-14
 1.96       2.688190643406703e-14
 1.97       2.7439926440133054e-14
 1.98       2.8004750269426844e-14
 1.99       2.857641056743414e-14
 2.00       2.91549400079442e-14
 2.01       2.9740371292345734e-14
 2.02       3.033273714894367e-14
 2.03       3.0932070332296265e-14
 2.04       3.153840362257165e-14
 2.05       3.215176982492314e-14
 2.06       3.277220176888287e-14
 2.07       3.3399732307772826e-14
 2.08       3.40343943181331e-14
 2.09       3.467622069916635e-14
 2.10       3.5325244372198236e-14
 2.11       3.5981498280153175e-14
 2.12       3.6645015387044974e-14
 2.13       3.731582867748171e-14
 2.14       3.79939711561846e-14
 2.15       3.867947584752021e-14
 2.16       3.9372375795045766e-14
 2.17       4.007270406106695e-14
 2.18       4.078049372620782e-14
 2.19       4.1495777888992714e-14
 2.20       4.2218589665439285e-14
 2.21       4.294896218866282e-14
 2.22       4.368692860849112e-14
 2.23       4.4432522091089826e-14
 2.24       4.5185775818597596e-14
 2.25       4.5946722988771404e-14
 2.26       4.6715396814640694e-14
 2.27       4.7491830524171244e-14
 2.28       4.8276057359937447e-14
 2.29       4.906811057880344e-14
 2.30       4.986802345161239e-14
 2.31       5.067582926288399e-14
 2.32       5.149156131051962e-14
 2.33       5.2315252905515265e-14
 2.34       5.3146937371681694e-14
 2.35       5.3986648045371735e-14
 2.36       5.483441827521468e-14
 2.37       5.569028142185719e-14
 2.38       5.6554270857710865e-14
 2.39       5.74264199667061e-14
 2.40       5.830676214405209e-14
 2.41       5.919533079600296e-14
 2.42       6.009215933962933e-14
 2.43       6.099728120259604e-14
 2.44       6.191072982294473e-14
 2.45       6.283253864888242e-14
 2.46       6.376274113857454e-14
 2.47       6.470137075994366e-14
 2.48       6.564846099047254e-14
 2.49       6.660404531701235e-14
 2.50       6.756815723559511e-14
 2.51       6.85408302512509e-14
 2.52       6.95220978778294e-14
 2.53       7.051199363782549e-14
 2.54       7.151055106220908e-14
 2.55       7.251780369025888e-14
 2.56       7.353378506940028e-14
 2.57       7.455852875504672e-14
 2.58       7.559206831044494e-14
 2.59       7.663443730652376e-14
 2.60       7.768566932174621e-14
 2.61       7.87457979419655e-14
 2.62       7.981485676028363e-14
 2.63       8.089287937691387e-14
 2.64       8.197989939904585e-14
 2.65       8.307595044071414e-14
 2.66       8.418106612266947e-14
 2.67       8.529528007225287e-14
 2.68       8.641862592327292e-14
 2.69       8.75511373158854e-14
 2.70       8.869284789647582e-14
 2.71       8.984379131754439e-14
 2.72       9.100400123759369e-14
 2.73       9.217351132101873e-14
 2.74       9.335235523799937e-14
 2.75       9.454056666439531e-14
 2.76       9.573817928164289e-14
 2.77       9.694522677665471e-14
 2.78       9.816174284172105e-14
 2.79       9.938776117441337e-14
 2.80       1.0062331547749023e-13
 2.81       1.018684394588048e-13
 2.82       1.0312316683121469e-13
 2.83       1.0438753131249327e-13
 2.84       1.0566156662524351e-13
 2.85       1.0694530649681291e-13
 2.86       1.0823878465921072e-13
 2.87       1.0954203484902665e-13
 2.88       1.108550908073515e-13
 2.89       1.1217798627969906e-13
 2.90       1.1351075501593e-13
 2.91       1.1485343077017718e-13
 2.92       1.1620604730077234e-13
 2.93       1.1756863837017484e-13
 2.94       1.1894123774490092e-13
 2.95       1.2032387919545527e-13
 2.96       1.2171659649626368e-13
 2.97       1.231194234256069e-13
 2.98       1.24532393765556e-13
 2.99       1.2595554130190902e-13
 3.00       1.273888998241288e-13
 3.01       1.2883250312528212e-13
 3.02       1.3028638500198014e-13
 3.03       1.3175057925431964e-13
 3.04       1.3322511968582603e-13
 3.05       1.347100401033969e-13
 3.06       1.3620537431724696e-13
 3.07       1.377111561408542e-13
 3.08       1.3922741939090652e-13
 3.09       1.4075419788725031e-13
 3.10       1.4229152545283897e-13
 3.11       1.4383943591368347e-13
 3.12       1.453979630988029e-13
 3.13       1.4696714084017684e-13
 3.14       1.4854700297269769e-13
 3.15       1.5013758333412502e-13
 3.16       1.517389157650398e-13
 3.17       1.533510341088e-13
 3.18       1.5497397221149703e-13
 3.19       1.5660776392191277e-13
 3.20       1.5825244309147755e-13
 3.21       1.59908043574229e-13
 3.22       1.6157459922677138e-13
 3.23       1.6325214390823607e-13
 3.24       1.6494071148024242e-13
 3.25       1.6664033580685949e-13
 3.26       1.683510507545685e-13
 3.27       1.70072890192226e-13
 3.28       1.718058879910275e-13
 3.29       1.735500780244721e-13
 3.30       1.7530549416832755e-13
 3.31       1.7707217030059589e-13
 3.32       1.7885014030147993e-13
 3.33       1.8063943805335e-13
 3.34       1.8244009744071178e-13
 3.35       1.8425215235017418e-13
 3.36       1.8607563667041823e-13
 3.37       1.879105842921662e-13
 3.38       1.897570291081515e-13
 3.39       1.9161500501308894e-13
 3.40       1.934845459036456e-13
 3.41       1.9536568567841232e-13
 3.42       1.9725845823787536e-13
 3.43       1.9916289748438905e-13
 3.44       2.0107903732214846e-13
 3.45       2.0300691165716248e-13
 3.46       2.0494655439722827e-13
 3.47       2.0689799945190493e-13
 3.48       2.0886128073248818e-13
 3.49       2.108364321519859e-13
 3.50       2.1282348762509339e-13
 3.51       2.1482248106816916e-13
 3.52       2.1683344639921183e-13
 3.53       2.1885641753783625e-13
 3.54       2.2089142840525133e-13
 3.55       2.2293851292423693e-13
 3.56       2.2499770501912242e-13
 3.57       2.270690386157644e-13
 3.58       2.291525476415259e-13
 3.59       2.3124826602525506e-13
 3.60       2.333562276972646e-13
 3.61       2.3547646658931145e-13
 3.62       2.3760901663457704e-13
 3.63       2.397539117676474e-13
 3.64       2.41911185924494e-13
 3.65       2.4408087304245497e-13
 3.66       2.4626300706021586e-13
 3.67       2.4845762191779183e-13
 3.68       2.5066475155650943e-13
 3.69       2.528844299189888e-13
 3.70       2.5511669094912604e-13
 3.71       2.573615685920765e-13
 3.72       2.59619096794237e-13
 3.73       2.6188930950323007e-13
 3.74       2.6417224066788723e-13
 3.75       2.664679242382326e-13
 3.76       2.687763941654675e-13
 3.77       2.710976844019544e-13
 3.78       2.7343182890120194e-13
 3.79       2.7577886161784955e-13
 3.80       2.7813881650765295e-13
 3.81       2.805117275274686e-13
 3.82       2.8289762863524057e-13
 3.83       2.852965537899853e-13
 3.84       2.8770853695177813e-13
 3.85       2.901336120817394e-13
 3.86       2.9257181314202097e-13
 3.87       2.95023174095793e-13
 3.88       2.9748772890723036e-13
 3.89       2.9996551154150044e-13
 3.90       3.0245655596474995e-13
 3.91       3.0496089614409213e-13
 3.92       3.074785660475952e-13
 3.93       3.100095996442697e-13
 3.94       3.1255403090405647e-13
 3.95       3.151118937978153e-13
 3.96       3.1768322229731267e-13
 3.97       3.202680503752111e-13
 3.98       3.2286641200505717e-13
 3.99       3.254783411612711e-13
 4.00       3.2810387181913537e-13
 4.01       3.3074303795478404e-13
 4.02       3.3339587354519197e-13
 4.03       3.3606241256816527e-13
 4.04       3.387426890023301e-13
 4.05       3.4143673682712254e-13
 4.06       3.4414459002277925e-13
 4.07       3.468662825703273e-13
 4.08       3.4960184845157424e-13
 4.09       3.5235132164909903e-13
 4.10       3.551147361462421e-13
 4.11       3.5789212592709677e-13
 4.12       3.606835249764994e-13
 4.13       3.634889672800211e-13
 4.14       3.663084868239579e-13
 4.15       3.6914211759532316e-13
 4.16       3.7198989358183793e-13
 4.17       3.748518487719233e-13
 4.18       3.777280171546913e-13
 4.19       3.8061843271993736e-13
 4.20       3.8352312945813136e-13
 4.21       3.864421413604106e-13
 4.22       3.893755024185709e-13
 4.23       3.9232324662505953e-13
 4.24       3.9528540797296713e-13
 4.25       3.982620204560205e-13
 4.26       4.012531180685747e-13
 4.27       4.0425873480560604e-13
 4.28       4.072789046627046e-13
 4.29       4.103136616360673e-13
 4.30       4.1336303972249057e-13
 4.31       4.1642707291936364e-13
 4.32       4.1950579522466173e-13
 4.33       4.2259924063693864e-13
 4.34       4.257074431553212e-13
 4.35       4.288304367795017e-13
 4.36       4.319682555097317e-13
 4.37       4.351209333468159e-13
 4.38       4.3828850429210564e-13
 4.39       4.414710023474923e-13
 4.40       4.4466846151540216e-13
 4.41       4.478809157987891e-13
 4.42       4.5110839920112954e-13
 4.43       4.5435094572641617e-13
 4.44       4.576085893791522e-13
 4.45       4.608813641643453e-13
 4.46       4.641693040875029e-13
 4.47       4.674724431546256e-13
 4.48       4.707908153722018e-13
 4.49       4.74124454747203e-13
 4.50       4.774733952870777e-13
 4.51       4.80837670999746e-13
 4.52       4.842173158935957e-13
 4.53       4.876123639774748e-13
 4.54       4.910228492606889e-13
 4.55       4.944488057529946e-13
 4.56       4.978902674645951e-13
 4.57       5.013472684061352e-13
 4.58       5.048198425886967e-13
 4.59       5.083080240237931e-13
 4.60       5.118118467233655e-13
 4.61       5.15331344699778e-13
 4.62       5.18866551965812e-13
 4.63       5.224175025346634e-13
 4.64       5.259842304199372e-13
 4.65       5.295667696356424e-13
 4.66       5.331651541961893e-13
 4.67       5.367794181163839e-13
 4.68       5.404095954114241e-13
 4.69       5.440557200968958e-13
 4.70       5.477178261887685e-13
 4.71       5.513959477033907e-13
 4.72       5.55090118657487e-13
 4.73       5.588003730681539e-13
 4.74       5.625267449528543e-13
 4.75       5.662692683294156e-13
 4.76       5.700279772160255e-13
 4.77       5.738029056312273e-13
 4.78       5.775940875939167e-13
 4.79       5.814015571233388e-13
 4.80       5.852253482390828e-13
 4.81       5.890654949610805e-13
 4.82       5.92922031309601e-13
 4.83       5.967949913052482e-13
 4.84       6.006844089689573e-13
 4.85       6.0459031832199e-13
 4.86       6.085127533859339e-13
 4.87       6.124517481826963e-13
 4.88       6.164073367345024e-13
 4.89       6.203795530638923e-13
 4.90       6.243684311937167e-13
 4.91       6.283740051471344e-13
 4.92       6.323963089476095e-13
 4.93       6.364353766189074e-13
 4.94       6.404912421850926e-13
 4.95       6.445639396705251e-13
 4.96       6.486535030998576e-13
 4.97       6.52759966498033e-13
 4.98       6.568833638902806e-13
 4.99       6.610237293021141e-13
 5.00       6.651810967593279e-13
 5.01       6.693555002879953e-13
 5.02       6.735469739144646e-13
 5.03       6.777555516653578e-13
 5.04       6.819812675675663e-13
 5.05       6.862241556482489e-13
 5.06       6.904842499348302e-13
 5.07       6.947615844549958e-13
 5.08       6.990561932366918e-13
 5.09       7.03368110308121e-13
 5.10       7.076973696977411e-13
 5.11       7.12044005434261e-13
 5.12       7.164080515466406e-13
 5.13       7.207895420640856e-13
 5.14       7.251885110160474e-13
 5.15       7.296049924322198e-13
 5.16       7.340390203425357e-13
 5.17       7.384906287771667e-13
 5.18       7.429598517665196e-13
 5.19       7.47446723341234e-13
 5.20       7.519512775321812e-13
 5.21       7.564735483704602e-13
 5.22       7.610135698873971e-13
 5.23       7.655713761145426e-13
 5.24       7.701470010836693e-13
 5.25       7.747404788267693e-13
 5.26       7.793518433760538e-13
 5.27       7.839811287639493e-13
 5.28       7.886283690230964e-13
 5.29       7.932935981863472e-13
 5.30       7.979768502867643e-13
 5.31       8.026781593576179e-13
 5.32       8.073975594323836e-13
 5.33       8.12135084544742e-13
 5.34       8.168907687285746e-13
 5.35       8.216646460179646e-13
 5.36       8.264567504471924e-13
 5.37       8.312671160507352e-13
 5.38       8.360957768632647e-13
 5.39       8.409427669196456e-13
 5.40       8.458081202549346e-13
 5.41       8.506918709043759e-13
 5.42       8.555940529034024e-13
 5.43       8.605147002876331e-13
 5.44       8.654538470928704e-13
 5.45       8.704115273550992e-13
 5.46       8.753877751104854e-13
 5.47       8.803826243953744e-13
 5.48       8.853961092462883e-13
 5.49       8.904282636999257e-13
 5.50       8.954791217931589e-13
 5.51       9.005487175630337e-13
 5.52       9.056370850467661e-13
 5.53       9.10744258281742e-13
 5.54       9.158702713055157e-13
 5.55       9.210151581558079e-13
 5.56       9.261789528705037e-13
 5.57       9.313616894876528e-13
 5.58       9.36563402045466e-13
 5.59       9.417841245823154e-13
 5.60       9.47023891136732e-13
 5.61       9.522827357474046e-13
 5.62       9.57560692453179e-13
 5.63       9.628577952930545e-13
 5.64       9.681740783061854e-13
 5.65       9.735095755318775e-13
 5.66       9.788643210095884e-13
 5.67       9.842383487789244e-13
 5.68       9.896316928796399e-13
 5.69       9.950443873516377e-13
 5.70       1.0004764662349642e-12
 5.71       1.0059279635698117e-12
 5.72       1.0113989133965156e-12
 5.73       1.0168893497555523e-12
 5.74       1.0223993066875393e-12
 5.75       1.0279288182332346e-12
 5.76       1.0334779184335317e-12
 5.77       1.0390466413294643e-12
 5.78       1.0446350209621993e-12
 5.79       1.0502430913730403e-12
 5.80       1.0558708866034228e-12
 5.81       1.0615184406949155e-12
 5.82       1.0671857876892186e-12
 5.83       1.0728729616281617e-12
 5.84       1.0785799965537035e-12
 5.85       1.0843069265079308e-12
 5.86       1.090053785533057e-12
 5.87       1.0958206076714212e-12
 5.88       1.1016074269654873e-12
 5.89       1.1074142774578427e-12
 5.90       1.113241193191198e-12
 5.91       1.119088208208383e-12
 5.92       1.1249553565523505e-12
 5.93       1.130842672266172e-12
 5.94       1.1367501893930375e-12
 5.95       1.142677941976253e-12
 5.96       1.148625964059243e-12
 5.97       1.1545942896855464e-12
 5.98       1.1605829528988175e-12
 5.99       1.1665919877428227e-12
 6.00       1.1726214282614422e-12
 6.01       1.178671308498667e-12
 6.02       1.1847416624986005e-12
 6.03       1.190832524305454e-12
 6.04       1.1969439279635492e-12
 6.05       1.2030759075173138e-12
 6.06       1.2092284970112854e-12
 6.07       1.2154017304901058e-12
 6.08       1.221595641998523e-12
 6.09       1.22781026558139e-12
 6.10       1.2340456352836617e-12
 6.11       1.2403017851503974e-12
 6.12       1.246578749226758e-12
 6.13       1.2528765615580053e-12
 6.14       1.2591952561895015e-12
 6.15       1.2655348671667084e-12
 6.16       1.2718954285351868e-12
 6.17       1.278276974340594e-12
 6.18       1.2846795386286866e-12
 6.19       1.2911031554453157e-12
 6.20       1.2975478588364284e-12
 6.21       1.3040136828480672e-12
 6.22       1.3105006615263677e-12
 6.23       1.3170088289175599e-12
 6.24       1.3235382190679643e-12
 6.25       1.330088866023996e-12
 6.26       1.3366608038321587e-12
 6.27       1.3432540665390475e-12
 6.28       1.3498686881913467e-12
 6.29       1.35650470283583e-12
 6.30       1.3631621445193588e-12
 6.31       1.3698410472888822e-12
 6.32       1.3765414451914355e-12
 6.33       1.383263372274141e-12
 6.34       1.3900068625842059e-12
 6.35       1.3967719501689226e-12
 6.36       1.4035586690756662e-12
 6.37       1.410367053351897e-12
 6.38       1.417197137045158e-12
 6.39       1.4240489542030723e-12
 6.40       1.430922538873346e-12
 6.41       1.437817925103766e-12
 6.42       1.4447351469421992e-12
 6.43       1.4516742384365925e-12
 6.44       1.4586352336349703e-12
 6.45       1.4656181665854379e-12
 6.46       1.4726230713361757e-12
 6.47       1.4796499819354428e-12
 6.48       1.4866989324315747e-12
 6.49       1.4937699568729823e-12
 6.50       1.5008630893081523e-12
 6.51       1.507978363785646e-12
 6.52       1.5151158143540992e-12
 6.53       1.5222754750622208e-12
 6.54       1.5294573799587938e-12
 6.55       1.536661563092673e-12
 6.56       1.5438880585127844e-12
 6.57       1.5511369002681273e-12
 6.58       1.558408122407771e-12
 6.59       1.5657017589808545e-12
 6.60       1.5730178440365872e-12
 6.61       1.5803564116242485e-12
 6.62       1.5877174957931844e-12
 6.63       1.5951011305928125e-12
 6.64       1.6025073500726149e-12
 6.65       1.6099361882821424e-12
 6.66       1.617387679271013e-12
 6.67       1.6248618570889098e-12
 6.68       1.6323587557855823e-12
 6.69       1.639878409410845e-12
 6.70       1.647420852014578e-12
 6.71       1.6549861176467234e-12
 6.72       1.6625742403572901e-12
 6.73       1.6701852541963479e-12
 6.74       1.6778191932140305e-12
 6.75       1.6854760914605339e-12
 6.76       1.6931559829861157e-12
 6.77       1.7008589018410955e-12
 6.78       1.7085848820758538e-12
 6.79       1.716333957740831e-12
 6.80       1.724106162886528e-12
 6.81       1.7319015315635065e-12
 6.82       1.7397200978223847e-12
 6.83       1.7475618957138429e-12
 6.84       1.7554269592886169e-12
 6.85       1.763315322597503e-12
 6.86       1.7712270196913521e-12
 6.87       1.779162084621075e-12
 6.88       1.7871205514376378e-12
 6.89       1.7951024541920626e-12
 6.90       1.8031078269354287e-12
 6.91       1.8111367037188695e-12
 6.92       1.819189118593574e-12
 6.93       1.8272651056107864e-12
 6.94       1.835364698821803e-12
 6.95       1.8434879322779776e-12
 6.96       1.8516348400307145e-12
 6.97       1.8598054561314728e-12
 6.98       1.8679998146317624e-12
 6.99       1.8762179495831477e-12
 7.00       1.8844598950372445e-12
 7.01       1.8927256850457185e-12
 7.02       1.90101535366029e-12
 7.03       1.9093289349327267e-12
 7.04       1.9176664629148487e-12
 7.05       1.926027971658526e-12
 7.06       1.934413495215678e-12
 7.07       1.9428230676382745e-12
 7.08       1.9512567229783335e-12
 7.09       1.9597144952879213e-12
 7.10       1.9681964186191538e-12
 7.11       1.9767025270241955e-12
 7.12       1.9852328545552554e-12
 7.13       1.993787435264594e-12
 7.14       2.0023663032045166e-12
 7.15       2.0109694924273747e-12
 7.16       2.0195970369855683e-12
 7.17       2.0282489709315414e-12
 7.18       2.036925328317785e-12
 7.19       2.0456261431968355e-12
 7.20       2.054351449621274e-12
 7.21       2.0631012816437268e-12
 7.22       2.071875673316864e-12
 7.23       2.0806746586933998e-12
 7.24       2.089498271826095e-12
 7.25       2.0983465467677496e-12
 7.26       2.1072195175712106e-12
 7.27       2.1161172182893657e-12
 7.28       2.125039682975147e-12
 7.29       2.133986945681528e-12
 7.30       2.1429590404615237e-12
 7.31       2.151956001368193e-12
 7.32       2.160977862454634e-12
 7.33       2.1700246577739867e-12
 7.34       2.179096421379434e-12
 7.35       2.1881931873241975e-12
 7.36       2.197314989661539e-12
 7.37       2.2064618624447624e-12
 7.38       2.2156338397272086e-12
 7.39       2.2248309555622614e-12
 7.40       2.2340532440033416e-12
 7.41       2.2433007391039092e-12
 7.42       2.2525734749174653e-12
 7.43       2.261871485497546e-12
 7.44       2.2711948048977284e-12
 7.45       2.2805434671716268e-12
 7.46       2.289917506372893e-12
 7.47       2.2993169565552163e-12
 7.48       2.3087418517723245e-12
 7.49       2.3181922260779806e-12
 7.50       2.3276681135259843e-12
 7.51       2.3371695481701755e-12
 7.52       2.3466965640644257e-12
 7.53       2.356249195262645e-12
 7.54       2.3658274758187787e-12
 7.55       2.3754314397868068e-12
 7.56       2.3850611212207477e-12
 7.57       2.3947165541746502e-12
 7.58       2.404397772702603e-12
 7.59       2.414104810858725e-12
 7.60       2.423837702697172e-12
 7.61       2.4335964822721346e-12
 7.62       2.443381183637834e-12
 7.63       2.45319184084853e-12
 7.64       2.463028487958512e-12
 7.65       2.472891159022104e-12
 7.66       2.4827798880936632e-12
 7.67       2.492694709227579e-12
 7.68       2.5026356564782756e-12
 7.69       2.5126027639002067e-12
 7.70       2.5225960655478596e-12
 7.71       2.5326155954757547e-12
 7.72       2.5426613877384417e-12
 7.73       2.552733476390505e-12
 7.74       2.5628318954865574e-12
 7.75       2.572956679081246e-12
 7.76       2.583107861229245e-12
 7.77       2.5932854759852613e-12
 7.78       2.6034895574040355e-12
 7.79       2.6137201395403347e-12
 7.80       2.623977256448956e-12
 7.81       2.6342609421847288e-12
 7.82       2.644571230802511e-12
 7.83       2.654908156357191e-12
 7.84       2.665271752903686e-12
 7.85       2.6756620544969435e-12
 7.86       2.686079095191937e-12
 7.87       2.6965229090436726e-12
 7.88       2.706993530107183e-12
 7.89       2.717490992437531e-12
 7.90       2.728015330089805e-12
 7.91       2.7385665771191254e-12
 7.92       2.7491447675806367e-12
 7.93       2.759749935529515e-12
 7.94       2.7703821150209595e-12
 7.95       2.781041340110202e-12
 7.96       2.791727644852497e-12
 7.97       2.80244106330313e-12
 7.98       2.813181629517409e-12
 7.99       2.823949377550674e-12
 8.00       2.834744341458288e-12
 8.01       2.8455665552956406e-12
 8.02       2.8564160531181492e-12
 8.03       2.8672928689812574e-12
 8.04       2.878197036940433e-12
 8.05       2.889128591051171e-12
 8.06       2.90008756536899e-12
 8.07       2.9110739939494387e-12
 8.08       2.9220879108480865e-12
 8.09       2.9331293501205293e-12
 8.10       2.9441983458223883e-12
 8.11       2.95529493200931e-12
 8.12       2.966419142736965e-12
 8.13       2.9775710120610478e-12
 8.14       2.9887505740372798e-12
 8.15       2.9999578627214033e-12
 8.16       3.0111929121691866e-12
 8.17       3.022455756436423e-12
 8.18       3.033746429578926e-12
 8.19       3.0450649656525376e-12
 8.20       3.056411398713119e-12
 8.21       3.067785762816557e-12
 8.22       3.0791880920187605e-12
 8.23       3.0906184203756633e-12
 8.24       3.10207678194322e-12
 8.25       3.1135632107774103e-12
 8.26       3.1250777409342335e-12
 8.27       3.1366204064697147e-12
 8.28       3.1481912414398993e-12
 8.29       3.1597902799008557e-12
 8.30       3.171417555908674e-12
 8.31       3.183073103519466e-12
 8.32       3.194756956789368e-12
 8.33       3.2064691497745336e-12
 8.34       3.218209716531142e-12
 8.35       3.2299786911153916e-12
 8.36       3.2417761075835023e-12
 8.37       3.2536019999917182e-12
 8.38       3.2654564023962995e-12
 8.39       3.2773393488535304e-12
 8.40       3.2892508734197143e-12
 8.41       3.301191010151179e-12
 8.42       3.313159793104269e-12
 8.43       3.3251572563353504e-12
 8.44       3.3371834339008096e-12
 8.45       3.3492383598570548e-12
 8.46       3.3613220682605117e-12
 8.47       3.3734345931676274e-12
 8.48       3.38557596863487e-12
 8.49       3.397746228718724e-12
 8.50       3.4099454074756975e-12
 8.51       3.4221735389623157e-12
 8.52       3.4344306572351234e-12
 8.53       3.4467167963506846e-12
 8.54       3.4590319903655847e-12
 8.55       3.4713762733364246e-12
 8.56       3.4837496793198278e-12
 8.57       3.4961522423724334e-12
 8.58       3.5085839965509e-12
 8.59       3.5210449759119082e-12
 8.60       3.533535214512152e-12
 8.61       3.5460547464083468e-12
 8.62       3.558603605657226e-12
 8.63       3.5711818263155415e-12
 8.64       3.5837894424400617e-12
 8.65       3.5964264880875756e-12
 8.66       3.6090929973148857e-12
 8.67       3.6217890041788186e-12
 8.68       3.6345145427362122e-12
 8.69       3.647269647043926e-12
 8.70       3.660054351158837e-12
 8.71       3.672868689137837e-12
 8.72       3.6857126950378356e-12
 8.73       3.698586402915762e-12
 8.74       3.711489846828561e-12
 8.75       3.724423060833194e-12
 8.76       3.7373860789866404e-12
 8.77       3.750378935345893e-12
 8.78       3.7634016639679665e-12
 8.79       3.776454298909888e-12
 8.80       3.789536874228706e-12
 8.81       3.802649423981478e-12
 8.82       3.815791982225284e-12
 8.83       3.8289645830172176e-12
 8.84       3.84216726041439e-12
 8.85       3.855400048473927e-12
 8.86       3.8686629812529716e-12
 8.87       3.88195609280868e-12
 8.88       3.895279417198227e-12
 8.89       3.908632988478803e-12
 8.90       3.922016840707614e-12
 8.91       3.9354310079418795e-12
 8.92       3.948875524238835e-12
 8.93       3.962350423655733e-12
 8.94       3.9758557402498395e-12
 8.95       3.989391508078438e-12
 8.96       4.0029577611988256e-12
 8.97       4.016554533668311e-12
 8.98       4.030181859544224e-12
 8.99       4.043839772883907e-12
 9.00       4.057528307744714e-12
 9.01       4.071247498184018e-12
 9.02       4.084997378259203e-12
 9.03       4.0987779820276704e-12
 9.04       4.1125893435468365e-12
 9.05       4.126431496874126e-12
 9.06       4.140304476066987e-12
 9.07       4.1542083151828745e-12
 9.08       4.16814304827926e-12
 9.09       4.182108709413628e-12
 9.10       4.196105332643483e-12
 9.11       4.210132952026332e-12
 9.12       4.2241916016197066e-12
 9.13       4.238281315481146e-12
 9.14       4.252402127668204e-12
 9.15       4.266554072238451e-12
 9.16       4.280737183249467e-12
 9.17       4.2949514947588496e-12
 9.18       4.309197040824204e-12
 9.19       4.323473855503154e-12
 9.20       4.3377819728533335e-12
 9.21       4.35212142693239e-12
 9.22       4.366492251797987e-12
 9.23       4.380894481507798e-12
 9.24       4.395328150119508e-12
 9.25       4.409793291690819e-12
 9.26       4.424289940279444e-12
 9.27       4.438818129943108e-12
 9.28       4.4533778947395455e-12
 9.29       4.467969268726513e-12
 9.30       4.482592285961771e-12
 9.31       4.497246980503095e-12
 9.32       4.511933386408273e-12
 9.33       4.526651537735104e-12
 9.34       4.541401468541404e-12
 9.35       4.556183212884996e-12
 9.36       4.570996804823717e-12
 9.37       4.585842278415415e-12
 9.38       4.600719667717953e-12
 9.39       4.615629006789201e-12
 9.40       4.630570329687047e-12
 9.41       4.6455436704693825e-12
 9.42       4.660549063194122e-12
 9.43       4.675586541919181e-12
 9.44       4.690656140702492e-12
 9.45       4.705757893601999e-12
 9.46       4.720891834675656e-12
 9.47       4.73605799798143e-12
 9.48       4.751256417577297e-12
 9.49       4.766487127521245e-12
 9.50       4.7817501618712745e-12
 9.51       4.797045554685398e-12
 9.52       4.812373340021635e-12
 9.53       4.827733551938023e-12
 9.54       4.843126224492602e-12
 9.55       4.858551391743431e-12
 9.56       4.8740090877485714e-12
 9.57       4.889499346566104e-12
 9.58       4.905022202254116e-12
 9.59       4.920577688870707e-12
 9.60       4.936165840473983e-12
 9.61       4.951786691122066e-12
 9.62       4.967440274873086e-12
 9.63       4.983126625785185e-12
 9.64       4.998845777916512e-12
 9.65       5.014597765325229e-12
 9.66       5.0303826220695104e-12
 9.67       5.046200382207536e-12
 9.68       5.062051079797499e-12
 9.69       5.0779347488976036e-12
 9.70       5.093851423566063e-12
 9.71       5.109801137861097e-12
 9.72       5.125783925840942e-12
 9.73       5.14179982156384e-12
 9.74       5.1578488590880416e-12
 9.75       5.173931072471813e-12
 9.76       5.190046495773426e-12
 9.77       5.206195163051161e-12
 9.78       5.2223771083633135e-12
 9.79       5.238592365768182e-12
 9.80       5.25484096932408e-12
 9.81       5.271122953089327e-12
 9.82       5.287438351122257e-12
 9.83       5.3037871974812035e-12
 9.84       5.320169526224522e-12
 9.85       5.3365853714105694e-12
 9.86       5.353034767097713e-12
 9.87       5.369517747344332e-12
 9.88       5.386034346208811e-12
 9.89       5.402584597749549e-12
 9.90       5.419168536024946e-12
 9.91       5.43578619509342e-12
 9.92       5.452437609013394e-12
 9.93       5.469122811843299e-12
 9.94       5.485841837641577e-12
 9.95       5.502594720466679e-12
 9.96       5.519381494377061e-12
 9.97       5.536202193431193e-12
 9.98       5.553056851687551e-12
 9.99       5.5699455032046204e-12
