 0.01       nan       
 0.02       nan       
 0.03       nan       
 0.04       nan       
 0.05       nan       
 0.06       nan       
 0.07       nan       
 0.08       nan       
 0.09       nan       
 0.10       nan       
 0.11       nan       
 0.12       nan       
 0.13       nan       
 0.14       nan       
 0.15       nan       
 0.16       nan       
 0.17       nan       
 0.18       nan       
 0.19       nan       
 0.20       nan       
 0.21       nan       
 0.22       nan       
 0.23       nan       
 0.24       nan       
 0.25       nan       
 0.26       nan       
 0.27       nan       
 0.28       nan       
 0.29       nan       
 0.30       nan       
 0.31       nan       
 0.32       nan       
 0.33       nan       
 0.34       nan       
 0.35       nan       
 0.36       nan       
 0.37       nan       
 0.38       nan       
 0.39       nan       
 0.40       nan       
 0.41       nan       
 0.42       nan       
 0.43       nan       
 0.44       nan       
 0.45       nan       
 0.46       nan       
 0.47       nan       
 0.48       nan       
 0.49       nan       
 0.50       nan       
 0.51       nan       
 0.52       nan       
 0.53       nan       
 0.54       nan       
 0.55       nan       
 0.56       nan       
 0.57       nan       
 0.58       nan       
 0.59       nan       
 0.60       nan       
 0.61       nan       
 0.62       nan       
 0.63       nan       
 0.64       nan       
 0.65       nan       
 0.66       nan       
 0.67       nan       
 0.68       nan       
 0.69       nan       
 0.70       nan       
 0.71       nan       
 0.72       nan       
 0.73       nan       
 0.74       nan       
 0.75       nan       
 0.76       nan       
 0.77       nan       
 0.78       nan       
 0.79       nan       
 0.80       nan       
 0.81       nan       
 0.82       nan       
 0.83       nan       
 0.84       nan       
 0.85       nan       
 0.86       nan       
 0.87       nan       
 0.88       nan       
 0.89       nan       
 0.90       nan       
 0.91       nan       
 0.92       nan       
 0.93       nan       
 0.94       nan       
 0.95       nan       
 0.96       nan       
 0.97       nan       
 0.98       nan       
 0.99       nan       
 1.00       nan       
 1.01       nan       
 1.02       nan       
 1.03       nan       
 1.04       nan       
 1.05       nan       
 1.06       nan       
 1.07       nan       
 1.08       nan       
 1.09       nan       
 1.10       nan       
 1.11       nan       
 1.12       nan       
 1.13       nan       
 1.14       nan       
 1.15       nan       
 1.16       nan       
 1.17       nan       
 1.18       nan       
 1.19       nan       
 1.20       nan       
 1.21       nan       
 1.22       nan       
 1.23       nan       
 1.24       nan       
 1.25       nan       
 1.26       nan       
 1.27       nan       
 1.28       nan       
 1.29       nan       
 1.30       nan       
 1.31       nan       
 1.32       nan       
 1.33       nan       
 1.34       nan       
 1.35       nan       
 1.36       nan       
 1.37       nan       
 1.38       nan       
 1.39       nan       
 1.40       nan       
 1.41       nan       
 1.42       nan       
 1.43       nan       
 1.44       nan       
 1.45       nan       
 1.46       nan       
 1.47       nan       
 1.48       nan       
 1.49       nan       
 1.50       nan       
 1.51       nan       
 1.52       nan       
 1.53       nan       
 1.54       nan       
 1.55       nan       
 1.56       nan       
 1.57       nan       
 1.58       nan       
 1.59       nan       
 1.60       nan       
 1.61       nan       
 1.62       nan       
 1.63       nan       
 1.64       nan       
 1.65       nan       
 1.66       nan       
 1.67       nan       
 1.68       nan       
 1.69       nan       
 1.70       nan       
 1.71       nan       
 1.72       nan       
 1.73       nan       
 1.74       nan       
 1.75       nan       
 1.76       nan       
 1.77       nan       
 1.78       nan       
 1.79       nan       
 1.80       nan       
 1.81       nan       
 1.82       nan       
 1.83       nan       
 1.84       nan       
 1.85       nan       
 1.86       nan       
 1.87       nan       
 1.88       nan       
 1.89       nan       
 1.90       nan       
 1.91       nan       
 1.92       nan       
 1.93       nan       
 1.94       nan       
 1.95       nan       
 1.96       nan       
 1.97       nan       
 1.98       nan       
 1.99       nan       
 2.00       nan       
 2.01       nan       
 2.02       nan       
 2.03       nan       
 2.04       nan       
 2.05       nan       
 2.06       nan       
 2.07       nan       
 2.08       nan       
 2.09       nan       
 2.10       nan       
 2.11       nan       
 2.12       nan       
 2.13       nan       
 2.14       nan       
 2.15       nan       
 2.16       nan       
 2.17       nan       
 2.18       nan       
 2.19       nan       
 2.20       nan       
 2.21       nan       
 2.22       nan       
 2.23       nan       
 2.24       nan       
 2.25       nan       
 2.26       nan       
 2.27       nan       
 2.28       nan       
 2.29       nan       
 2.30       nan       
 2.31       nan       
 2.32       nan       
 2.33       nan       
 2.34       nan       
 2.35       nan       
 2.36       nan       
 2.37       nan       
 2.38       nan       
 2.39       nan       
 2.40       nan       
 2.41       nan       
 2.42       nan       
 2.43       nan       
 2.44       nan       
 2.45       nan       
 2.46       nan       
 2.47       nan       
 2.48       nan       
 2.49       nan       
 2.50       nan       
 2.51       nan       
 2.52       nan       
 2.53       nan       
 2.54       nan       
 2.55       nan       
 2.56       nan       
 2.57       nan       
 2.58       nan       
 2.59       nan       
 2.60       nan       
 2.61       nan       
 2.62       nan       
 2.63       nan       
 2.64       nan       
 2.65       nan       
 2.66       nan       
 2.67       nan       
 2.68       nan       
 2.69       nan       
 2.70       nan       
 2.71       nan       
 2.72       nan       
 2.73       nan       
 2.74       nan       
 2.75       nan       
 2.76       nan       
 2.77       nan       
 2.78       nan       
 2.79       nan       
 2.80       nan       
 2.81       nan       
 2.82       nan       
 2.83       nan       
 2.84       nan       
 2.85       nan       
 2.86       nan       
 2.87       nan       
 2.88       nan       
 2.89       nan       
 2.90       nan       
 2.91       nan       
 2.92       nan       
 2.93       nan       
 2.94       nan       
 2.95       nan       
 2.96       nan       
 2.97       nan       
 2.98       nan       
 2.99       nan       
 3.00       nan       
 3.01       nan       
 3.02       nan       
 3.03       nan       
 3.04       nan       
 3.05       nan       
 3.06       nan       
 3.07       nan       
 3.08       nan       
 3.09       nan       
 3.10       nan       
 3.11       nan       
 3.12       nan       
 3.13       nan       
 3.14       nan       
 3.15       nan       
 3.16       nan       
 3.17       nan       
 3.18       nan       
 3.19       nan       
 3.20       nan       
 3.21       nan       
 3.22       nan       
 3.23       nan       
 3.24       nan       
 3.25       nan       
 3.26       nan       
 3.27       nan       
 3.28       nan       
 3.29       nan       
 3.30       nan       
 3.31       nan       
 3.32       nan       
 3.33       nan       
 3.34       nan       
 3.35       nan       
 3.36       nan       
 3.37       nan       
 3.38       nan       
 3.39       nan       
 3.40       nan       
 3.41       nan       
 3.42       nan       
 3.43       nan       
 3.44       nan       
 3.45       nan       
 3.46       nan       
 3.47       nan       
 3.48       nan       
 3.49       nan       
 3.50       nan       
 3.51       nan       
 3.52       nan       
 3.53       nan       
 3.54       nan       
 3.55       nan       
 3.56       nan       
 3.57       nan       
 3.58       nan       
 3.59       nan       
 3.60       nan       
 3.61       nan       
 3.62       nan       
 3.63       nan       
 3.64       nan       
 3.65       nan       
 3.66       nan       
 3.67       nan       
 3.68       nan       
 3.69       nan       
 3.70       nan       
 3.71       nan       
 3.72       nan       
 3.73       nan       
 3.74       nan       
 3.75       nan       
 3.76       nan       
 3.77       nan       
 3.78       nan       
 3.79       nan       
 3.80       nan       
 3.81       nan       
 3.82       nan       
 3.83       nan       
 3.84       nan       
 3.85       nan       
 3.86       nan       
 3.87       nan       
 3.88       nan       
 3.89       nan       
 3.90       nan       
 3.91       nan       
 3.92       nan       
 3.93       nan       
 3.94       nan       
 3.95       nan       
 3.96       nan       
 3.97       nan       
 3.98       nan       
 3.99       nan       
 4.00       nan       
 4.01       nan       
 4.02       nan       
 4.03       nan       
 4.04       nan       
 4.05       nan       
 4.06       nan       
 4.07       nan       
 4.08       nan       
 4.09       nan       
 4.10       nan       
 4.11       nan       
 4.12       nan       
 4.13       nan       
 4.14       nan       
 4.15       nan       
 4.16       nan       
 4.17       nan       
 4.18       nan       
 4.19       nan       
 4.20       nan       
 4.21       nan       
 4.22       nan       
 4.23       nan       
 4.24       nan       
 4.25       nan       
 4.26       nan       
 4.27       nan       
 4.28       nan       
 4.29       nan       
 4.30       nan       
 4.31       nan       
 4.32       nan       
 4.33       nan       
 4.34       nan       
 4.35       nan       
 4.36       nan       
 4.37       nan       
 4.38       nan       
 4.39       nan       
 4.40       nan       
 4.41       nan       
 4.42       nan       
 4.43       nan       
 4.44       nan       
 4.45       nan       
 4.46       nan       
 4.47       nan       
 4.48       nan       
 4.49       nan       
 4.50       nan       
 4.51       nan       
 4.52       nan       
 4.53       nan       
 4.54       nan       
 4.55       nan       
 4.56       nan       
 4.57       nan       
 4.58       nan       
 4.59       nan       
 4.60       nan       
 4.61       nan       
 4.62       nan       
 4.63       nan       
 4.64       nan       
 4.65       nan       
 4.66       nan       
 4.67       nan       
 4.68       nan       
 4.69       nan       
 4.70       nan       
 4.71       nan       
 4.72       nan       
 4.73       nan       
 4.74       nan       
 4.75       nan       
 4.76       nan       
 4.77       nan       
 4.78       nan       
 4.79       nan       
 4.80       nan       
 4.81       nan       
 4.82       nan       
 4.83       nan       
 4.84       nan       
 4.85       nan       
 4.86       nan       
 4.87       nan       
 4.88       nan       
 4.89       nan       
 4.90       nan       
 4.91       nan       
 4.92       nan       
 4.93       nan       
 4.94       nan       
 4.95       nan       
 4.96       nan       
 4.97       nan       
 4.98       nan       
 4.99       nan       
 5.00       nan       
 5.01       nan       
 5.02       nan       
 5.03       nan       
 5.04       nan       
 5.05       nan       
 5.06       nan       
 5.07       nan       
 5.08       nan       
 5.09       nan       
 5.10       nan       
 5.11       nan       
 5.12       nan       
 5.13       nan       
 5.14       nan       
 5.15       nan       
 5.16       nan       
 5.17       nan       
 5.18       nan       
 5.19       nan       
 5.20       nan       
 5.21       nan       
 5.22       nan       
 5.23       nan       
 5.24       nan       
 5.25       nan       
 5.26       nan       
 5.27       nan       
 5.28       nan       
 5.29       nan       
 5.30       nan       
 5.31       nan       
 5.32       nan       
 5.33       nan       
 5.34       nan       
 5.35       nan       
 5.36       nan       
 5.37       nan       
 5.38       nan       
 5.39       nan       
 5.40       nan       
 5.41       nan       
 5.42       nan       
 5.43       nan       
 5.44       nan       
 5.45       nan       
 5.46       nan       
 5.47       nan       
 5.48       nan       
 5.49       nan       
 5.50       nan       
 5.51       nan       
 5.52       nan       
 5.53       nan       
 5.54       nan       
 5.55       nan       
 5.56       nan       
 5.57       nan       
 5.58       nan       
 5.59       nan       
 5.60       nan       
 5.61       nan       
 5.62       nan       
 5.63       nan       
 5.64       nan       
 5.65       nan       
 5.66       nan       
 5.67       nan       
 5.68       nan       
 5.69       nan       
 5.70       nan       
 5.71       nan       
 5.72       nan       
 5.73       nan       
 5.74       nan       
 5.75       nan       
 5.76       nan       
 5.77       nan       
 5.78       nan       
 5.79       nan       
 5.80       nan       
 5.81       nan       
 5.82       nan       
 5.83       nan       
 5.84       nan       
 5.85       nan       
 5.86       nan       
 5.87       nan       
 5.88       nan       
 5.89       nan       
 5.90       nan       
 5.91       nan       
 5.92       nan       
 5.93       nan       
 5.94       nan       
 5.95       nan       
 5.96       nan       
 5.97       nan       
 5.98       nan       
 5.99       nan       
 6.00       nan       
 6.01       nan       
 6.02       nan       
 6.03       nan       
 6.04       nan       
 6.05       nan       
 6.06       nan       
 6.07       nan       
 6.08       nan       
 6.09       nan       
 6.10       nan       
 6.11       nan       
 6.12       nan       
 6.13       nan       
 6.14       nan       
 6.15       nan       
 6.16       nan       
 6.17       nan       
 6.18       nan       
 6.19       nan       
 6.20       nan       
 6.21       nan       
 6.22       nan       
 6.23       nan       
 6.24       nan       
 6.25       nan       
 6.26       nan       
 6.27       nan       
 6.28       nan       
 6.29       nan       
 6.30       nan       
 6.31       nan       
 6.32       nan       
 6.33       nan       
 6.34       nan       
 6.35       nan       
 6.36       nan       
 6.37       nan       
 6.38       nan       
 6.39       nan       
 6.40       nan       
 6.41       nan       
 6.42       nan       
 6.43       nan       
 6.44       nan       
 6.45       nan       
 6.46       nan       
 6.47       nan       
 6.48       nan       
 6.49       nan       
 6.50       nan       
 6.51       nan       
 6.52       nan       
 6.53       nan       
 6.54       nan       
 6.55       nan       
 6.56       nan       
 6.57       nan       
 6.58       nan       
 6.59       nan       
 6.60       nan       
 6.61       nan       
 6.62       nan       
 6.63       nan       
 6.64       nan       
 6.65       nan       
 6.66       nan       
 6.67       nan       
 6.68       nan       
 6.69       nan       
 6.70       nan       
 6.71       nan       
 6.72       nan       
 6.73       nan       
 6.74       nan       
 6.75       nan       
 6.76       nan       
 6.77       nan       
 6.78       nan       
 6.79       nan       
 6.80       nan       
 6.81       nan       
 6.82       nan       
 6.83       nan       
 6.84       nan       
 6.85       nan       
 6.86       nan       
 6.87       nan       
 6.88       nan       
 6.89       nan       
 6.90       nan       
 6.91       nan       
 6.92       nan       
 6.93       nan       
 6.94       nan       
 6.95       nan       
 6.96       nan       
 6.97       nan       
 6.98       nan       
 6.99       nan       
 7.00       nan       
 7.01       nan       
 7.02       nan       
 7.03       nan       
 7.04       nan       
 7.05       nan       
 7.06       nan       
 7.07       nan       
 7.08       nan       
 7.09       nan       
 7.10       nan       
 7.11       nan       
 7.12       nan       
 7.13       nan       
 7.14       nan       
 7.15       nan       
 7.16       nan       
 7.17       nan       
 7.18       nan       
 7.19       nan       
 7.20       nan       
 7.21       nan       
 7.22       nan       
 7.23       nan       
 7.24       nan       
 7.25       nan       
 7.26       nan       
 7.27       nan       
 7.28       nan       
 7.29       nan       
 7.30       nan       
 7.31       nan       
 7.32       nan       
 7.33       nan       
 7.34       nan       
 7.35       nan       
 7.36       nan       
 7.37       nan       
 7.38       nan       
 7.39       nan       
 7.40       nan       
 7.41       nan       
 7.42       nan       
 7.43       nan       
 7.44       nan       
 7.45       nan       
 7.46       nan       
 7.47       nan       
 7.48       nan       
 7.49       nan       
 7.50       nan       
 7.51       nan       
 7.52       nan       
 7.53       nan       
 7.54       nan       
 7.55       nan       
 7.56       nan       
 7.57       nan       
 7.58       nan       
 7.59       nan       
 7.60       nan       
 7.61       nan       
 7.62       nan       
 7.63       nan       
 7.64       nan       
 7.65       nan       
 7.66       nan       
 7.67       nan       
 7.68       nan       
 7.69       nan       
 7.70       nan       
 7.71       nan       
 7.72       nan       
 7.73       nan       
 7.74       nan       
 7.75       nan       
 7.76       nan       
 7.77       nan       
 7.78       6.576592252130626e-19
 7.79       1.1589581910798553e-17
 7.80       3.6169012528605314e-17
 7.81       7.465133462409462e-17
 7.82       1.2729313722262398e-16
 7.83       1.9435213263912341e-16
 7.84       2.7608726663414633e-16
 7.85       3.7275856982220296e-16
 7.86       4.846274039622685e-16
 7.87       6.119561886883552e-16
 7.88       7.550085618376088e-16
 7.89       9.140493428280165e-16
 7.90       1.0893445332367798e-15
 7.91       1.2811613173885912e-15
 7.92       1.4897680629543242e-15
 7.93       1.7154343215585828e-15
 7.94       1.9584308293974286e-15
 7.95       2.219029507865464e-15
 7.96       2.4975034641918966e-15
 7.97       2.7941269920860544e-15
 7.98       3.1091755723916904e-15
 7.99       3.4429258737503722e-15
 8.00       3.795655753273299e-15
 8.01       4.167644257222263e-15
 8.02       4.55917162169819e-15
 8.03       4.970519273339384e-15
 8.04       5.40196983002655e-15
 8.05       5.853807101596884e-15
 8.06       6.326316090566026e-15
 8.07       6.819782992857339e-15
 8.08       7.334495198540352e-15
 8.09       7.870741292574472e-15
 8.10       8.428811055562889e-15
 8.11       9.008995464512027e-15
 8.12       9.61158669359907e-15
 8.13       1.0236878114947151e-14
 8.14       1.08851642994065e-14
 8.15       1.1556741017343192e-14
 8.16       1.225190523943564e-14
 8.17       1.297095513747635e-14
 8.18       1.3714190085181767e-14
 8.19       1.4481910659007302e-14
 8.20       1.5274418638971026e-14
 8.21       1.6092017009481566e-14
 8.22       1.6935009960173648e-14
 8.23       1.7803702886749184e-14
 8.24       1.869840239182545e-14
 8.25       1.961941628578932e-14
 8.26       2.056705358765535e-14
 8.27       2.1541624525932786e-14
 8.28       2.25434405394963e-14
 8.29       2.3572814278464424e-14
 8.30       2.46300596050805e-14
 8.31       2.571549159460301e-14
 8.32       2.6829426536198675e-14
 8.33       2.7972181933842213e-14
 8.34       2.9144076507220864e-14
 8.35       3.034543019264481e-14
 8.36       3.157656414396242e-14
 8.37       3.283780073348076e-14
 8.38       3.412946355289124e-14
 8.39       3.545187741419987e-14
 8.40       3.680536835066277e-14
 8.41       3.819026361772747e-14
 8.42       3.9606891693976835e-14
 8.43       4.105558228207984e-14
 8.44       4.253666630974584e-14
 8.45       4.4050475930684056e-14
 8.46       4.559734452556688e-14
 8.47       4.7177606702999034e-14
 8.48       4.8791598300488916e-14
 8.49       5.043965638542764e-14
 8.50       5.212211925606823e-14
 8.51       5.3839326442512865e-14
 8.52       5.559161870770244e-14
 8.53       5.737933804840945e-14
 8.54       5.920282769623829e-14
 8.55       6.106243211862466e-14
 8.56       6.295849701984487e-14
 8.57       6.489136934202244e-14
 8.58       6.68613972661448e-14
 8.59       6.886893021307978e-14
 8.60       7.09143188445966e-14
 8.61       7.299791506439287e-14
 8.62       7.51200720191226e-14
 8.63       7.728114409942781e-14
 8.64       7.948148694097628e-14
 8.65       8.172145742549989e-14
 8.66       8.400141368183978e-14
 8.67       8.632171508699059e-14
 8.68       8.868272226715208e-14
 8.69       9.108479709878273e-14
 8.70       9.352830270965431e-14
 8.71       9.601360347991453e-14
 8.72       9.854106504315018e-14
 8.73       1.0111105428745004e-13
 8.74       1.0372393935647915e-13
 8.75       1.0638008965054891e-13
 8.76       1.0907987582769258e-13
 8.77       1.1182366980474618e-13
 8.78       1.1461184475842791e-13
 8.79       1.1744477512642361e-13
 8.80       1.2032283660847505e-13
 8.81       1.2324640616747167e-13
 8.82       1.2621586203054087e-13
 8.83       1.2923158369014613e-13
 8.84       1.3229395190518592e-13
 8.85       1.3540334870209631e-13
 8.86       1.3856015737595334e-13
 8.87       1.4176476249158185e-13
 8.88       1.450175498846631e-13
 8.89       1.483189066628518e-13
 8.90       1.516692212068852e-13
 8.91       1.5506888317170434e-13
 8.92       1.5851828348757357e-13
 8.93       1.620178143612023e-13
 8.94       1.6556786927687018e-13
 8.95       1.691688429975552e-13
 8.96       1.728211315660612e-13
 8.97       1.7652513230615472e-13
 8.98       1.802812438236941e-13
 8.99       1.8408986600776783e-13
 9.00       1.8795140003183703e-13
 9.01       1.9186624835487302e-13
 9.02       1.9583481472250232e-13
 9.03       1.9985750416815146e-13
 9.04       2.039347230141952e-13
 9.05       2.0806687887310937e-13
 9.06       2.1225438064861787e-13
 9.07       2.1649763853685203e-13
 9.08       2.2079706402750303e-13
 9.09       2.2515306990498345e-13
 9.10       2.295660702495854e-13
 9.11       2.340364804386441e-13
 9.12       2.385647171477015e-13
 9.13       2.4315119835167447e-13
 9.14       2.4779634332602124e-13
 9.15       2.525005726479104e-13
 9.16       2.57264308197399e-13
 9.17       2.6208797315859856e-13
 9.18       2.6697199202085503e-13
 9.19       2.719167905799276e-13
 9.20       2.7692279593916484e-13
 9.21       2.819904365106872e-13
 9.22       2.8712014201661604e-13
 9.23       2.9231234349004636e-13
 9.24       2.9756747327663394e-13
 9.25       3.0288596503540195e-13
 9.26       3.0826825374010997e-13
 9.27       3.1371477568041605e-13
 9.28       3.192259684630634e-13
 9.29       3.248022710130826e-13
 9.30       3.304441235749808e-13
 9.31       3.361519677139431e-13
 9.32       3.4192624631703385e-13
 9.33       3.47767403594392e-13
 9.34       3.5367588508043987e-13
 9.35       3.596521376350835e-13
 9.36       3.6569660944491686e-13
 9.37       3.718097500244342e-13
 9.38       3.779920102172328e-13
 9.39       3.842438421972293e-13
 9.40       3.905656994698634e-13
 9.41       3.9695803687331485e-13
 9.42       4.034213105797181e-13
 9.43       4.099559780963791e-13
 9.44       4.1656249826698717e-13
 9.45       4.232413312728365e-13
 9.46       4.2999293863404917e-13
 9.47       4.3681778321078745e-13
 9.48       4.4371632920448524e-13
 9.49       4.506890421590654e-13
 9.50       4.577363889621693e-13
 9.51       4.648588378463756e-13
 9.52       4.720568583904378e-13
 9.53       4.793309215205043e-13
 9.54       4.866814995113544e-13
 9.55       4.941090659876203e-13
 9.56       5.016140959250328e-13
 9.57       5.091970656516437e-13
 9.58       5.168584528490648e-13
 9.59       5.245987365536996e-13
 9.60       5.324183971579909e-13
 9.61       5.40317916411646e-13
 9.62       5.482977774228817e-13
 9.63       5.563584646596687e-13
 9.64       5.645004639509634e-13
 9.65       5.727242624879575e-13
 9.66       5.810303488253237e-13
 9.67       5.894192128824504e-13
 9.68       5.978913459446954e-13
 9.69       6.064472406646374e-13
 9.70       6.150873910633064e-13
 9.71       6.238122925314471e-13
 9.72       6.326224418307716e-13
 9.73       6.415183370951915e-13
 9.74       6.505004778320922e-13
 9.75       6.595693649235726e-13
 9.76       6.687255006276956e-13
 9.77       6.779693885797549e-13
 9.78       6.873015337935238e-13
 9.79       6.967224426625127e-13
 9.80       7.062326229612212e-13
 9.81       7.158325838464086e-13
 9.82       7.25522835858346e-13
 9.83       7.353038909220713e-13
 9.84       7.451762623486632e-13
 9.85       7.551404648364933e-13
 9.86       7.651970144724907e-13
 9.87       7.753464287334119e-13
 9.88       7.855892264870944e-13
 9.89       7.959259279937332e-13
 9.90       8.063570549071437e-13
 9.91       8.168831302760235e-13
 9.92       8.275046785452289e-13
 9.93       8.382222255570403e-13
 9.94       8.490362985524246e-13
 9.95       8.599474261723185e-13
 9.96       8.709561384588941e-13
 9.97       8.820629668568258e-13
 9.98       8.932684442145733e-13
 9.99       9.045731047856449e-13
