 0.01       -2.0727846018236994e-14
 0.02       -1.031821998374364e-14
 0.03       -6.8480888756702444e-15
 0.04       -5.1058488963750675e-15
 0.05       -4.0541305334951525e-15
 0.06       -3.3475931058039485e-15
 0.07       -2.838325739747912e-15
 0.08       -2.4524047828179485e-15
 0.09       -2.1487779329879848e-15
 0.10       -1.9028249374667802e-15
 0.11       -1.6988871743537212e-15
 0.12       -1.5265331092925823e-15
 0.13       -1.3785476401313437e-15
 0.14       -1.2497832568252914e-15
 0.15       -1.1364707853852252e-15
 0.16       -1.0357886261111556e-15
 0.17       -9.45584037310179e-16
 0.18       -8.641873308449108e-16
 0.19       -7.90284746355626e-16
 0.20       -7.228294652947027e-16
 0.21       -6.609780507673472e-16
 0.22       -6.040442227276696e-16
 0.23       -5.514646923032192e-16
 0.24       -5.027735378509688e-16
 0.25       -4.575827309659312e-16
 0.26       -4.1556715662618404e-16
 0.27       -3.764529622891071e-16
 0.28       -3.4000840367545976e-16
 0.29       -3.0603658457535274e-16
 0.30       -2.7436964872596994e-16
 0.31       -2.448640958657803e-16
 0.32       -2.1739697604596748e-16
 0.33       -1.9186277589806484e-16
 0.34       -1.681708543933422e-16
 0.35       -1.4624331819349842e-16
 0.36       -1.2601325111503823e-16
 0.37       -1.0742323071171913e-16
 0.38       -9.042407908404906e-17
 0.39       -7.497380587444205e-17
 0.40       -6.103670981505689e-17
 0.41       -4.858261175796843e-17
 0.42       -3.758619727364854e-17
 0.43       -2.802645098078808e-17
 0.44       -1.988616801354359e-17
 0.45       -1.3151530626528805e-17
 0.46       -7.811740023674785e-18
 0.47       -3.858695178117094e-18
 0.48       -1.286711718074235e-18
 0.49       -9.227175877735093e-20
 0.50       2.738257289790691e-19
 0.51       1.8315649039640912e-18
 0.52       4.767283209092845e-18
 0.53       9.084216635812474e-18
 0.54       1.4786908787629994e-17
 0.55       2.188109278098233e-17
 0.56       3.0373585077532506e-17
 0.57       4.027219045934382e-17
 0.58       5.158561682982773e-17
 0.59       6.43233986781013e-17
 0.60       7.8495828196687e-17
 0.61       9.411389317446614e-17
 0.62       1.111892208999891e-16
 0.63       1.2973402740733858e-16
 0.64       1.4976107148020834e-16
 0.65       1.7128361290177712e-16
 0.66       1.943153745000611e-16
 0.67       2.188705075922064e-16
 0.68       2.4496356047782394e-16
 0.69       2.7260944967204785e-16
 0.70       3.0182343360433857e-16
 0.71       3.3262108853993223e-16
 0.72       3.650182865078429e-16
 0.73       3.9903117504300745e-16
 0.74       4.346761585709665e-16
 0.75       4.719698812817732e-16
 0.76       5.1092921135597e-16
 0.77       5.515712264197096e-16
 0.78       5.939132001187204e-16
 0.79       6.37972589711972e-16
 0.80       6.837670245958169e-16
 0.81       7.313142956782019e-16
 0.82       7.80632345530376e-16
 0.83       8.317392592505243e-16
 0.84       8.846532559800036e-16
 0.85       9.393926810184322e-16
 0.86       9.95975998488891e-16
 0.87       1.0544217845089739e-15
 0.88       1.1147487208274507e-15
 0.89       1.1769755888899197e-15
 0.90       1.2411212643000813e-15
 0.91       1.3072047116462099e-15
 0.92       1.3752449796650232e-15
 0.93       1.445261196717566e-15
 0.94       1.5172725665538643e-15
 0.95       1.5912983643450783e-15
 0.96       1.6673579329636442e-15
 0.97       1.7454706794935135e-15
 0.98       1.8256560719540476e-15
 0.99       1.907933636222468e-15
 1.00       1.992322953140959e-15
 1.01       2.0788436557956236e-15
 1.02       2.1675154269555075e-15
 1.03       2.2583579966607962e-15
 1.04       2.351391139950165e-15
 1.05       2.446634674717988e-15
 1.06       2.5441084596928457e-15
 1.07       2.643832392529373e-15
 1.08       2.7458264080061294e-15
 1.09       2.850110476322667e-15
 1.10       2.9567046014894775e-15
 1.11       3.065628819804979e-15
 1.12       3.176903198414086e-15
 1.13       3.2905478339433246e-15
 1.14       3.4065828512077675e-15
 1.15       3.525028401985452e-15
 1.16       3.64590466385518e-15
 1.17       3.769231839093917e-15
 1.18       3.895030153630262e-15
 1.19       4.023319856050678e-15
 1.20       4.154121216655414e-15
 1.21       4.287454526561243e-15
 1.22       4.4233400968483175e-15
 1.23       4.5617982577486584e-15
 1.24       4.702849357873892e-15
 1.25       4.846513763480076e-15
 1.26       4.99281185776751e-15
 1.27       5.14176404021365e-15
 1.28       5.293390725937277e-15
 1.29       5.447712345092243e-15
 1.30       5.604749342289192e-15
 1.31       5.7645221760437936e-15
 1.32       5.927051318250011e-15
 1.33       6.092357253677179e-15
 1.34       6.260460479489564e-15
 1.35       6.431381504787304e-15
 1.36       6.605140850167581e-15
 1.37       6.781759047305019e-15
 1.38       6.961256638550337e-15
 1.39       7.143654176546309e-15
 1.40       7.328972223860194e-15
 1.41       7.517231352631795e-15
 1.42       7.708452144236415e-15
 1.43       7.902655188961916e-15
 1.44       8.09986108569927e-15
 1.45       8.300090441645893e-15
 1.46       8.503363872021179e-15
 1.47       8.70970199979365e-15
 1.48       8.919125455419144e-15
 1.49       9.131654876589584e-15
 1.50       9.347310907991756e-15
 1.51       9.566114201075708e-15
 1.52       9.788085413832257e-15
 1.53       1.0013245210579247e-14
 1.54       1.0241614261756134e-14
 1.55       1.0473213243726496e-14
 1.56       1.0708062838588177e-14
 1.57       1.0946183733990645e-14
 1.58       1.1187596622959328e-14
 1.59       1.143232220372655e-14
 1.60       1.1680381179568818e-14
 1.61       1.1931794258650163e-14
 1.62       1.2186582153871287e-14
 1.63       1.2444765582724295e-14
 1.64       1.2706365267152679e-14
 1.65       1.2971401933416447e-14
 1.66       1.3239896311962088e-14
 1.67       1.3511869137297266e-14
 1.68       1.3787341147869902e-14
 1.69       1.4066333085951635e-14
 1.70       1.434886569752536e-14
 1.71       1.4634959732176683e-14
 1.72       1.49246359429892e-14
 1.73       1.521791508644344e-14
 1.74       1.5514817922319184e-14
 1.75       1.581536521360126e-14
 1.76       1.611957772638845e-14
 1.77       1.642747622980555e-14
 1.78       1.6739081495918346e-14
 1.79       1.7054414299651507e-14
 1.80       1.737349541870912e-14
 1.81       1.769634563349793e-14
 1.82       1.8022985727053114e-14
 1.83       1.8353436484966427e-14
 1.84       1.8687718695316748e-14
 1.85       1.9025853148602885e-14
 1.86       1.9367860637678474e-14
 1.87       1.9713761957689054e-14
 1.88       2.0063577906011093e-14
 1.89       2.041732928219298e-14
 1.90       2.0775036887897856e-14
 1.91       2.1136721526848274e-14
 1.92       2.150240400477253e-14
 1.93       2.1872105129352772e-14
 1.94       2.2245845710174558e-14
 1.95       2.2623646558678105e-14
 1.96       2.3005528488110965e-14
 1.97       2.3391512313482145e-14
 1.98       2.378161885151763e-14
 1.99       2.4175868920617258e-14
 2.00       2.457428334081282e-14
 2.01       2.4976882933727553e-14
 2.02       2.538368852253669e-14
 2.03       2.5794720931929207e-14
 2.04       2.6210000988070785e-14
 2.05       2.662954951856776e-14
 2.06       2.7053387352432178e-14
 2.07       2.748153532004777e-14
 2.08       2.791401425313709e-14
 2.09       2.835084498472939e-14
 2.10       2.879204834912956e-14
 2.11       2.923764518188787e-14
 2.12       2.968765631977065e-14
 2.13       3.014210260073166e-14
 2.14       3.060100486388442e-14
 2.15       3.106438394947521e-14
 2.16       3.1532260698856826e-14
 2.17       3.200465595446315e-14
 2.18       3.248159055978428e-14
 2.19       3.296308535934247e-14
 2.20       3.344916119866862e-14
 2.21       3.3939838924279535e-14
 2.22       3.443513938365563e-14
 2.23       3.4935083425219374e-14
 2.24       3.543969189831425e-14
 2.25       3.594898565318433e-14
 2.26       3.6462985540954256e-14
 2.27       3.698171241360994e-14
 2.28       3.750518712397961e-14
 2.29       3.8033430525715484e-14
 2.30       3.856646347327577e-14
 2.31       3.910430682190731e-14
 2.32       3.964698142762851e-14
 2.33       4.019450814721284e-14
 2.34       4.074690783817268e-14
 2.35       4.1304201358743565e-14
 2.36       4.186640956786891e-14
 2.37       4.2433553325185075e-14
 2.38       4.300565349100676e-14
 2.39       4.3582730926312865e-14
 2.40       4.416480649273262e-14
 2.41       4.475190105253212e-14
 2.42       4.534403546860115e-14
 2.43       4.594123060444035e-14
 2.44       4.654350732414869e-14
 2.45       4.7150886492411285e-14
 2.46       4.776338897448746e-14
 2.47       4.8381035636199124e-14
 2.48       4.900384734391947e-14
 2.49       4.9631844964561826e-14
 2.50       5.026504936556897e-14
 2.51       5.090348141490241e-14
 2.52       5.1547161981032255e-14
 2.53       5.219611193292712e-14
 2.54       5.285035214004428e-14
 2.55       5.350990347232002e-14
 2.56       5.417478680016049e-14
 2.57       5.484502299443234e-14
 2.58       5.5520632926453973e-14
 2.59       5.6201637467986694e-14
 2.60       5.688805749122619e-14
 2.61       5.75799138687944e-14
 2.62       5.82772274737311e-14
 2.63       5.898001917948618e-14
 2.64       5.968830985991174e-14
 2.65       6.040212038925461e-14
 2.66       6.11214716421489e-14
 2.67       6.184638449360859e-14
 2.68       6.257687981902072e-14
 2.69       6.331297849413827e-14
 2.70       6.40547013950734e-14
 2.71       6.480206939829087e-14
 2.72       6.555510338060156e-14
 2.73       6.631382421915608e-14
 2.74       6.707825279143856e-14
 2.75       6.784840997526075e-14
 2.76       6.862431664875581e-14
 2.77       6.940599369037277e-14
 2.78       7.01934619788707e-14
 2.79       7.098674239331319e-14
 2.80       7.178585581306288e-14
 2.81       7.259082311777627e-14
 2.82       7.34016651873983e-14
 2.83       7.421840290215743e-14
 2.84       7.50410571425606e-14
 2.85       7.586964878938826e-14
 2.86       7.670419872368972e-14
 2.87       7.754472782677832e-14
 2.88       7.839125698022711e-14
 2.89       7.924380706586393e-14
 2.90       8.010239896576745e-14
 2.91       8.096705356226263e-14
 2.92       8.183779173791652e-14
 2.93       8.271463437553412e-14
 2.94       8.359760235815447e-14
 2.95       8.448671656904648e-14
 2.96       8.53819978917052e-14
 2.97       8.628346720984801e-14
 2.98       8.719114540741069e-14
 2.99       8.810505336854407e-14
 3.00       8.902521197761023e-14
 3.01       8.995164211917905e-14
 3.02       9.088436467802483e-14
 3.03       9.182340053912279e-14
 3.04       9.276877058764588e-14
 3.05       9.372049570896146e-14
 3.06       9.46785967886282e-14
 3.07       9.56430947123929e-14
 3.08       9.66140103661875e-14
 3.09       9.7591364636126e-14
 3.10       9.85751784085015e-14
 3.11       9.956547256978355e-14
 3.12       1.0056226800661507e-13
 3.13       1.0156558560580965e-13
 3.14       1.0257544625434885e-13
 3.15       1.0359187083937963e-13
 3.16       1.0461488024821154e-13
 3.17       1.0564449536831428e-13
 3.18       1.0668073708731518e-13
 3.19       1.0772362629299671e-13
 3.20       1.0877318387329398e-13
 3.21       1.0982943071629252e-13
 3.22       1.1089238771022584e-13
 3.23       1.1196207574347314e-13
 3.24       1.1303851570455706e-13
 3.25       1.1412172848214158e-13
 3.26       1.1521173496502962e-13
 3.27       1.1630855604216121e-13
 3.28       1.1741221260261116e-13
 3.29       1.1852272553558712e-13
 3.30       1.196401157304276e-13
 3.31       1.2076440407659988e-13
 3.32       1.2189561146369812e-13
 3.33       1.2303375878144152e-13
 3.34       1.241788669196724e-13
 3.35       1.2533095676835435e-13
 3.36       1.264900492175704e-13
 3.37       1.2765616515752132e-13
 3.38       1.2882932547852376e-13
 3.39       1.3000955107100877e-13
 3.40       1.3119686282551987e-13
 3.41       1.323912816327115e-13
 3.42       1.3359282838334738e-13
 3.43       1.348015239682991e-13
 3.44       1.3601738927854413e-13
 3.45       1.3724044520516467e-13
 3.46       1.3847071263934605e-13
 3.47       1.3970821247237527e-13
 3.48       1.4095296559563914e-13
 3.49       1.422049929006236e-13
 3.50       1.434643152789117e-13
 3.51       1.447309536221822e-13
 3.52       1.4600492882220883e-13
 3.53       1.4728626177085812e-13
 3.54       1.4857497336008893e-13
 3.55       1.4987108448195024e-13
 3.56       1.511746160285808e-13
 3.57       1.5248558889220709e-13
 3.58       1.5380402396514262e-13
 3.59       1.5512994213978657e-13
 3.60       1.5646336430862238e-13
 3.61       1.5780431136421699e-13
 3.62       1.591528041992193e-13
 3.63       1.6050886370635926e-13
 3.64       1.6187251077844677e-13
 3.65       1.632437663083705e-13
 3.66       1.6462265118909672e-13
 3.67       1.660091863136685e-13
 3.68       1.6740339257520437e-13
 3.69       1.6880529086689767e-13
 3.70       1.7021490208201498e-13
 3.71       1.7163224711389594e-13
 3.72       1.730573468559514e-13
 3.73       1.7449022220166296e-13
 3.74       1.7593089404458207e-13
 3.75       1.7737938327832882e-13
 3.76       1.7883571079659121e-13
 3.77       1.802998974931242e-13
 3.78       1.8177196426174889e-13
 3.79       1.8325193199635146e-13
 3.80       1.8473982159088257e-13
 3.81       1.8623565393935627e-13
 3.82       1.8773944993584938e-13
 3.83       1.8925123047450043e-13
 3.84       1.9077101644950927e-13
 3.85       1.9229882875513576e-13
 3.86       1.9383468828569935e-13
 3.87       1.9537861593557808e-13
 3.88       1.969306325992081e-13
 3.89       1.9849075917108274e-13
 3.90       2.0005901654575168e-13
 3.91       2.0163542561782046e-13
 3.92       2.0322000728194956e-13
 3.93       2.0481278243285397e-13
 3.94       2.064137719653022e-13
 3.95       2.080229967741158e-13
 3.96       2.096404777541685e-13
 3.97       2.1126623580038584e-13
 3.98       2.1290029180774415e-13
 3.99       2.1454266667127042e-13
 4.00       2.1619338128604104e-13
 4.01       2.178524565471818e-13
 4.02       2.195199133498666e-13
 4.03       2.211957725893176e-13
 4.04       2.2288005516080434e-13
 4.05       2.2457278195964244e-13
 4.06       2.2627397388119443e-13
 4.07       2.27983651820868e-13
 4.08       2.2970183667411587e-13
 4.09       2.3142854933643527e-13
 4.10       2.3316381070336736e-13
 4.11       2.349076416704969e-13
 4.12       2.366600631334511e-13
 4.13       2.384210959878998e-13
 4.14       2.401907611295548e-13
 4.15       2.4196907945416863e-13
 4.16       2.437560718575353e-13
 4.17       2.4555175923548896e-13
 4.18       2.473561624839034e-13
 4.19       2.4916930249869214e-13
 4.20       2.5099120017580724e-13
 4.21       2.5282187641123964e-13
 4.22       2.5466135210101797e-13
 4.23       2.565096481412084e-13
 4.24       2.583667854279145e-13
 4.25       2.6023278485727607e-13
 4.26       2.621076673254695e-13
 4.27       2.639914537287069e-13
 4.28       2.6588416496323583e-13
 4.29       2.677858219253386e-13
 4.30       2.6969644551133225e-13
 4.31       2.716160566175681e-13
 4.32       2.735446761404311e-13
 4.33       2.7548232497633976e-13
 4.34       2.7742902402174533e-13
 4.35       2.7938479417313187e-13
 4.36       2.8134965632701566e-13
 4.37       2.833236313799449e-13
 4.38       2.853067402284992e-13
 4.39       2.872990037692893e-13
 4.40       2.8930044289895706e-13
 4.41       2.913110785141744e-13
 4.42       2.9333093151164374e-13
 4.43       2.953600227880969e-13
 4.44       2.973983732402952e-13
 4.45       2.9944600376502935e-13
 4.46       3.0150293525911865e-13
 4.47       3.0356918861941066e-13
 4.48       3.0564478474278143e-13
 4.49       3.077297445261346e-13
 4.50       3.098240888664016e-13
 4.51       3.119278386605408e-13
 4.52       3.140410148055374e-13
 4.53       3.161636381984035e-13
 4.54       3.1829572973617757e-13
 4.55       3.2043731031592376e-13
 4.56       3.2258840083473215e-13
 4.57       3.247490221897183e-13
 4.58       3.26919195278023e-13
 4.59       3.2909894099681175e-13
 4.60       3.31288280243275e-13
 4.61       3.334872339146274e-13
 4.62       3.3569582290810773e-13
 4.63       3.3791406812097847e-13
 4.64       3.40141990450526e-13
 4.65       3.4237961079405977e-13
 4.66       3.446269500489125e-13
 4.67       3.468840291124396e-13
 4.68       3.491508688820192e-13
 4.69       3.514274902550518e-13
 4.70       3.537139141289598e-13
 4.71       3.560101614011879e-13
 4.72       3.5831625296920185e-13
 4.73       3.6063220973048956e-13
 4.74       3.6295805258255944e-13
 4.75       3.652938024229413e-13
 4.76       3.6763948014918567e-13
 4.77       3.699951066588634e-13
 4.78       3.723607028495658e-13
 4.79       3.7473628961890453e-13
 4.80       3.7712188786451063e-13
 4.81       3.7951751848403514e-13
 4.82       3.8192320237514864e-13
 4.83       3.843389604355408e-13
 4.84       3.867648135629208e-13
 4.85       3.8920078265501604e-13
 4.86       3.9164688860957325e-13
 4.87       3.941031523243572e-13
 4.88       3.9656959469715135e-13
 4.89       3.99046236625757e-13
 4.90       4.015330990079935e-13
 4.91       4.0403020274169793e-13
 4.92       4.0653756872472506e-13
 4.93       4.090552178549471e-13
 4.94       4.1158317103025317e-13
 4.95       4.1412144914854977e-13
 4.96       4.1667007310776e-13
 4.97       4.1922906380582393e-13
 4.98       4.2179844214069825e-13
 4.99       4.2437822901035563e-13
 5.00       4.2696844531278506e-13
 5.01       4.2956911194599185e-13
 5.02       4.3218024980799694e-13
 5.03       4.3480187979683733e-13
 5.04       4.374340228105652e-13
 5.05       4.40076699747248e-13
 5.06       4.427299315049694e-13
 5.07       4.453937389818272e-13
 5.08       4.480681430759345e-13
 5.09       4.507531646854194e-13
 5.10       4.5344882470842427e-13
 5.11       4.561551440431067e-13
 5.12       4.588721435876379e-13
 5.13       4.615998442402038e-13
 5.14       4.643382668990042e-13
 5.15       4.670874324622533e-13
 5.16       4.698473618281784e-13
 5.17       4.726180758950214e-13
 5.18       4.753995955610371e-13
 5.19       4.78191941724494e-13
 5.20       4.809951352836738e-13
 5.21       4.838091971368718e-13
 5.22       4.866341481823957e-13
 5.23       4.894700093185665e-13
 5.24       4.92316801443718e-13
 5.25       4.951745454561969e-13
 5.26       4.980432622543619e-13
 5.27       5.009229727365847e-13
 5.28       5.038136978012492e-13
 5.29       5.067154583467512e-13
 5.30       5.096282752714989e-13
 5.31       5.125521694739128e-13
 5.32       5.154871618524244e-13
 5.33       5.184332733054778e-13
 5.34       5.213905247315284e-13
 5.35       5.243589370290429e-13
 5.36       5.273385310964999e-13
 5.37       5.303293278323892e-13
 5.38       5.333313481352118e-13
 5.39       5.363446129034793e-13
 5.40       5.393691430357154e-13
 5.41       5.424049594304539e-13
 5.42       5.454520829862393e-13
 5.43       5.485105346016278e-13
 5.44       5.515803351751851e-13
 5.45       5.546615056054879e-13
 5.46       5.577540667911235e-13
 5.47       5.60858039630689e-13
 5.48       5.639734450227922e-13
 5.49       5.671003038660514e-13
 5.50       5.702386370590936e-13
 5.51       5.733884655005573e-13
 5.52       5.765498100890897e-13
 5.53       5.797226917233486e-13
 5.54       5.82907131302001e-13
 5.55       5.861031497237238e-13
 5.56       5.893107678872028e-13
 5.57       5.925300066911344e-13
 5.58       5.957608870342229e-13
 5.59       5.990034298151832e-13
 5.60       6.022576559327383e-13
 5.61       6.055235862856213e-13
 5.62       6.088012417725734e-13
 5.63       6.120906432923451e-13
 5.64       6.153918117436959e-13
 5.65       6.187047680253941e-13
 5.66       6.220295330362165e-13
 5.67       6.253661276749487e-13
 5.68       6.287145728403841e-13
 5.69       6.320748894313262e-13
 5.70       6.354470983465852e-13
 5.71       6.388312204849807e-13
 5.72       6.422272767453401e-13
 5.73       6.45635288026499e-13
 5.74       6.490552752273013e-13
 5.75       6.524872592465986e-13
 5.76       6.559312609832511e-13
 5.77       6.593873013361261e-13
 5.78       6.628554012040992e-13
 5.79       6.663355814860542e-13
 5.80       6.698278630808812e-13
 5.81       6.733322668874795e-13
 5.82       6.768488138047549e-13
 5.83       6.803775247316216e-13
 5.84       6.839184205670002e-13
 5.85       6.874715222098195e-13
 5.86       6.910368505590152e-13
 5.87       6.946144265135302e-13
 5.88       6.982042709723151e-13
 5.89       7.01806404834327e-13
 5.90       7.054208489985304e-13
 5.91       7.090476243638968e-13
 5.92       7.126867518294044e-13
 5.93       7.163382522940388e-13
 5.94       7.200021466567918e-13
 5.95       7.236784558166624e-13
 5.96       7.273672006726563e-13
 5.97       7.310684021237853e-13
 5.98       7.347820810690689e-13
 5.99       7.385082584075321e-13
 6.00       7.422469550382069e-13
 6.01       7.459981918601312e-13
 6.02       7.497619897723506e-13
 6.03       7.535383696739154e-13
 6.04       7.573273524638835e-13
 6.05       7.611289590413179e-13
 6.06       7.649432103052887e-13
 6.07       7.687701271548717e-13
 6.08       7.726097304891487e-13
 6.09       7.764620412072078e-13
 6.10       7.803270802081431e-13
 6.11       7.84204868391054e-13
 6.12       7.880954266550469e-13
 6.13       7.919987758992328e-13
 6.14       7.959149370227296e-13
 6.15       7.998439309246596e-13
 6.16       8.037857785041527e-13
 6.17       8.077405006603422e-13
 6.18       8.117081182923689e-13
 6.19       8.156886522993785e-13
 6.20       8.196821235805215e-13
 6.21       8.236885530349547e-13
 6.22       8.277079615618401e-13
 6.23       8.317403700603452e-13
 6.24       8.357857994296426e-13
 6.25       8.398442705689102e-13
 6.26       8.439158043773314e-13
 6.27       8.480004217540946e-13
 6.28       8.520981435983933e-13
 6.29       8.562089908094264e-13
 6.30       8.603329842863976e-13
 6.31       8.644701449285158e-13
 6.32       8.686204936349947e-13
 6.33       8.727840513050536e-13
 6.34       8.769608388379156e-13
 6.35       8.811508771328099e-13
 6.36       8.853541870889694e-13
 6.37       8.895707896056332e-13
 6.38       8.938007055820441e-13
 6.39       8.980439559174493e-13
 6.40       9.023005615111021e-13
 6.41       9.06570543262259e-13
 6.42       9.108539220701822e-13
 6.43       9.151507188341384e-13
 6.44       9.194609544533974e-13
 6.45       9.237846498272358e-13
 6.46       9.28121825854933e-13
 6.47       9.324725034357736e-13
 6.48       9.368367034690462e-13
 6.49       9.412144468540438e-13
 6.50       9.456057544900644e-13
 6.51       9.500106472764098e-13
 6.52       9.544291461123857e-13
 6.53       9.588612718973026e-13
 6.54       9.633070455304753e-13
 6.55       9.677664879112225e-13
 6.56       9.722396199388666e-13
 6.57       9.767264625127353e-13
 6.58       9.812270365321597e-13
 6.59       9.857413628964743e-13
 6.60       9.90269462505019e-13
 6.61       9.94811356257137e-13
 6.62       9.993670650521744e-13
 6.63       1.0039366097894837e-12
 6.64       1.0085200113684192e-12
 6.65       1.0131172906883397e-12
 6.66       1.017728468648608e-12
 6.67       1.022353566148591e-12
 6.68       1.0269926040876585e-12
 6.69       1.0316456033651848e-12
 6.70       1.036312584880548e-12
 6.71       1.040993569533129e-12
 6.72       1.045688578222314e-12
 6.73       1.0503976318474909e-12
 6.74       1.0551207513080525e-12
 6.75       1.0598579575033952e-12
 6.76       1.0646092713329181e-12
 6.77       1.069374713696025e-12
 6.78       1.074154305492122e-12
 6.79       1.0789480676206194e-12
 6.80       1.0837560209809313e-12
 6.81       1.088578186472475e-12
 6.82       1.09341458499467e-12
 6.83       1.098265237446941e-12
 6.84       1.1031301647287152e-12
 6.85       1.1080093877394232e-12
 6.86       1.1129029273784988e-12
 6.87       1.1178108045453794e-12
 6.88       1.1227330401395048e-12
 6.89       1.12766965506032e-12
 6.90       1.1326206702072712e-12
 6.91       1.1375861064798086e-12
 6.92       1.1425659847773859e-12
 6.93       1.147560325999459e-12
 6.94       1.1525691510454882e-12
 6.95       1.1575924808149352e-12
 6.96       1.162630336207267e-12
 6.97       1.167682738121952e-12
 6.98       1.1727497074584619e-12
 6.99       1.1778312651162719e-12
 7.00       1.1829274319948596e-12
 7.01       1.1880382289937066e-12
 7.02       1.1931636770122962e-12
 7.03       1.1983037969501154e-12
 7.04       1.2034586097066535e-12
 7.05       1.2086281361814038e-12
 7.06       1.2138123972738611e-12
 7.07       1.2190114138835243e-12
 7.08       1.2242252069098944e-12
 7.09       1.2294537972524747e-12
 7.10       1.2346972058107733e-12
 7.11       1.2399554534842985e-12
 7.12       1.2452285611725628e-12
 7.13       1.2505165497750822e-12
 7.14       1.2558194401913732e-12
 7.15       1.261137253320957e-12
 7.16       1.2664700100633559e-12
 7.17       1.2718177313180962e-12
 7.18       1.277180437984707e-12
 7.19       1.282558150962718e-12
 7.20       1.2879508911516634e-12
 7.21       1.29335867945108e-12
 7.22       1.2987815367605053e-12
 7.23       1.3042194839794815e-12
 7.24       1.3096725420075524e-12
 7.25       1.315140731744264e-12
 7.26       1.3206240740891655e-12
 7.27       1.3261225899418084e-12
 7.28       1.3316363002017457e-12
 7.29       1.3371652257685345e-12
 7.30       1.3427093875417333e-12
 7.31       1.3482688064209027e-12
 7.32       1.353843503305607e-12
 7.33       1.3594334990954112e-12
 7.34       1.3650388146898837e-12
 7.35       1.370659470988596e-12
 7.36       1.37629548889112e-12
 7.37       1.3819468892970307e-12
 7.38       1.3876136931059065e-12
 7.39       1.3932959212173269e-12
 7.40       1.398993594530874e-12
 7.41       1.4047067339461313e-12
 7.42       1.410435360362687e-12
 7.43       1.4161794946801287e-12
 7.44       1.4219391577980477e-12
 7.45       1.4277143706160365e-12
 7.46       1.433505154033692e-12
 7.47       1.4393115289506103e-12
 7.48       1.4451335162663918e-12
 7.49       1.4509711368806379e-12
 7.50       1.4568244116929526e-12
 7.51       1.4626933616029426e-12
 7.52       1.4685780075102152e-12
 7.53       1.4744783703143812e-12
 7.54       1.4803944709150522e-12
 7.55       1.4863263302118434e-12
 7.56       1.49227396910437e-12
 7.57       1.4982374084922518e-12
 7.58       1.5042166692751081e-12
 7.59       1.5102117723525621e-12
 7.60       1.516222738624237e-12
 7.61       1.5222495889897602e-12
 7.62       1.5282923443487597e-12
 7.63       1.534351025600866e-12
 7.64       1.5404256536457105e-12
 7.65       1.5465162493829285e-12
 7.66       1.5526228337121555e-12
 7.67       1.5587454275330288e-12
 7.68       1.5648840517451887e-12
 7.69       1.571038727248277e-12
 7.70       1.577209474941937e-12
 7.71       1.5833963157258143e-12
 7.72       1.5895992704995557e-12
 7.73       1.5958183601628109e-12
 7.74       1.60205360561523e-12
 7.75       1.6083050277564663e-12
 7.76       1.6145726474861732e-12
 7.77       1.620856485704008e-12
 7.78       1.6271565633096284e-12
 7.79       1.633472901202694e-12
 7.80       1.6398055202828657e-12
 7.81       1.6461544414498078e-12
 7.82       1.6525196856031847e-12
 7.83       1.6589012736426623e-12
 7.84       1.6652992264679103e-12
 7.85       1.671713564978598e-12
 7.86       1.6781443100743965e-12
 7.87       1.6845914826549796e-12
 7.88       1.6910551036200237e-12
 7.89       1.6975351938692032e-12
 7.90       1.7040317743021974e-12
 7.91       1.7105448658186865e-12
 7.92       1.7170744893183516e-12
 7.93       1.7236206657008758e-12
 7.94       1.730183415865944e-12
 7.95       1.7367627607132426e-12
 7.96       1.7433587211424594e-12
 7.97       1.7499713180532837e-12
 7.98       1.7566005723454063e-12
 7.99       1.7632465049185203e-12
 8.00       1.7699091366723196e-12
 8.01       1.7765884885064992e-12
 8.02       1.7832845813207571e-12
 8.03       1.7899974360147915e-12
 8.04       1.7967270734883027e-12
 8.05       1.8034735146409918e-12
 8.06       1.8102367803725622e-12
 8.07       1.8170168915827184e-12
 8.08       1.8238138691711667e-12
 8.09       1.8306277340376148e-12
 8.10       1.8374585070817704e-12
 8.11       1.844306209203345e-12
 8.12       1.8511708613020496e-12
 8.13       1.858052484277598e-12
 8.14       1.8649510990297045e-12
 8.15       1.8718667264580855e-12
 8.16       1.8787993874624575e-12
 8.17       1.88574910294254e-12
 8.18       1.892715893798052e-12
 8.19       1.8996997809287164e-12
 8.20       1.9067007852342554e-12
 8.21       1.9137189276143934e-12
 8.22       1.9207542289688557e-12
 8.23       1.9278067101973697e-12
 8.24       1.9348763921996625e-12
 8.25       1.9419632958754644e-12
 8.26       1.9490674421245063e-12
 8.27       1.9561888518465197e-12
 8.28       1.963327545941238e-12
 8.29       1.9704835453083975e-12
 8.30       1.9776568708477323e-12
 8.31       1.9848475434589794e-12
 8.32       1.9920555840418795e-12
 8.33       1.99928101349617e-12
 8.34       2.006523852721593e-12
 8.35       2.013784122617891e-12
 8.36       2.0210618440848065e-12
 8.37       2.028357038022085e-12
 8.38       2.035669725329472e-12
 8.39       2.042999926906715e-12
 8.40       2.050347663653562e-12
 8.41       2.0577129564697623e-12
 8.42       2.065095826255067e-12
 8.43       2.072496293909227e-12
 8.44       2.079914380331997e-12
 8.45       2.08735010642313e-12
 8.46       2.0948034930823818e-12
 8.47       2.1022745612095085e-12
 8.48       2.109763331704268e-12
 8.49       2.117269825466419e-12
 8.50       2.124794063395722e-12
 8.51       2.1323360663919384e-12
 8.52       2.1398958553548286e-12
 8.53       2.147473451184157e-12
 8.54       2.1550688747796886e-12
 8.55       2.1626821470411877e-12
 8.56       2.170313288868422e-12
 8.57       2.1779623211611576e-12
 8.58       2.1856292648191647e-12
 8.59       2.1933141407422132e-12
 8.60       2.2010169698300732e-12
 8.61       2.208737772982517e-12
 8.62       2.216476571099318e-12
 8.63       2.224233385080249e-12
 8.64       2.2320082358250866e-12
 8.65       2.239801144233607e-12
 8.66       2.247612131205585e-12
 8.67       2.255441217640802e-12
 8.68       2.263288424439035e-12
 8.69       2.2711537725000653e-12
 8.70       2.279037282723674e-12
 8.71       2.286938976009644e-12
 8.72       2.294858873257756e-12
 8.73       2.3027969953677964e-12
 8.74       2.3107533632395503e-12
 8.75       2.3187279977728043e-12
 8.76       2.326720919867344e-12
 8.77       2.334732150422959e-12
 8.78       2.3427617103394375e-12
 8.79       2.3508096205165708e-12
 8.80       2.358875901854147e-12
 8.81       2.366960575251961e-12
 8.82       2.3750636616098053e-12
 8.83       2.3831851818274725e-12
 8.84       2.3913251568047594e-12
 8.85       2.3994836074414592e-12
 8.86       2.40766055463737e-12
 8.87       2.4158560192922893e-12
 8.88       2.4240700223060143e-12
 8.89       2.432302584578346e-12
 8.90       2.4405537270090842e-12
 8.91       2.448823470498029e-12
 8.92       2.457111835944984e-12
 8.93       2.465418844249751e-12
 8.94       2.473744516312134e-12
 8.95       2.4820888730319375e-12
 8.96       2.4904519353089683e-12
 8.97       2.4988337240430307e-12
 8.98       2.5072342601339335e-12
 8.99       2.5156535644814846e-12
 9.00       2.5240916579854923e-12
 9.01       2.532548561545767e-12
 9.02       2.541024296062119e-12
 9.03       2.5495188824343605e-12
 9.04       2.558032341562303e-12
 9.05       2.5665646943457595e-12
 9.06       2.5751159616845442e-12
 9.07       2.583686164478474e-12
 9.08       2.592275323627361e-12
 9.09       2.600883460031023e-12
 9.10       2.6095105945892785e-12
 9.11       2.618156748201944e-12
 9.12       2.6268219417688386e-12
 9.13       2.6355061961897813e-12
 9.14       2.644209532364594e-12
 9.15       2.6529319711930967e-12
 9.16       2.661673533575112e-12
 9.17       2.670434240410463e-12
 9.18       2.6792141125989715e-12
 9.19       2.6880131710404635e-12
 9.20       2.696831436634763e-12
 9.21       2.7056689302816955e-12
 9.22       2.714525672881089e-12
 9.23       2.72340168533277e-12
 9.24       2.7322969885365662e-12
 9.25       2.741211603392306e-12
 9.26       2.7501455507998204e-12
 9.27       2.759098851658938e-12
 9.28       2.768071526869491e-12
 9.29       2.7770635973313105e-12
 9.30       2.786075083944229e-12
 9.31       2.79510600760808e-12
 9.32       2.804156389222696e-12
 9.33       2.8132262496879138e-12
 9.34       2.8223156099035664e-12
 9.35       2.8314244907694914e-12
 9.36       2.8405529131855244e-12
 9.37       2.8497008980515033e-12
 9.38       2.858868466267266e-12
 9.39       2.8680556387326515e-12
 9.40       2.877262436347499e-12
 9.41       2.8864888800116485e-12
 9.42       2.8957349906249412e-12
 9.43       2.9050007890872173e-12
 9.44       2.9142862962983203e-12
 9.45       2.923591533158093e-12
 9.46       2.932916520566378e-12
 9.47       2.9422612794230195e-12
 9.48       2.9516258306278635e-12
 9.49       2.9610101950807543e-12
 9.50       2.9704143936815374e-12
 9.51       2.9798384473300604e-12
 9.52       2.98928237692617e-12
 9.53       2.9987462033697155e-12
 9.54       3.008229947560544e-12
 9.55       3.017733630398506e-12
 9.56       3.0272572727834514e-12
 9.57       3.0368008956152285e-12
 9.58       3.046364519793691e-12
 9.59       3.05594816621869e-12
 9.60       3.0655518557900775e-12
 9.61       3.0751756094077066e-12
 9.62       3.0848194479714307e-12
 9.63       3.0944833923811042e-12
 9.64       3.1041674635365815e-12
 9.65       3.1138716823377186e-12
 9.66       3.123596069684371e-12
 9.67       3.133340646476395e-12
 9.68       3.143105433613649e-12
 9.69       3.1528904519959894e-12
 9.70       3.162695722523276e-12
 9.71       3.172521266095366e-12
 9.72       3.1823671036121207e-12
 9.73       3.192233255973399e-12
 9.74       3.202119744079062e-12
 9.75       3.21202658882897e-12
 9.76       3.221953811122986e-12
 9.77       3.231901431860972e-12
 9.78       3.241869471942791e-12
 9.79       3.2518579522683056e-12
 9.80       3.2618668937373804e-12
 9.81       3.2718963172498816e-12
 9.82       3.2819462437056717e-12
 9.83       3.292016694004617e-12
 9.84       3.302107689046585e-12
 9.85       3.312219249731441e-12
 9.86       3.3223513969590537e-12
 9.87       3.3325041516292903e-12
 9.88       3.3426775346420185e-12
 9.89       3.352871566897108e-12
 9.90       3.363086269294427e-12
 9.91       3.373321662733848e-12
 9.92       3.383577768115239e-12
 9.93       3.3938546063384717e-12
 9.94       3.404152198303419e-12
 9.95       3.4144705649099503e-12
 9.96       3.4248097270579406e-12
 9.97       3.435169705647261e-12
 9.98       3.445550521577786e-12
 9.99       3.455952195749389e-12
