 0.01       -1.1103866481802128e-13
 0.02       -5.5409693684417046e-14
 0.03       -3.6925082785158474e-14
 0.04       -2.768890688638935e-14
 0.05       -2.2148393727134674e-14
 0.06       -1.845494882035651e-14
 0.07       -1.581674738324849e-14
 0.08       -1.3837991223476724e-14
 0.09       -1.229883049035723e-14
 0.10       -1.1067370095299423e-14
 0.11       -1.0059683288989597e-14
 0.12       -9.219822013913027e-15
 0.13       -8.509054600181078e-15
 0.14       -7.899716443805429e-15
 0.15       -7.371520670623618e-15
 0.16       -6.909252425787531e-15
 0.17       -6.501277007233831e-15
 0.18       -6.1385453222715545e-15
 0.19       -5.813913429692956e-15
 0.20       -5.521666230378946e-15
 0.21       -5.257177252965408e-15
 0.22       -5.016661229339423e-15
 0.23       -4.7969912182486985e-15
 0.24       -4.5955614496817875e-15
 0.25       -4.410183087700044e-15
 0.26       -4.239004048741474e-15
 0.27       -4.0804466385853855e-15
 0.28       -3.9331585531757636e-15
 0.29       -3.795974017452553e-15
 0.30       -3.667882696593031e-15
 0.31       -3.5480046245596003e-15
 0.32       -3.435569833637928e-15
 0.33       -3.329901687764084e-15
 0.34       -3.230403157080476e-15
 0.35       -3.1365454454635916e-15
 0.36       -3.047858513493054e-15
 0.37       -2.963923138258916e-15
 0.38       -2.884364226900879e-15
 0.39       -2.8088451588472048e-15
 0.40       -2.737062976728331e-15
 0.41       -2.6687442810674665e-15
 0.42       -2.6036417114505578e-15
 0.43       -2.5415309187009996e-15
 0.44       -2.4822079499438175e-15
 0.45       -2.4254869823313372e-15
 0.46       -2.3711983523725913e-15
 0.47       -2.319186836839918e-15
 0.48       -2.269310148564064e-15
 0.49       -2.2214376164191352e-15
 0.50       -2.1754490237105907e-15
 0.51       -2.131233583224488e-15
 0.52       -2.088689030541134e-15
 0.53       -2.0477208199931802e-15
 0.54       -2.008241409962298e-15
 0.55       -1.9701696261439973e-15
 0.56       -1.9334300930344745e-15
 0.57       -1.8979527252613326e-15
 0.58       -1.8636722715355376e-15
 0.59       -1.8305279049814142e-15
 0.60       -1.7984628544338557e-15
 0.61       -1.7674240720015727e-15
 0.62       -1.7373619328017952e-15
 0.63       -1.708229963291817e-15
 0.64       -1.6799845950695684e-15
 0.65       -1.6525849414003997e-15
 0.66       -1.6259925940596973e-15
 0.67       -1.6001714383687783e-15
 0.68       -1.5750874845512119e-15
 0.69       -1.5507087137538705e-15
 0.70       -1.527004937266226e-15
 0.71       -1.5039476676366555e-15
 0.72       -1.481510000529085e-15
 0.73       -1.4596665062900966e-15
 0.74       -1.4383931303079028e-15
 0.75       -1.417667101342651e-15
 0.76       -1.3974668470938133e-15
 0.77       -1.3777719163467752e-15
 0.78       -1.3585629071081649e-15
 0.79       -1.3398214001992656e-15
 0.80       -1.3215298978299541e-15
 0.81       -1.3036717667227135e-15
 0.82       -1.2862311853983266e-15
 0.83       -1.2691930952722494e-15
 0.84       -1.2525431552441095e-15
 0.85       -1.23626769949266e-15
 0.86       -1.2203536982152788e-15
 0.87       -1.204788721075098e-15
 0.88       -1.1895609031403777e-15
 0.89       -1.1746589131201088e-15
 0.90       -1.1600719237172457e-15
 0.91       -1.1457895839366783e-15
 0.92       -1.1318019931992049e-15
 0.93       -1.1180996771255814e-15
 0.94       -1.1046735648662674e-15
 0.95       -1.0915149678629842e-15
 0.96       -1.078615559937674e-15
 0.97       -1.06596735861308e-15
 0.98       -1.0535627075769571e-15
 0.99       -1.041394260209067e-15
 1.00       -1.0294549640965528e-15
 1.01       -1.017738046469193e-15
 1.02       -1.00623700049141e-15
 1.03       -9.949455723527993e-16
 1.04       -9.838577491034432e-16
 1.05       -9.729677471843422e-16
 1.06       -9.622700016070788e-16
 1.07       -9.517591557402186e-16
 1.08       -9.414300516631462e-16
 1.09       -9.312777210508738e-16
 1.10       -9.212973765560485e-16
 1.11       -9.11484403656795e-16
 1.12       -9.018343529412834e-16
 1.13       -8.923429328019652e-16
 1.14       -8.830060025143251e-16
 1.15       -8.738195656767401e-16
 1.16       -8.647797639896588e-16
 1.17       -8.558828713537958e-16
 1.18       -8.471252882684208e-16
 1.19       -8.38503536512082e-16
 1.20       -8.300142540893012e-16
 1.21       -8.216541904278395e-16
 1.22       -8.134202018121676e-16
 1.23       -8.053092470396926e-16
 1.24       -7.973183832871665e-16
 1.25       -7.894447621755098e-16
 1.26       -7.816856260220211e-16
 1.27       -7.740383042696535e-16
 1.28       -7.665002100836618e-16
 1.29       -7.590688371065501e-16
 1.30       -7.51741756362792e-16
 1.31       -7.445166133053139e-16
 1.32       -7.373911249962369e-16
 1.33       -7.303630774147962e-16
 1.34       -7.234303228858062e-16
 1.35       -7.16590777622414e-16
 1.36       -7.098424193772629e-16
 1.37       -7.031832851965212e-16
 1.38       -6.9661146927156695e-16
 1.39       -6.901251208834006e-16
 1.40       -6.83722442435159e-16
 1.41       -6.774016875683494e-16
 1.42       -6.711611593586789e-16
 1.43       -6.649992085875868e-16
 1.44       -6.589142320857922e-16
 1.45       -6.529046711453883e-16
 1.46       -6.469690099971903e-16
 1.47       -6.411057743502341e-16
 1.48       -6.353135299904834e-16
 1.49       -6.295908814359666e-16
 1.50       -6.239364706457056e-16
 1.51       -6.183489757799487e-16
 1.52       -6.12827110009338e-16
 1.53       -6.073696203707792e-16
 1.54       -6.019752866678873e-16
 1.55       -5.966429204139938e-16
 1.56       -5.913713638158103e-16
 1.57       -5.861594887959319e-16
 1.58       -5.810061960524583e-16
 1.59       -5.759104141541063e-16
 1.60       -5.708710986692498e-16
 1.61       -5.658872313274224e-16
 1.62       -5.609578192118722e-16
 1.63       -5.560818939818422e-16
 1.64       -5.512585111232988e-16
 1.65       -5.464867492269119e-16
 1.66       -5.417657092921291e-16
 1.67       -5.370945140562529e-16
 1.68       -5.324723073474811e-16
 1.69       -5.278982534609157e-16
 1.70       -5.233715365565943e-16
 1.71       -5.188913600786439e-16
 1.72       -5.144569461946969e-16
 1.73       -5.10067535254748e-16
 1.74       -5.057223852686737e-16
 1.75       -5.01420771401663e-16
 1.76       -4.971619854868507e-16
 1.77       -4.929453355544709e-16
 1.78       -4.887701453768824e-16
 1.79       -4.846357540288445e-16
 1.80       -4.805415154624493e-16
 1.81       -4.764867980961468e-16
 1.82       -4.724709844173155e-16
 1.83       -4.684934705978669e-16
 1.84       -4.645536661223827e-16
 1.85       -4.606509934283111e-16
 1.86       -4.56784887557774e-16
 1.87       -4.529547958205415e-16
 1.88       -4.491601774677649e-16
 1.89       -4.45400503376068e-16
 1.90       -4.4167525574161147e-16
 1.91       -4.3798392778377225e-16
 1.92       -4.343260234580783e-16
 1.93       -4.307010571780714e-16
 1.94       -4.271085535457696e-16
 1.95       -4.235480470904248e-16
 1.96       -4.2001908201527647e-16
 1.97       -4.165212119520189e-16
 1.98       -4.130539997227093e-16
 1.99       -4.0961701710885336e-16
 2.00       -4.0620984462741934e-16
 2.01       -4.028320713135376e-16
 2.02       -3.9948329450965593e-16
 2.03       -3.961631196609242e-16
 2.04       -3.9287116011659956e-16
 2.05       -3.896070369372633e-16
 2.06       -3.863703787076532e-16
 2.07       -3.831608213549185e-16
 2.08       -3.799780079721222e-16
 2.09       -3.768215886468057e-16
 2.10       -3.7369122029445445e-16
 2.11       -3.705865664966983e-16
 2.12       -3.6750729734409074e-16
 2.13       -3.6445308928331693e-16
 2.14       -3.6142362496868686e-16
 2.15       -3.5841859311777105e-16
 2.16       -3.5543768837104762e-16
 2.17       -3.524806111554293e-16
 2.18       -3.495470675515481e-16
 2.19       -3.466367691646732e-16
 2.20       -3.4374943299915304e-16
 2.21       -3.4088478133626214e-16
 2.22       -3.3804254161535284e-16
 2.23       -3.352224463182022e-16
 2.24       -3.3242423285645914e-16
 2.25       -3.2964764346209015e-16
 2.26       -3.2689242508073644e-16
 2.27       -3.241583292678879e-16
 2.28       -3.2144511208778963e-16
 2.29       -3.1875253401499765e-16
 2.30       -3.1608035983850315e-16
 2.31       -3.134283585683454e-16
 2.32       -3.1079630334464123e-16
 2.33       -3.081839713489573e-16
 2.34       -3.05591143717954e-16
 2.35       -3.0301760545923407e-16
 2.36       -3.0046314536933115e-16
 2.37       -2.979275559537751e-16
 2.38       -2.9541063334917167e-16
 2.39       -2.929121772472378e-16
 2.40       -2.904319908207381e-16
 2.41       -2.8796988065126265e-16
 2.42       -2.855256566587976e-16
 2.43       -2.830991320330335e-16
 2.44       -2.806901231663631e-16
 2.45       -2.782984495885201e-16
 2.46       -2.759239339028121e-16
 2.47       -2.735664017239029e-16
 2.48       -2.712256816170985e-16
 2.49       -2.6890160503909875e-16
 2.50       -2.66594006280168e-16
 2.51       -2.643027224076906e-16
 2.52       -2.620275932110692e-16
 2.53       -2.597684611479289e-16
 2.54       -2.57525171291595e-16
 2.55       -2.552975712798028e-16
 2.56       -2.530855112646129e-16
 2.57       -2.508888438634933e-16
 2.58       -2.487074241115413e-16
 2.59       -2.4654110941481007e-16
 2.60       -2.443897595047136e-16
 2.61       -2.422532363934804e-16
 2.62       -2.401314043306247e-16
 2.63       -2.3802412976041487e-16
 2.64       -2.3593128128030383e-16
 2.65       -2.3385272960030414e-16
 2.66       -2.3178834750327833e-16
 2.67       -2.297380098061207e-16
 2.68       -2.277015933218096e-16
 2.69       -2.2567897682230516e-16
 2.70       -2.2367004100227217e-16
 2.71       -2.2167466844360525e-16
 2.72       -2.196927435807379e-16
 2.73       -2.1772415266671255e-16
 2.74       -2.1576878373999438e-16
 2.75       -2.1382652659200934e-16
 2.76       -2.1189727273538742e-16
 2.77       -2.0998091537289413e-16
 2.78       -2.0807734936703194e-16
 2.79       -2.061864712102967e-16
 2.80       -2.0430817899606955e-16
 2.81       -2.0244237239013252e-16
 2.82       -2.0058895260278802e-16
 2.83       -1.9874782236157143e-16
 2.84       -1.969188858845385e-16
 2.85       -1.951020488541164e-16
 2.86       -1.9329721839150245e-16
 2.87       -1.9150430303159864e-16
 2.88       -1.8972321269846798e-16
 2.89       -1.87953858681301e-16
 2.90       -1.8619615361087827e-16
 2.91       -1.8445001143651984e-16
 2.92       -1.8271534740350692e-16
 2.93       -1.8099207803096695e-16
 2.94       -1.7928012109020903e-16
 2.95       -1.7757939558350101e-16
 2.96       -1.7588982172327606e-16
 2.97       -1.7421132091175933e-16
 2.98       -1.7254381572100528e-16
 2.99       -1.7088722987333518e-16
 3.00       -1.6924148822216586e-16
 3.01       -1.6760651673322125e-16
 3.02       -1.659822424661158e-16
 3.03       -1.643685935563046e-16
 3.04       -1.6276549919738767e-16
 3.05       -1.6117288962376367e-16
 3.06       -1.5959069609362368e-16
 3.07       -1.5801885087227657e-16
 3.08       -1.564572872157998e-16
 3.09       -1.5490593935500802e-16
 3.10       -1.533647424797308e-16
 3.11       -1.5183363272339472e-16
 3.12       -1.5031254714790195e-16
 3.13       -1.488014237287977e-16
 3.14       -1.4730020134072207e-16
 3.15       -1.4580881974313916e-16
 3.16       -1.4432721956633575e-16
 3.17       -1.4285534229768668e-16
 3.18       -1.4139313026817839e-16
 3.19       -1.3994052663918605e-16
 3.20       -1.3849747538949886e-16
 3.21       -1.3706392130258777e-16
 3.22       -1.356398099541103e-16
 3.23       -1.3422508769964764e-16
 3.24       -1.3281970166266885e-16
 3.25       -1.3142359972271716e-16
 3.26       -1.3003673050381355e-16
 3.27       -1.286590433630739e-16
 3.28       -1.2729048837953278e-16
 3.29       -1.2593101634317302e-16
 3.30       -1.2458057874415303e-16
 3.31       -1.2323912776223091e-16
 3.32       -1.2190661625637778e-16
 3.33       -1.205829977545805e-16
 3.34       -1.1926822644382602e-16
 3.35       -1.1796225716026535e-16
 3.36       -1.1666504537955358e-16
 3.37       -1.1537654720736176e-16
 3.38       -1.140967193700571e-16
 3.39       -1.1282551920554801e-16
 3.40       -1.1156290465429103e-16
 3.41       -1.103088342504556e-16
 3.42       -1.0906326711324446e-16
 3.43       -1.0782616293836481e-16
 3.44       -1.0659748198964944e-16
 3.45       -1.0537718509082302e-16
 3.46       -1.041652336174106e-16
 3.47       -1.029615894887875e-16
 3.48       -1.0176621516036431e-16
 3.49       -1.0057907361590826e-16
 3.50       -9.940012835999471e-17
 3.51       -9.822934341058836e-17
 3.52       -9.706668329175088e-17
 3.53       -9.59121130264723e-17
 3.54       -9.47655981296239e-17
 3.55       -9.362710460103056e-17
 3.56       -9.249659891865958e-17
 3.57       -9.137404803192358e-17
 3.58       -9.025941935509671e-17
 3.59       -8.915268076083975e-17
 3.60       -8.805380057383394e-17
 3.61       -8.696274756452007e-17
 3.62       -8.58794909429417e-17
 3.63       -8.480400035269015e-17
 3.64       -8.373624586494891e-17
 3.65       -8.267619797263645e-17
 3.66       -8.162382758464449e-17
 3.67       -8.057910602017119e-17
 3.68       -7.954200500314624e-17
 3.69       -7.851249665674632e-17
 3.70       -7.74905534980004e-17
 3.71       -7.647614843248131e-17
 3.72       -7.546925474908386e-17
 3.73       -7.446984611488579e-17
 3.74       -7.347789657009248e-17
 3.75       -7.249338052306168e-17
 3.76       -7.151627274540794e-17
 3.77       -7.054654836718454e-17
 3.78       -6.958418287214277e-17
 3.79       -6.862915209306535e-17
 3.80       -6.7681432207174e-17
 3.81       -6.674099973160929e-17
 3.82       -6.580783151898143e-17
 3.83       -6.488190475299072e-17
 3.84       -6.39631969441166e-17
 3.85       -6.305168592537355e-17
 3.86       -6.214734984813336e-17
 3.87       -6.125016717801202e-17
 3.88       -6.036011669082001e-17
 3.89       -5.947717746857522e-17
 3.90       -5.860132889557745e-17
 3.91       -5.773255065454272e-17
 3.92       -5.687082272279694e-17
 3.93       -5.601612536852772e-17
 3.94       -5.516843914709336e-17
 3.95       -5.4327744897387425e-17
 3.96       -5.3494023738259375e-17
 3.97       -5.2667257064987863e-17
 3.98       -5.1847426545808784e-17
 3.99       -5.10345141184941e-17
 4.00       -5.022850198698321e-17
 4.01       -4.942937261806366e-17
 4.02       -4.863710873810237e-17
 4.03       -4.7851693329824524e-17
 4.04       -4.707310962914133e-17
 4.05       -4.6301341122023786e-17
 4.06       -4.553637154142347e-17
 4.07       -4.4778184864238355e-17
 4.08       -4.402676530832311e-17
 4.09       -4.3282097329543443e-17
 4.10       -4.2544165618873644e-17
 4.11       -4.181295509953631e-17
 4.12       -4.108845092418376e-17
 4.13       -4.03706384721206e-17
 4.14       -3.965950334656615e-17
 4.15       -3.8955031371956734e-17
 4.16       -3.825720859128701e-17
 4.17       -3.7566021263489196e-17
 4.18       -3.6881455860850026e-17
 4.19       -3.620349906646493e-17
 4.20       -3.553213777172827e-17
 4.21       -3.4867359073859573e-17
 4.22       -3.420915027346476e-17
 4.23       -3.3557498872132096e-17
 4.24       -3.291239257006213e-17
 4.25       -3.2273819263731066e-17
 4.26       -3.164176704358705e-17
 4.27       -3.101622419177881e-17
 4.28       -3.039717917991623e-17
 4.29       -2.978462066686211e-17
 4.30       -2.9178537496554815e-17
 4.31       -2.8578918695861294e-17
 4.32       -2.798575347245981e-17
 4.33       -2.7399031212752e-17
 4.34       -2.6818741479803948e-17
 4.35       -2.624487401131541e-17
 4.36       -2.5677418717617348e-17
 4.37       -2.5116365679696494e-17
 4.38       -2.4561705147247488e-17
 4.39       -2.4013427536751153e-17
 4.40       -2.3471523429579287e-17
 4.41       -2.2935983570125238e-17
 4.42       -2.240679886395958e-17
 4.43       -2.18839603760111e-17
 4.44       -2.136745932877217e-17
 4.45       -2.0857287100528436e-17
 4.46       -2.035343522361211e-17
 4.47       -1.9855895382678998e-17
 4.48       -1.9364659413008407e-17
 4.49       -1.88797192988258e-17
 4.50       -1.8401067171647895e-17
 4.51       -1.7928695308649693e-17
 4.52       -1.7462596131053167e-17
 4.53       -1.7002762202537394e-17
 4.54       -1.6549186227669684e-17
 4.55       -1.6101861050357248e-17
 4.56       -1.5660779652319426e-17
 4.57       -1.5225935151579914e-17
 4.58       -1.479732080097862e-17
 4.59       -1.43749299867032e-17
 4.60       -1.3958756226839576e-17
 4.61       -1.3548793169941313e-17
 4.62       -1.3145034593617732e-17
 4.63       -1.2747474403140135e-17
 4.64       -1.2356106630066199e-17
 4.65       -1.1970925430882036e-17
 4.66       -1.1591925085661738e-17
 4.67       -1.1219099996744142e-17
 4.68       -1.0852444687426718e-17
 4.69       -1.0491953800675848e-17
 4.70       -1.0137622097853903e-17
 4.71       -9.789444457462263e-18
 4.72       -9.447415873900539e-18
 4.73       -9.111531456241365e-18
 4.74       -8.781786427020822e-18
 4.75       -8.458176121044043e-18
 4.76       -8.140695984205904e-18
 4.77       -7.829341572326627e-18
 4.78       -7.524108550001859e-18
 4.79       -7.224992689467285e-18
 4.80       -6.93198986947736e-18
 4.81       -6.645096074198026e-18
 4.82       -6.364307392113242e-18
 4.83       -6.089620014945086e-18
 4.84       -5.8210302365873e-18
 4.85       -5.5585344520518665e-18
 4.86       -5.3021291564287796e-18
 4.87       -5.051810943858546e-18
 4.88       -4.80757650651726e-18
 4.89       -4.569422633614267e-18
 4.90       -4.3373462104019946e-18
 4.91       -4.111344217197936e-18
 4.92       -3.8914137284184795e-18
 4.93       -3.677551911624646e-18
 4.94       -3.469756026579313e-18
 4.95       -3.2680234243157834e-18
 4.96       -3.07235154621787e-18
 4.97       -2.8827379231108065e-18
 4.98       -2.6991801743633514e-18
 4.99       -2.5216760070004788e-18
 5.00       -2.350223214826895e-18
 5.01       -2.1848196775609e-18
 5.02       -2.0254633599787715e-18
 5.03       -1.8721523110691367e-18
 5.04       -1.7248846631976524e-18
 5.05       -1.5836586312813986e-18
 5.06       -1.4484725119731885e-18
 5.07       -1.319324682855499e-18
 5.08       -1.1962136016439357e-18
 5.09       -1.0791378054000098e-18
 5.10       -9.680959097532891e-19
 5.11       -8.630866081326244e-19
 5.12       -7.641086710063527e-19
 5.13       -6.711609451314635e-19
 5.14       -5.842423528114484e-19
 5.15       -5.033518911628624e-19
 5.16       -4.2848863139034773e-19
 5.17       -3.5965171807010853e-19
 5.18       -2.968403684416324e-19
 5.19       -2.4005387170758647e-19
 5.20       -1.8929158834169707e-19
 5.21       -1.4455294940444203e-19
 5.22       -1.0583745586619507e-19
 5.23       -7.314467793696616e-20
 5.24       -4.647425440013084e-20
 5.25       -2.5825891938420376e-20
 5.26       -1.1199364375651713e-20
 5.27       -2.5945107197501316e-21
 5.28       1.0536018573581044e-23
 5.29       3.449528327893628e-21
 5.30       1.2909407011365187e-20
 5.31       2.839097676180409e-20
 5.32       4.989440323461754e-20
 5.33       7.741991409507549e-20
 5.34       1.1096779927412077e-19
 5.35       1.5053841046997828e-19
 5.36       1.9613216058839022e-19
 5.37       2.477495231772573e-19
 5.38       3.053910318646175e-19
 5.39       3.6905727980191666e-19
 5.40       4.387489191131712e-19
 5.41       5.144666603500345e-19
 5.42       5.962112719528898e-19
 5.43       6.839835797178476e-19
 5.44       7.777844662695713e-19
 5.45       8.776148705399635e-19
 5.46       9.834757872525069e-19
 5.47       1.0953682664123228e-18
 5.48       1.2132934128017578e-18
 5.49       1.33725238548151e-18
 5.50       1.4672463972972032e-18
 5.51       1.6032767143912954e-18
 5.52       1.745344655720345e-18
 5.53       1.8934515925774685e-18
 5.54       2.0475989481200117e-18
 5.55       2.2077881969022816e-18
 5.56       2.374020864413342e-18
 5.57       2.546298526619822e-18
 5.58       2.7246228095135766e-18
 5.59       2.90899538866424e-18
 5.60       3.0994179887765742e-18
 5.61       3.2958923832525347e-18
 5.62       3.498420393758046e-18
 5.63       3.707003889794339e-18
 5.64       3.921644788273873e-18
 5.65       4.142345053100835e-18
 5.66       4.3691066947559286e-18
 5.67       4.6019317698856986e-18
 5.68       4.840822380896122e-18
 5.69       5.085780675550541e-18
 5.70       5.33680884657172e-18
 5.71       5.5939091312482286e-18
 5.72       5.8570838110448595e-18
 5.73       6.126335211217076e-18
 5.74       6.401665700429716e-18
 5.75       6.683077690379336e-18
 5.76       6.970573635420786e-18
 5.77       7.264156032197583e-18
 5.78       7.563827419275946e-18
 5.79       7.869590376782935e-18
 5.80       8.181447526048046e-18
 5.81       8.499401529248691e-18
 5.82       8.823455089059245e-18
 5.83       9.153610948303789e-18
 5.84       9.48987188961224e-18
 5.85       9.832240735080257e-18
 5.86       1.0180720345932462e-17
 5.87       1.0535313622189063e-17
 5.88       1.0896023502336093e-17
 5.89       1.1262852962998797e-17
 5.90       1.1635805018618424e-17
 5.91       1.2014882721132277e-17
 5.92       1.2400089159657096e-17
 5.93       1.2791427460175521e-17
 5.94       1.3188900785225738e-17
 5.95       1.359251233359435e-17
 5.96       1.400226534001228e-17
 5.97       1.441816307485367e-17
 5.98       1.4840208843837948e-17
 5.99       1.5268405987734666e-17
 6.00       1.5702757882071548e-17
 6.01       1.6143267936845262e-17
 6.02       1.658993959623517e-17
 6.03       1.7042776338319728e-17
 6.04       1.7501781674796162e-17
 6.05       1.7966959150702302e-17
 6.06       1.8438312344141792e-17
 6.07       1.8915844866011415e-17
 6.08       1.939956035973176e-17
 6.09       1.9889462500979866e-17
 6.10       2.0385554997424997e-17
 6.11       2.0887841588466866e-17
 6.12       2.1396326044976307e-17
 6.13       2.1911012169038582e-17
 6.14       2.243190379369928e-17
 6.15       2.2959004782712515e-17
 6.16       2.3492319030291748e-17
 6.17       2.4031850460862897e-17
 6.18       2.457760302881984e-17
 6.19       2.512958071828259e-17
 6.20       2.568778754285714e-17
 6.21       2.6252227545398564e-17
 6.22       2.6822904797775502e-17
 6.23       2.739982340063751e-17
 6.24       2.7982987483184375e-17
 6.25       2.857240120293771e-17
 6.26       2.916806874551473e-17
 6.27       2.9769994324404276e-17
 6.28       3.0378182180744843e-17
 6.29       3.099263658310477e-17
 6.30       3.161336182726463e-17
 6.31       3.224036223600151e-17
 6.32       3.287364215887548e-17
 6.33       3.351320597201811e-17
 6.34       3.4159058077922606e-17
 6.35       3.481120290523682e-17
 6.36       3.5469644908556886e-17
 6.37       3.613438856822423e-17
 6.38       3.68054383901234e-17
 6.39       3.7482798905482243e-17
 6.40       3.8166474670674145e-17
 6.41       3.885647026702154e-17
 6.42       3.9552790300601907e-17
 6.43       4.025543940205508e-17
 6.44       4.096442222639262e-17
 6.45       4.1679743452808946e-17
 6.46       4.240140778449398e-17
 6.47       4.3129419948447974e-17
 6.48       4.3863784695297467e-17
 6.49       4.4604506799113604e-17
 6.50       4.5351591057231555e-17
 6.51       4.610504229007184e-17
 6.52       4.686486534096348e-17
 6.53       4.7631065075968374e-17
 6.54       4.8403646383707725e-17
 6.55       4.9182614175189615e-17
 6.56       4.996797338363835e-17
 6.57       5.075972896432566e-17
 6.58       5.1557885894403036e-17
 6.59       5.236244917273546e-17
 6.60       5.317342381973742e-17
 6.61       5.399081487720943e-17
 6.62       5.481462740817672e-17
 6.63       5.564486649672923e-17
 6.64       5.64815372478628e-17
 6.65       5.732464478732223e-17
 6.66       5.817419426144517e-17
 6.67       5.90301908370081e-17
 6.68       5.989263970107319e-17
 6.69       6.076154606083653e-17
 6.70       6.16369151434783e-17
 6.71       6.251875219601331e-17
 6.72       6.34070624851439e-17
 6.73       6.43018512971134e-17
 6.74       6.520312393756129e-17
 6.75       6.611088573137936e-17
 6.76       6.702514202256963e-17
 6.77       6.794589817410286e-17
 6.78       6.88731595677788e-17
 6.79       6.980693160408768e-17
 6.80       7.074721970207252e-17
 6.81       7.169402929919319e-17
 6.82       7.264736585119101e-17
 6.83       7.36072348319554e-17
 6.84       7.457364173339082e-17
 6.85       7.554659206528556e-17
 6.86       7.652609135518104e-17
 6.87       7.751214514824306e-17
 6.88       7.850475900713322e-17
 6.89       7.950393851188244e-17
 6.90       8.050968925976473e-17
 6.91       8.152201686517258e-17
 6.92       8.254092695949329e-17
 6.93       8.356642519098622e-17
 6.94       8.45985172246614e-17
 6.95       8.563720874215894e-17
 6.96       8.668250544162948e-17
 6.97       8.773441303761597e-17
 6.98       8.879293726093592e-17
 6.99       8.98580838585654e-17
 7.00       9.092985859352323e-17
 7.01       9.200826724475678e-17
 7.02       9.309331560702851e-17
 7.03       9.418500949080336e-17
 7.04       9.528335472213728e-17
 7.05       9.638835714256677e-17
 7.06       9.750002260899911e-17
 7.07       9.861835699360373e-17
 7.08       9.974336618370437e-17
 7.09       1.0087505608167215e-16
 7.10       1.0201343260481991e-16
 7.11       1.0315850168529662e-16
 7.12       1.0431026926998376e-16
 7.13       1.0546874132039155e-16
 7.14       1.0663392381255683e-16
 7.15       1.078058227369411e-16
 7.16       1.089844440983303e-16
 7.17       1.101697939157346e-16
 7.18       1.1136187822228914e-16
 7.19       1.1256070306515624e-16
 7.20       1.137662745054279e-16
 7.21       1.14978598618029e-16
 7.22       1.1619768149162143e-16
 7.23       1.1742352922850951e-16
 7.24       1.1865614794454552e-16
 7.25       1.198955437690361e-16
 7.26       1.2114172284464995e-16
 7.27       1.223946913273256e-16
 7.28       1.2365445538618046e-16
 7.29       1.2492102120342053e-16
 7.30       1.2619439497425033e-16
 7.31       1.2747458290678452e-16
 7.32       1.2876159122195945e-16
 7.33       1.3005542615344544e-16
 7.34       1.3135609394756071e-16
 7.35       1.3266360086318463e-16
 7.36       1.3397795317167284e-16
 7.37       1.3529915715677237e-16
 7.38       1.3662721911453797e-16
 7.39       1.3796214535324845e-16
 7.40       1.3930394219332438e-16
 7.41       1.4065261596724602e-16
 7.42       1.4200817301947223e-16
 7.43       1.433706197063596e-16
 7.44       1.4473996239608263e-16
 7.45       1.461162074685544e-16
 7.46       1.474993613153481e-16
 7.47       1.4888943033961844e-16
 7.48       1.5028642095602497e-16
 7.49       1.5169033959065445e-16
 7.50       1.5310119268094553e-16
 7.51       1.545189866756126e-16
 7.52       1.5594372803457082e-16
 7.53       1.5737542322886203e-16
 7.54       1.5881407874058084e-16
 7.55       1.6025970106280138e-16
 7.56       1.6171229669950475e-16
 7.57       1.6317187216550686e-16
 7.58       1.6463843398638728e-16
 7.59       1.661119886984178e-16
 7.60       1.6759254284849275e-16
 7.61       1.6908010299405847e-16
 7.62       1.7057467570304465e-16
 7.63       1.7207626755379571e-16
 7.64       1.735848851350017e-16
 7.65       1.751005350456319e-16
 7.66       1.766232238948671e-16
 7.67       1.7815295830203284e-16
 7.68       1.7968974489653383e-16
 7.69       1.8123359031778819e-16
 7.70       1.8278450121516253e-16
 7.71       1.8434248424790696e-16
 7.72       1.8590754608509198e-16
 7.73       1.8747969340554433e-16
 7.74       1.8905893289778366e-16
 7.75       1.9064527125996104e-16
 7.76       1.9223871519979584e-16
 7.77       1.9383927143451458e-16
 7.78       1.9544694669079039e-16
 7.79       1.970617477046812e-16
 7.80       1.986836812215705e-16
 7.81       2.0031275399610726e-16
 7.82       2.019489727921471e-16
 7.83       2.035923443826927e-16
 7.84       2.052428755498362e-16
 7.85       2.069005730847011e-16
 7.86       2.0856544378738457e-16
 7.87       2.102374944669009e-16
 7.88       2.119167319411244e-16
 7.89       2.1360316303673352e-16
 7.90       2.152967945891553e-16
 7.91       2.1699763344250964e-16
 7.92       2.1870568644955486e-16
 7.93       2.2042096047163298e-16
 7.94       2.221434623786154e-16
 7.95       2.238731990488502e-16
 7.96       2.256101773691078e-16
 7.97       2.273544042345286e-16
 7.98       2.2910588654857063e-16
 7.99       2.3086463122295753e-16
 8.00       2.3263064517762656e-16
 8.01       2.344039353406775e-16
 8.02       2.3618450864832214e-16
 8.03       2.3797237204483275e-16
 8.04       2.3976753248249345e-16
 8.05       2.4156999692154876e-16
 8.06       2.433797723301558e-16
 8.07       2.451968656843341e-16
 8.08       2.4702128396791783e-16
 8.09       2.488530341725063e-16
 8.10       2.506921232974174e-16
 8.11       2.525385583496392e-16
 8.12       2.54392346343783e-16
 8.13       2.562534943020362e-16
 8.14       2.581220092541164e-16
 8.15       2.599978982372239e-16
 8.16       2.618811682959973e-16
 8.17       2.637718264824674e-16
 8.18       2.6566987985601145e-16
 8.19       2.6757533548330944e-16
 8.20       2.6948820043829846e-16
 8.21       2.7140848180212935e-16
 8.22       2.7333618666312223e-16
 8.23       2.752713221167232e-16
 8.24       2.772138952654613e-16
 8.25       2.7916391321890513e-16
 8.26       2.811213830936206e-16
 8.27       2.8308631201312846e-16
 8.28       2.8505870710786235e-16
 8.29       2.8703857551512695e-16
 8.30       2.8902592437905714e-16
 8.31       2.9102076085057587e-16
 8.32       2.9302309208735456e-16
 8.33       2.950329252537718e-16
 8.34       2.970502675208734e-16
 8.35       2.9907512606633234e-16
 8.36       3.011075080744094e-16
 8.37       3.0314742073591357e-16
 8.38       3.0519487124816284e-16
 8.39       3.072498668149458e-16
 8.40       3.09312414646483e-16
 8.41       3.113825219593885e-16
 8.42       3.134601959766321e-16
 8.43       3.155454439275016e-16
 8.44       3.176382730475654e-16
 8.45       3.1973869057863537e-16
 8.46       3.218467037687297e-16
 8.47       3.239623198720364e-16
 8.48       3.260855461488773e-16
 8.49       3.2821638986567104e-16
 8.50       3.3035485829489845e-16
 8.51       3.325009587150658e-16
 8.52       3.3465469841066987e-16
 8.53       3.3681608467216305e-16
 8.54       3.3898512479591804e-16
 8.55       3.411618260841938e-16
 8.56       3.433461958451003e-16
 8.57       3.455382413925652e-16
 8.58       3.477379700462999e-16
 8.59       3.4994538913176533e-16
 8.60       3.521605059801388e-16
 8.61       3.543833279282808e-16
 8.62       3.5661386231870235e-16
 8.63       3.5885211649953146e-16
 8.64       3.610980978244819e-16
 8.65       3.633518136528192e-16
 8.66       3.656132713493303e-16
 8.67       3.678824782842909e-16
 8.68       3.701594418334332e-16
 8.69       3.7244416937791596e-16
 8.70       3.747366683042924e-16
 8.71       3.7703694600447904e-16
 8.72       3.793450098757255e-16
 8.73       3.8166086732058386e-16
 8.74       3.8398452574687793e-16
 8.75       3.8631599256767393e-16
 8.76       3.886552752012494e-16
 8.77       3.910023810710645e-16
 8.78       3.933573176057321e-16
 8.79       3.9572009223898834e-16
 8.80       3.980907124096642e-16
 8.81       4.004691855616552e-16
 8.82       4.0285551914389434e-16
 8.83       4.0524972061032243e-16
 8.84       4.0765179741986e-16
 8.85       4.1006175703637957e-16
 8.86       4.124796069286776e-16
 8.87       4.14905354570446e-16
 8.88       4.1733900744024534e-16
 8.89       4.197805730214775e-16
 8.90       4.2223005880235803e-16
 8.91       4.246874722758895e-16
 8.92       4.2715282093983403e-16
 8.93       4.296261122966875e-16
 8.94       4.32107353853653e-16
 8.95       4.3459655312261333e-16
 8.96       4.3709371762010663e-16
 8.97       4.3959885486729895e-16
 8.98       4.4211197238995966e-16
 8.99       4.44633077718435e-16
 9.00       4.471621783876226e-16
 9.01       4.496992819369471e-16
 9.02       4.522443959103345e-16
 9.03       4.54797527856187e-16
 9.04       4.573586853273589e-16
 9.05       4.599278758811307e-16
 9.06       4.625051070791867e-16
 9.07       4.650903864875888e-16
 9.08       4.676837216767539e-16
 9.09       4.702851202214282e-16
 9.10       4.728945897006656e-16
 9.11       4.755121376978024e-16
 9.12       4.781377718004339e-16
 9.13       4.807714996003923e-16
 9.14       4.834133286937223e-16
 9.15       4.860632666806585e-16
 9.16       4.887213211656024e-16
 9.17       4.913874997571009e-16
 9.18       4.940618100678207e-16
 9.19       4.967442597145296e-16
 9.20       4.994348563180712e-16
 9.21       5.021336075033449e-16
 9.22       5.048405208992827e-16
 9.23       5.075556041388279e-16
 9.24       5.102788648589124e-16
 9.25       5.130103107004365e-16
 9.26       5.157499493082468e-16
 9.27       5.184977883311155e-16
 9.28       5.212538354217173e-16
 9.29       5.240180982366116e-16
 9.30       5.267905844362184e-16
 9.31       5.295713016848002e-16
 9.32       5.323602576504395e-16
 9.33       5.351574600050187e-16
 9.34       5.37962916424201e-16
 9.35       5.40776634587409e-16
 9.36       5.435986221778043e-16
 9.37       5.464288868822688e-16
 9.38       5.492674363913836e-16
 9.39       5.52114278399411e-16
 9.40       5.549694206042727e-16
 9.41       5.578328707075318e-16
 9.42       5.607046364143735e-16
 9.43       5.635847254335852e-16
 9.44       5.664731454775376e-16
 9.45       5.693699042621669e-16
 9.46       5.722750095069535e-16
 9.47       5.751884689349059e-16
 9.48       5.781102902725406e-16
 9.49       5.81040481249864e-16
 9.50       5.839790496003533e-16
 9.51       5.869260030609403e-16
 9.52       5.89881349371991e-16
 9.53       5.928450962772885e-16
 9.54       5.958172515240152e-16
 9.55       5.987978228627351e-16
 9.56       6.017868180473756e-16
 9.57       6.047842448352105e-16
 9.58       6.077901109868419e-16
 9.59       6.108044242661837e-16
 9.60       6.138271924404432e-16
 9.61       6.16858423280105e-16
 9.62       6.198981245589137e-16
 9.63       6.229463040538568e-16
 9.64       6.260029695451476e-16
 9.65       6.29068128816209e-16
 9.66       6.321417896536572e-16
 9.67       6.352239598472837e-16
 9.68       6.38314647190041e-16
 9.69       6.414138594780244e-16
 9.70       6.445216045104571e-16
 9.71       6.476378900896731e-16
 9.72       6.507627240211019e-16
 9.73       6.538961141132527e-16
 9.74       6.570380681776977e-16
 9.75       6.601885940290572e-16
 9.76       6.633476994849834e-16
 9.77       6.665153923661465e-16
 9.78       6.696916804962165e-16
 9.79       6.728765717018499e-16
 9.80       6.76070073812674e-16
 9.81       6.792721946612717e-16
 9.82       6.8248294208316655e-16
 9.83       6.857023239168071e-16
 9.84       6.8893034800355375e-16
 9.85       6.921670221876618e-16
 9.86       6.954123543162683e-16
 9.87       6.986663522393766e-16
 9.88       7.019290238098429e-16
 9.89       7.052003768833601e-16
 9.90       7.084804193184455e-16
 9.91       7.117691589764253e-16
 9.92       7.150666037214204e-16
 9.93       7.183727614203329e-16
 9.94       7.216876399428317e-16
 9.95       7.250112471613386e-16
 9.96       7.283435909510147e-16
 9.97       7.316846791897469e-16
 9.98       7.350345197581339e-16
 9.99       7.383931205394722e-16
