 0.01       -2.0673818375896345e-14
 0.02       -1.0311466579641106e-14
 0.03       -6.846087932751656e-15
 0.04       -5.105004823202272e-15
 0.05       -4.053698448587362e-15
 0.06       -3.34734314143803e-15
 0.07       -2.8381684156958605e-15
 0.08       -2.4522994783313684e-15
 0.09       -2.148704066550149e-15
 0.10       -1.9027711826753402e-15
 0.11       -1.6988468827305532e-15
 0.12       -1.526502170731347e-15
 0.13       -1.378523403303705e-15
 0.14       -1.2497639494660296e-15
 0.15       -1.1364551864983354e-15
 0.16       -1.0357758723604955e-15
 0.17       -9.455735043158098e-16
 0.18       -8.64178558013391e-16
 0.19       -7.902773879129469e-16
 0.20       -7.228232575821342e-16
 0.21       -6.609727899089491e-16
 0.22       -6.040397490743799e-16
 0.23       -5.514608794017555e-16
 0.24       -5.027702844937569e-16
 0.25       -4.575799553765483e-16
 0.26       -4.155647921491061e-16
 0.27       -3.7645095415492147e-16
 0.28       -3.4000670654547814e-16
 0.29       -3.0603516065818666e-16
 0.30       -2.743684663187288e-16
 0.31       -2.448631282139173e-16
 0.32       -2.1739620044464402e-16
 0.33       -1.9186217297829226e-16
 0.34       -1.681704075507234e-16
 0.35       -1.4624301312792294e-16
 0.36       -1.2601307545737198e-16
 0.37       -1.0742317371919635e-16
 0.38       -9.042413139029292e-17
 0.39       -7.497395928320429e-17
 0.40       -6.10369571291637e-17
 0.41       -4.858294663679077e-17
 0.42       -3.758661411383182e-17
 0.43       -2.8026944816098057e-17
 0.44       -1.988673443064043e-17
 0.45       -1.3152165694500518e-17
 0.46       -7.81244023710296e-18
 0.47       -3.8594574214913356e-18
 0.48       -1.2875333304093948e-18
 0.49       -9.31541622501282e-20
 0.50       2.747592194908155e-19
 0.51       1.8325494279004365e-18
 0.52       4.768317949684721e-18
 0.53       9.085299972501525e-18
 0.54       1.478803918858567e-17
 0.55       2.188226883978728e-17
 0.56       3.037480550778496e-17
 0.57       4.0273454084275956e-17
 0.58       5.1586922571836956e-17
 0.59       6.432474554910336e-17
 0.60       7.849721528943163e-17
 0.61       9.411531965477398e-17
 0.62       1.1119068599982446e-16
 0.63       1.2973553041862635e-16
 0.64       1.4976261174931066e-16
 0.65       1.7128518982455092e-16
 0.66       1.9431698751743106e-16
 0.67       2.188721561861911e-16
 0.68       2.4496524416796536e-16
 0.69       2.726111680121966e-16
 0.70       3.0182518617975583e-16
 0.71       3.3262287496467337e-16
 0.72       3.6502010642239174e-16
 0.73       3.9903302811213446e-16
 0.74       4.3467804448178544e-16
 0.75       4.719717997419793e-16
 0.76       5.109311620922346e-16
 0.77       5.515732091762228e-16
 0.78       5.939152146558597e-16
 0.79       6.37974635805088e-16
 0.80       6.837691020341259e-16
 0.81       7.313164042637708e-16
 0.82       7.806344850771929e-16
 0.83       8.317414295836485e-16
 0.84       8.846554569347833e-16
 0.85       9.393949124397866e-16
 0.86       9.95978260230651e-16
 0.87       1.0544240764332742e-15
 0.88       1.114751042804171e-15
 0.89       1.1769779407961662e-15
 0.90       1.2411236460197134e-15
 0.91       1.307207123069397e-15
 0.92       1.3752474206878395e-15
 0.93       1.4452636672416122e-15
 0.94       1.5172750664859203e-15
 0.95       1.5913008935967778e-15
 0.96       1.6673604914511767e-15
 0.97       1.745473267137343e-15
 0.98       1.825658688678655e-15
 0.99       1.9079362819561095e-15
 1.00       1.9923256278154428e-15
 1.01       2.0788463593461e-15
 1.02       2.1675181593202726e-15
 1.03       2.2583607577811147e-15
 1.04       2.3513939297700977e-15
 1.05       2.4466374931842358e-15
 1.06       2.544111306754596e-15
 1.07       2.6438352681381676e-15
 1.08       2.7458293121157344e-15
 1.09       2.8501134088889465e-15
 1.10       2.956707562470286e-15
 1.11       3.065631809160052e-15
 1.12       3.17690621610494e-15
 1.13       3.290550879933162e-15
 1.14       3.406585925461394e-15
 1.15       3.525031504469188e-15
 1.16       3.6459077945367845e-15
 1.17       3.769234997942519e-15
 1.18       3.895033340616282e-15
 1.19       4.023323071145773e-15
 1.20       4.154124459832409e-15
 1.21       4.28745779779408e-15
 1.22       4.423343396111996e-15
 1.23       4.561801585019184e-15
 1.24       4.702852713128233e-15
 1.25       4.846517146696114e-15
 1.26       4.992815268923996e-15
 1.27       5.141767479290168e-15
 1.28       5.293394192914197e-15
 1.29       5.447715839950694e-15
 1.30       5.604752865011025e-15
 1.31       5.764525726611541e-15
 1.32       5.927054896646869e-15
 1.33       6.092360859886962e-15
 1.34       6.260464113496695e-15
 1.35       6.431385166576771e-15
 1.36       6.605144539724924e-15
 1.37       6.781762764616303e-15
 1.38       6.961260383602125e-15
 1.39       7.143657949325646e-15
 1.40       7.328976024354582e-15
 1.41       7.517235180829183e-15
 1.42       7.708456000125162e-15
 1.43       7.902659072530793e-15
 1.44       8.099864996937431e-15
 1.45       8.300094380542868e-15
 1.46       8.503367838566852e-15
 1.47       8.709705993978247e-15
 1.48       8.91912947723322e-15
 1.49       9.131658926024005e-15
 1.50       9.347314985037696e-15
 1.51       9.566118305724624e-15
 1.52       9.788089546075889e-15
 1.53       1.0013249370409607e-14
 1.54       1.0241618449165489e-14
 1.55       1.0473217458707357e-14
 1.56       1.0708067081133295e-14
 1.57       1.0946188004093005e-14
 1.58       1.1187600920612133e-14
 1.59       1.1432326528923215e-14
 1.60       1.168038553230296e-14
 1.61       1.1931798638915598e-14
 1.62       1.2186586561662025e-14
 1.63       1.2444770018034523e-14
 1.64       1.2706369729976761e-14
 1.65       1.2971406423748916e-14
 1.66       1.3239900829797646e-14
 1.67       1.3511873682630767e-14
 1.68       1.3787345720696353e-14
 1.69       1.4066337686266195e-14
 1.70       1.4348870325323317e-14
 1.71       1.463496438745348e-14
 1.72       1.4924640625740404e-14
 1.73       1.5217919796664733e-14
 1.74       1.5514822660006388e-14
 1.75       1.5815369978750308e-14
 1.76       1.611958251899539e-14
 1.77       1.6427481049866544e-14
 1.78       1.673908634342967e-14
 1.79       1.7054419174609524e-14
 1.80       1.7373500321110297e-14
 1.81       1.7696350563338845e-14
 1.82       1.8022990684330423e-14
 1.83       1.8353441469676882e-14
 1.84       1.86877237074572e-14
 1.85       1.9025858188170254e-14
 1.86       1.936786570466977e-14
 1.87       1.971376705210136e-14
 1.88       2.0063583027841574e-14
 1.89       2.041733443143887e-14
 1.90       2.0775042064556477e-14
 1.91       2.1136726730917003e-14
 1.92       2.1502409236248823e-14
 1.93       2.1872110388234128e-14
 1.94       2.2245850996458566e-14
 1.95       2.2623651872362408e-14
 1.96       2.3005533829193256e-14
 1.97       2.339151768196019e-14
 1.98       2.3781624247389237e-14
 1.99       2.41758743438803e-14
 2.00       2.457428879146522e-14
 2.01       2.4976888411767283e-14
 2.02       2.538369402796177e-14
 2.03       2.5794726464737716e-14
 2.04       2.6210006548260842e-14
 2.05       2.6629555106137534e-14
 2.06       2.7053392967379863e-14
 2.07       2.7481540962371632e-14
 2.08       2.7914019922835415e-14
 2.09       2.8350850681800517e-14
 2.10       2.8792054073571855e-14
 2.11       2.9237650933699766e-14
 2.12       2.9687662098950574e-14
 2.13       3.014210840727811e-14
 2.14       3.060101069779592e-14
 2.15       3.1064389810750294e-14
 2.16       3.15322665874941e-14
 2.17       3.200466187046124e-14
 2.18       3.248159650314183e-14
 2.19       3.296309133005816e-14
 2.20       3.344916719674117e-14
 2.21       3.393984494970768e-14
 2.22       3.443514543643814e-14
 2.23       3.4935089505355063e-14
 2.24       3.543969800580193e-14
 2.25       3.5948991788022844e-14
 2.26       3.6462991703142485e-14
 2.27       3.698171860314679e-14
 2.28       3.7505193340864005e-14
 2.29       3.8033436769946365e-14
 2.30       3.856646974485211e-14
 2.31       3.9104313120828107e-14
 2.32       3.964698775389278e-14
 2.33       4.019451450081961e-14
 2.34       4.0746914219121e-14
 2.35       4.130420776703252e-14
 2.36       4.1866416003497605e-14
 2.37       4.2433559788152595e-14
 2.38       4.300565998131226e-14
 2.39       4.358273744395549e-14
 2.40       4.416481303771155e-14
 2.41       4.4751907624846533e-14
 2.42       4.534404206825025e-14
 2.43       4.594123723142334e-14
 2.44       4.6543513978464824e-14
 2.45       4.71508931740598e-14
 2.46       4.776339568346763e-14
 2.47       4.8381042372510236e-14
 2.48       4.900385410756081e-14
 2.49       4.963185175553271e-14
 2.50       5.0265056183868707e-14
 2.51       5.090348826053034e-14
 2.52       5.154716885398774e-14
 2.53       5.2196118833209516e-14
 2.54       5.2850359067652934e-14
 2.55       5.3509910427254344e-14
 2.56       5.417479378241989e-14
 2.57       5.484503000401623e-14
 2.58       5.552063996336174e-14
 2.59       5.620164453221779e-14
 2.60       5.688806458278007e-14
 2.61       5.757992098767052e-14
 2.62       5.82772346199289e-14
 2.63       5.898002635300515e-14
 2.64       5.968831706075137e-14
 2.65       6.040212761741441e-14
 2.66       6.112147889762834e-14
 2.67       6.184639177640719e-14
 2.68       6.257688712913802e-14
 2.69       6.33129858315738e-14
 2.70       6.405470875982667e-14
 2.71       6.480207679036145e-14
 2.72       6.5555110799989e-14
 2.73       6.631383166585994e-14
 2.74       6.707826026545844e-14
 2.75       6.784841747659618e-14
 2.76       6.862432417740642e-14
 2.77       6.940600124633815e-14
 2.78       7.019346956215045e-14
 2.79       7.09867500039069e-14
 2.80       7.178586345097019e-14
 2.81       7.259083078299679e-14
 2.82       7.340167287993168e-14
 2.83       7.421841062200327e-14
 2.84       7.504106488971856e-14
 2.85       7.586965656385799e-14
 2.86       7.670420652547088e-14
 2.87       7.75447356558706e-14
 2.88       7.839126483663011e-14
 2.89       7.924381494957739e-14
 2.90       8.0102406876791e-14
 2.91       8.096706150059598e-14
 2.92       8.183779970355932e-14
 2.93       8.271464236848612e-14
 2.94       8.359761037841536e-14
 2.95       8.448672461661594e-14
 2.96       8.538200596658297e-14
 2.97       8.628347531203374e-14
 2.98       8.719115353690415e-14
 2.99       8.8105061525345e-14
 3.00       8.902522016171832e-14
 3.01       8.995165033059408e-14
 3.02       9.08843729167465e-14
 3.03       9.182340880515083e-14
 3.04       9.276877888098005e-14
 3.05       9.372050402960153e-14
 3.06       9.46786051365739e-14
 3.07       9.564310308764404e-14
 3.08       9.661401876874377e-14
 3.09       9.759137306598716e-14
 3.10       9.85751868656674e-14
 3.11       9.95654810542539e-14
 3.12       1.0056227651838969e-13
 3.13       1.0156559414488827e-13
 3.14       1.0257545482073132e-13
 3.15       1.0359187943306567e-13
 3.16       1.0461488886920096e-13
 3.17       1.056445040166069e-13
 3.18       1.0668074576291077e-13
 3.19       1.0772363499589507e-13
 3.20       1.0877319260349493e-13
 3.21       1.0982943947379588e-13
 3.22       1.1089239649503142e-13
 3.23       1.119620845555807e-13
 3.24       1.1303852454396648e-13
 3.25       1.1412173734885263e-13
 3.26       1.1521174385904218e-13
 3.27       1.1630856496347502e-13
 3.28       1.174122215512261e-13
 3.29       1.1852273451150302e-13
 3.30       1.196401247336443e-13
 3.31       1.2076441310711715e-13
 3.32       1.218956205215159e-13
 3.33       1.2303376786655956e-13
 3.34       1.2417887603209057e-13
 3.35       1.253309659080725e-13
 3.36       1.2649005838458837e-13
 3.37       1.2765617435183896e-13
 3.38       1.2882933470014094e-13
 3.39       1.300095603199253e-13
 3.40       1.3119687210173564e-13
 3.41       1.3239129093622637e-13
 3.42       1.3359283771416123e-13
 3.43       1.3480153332641175e-13
 3.44       1.360173986639554e-13
 3.45       1.3724045461787454e-13
 3.46       1.3847072207935433e-13
 3.47       1.397082219396818e-13
 3.48       1.4095297509024384e-13
 3.49       1.422050024225263e-13
 3.50       1.4346432482811228e-13
 3.51       1.4473096319868058e-13
 3.52       1.460049384260048e-13
 3.53       1.4728627140195168e-13
 3.54       1.4857498301847988e-13
 3.55       1.4987109416763854e-13
 3.56       1.5117462574156623e-13
 3.57       1.5248559863248958e-13
 3.58       1.538040337327221e-13
 3.59       1.551299519346628e-13
 3.60       1.564633741307954e-13
 3.61       1.5780432121368663e-13
 3.62       1.5915281407598545e-13
 3.63       1.605088736104219e-13
 3.64       1.618725207098057e-13
 3.65       1.6324377626702565e-13
 3.66       1.6462266117504799e-13
 3.67       1.6600919632691576e-13
 3.68       1.6740340261574757e-13
 3.69       1.688053009347367e-13
 3.70       1.7021491217714975e-13
 3.71       1.7163225723632628e-13
 3.72       1.730573570056773e-13
 3.73       1.7449023237868431e-13
 3.74       1.759309042488988e-13
 3.75       1.773793935099408e-13
 3.76       1.7883572105549838e-13
 3.77       1.8029990777932651e-13
 3.78       1.8177197457524616e-13
 3.79       1.832519423371437e-13
 3.80       1.8473983195896962e-13
 3.81       1.8623566433473806e-13
 3.82       1.877394603585259e-13
 3.83       1.8925124092447158e-13
 3.84       1.907710269267749e-13
 3.85       1.9229883925969582e-13
 3.86       1.938346988175538e-13
 3.87       1.9537862649472684e-13
 3.88       1.969306431856511e-13
 3.89       1.9849076978481984e-13
 3.90       2.0005902718678286e-13
 3.91       2.0163543628614562e-13
 3.92       2.0322001797756868e-13
 3.93       2.0481279315576697e-13
 3.94       2.06413782715509e-13
 3.95       2.0802300755161625e-13
 3.96       2.0964048855896267e-13
 3.97       2.1126624663247358e-13
 3.98       2.1290030266712545e-13
 3.99       2.1454267755794512e-13
 4.00       2.1619339220000914e-13
 4.01       2.1785246748844325e-13
 4.02       2.1951992431842137e-13
 4.03       2.2119578358516557e-13
 4.04       2.2288006618394538e-13
 4.05       2.2457279301007669e-13
 4.06       2.2627398495892164e-13
 4.07       2.2798366292588815e-13
 4.08       2.2970184780642887e-13
 4.09       2.314285604960412e-13
 4.10       2.3316382189026616e-13
 4.11       2.349076528846883e-13
 4.12       2.3666007437493526e-13
 4.13       2.384211072566766e-13
 4.14       2.401907724256241e-13
 4.15       2.4196909077753047e-13
 4.16       2.437560832081897e-13
 4.17       2.4555177061343573e-13
 4.18       2.473561738891425e-13
 4.19       2.4916931393122354e-13
 4.20       2.509912116356309e-13
 4.21       2.5282188789835563e-13
 4.22       2.5466136361542607e-13
 4.23       2.5650965968290863e-13
 4.24       2.583667969969067e-13
 4.25       2.602327964535604e-13
 4.26       2.6210767894904577e-13
 4.27       2.639914653795751e-13
 4.28       2.658841766413959e-13
 4.29       2.677858336307905e-13
 4.30       2.6969645724407594e-13
 4.31       2.716160683776036e-13
 4.32       2.7354468792775834e-13
 4.33       2.7548233679095863e-13
 4.34       2.774290358636558e-13
 4.35       2.793848060423339e-13
 4.36       2.813496682235092e-13
 4.37       2.8332364330372993e-13
 4.38       2.853067521795757e-13
 4.39       2.872990157476573e-13
 4.40       2.8930045490461643e-13
 4.41       2.913110905471251e-13
 4.42       2.9333094357188567e-13
 4.43       2.9536003487563e-13
 4.44       2.9739838535511967e-13
 4.45       2.99446015907145e-13
 4.46       3.0150294742852536e-13
 4.47       3.0356920081610857e-13
 4.48       3.056447969667704e-13
 4.49       3.0772975677741463e-13
 4.50       3.0982410114497264e-13
 4.51       3.119278509664028e-13
 4.52       3.140410271386903e-13
 4.53       3.161636505588474e-13
 4.54       3.1829574212391224e-13
 4.55       3.2043732273094924e-13
 4.56       3.2258841327704837e-13
 4.57       3.2474903465932526e-13
 4.58       3.269192077749207e-13
 4.59       3.2909895352100023e-13
 4.60       3.3128829279475414e-13
 4.61       3.334872464933972e-13
 4.62       3.3569583551416805e-13
 4.63       3.3791408075432944e-13
 4.64       3.4014200311116744e-13
 4.65       3.423796234819918e-13
 4.66       3.44626962764135e-13
 4.67       3.4688404185495254e-13
 4.68       3.491508816518226e-13
 4.69       3.5142750305214557e-13
 4.70       3.5371392695334396e-13
 4.71       3.5601017425286235e-13
 4.72       3.583162658481667e-13
 4.73       3.6063222263674466e-13
 4.74       3.6295806551610473e-13
 4.75       3.6529381538377687e-13
 4.76       3.6763949313731145e-13
 4.77       3.6999511967427937e-13
 4.78       3.7236071589227193e-13
 4.79       3.747363026889007e-13
 4.80       3.771219009617969e-13
 4.81       3.795175316086115e-13
 4.82       3.8192321552701503e-13
 4.83       3.843389736146973e-13
 4.84       3.8676482676936717e-13
 4.85       3.8920079588875247e-13
 4.86       3.916469018705996e-13
 4.87       3.9410316561267354e-13
 4.88       3.965696080127575e-13
 4.89       3.99046249968653e-13
 4.90       4.015331123781793e-13
 4.91       4.040302161391737e-13
 4.92       4.065375821494907e-13
 4.93       4.0905523130700246e-13
 4.94       4.115831845095983e-13
 4.95       4.1412146265518466e-13
 4.96       4.1667008664168463e-13
 4.97       4.192290773670383e-13
 4.98       4.217984557292022e-13
 4.99       4.2437824262614917e-13
 5.00       4.2696845895586835e-13
 5.01       4.295691256163647e-13
 5.02       4.3218026350565945e-13
 5.03       4.3480189352178934e-13
 5.04       4.374340365628068e-13
 5.05       4.400767135267792e-13
 5.06       4.427299453117901e-13
 5.07       4.453937528159373e-13
 5.08       4.4806815693733405e-13
 5.09       4.5075317857410847e-13
 5.10       4.534488386244028e-13
 5.11       4.561551579863745e-13
 5.12       4.588721575581951e-13
 5.13       4.615998582380504e-13
 5.14       4.643382809241403e-13
 5.15       4.670874465146787e-13
 5.16       4.698473759078932e-13
 5.17       4.726180900020255e-13
 5.18       4.753996096953303e-13
 5.19       4.781919558860766e-13
 5.20       4.809951494725458e-13
 5.21       4.838092113530329e-13
 5.22       4.86634162425846e-13
 5.23       4.894700235893059e-13
 5.24       4.923168157417467e-13
 5.25       4.951745597815147e-13
 5.26       4.980432766069689e-13
 5.27       5.009229871164809e-13
 5.28       5.038137122084346e-13
 5.29       5.067154727812255e-13
 5.30       5.096282897332626e-13
 5.31       5.125521839629654e-13
 5.32       5.154871763687662e-13
 5.33       5.184332878491085e-13
 5.34       5.21390539302448e-13
 5.35       5.243589516272516e-13
 5.36       5.273385457219976e-13
 5.37       5.30329342485176e-13
 5.38       5.333313628152875e-13
 5.39       5.363446276108439e-13
 5.40       5.39369157770369e-13
 5.41       5.424049741923964e-13
 5.42       5.45452097775471e-13
 5.43       5.485105494181481e-13
 5.44       5.515803500189943e-13
 5.45       5.54661520476586e-13
 5.46       5.577540816895104e-13
 5.47       5.608580545563648e-13
 5.48       5.639734599757569e-13
 5.49       5.671003188463048e-13
 5.50       5.70238652066636e-13
 5.51       5.733884805353883e-13
 5.52       5.765498251512095e-13
 5.53       5.797227068127575e-13
 5.54       5.829071464186984e-13
 5.55       5.861031648677099e-13
 5.56       5.893107830584777e-13
 5.57       5.925300218896979e-13
 5.58       5.957609022600751e-13
 5.59       5.990034450683241e-13
 5.60       6.022576712131679e-13
 5.61       6.055236015933396e-13
 5.62       6.088012571075802e-13
 5.63       6.120906586546407e-13
 5.64       6.153918271332802e-13
 5.65       6.18704783442267e-13
 5.66       6.22029548480378e-13
 5.67       6.253661431463988e-13
 5.68       6.287145883391229e-13
 5.69       6.320749049573534e-13
 5.70       6.354471138999011e-13
 5.71       6.388312360655851e-13
 5.72       6.422272923532332e-13
 5.73       6.456353036616805e-13
 5.74       6.490552908897714e-13
 5.75       6.524872749363572e-13
 5.76       6.559312767002982e-13
 5.77       6.593873170804617e-13
 5.78       6.628554169757234e-13
 5.79       6.663355972849666e-13
 5.80       6.698278789070822e-13
 5.81       6.733322827409689e-13
 5.82       6.76848829685533e-13
 5.83       6.80377540639688e-13
 5.84       6.839184365023551e-13
 5.85       6.874715381724628e-13
 5.86       6.910368665489468e-13
 5.87       6.946144425307504e-13
 5.88       6.982042870168236e-13
 5.89       7.018064209061238e-13
 5.90       7.054208650976155e-13
 5.91       7.090476404902703e-13
 5.92       7.126867679830663e-13
 5.93       7.163382684749891e-13
 5.94       7.200021628650305e-13
 5.95       7.236784720521893e-13
 5.96       7.273672169354716e-13
 5.97       7.310684184138889e-13
 5.98       7.347820973864609e-13
 5.99       7.385082747522123e-13
 6.00       7.422469714101753e-13
 6.01       7.45998208259388e-13
 6.02       7.497620061988955e-13
 6.03       7.535383861277487e-13
 6.04       7.57327368945005e-13
 6.05       7.611289755497279e-13
 6.06       7.649432268409866e-13
 6.07       7.68770143717858e-13
 6.08       7.726097470794233e-13
 6.09       7.764620578247706e-13
 6.10       7.80327096852994e-13
 6.11       7.842048850631933e-13
 6.12       7.880954433544743e-13
 6.13       7.919987926259485e-13
 6.14       7.95914953776733e-13
 6.15       7.998439477059515e-13
 6.16       8.037857953127326e-13
 6.17       8.077405174962104e-13
 6.18       8.117081351555253e-13
 6.19       8.156886691898228e-13
 6.20       8.19682140498254e-13
 6.21       8.236885699799753e-13
 6.22       8.277079785341491e-13
 6.23       8.31740387059942e-13
 6.24       8.357858164565277e-13
 6.25       8.398442876230834e-13
 6.26       8.439158214587927e-13
 6.27       8.480004388628438e-13
 6.28       8.520981607344308e-13
 6.29       8.562090079727519e-13
 6.30       8.603330014770112e-13
 6.31       8.644701621464173e-13
 6.32       8.686205108801844e-13
 6.33       8.727840685775311e-13
 6.34       8.769608561376813e-13
 6.35       8.811508944598636e-13
 6.36       8.853542044433113e-13
 6.37       8.89570806987263e-13
 6.38       8.938007229909617e-13
 6.39       8.980439733536553e-13
 6.40       9.023005789745957e-13
 6.41       9.06570560753041e-13
 6.42       9.108539395882521e-13
 6.43       9.151507363794962e-13
 6.44       9.194609720260433e-13
 6.45       9.237846674271696e-13
 6.46       9.281218434821548e-13
 6.47       9.324725210902832e-13
 6.48       9.368367211508439e-13
 6.49       9.412144645631295e-13
 6.50       9.456057722264382e-13
 6.51       9.500106650400712e-13
 6.52       9.544291639033349e-13
 6.53       9.5886128971554e-13
 6.54       9.633070633760004e-13
 6.55       9.677665057840356e-13
 6.56       9.722396378389678e-13
 6.57       9.767264804401242e-13
 6.58       9.812270544868366e-13
 6.59       9.85741380878439e-13
 6.60       9.902694805142718e-13
 6.61       9.948113742936775e-13
 6.62       9.993670831160029e-13
 6.63       1.0039366278806e-12
 6.64       1.0085200294868234e-12
 6.65       1.0131173088340315e-12
 6.66       1.017728486821588e-12
 6.67       1.0223535843488587e-12
 6.68       1.0269926223152138e-12
 6.69       1.0316456216200284e-12
 6.70       1.036312603162679e-12
 6.71       1.0409935878425481e-12
 6.72       1.045688596559021e-12
 6.73       1.0503976502114855e-12
 6.74       1.0551207696993352e-12
 6.75       1.0598579759219656e-12
 6.76       1.0646092897787764e-12
 6.77       1.069374732169171e-12
 6.78       1.0741543239925555e-12
 6.79       1.078948086148341e-12
 6.80       1.0837560395359408e-12
 6.81       1.088578205054772e-12
 6.82       1.0934146036042549e-12
 6.83       1.098265256083814e-12
 6.84       1.1031301833928757e-12
 6.85       1.1080094064308713e-12
 6.86       1.112902946097235e-12
 6.87       1.117810823291403e-12
 6.88       1.1227330589128167e-12
 6.89       1.1276696738609196e-12
 6.90       1.1326206890351582e-12
 6.91       1.1375861253349835e-12
 6.92       1.1425660036598485e-12
 6.93       1.1475603449092092e-12
 6.94       1.1525691699825261e-12
 6.95       1.1575924997792609e-12
 6.96       1.1626303551988807e-12
 6.97       1.167682757140853e-12
 6.98       1.1727497265046507e-12
 6.99       1.1778312841897484e-12
 7.00       1.1829274510956242e-12
 7.01       1.1880382481217584e-12
 7.02       1.193163696167636e-12
 7.03       1.1983038161327424e-12
 7.04       1.2034586289165685e-12
 7.05       1.2086281554186064e-12
 7.06       1.2138124165383513e-12
 7.07       1.2190114331753025e-12
 7.08       1.22422522622896e-12
 7.09       1.2294538165988283e-12
 7.10       1.2346972251844142e-12
 7.11       1.2399554728852273e-12
 7.12       1.2452285806007797e-12
 7.13       1.2505165692305861e-12
 7.14       1.2558194596741647e-12
 7.15       1.2611372728310364e-12
 7.16       1.2664700296007228e-12
 7.17       1.271817750882751e-12
 7.18       1.2771804575766491e-12
 7.19       1.2825581705819479e-12
 7.20       1.2879509107981812e-12
 7.21       1.2933586991248848e-12
 7.22       1.2987815564615982e-12
 7.23       1.3042195037078617e-12
 7.24       1.3096725617632205e-12
 7.25       1.3151407515272196e-12
 7.26       1.3206240938994087e-12
 7.27       1.3261226097793395e-12
 7.28       1.3316363200665644e-12
 7.29       1.337165245660641e-12
 7.30       1.342709407461127e-12
 7.31       1.3482688263675842e-12
 7.32       1.353843523279576e-12
 7.33       1.3594335190966676e-12
 7.34       1.365038834718428e-12
 7.35       1.3706594910444278e-12
 7.36       1.376295508974239e-12
 7.37       1.3819469094074377e-12
 7.38       1.3876137132436011e-12
 7.39       1.3932959413823088e-12
 7.40       1.3989936147231438e-12
 7.41       1.404706754165689e-12
 7.42       1.4104353806095317e-12
 7.43       1.4161795149542613e-12
 7.44       1.4219391780994676e-12
 7.45       1.427714390944744e-12
 7.46       1.433505174389687e-12
 7.47       1.4393115493338932e-12
 7.48       1.445133536676962e-12
 7.49       1.4509711573184957e-12
 7.50       1.456824432158098e-12
 7.51       1.4626933820953758e-12
 7.52       1.4685780280299356e-12
 7.53       1.474478390861389e-12
 7.54       1.4803944914893476e-12
 7.55       1.4863263508134262e-12
 7.56       1.4922739897332408e-12
 7.57       1.4982374291484097e-12
 7.58       1.5042166899585534e-12
 7.59       1.5102117930632948e-12
 7.60       1.5162227593622577e-12
 7.61       1.5222496097550685e-12
 7.62       1.5282923651413556e-12
 7.63       1.534351046420749e-12
 7.64       1.5404256744928812e-12
 7.65       1.5465162702573866e-12
 7.66       1.552622854613901e-12
 7.67       1.5587454484620618e-12
 7.68       1.5648840727015095e-12
 7.69       1.5710387482318853e-12
 7.70       1.5772094959528327e-12
 7.71       1.5833963367639973e-12
 7.72       1.5895992915650267e-12
 7.73       1.595818381255569e-12
 7.74       1.6020536267352754e-12
 7.75       1.608305048903799e-12
 7.76       1.6145726686607937e-12
 7.77       1.6208565069059163e-12
 7.78       1.6271565845388238e-12
 7.79       1.6334729224591768e-12
 7.80       1.6398055415666365e-12
 7.81       1.6461544627608658e-12
 7.82       1.65251970694153e-12
 7.83       1.6589012950082953e-12
 7.84       1.6652992478608307e-12
 7.85       1.6717135863988055e-12
 7.86       1.6781443315218918e-12
 7.87       1.6845915041297629e-12
 7.88       1.6910551251220936e-12
 7.89       1.697535215398561e-12
 7.90       1.7040317958588426e-12
 7.91       1.7105448874026188e-12
 7.92       1.7170745109295714e-12
 7.93       1.7236206873393828e-12
 7.94       1.730183437531739e-12
 7.95       1.736762782406325e-12
 7.96       1.743358742862829e-12
 7.97       1.7499713398009406e-12
 7.98       1.7566005941203507e-12
 7.99       1.7632465267207524e-12
 8.00       1.769909158501839e-12
 8.01       1.7765885103633062e-12
 8.02       1.7832846032048516e-12
 8.03       1.7899974579261733e-12
 8.04       1.7967270954269713e-12
 8.05       1.8034735366069483e-12
 8.06       1.8102368023658062e-12
 8.07       1.8170169136032498e-12
 8.08       1.8238138912189854e-12
 8.09       1.830627756112721e-12
 8.10       1.837458529184164e-12
 8.11       1.8443062313330257e-12
 8.12       1.851170883459018e-12
 8.13       1.8580525064618537e-12
 8.14       1.8649511212412476e-12
 8.15       1.8718667486969154e-12
 8.16       1.8787994097285755e-12
 8.17       1.885749125235945e-12
 8.18       1.8927159161187444e-12
 8.19       1.899699803276697e-12
 8.20       1.906700807609523e-12
 8.21       1.9137189500169486e-12
 8.22       1.920754251398698e-12
 8.23       1.927806732654499e-12
 8.24       1.9348764146840794e-12
 8.25       1.941963318387169e-12
 8.26       1.9490674646634982e-12
 8.27       1.9561888744127992e-12
 8.28       1.963327568534805e-12
 8.29       1.9704835679292516e-12
 8.30       1.9776568934958733e-12
 8.31       1.9848475661344084e-12
 8.32       1.9920556067445954e-12
 8.33       1.9992810362261735e-12
 8.34       2.006523875478884e-12
 8.35       2.0137841454024695e-12
 8.36       2.0210618668966723e-12
 8.37       2.028357060861238e-12
 8.38       2.0356697481959124e-12
 8.39       2.0429999498004427e-12
 8.40       2.050347686574577e-12
 8.41       2.0577129794180648e-12
 8.42       2.0650958492306564e-12
 8.43       2.072496316912104e-12
 8.44       2.079914403362161e-12
 8.45       2.0873501294805818e-12
 8.46       2.094803516167121e-12
 8.47       2.1022745843215346e-12
 8.48       2.1097633548435815e-12
 8.49       2.11726984863302e-12
 8.50       2.1247940865896104e-12
 8.51       2.132336089613114e-12
 8.52       2.139895878603292e-12
 8.53       2.147473474459908e-12
 8.54       2.155068898082727e-12
 8.55       2.1626821703715128e-12
 8.56       2.1703133122260346e-12
 8.57       2.1779623445460576e-12
 8.58       2.1856292882313523e-12
 8.59       2.193314164181688e-12
 8.60       2.2010169932968354e-12
 8.61       2.2087377964765665e-12
 8.62       2.216476594620654e-12
 8.63       2.2242334086288735e-12
 8.64       2.232008259400998e-12
 8.65       2.2398011678368054e-12
 8.66       2.2476121548360714e-12
 8.67       2.2554412412985756e-12
 8.68       2.2632884481240958e-12
 8.69       2.2711537962124133e-12
 8.70       2.27903730646331e-12
 8.71       2.286938999776566e-12
 8.72       2.2948588970519654e-12
 8.73       2.302797019189294e-12
 8.74       2.310753387088335e-12
 8.75       2.318728021648876e-12
 8.76       2.326720943770703e-12
 8.77       2.3347321743536053e-12
 8.78       2.3427617342973713e-12
 8.79       2.350809644501791e-12
 8.80       2.3588759258666557e-12
 8.81       2.3669605992917567e-12
 8.82       2.3750636856768878e-12
 8.83       2.3831852059218427e-12
 8.84       2.3913251809264164e-12
 8.85       2.3994836315904035e-12
 8.86       2.407660578813602e-12
 8.87       2.415856043495808e-12
 8.88       2.4240700465368208e-12
 8.89       2.4323026088364392e-12
 8.90       2.440553751294465e-12
 8.91       2.4488234948106974e-12
 8.92       2.4571118602849397e-12
 8.93       2.4654188686169937e-12
 8.94       2.4737445407066643e-12
 8.95       2.4820888974537557e-12
 8.96       2.490451959758073e-12
 8.97       2.498833748519423e-12
 8.98       2.5072342846376126e-12
 8.99       2.515653589012451e-12
 9.00       2.524091682543746e-12
 9.01       2.5325485861313082e-12
 9.02       2.5410243206749473e-12
 9.03       2.5495189070744767e-12
 9.04       2.558032366229706e-12
 9.05       2.5665647190404503e-12
 9.06       2.5751159864065223e-12
 9.07       2.583686189227738e-12
 9.08       2.5922753484039135e-12
 9.09       2.6008834848348626e-12
 9.10       2.6095106194204053e-12
 9.11       2.618156773060357e-12
 9.12       2.6268219666545395e-12
 9.13       2.6355062211027702e-12
 9.14       2.6442095573048698e-12
 9.15       2.65293199616066e-12
 9.16       2.661673558569963e-12
 9.17       2.6704342654326e-12
 9.18       2.6792141376483963e-12
 9.19       2.6880131961171752e-12
 9.20       2.696831461738762e-12
 9.21       2.7056689554129826e-12
 9.22       2.714525698039663e-12
 9.23       2.7234017105186307e-12
 9.24       2.7322970137497143e-12
 9.25       2.741211628632742e-12
 9.26       2.7501455760675426e-12
 9.27       2.7590988769539484e-12
 9.28       2.768071552191788e-12
 9.29       2.7770636226808953e-12
 9.30       2.7860751093211007e-12
 9.31       2.7951060330122385e-12
 9.32       2.8041564146541423e-12
 9.33       2.8132262751466472e-12
 9.34       2.8223156353895867e-12
 9.35       2.831424516282799e-12
 9.36       2.8405529387261197e-12
 9.37       2.849700923619386e-12
 9.38       2.8588684918624357e-12
 9.39       2.8680556643551085e-12
 9.40       2.8772624619972434e-12
 9.41       2.88648890568868e-12
 9.42       2.89573501632926e-12
 9.43       2.905000814818823e-12
 9.44       2.914286322057214e-12
 9.45       2.923591558944274e-12
 9.46       2.9329165463798453e-12
 9.47       2.9422613052637743e-12
 9.48       2.9516258564959055e-12
 9.49       2.9610102209760832e-12
 9.50       2.9704144196041532e-12
 9.51       2.9798384732799646e-12
 9.52       2.9892824029033617e-12
 9.53       2.998746229374194e-12
 9.54       3.0082299735923102e-12
 9.55       3.0177336564575587e-12
 9.56       3.0272572988697912e-12
 9.57       3.0368009217288564e-12
 9.58       3.0463645459346058e-12
 9.59       3.055948192386892e-12
 9.60       3.065551881985566e-12
 9.61       3.0751756356304827e-12
 9.62       3.084819474221494e-12
 9.63       3.0944834186584545e-12
 9.64       3.1041674898412195e-12
 9.65       3.113871708669643e-12
 9.66       3.1235960960435825e-12
 9.67       3.1333406728628945e-12
 9.68       3.1431054600274357e-12
 9.69       3.1528904784370637e-12
 9.70       3.162695748991637e-12
 9.71       3.172521292591015e-12
 9.72       3.1823671301350555e-12
 9.73       3.1922332825236216e-12
 9.74       3.202119770656572e-12
 9.75       3.2120266154337674e-12
 9.76       3.2219538377550703e-12
 9.77       3.2319014585203432e-12
 9.78       3.2418694986294497e-12
 9.79       3.2518579789822517e-12
 9.80       3.2618669204786138e-12
 9.81       3.271896344018402e-12
 9.82       3.2819462705014784e-12
 9.83       3.292016720827712e-12
 9.84       3.302107715896967e-12
 9.85       3.3122192766091104e-12
 9.86       3.32235142386401e-12
 9.87       3.332504178561534e-12
 9.88       3.3426775616015492e-12
 9.89       3.3528715938839257e-12
 9.90       3.3630862963085327e-12
 9.91       3.373321689775241e-12
 9.92       3.383577795183918e-12
 9.93       3.393854633434439e-12
 9.94       3.4041522254266728e-12
 9.95       3.4144705920604915e-12
 9.96       3.424809754235768e-12
 9.97       3.4351697328523763e-12
 9.98       3.4455505488101886e-12
 9.99       3.45595222300908e-12
