 0.01       nan       
 0.02       nan       
 0.03       nan       
 0.04       nan       
 0.05       nan       
 0.06       nan       
 0.07       nan       
 0.08       nan       
 0.09       nan       
 0.10       nan       
 0.11       nan       
 0.12       nan       
 0.13       nan       
 0.14       nan       
 0.15       nan       
 0.16       nan       
 0.17       nan       
 0.18       nan       
 0.19       nan       
 0.20       nan       
 0.21       nan       
 0.22       nan       
 0.23       nan       
 0.24       nan       
 0.25       nan       
 0.26       nan       
 0.27       nan       
 0.28       nan       
 0.29       nan       
 0.30       nan       
 0.31       nan       
 0.32       nan       
 0.33       nan       
 0.34       nan       
 0.35       nan       
 0.36       nan       
 0.37       nan       
 0.38       nan       
 0.39       nan       
 0.40       nan       
 0.41       nan       
 0.42       nan       
 0.43       nan       
 0.44       nan       
 0.45       nan       
 0.46       nan       
 0.47       nan       
 0.48       nan       
 0.49       nan       
 0.50       nan       
 0.51       nan       
 0.52       nan       
 0.53       nan       
 0.54       nan       
 0.55       nan       
 0.56       nan       
 0.57       nan       
 0.58       nan       
 0.59       nan       
 0.60       nan       
 0.61       nan       
 0.62       nan       
 0.63       nan       
 0.64       nan       
 0.65       nan       
 0.66       nan       
 0.67       nan       
 0.68       nan       
 0.69       nan       
 0.70       nan       
 0.71       nan       
 0.72       nan       
 0.73       nan       
 0.74       nan       
 0.75       nan       
 0.76       nan       
 0.77       nan       
 0.78       nan       
 0.79       nan       
 0.80       nan       
 0.81       nan       
 0.82       nan       
 0.83       nan       
 0.84       nan       
 0.85       nan       
 0.86       nan       
 0.87       nan       
 0.88       nan       
 0.89       nan       
 0.90       nan       
 0.91       nan       
 0.92       nan       
 0.93       nan       
 0.94       nan       
 0.95       nan       
 0.96       nan       
 0.97       nan       
 0.98       nan       
 0.99       nan       
 1.00       nan       
 1.01       nan       
 1.02       nan       
 1.03       nan       
 1.04       nan       
 1.05       nan       
 1.06       nan       
 1.07       nan       
 1.08       nan       
 1.09       nan       
 1.10       nan       
 1.11       nan       
 1.12       nan       
 1.13       nan       
 1.14       nan       
 1.15       nan       
 1.16       nan       
 1.17       nan       
 1.18       nan       
 1.19       nan       
 1.20       nan       
 1.21       nan       
 1.22       nan       
 1.23       nan       
 1.24       nan       
 1.25       nan       
 1.26       nan       
 1.27       nan       
 1.28       nan       
 1.29       nan       
 1.30       nan       
 1.31       nan       
 1.32       nan       
 1.33       nan       
 1.34       nan       
 1.35       nan       
 1.36       nan       
 1.37       nan       
 1.38       nan       
 1.39       nan       
 1.40       nan       
 1.41       nan       
 1.42       nan       
 1.43       nan       
 1.44       nan       
 1.45       nan       
 1.46       nan       
 1.47       nan       
 1.48       nan       
 1.49       nan       
 1.50       nan       
 1.51       nan       
 1.52       nan       
 1.53       nan       
 1.54       nan       
 1.55       nan       
 1.56       nan       
 1.57       nan       
 1.58       nan       
 1.59       nan       
 1.60       nan       
 1.61       nan       
 1.62       nan       
 1.63       nan       
 1.64       nan       
 1.65       nan       
 1.66       nan       
 1.67       nan       
 1.68       nan       
 1.69       nan       
 1.70       nan       
 1.71       nan       
 1.72       nan       
 1.73       nan       
 1.74       nan       
 1.75       nan       
 1.76       nan       
 1.77       nan       
 1.78       nan       
 1.79       nan       
 1.80       nan       
 1.81       nan       
 1.82       nan       
 1.83       nan       
 1.84       nan       
 1.85       nan       
 1.86       nan       
 1.87       nan       
 1.88       nan       
 1.89       nan       
 1.90       nan       
 1.91       nan       
 1.92       nan       
 1.93       nan       
 1.94       nan       
 1.95       nan       
 1.96       nan       
 1.97       nan       
 1.98       nan       
 1.99       nan       
 2.00       nan       
 2.01       nan       
 2.02       nan       
 2.03       nan       
 2.04       nan       
 2.05       nan       
 2.06       nan       
 2.07       nan       
 2.08       nan       
 2.09       nan       
 2.10       nan       
 2.11       nan       
 2.12       nan       
 2.13       nan       
 2.14       nan       
 2.15       nan       
 2.16       nan       
 2.17       nan       
 2.18       nan       
 2.19       nan       
 2.20       nan       
 2.21       nan       
 2.22       nan       
 2.23       nan       
 2.24       nan       
 2.25       nan       
 2.26       nan       
 2.27       nan       
 2.28       nan       
 2.29       nan       
 2.30       nan       
 2.31       nan       
 2.32       nan       
 2.33       nan       
 2.34       nan       
 2.35       nan       
 2.36       nan       
 2.37       nan       
 2.38       nan       
 2.39       nan       
 2.40       nan       
 2.41       nan       
 2.42       nan       
 2.43       nan       
 2.44       nan       
 2.45       nan       
 2.46       nan       
 2.47       nan       
 2.48       nan       
 2.49       nan       
 2.50       nan       
 2.51       nan       
 2.52       nan       
 2.53       nan       
 2.54       nan       
 2.55       nan       
 2.56       nan       
 2.57       nan       
 2.58       nan       
 2.59       nan       
 2.60       nan       
 2.61       nan       
 2.62       nan       
 2.63       nan       
 2.64       nan       
 2.65       nan       
 2.66       nan       
 2.67       nan       
 2.68       nan       
 2.69       nan       
 2.70       nan       
 2.71       nan       
 2.72       nan       
 2.73       nan       
 2.74       nan       
 2.75       nan       
 2.76       nan       
 2.77       nan       
 2.78       nan       
 2.79       nan       
 2.80       nan       
 2.81       nan       
 2.82       nan       
 2.83       nan       
 2.84       nan       
 2.85       nan       
 2.86       nan       
 2.87       nan       
 2.88       nan       
 2.89       nan       
 2.90       nan       
 2.91       nan       
 2.92       nan       
 2.93       nan       
 2.94       nan       
 2.95       nan       
 2.96       nan       
 2.97       nan       
 2.98       nan       
 2.99       nan       
 3.00       nan       
 3.01       nan       
 3.02       nan       
 3.03       nan       
 3.04       nan       
 3.05       nan       
 3.06       nan       
 3.07       nan       
 3.08       nan       
 3.09       nan       
 3.10       nan       
 3.11       nan       
 3.12       nan       
 3.13       nan       
 3.14       nan       
 3.15       nan       
 3.16       nan       
 3.17       nan       
 3.18       nan       
 3.19       nan       
 3.20       nan       
 3.21       nan       
 3.22       nan       
 3.23       nan       
 3.24       nan       
 3.25       nan       
 3.26       nan       
 3.27       nan       
 3.28       nan       
 3.29       nan       
 3.30       nan       
 3.31       nan       
 3.32       nan       
 3.33       nan       
 3.34       nan       
 3.35       nan       
 3.36       nan       
 3.37       nan       
 3.38       nan       
 3.39       nan       
 3.40       nan       
 3.41       nan       
 3.42       nan       
 3.43       nan       
 3.44       nan       
 3.45       nan       
 3.46       nan       
 3.47       nan       
 3.48       nan       
 3.49       nan       
 3.50       nan       
 3.51       nan       
 3.52       nan       
 3.53       nan       
 3.54       nan       
 3.55       nan       
 3.56       nan       
 3.57       nan       
 3.58       nan       
 3.59       nan       
 3.60       nan       
 3.61       nan       
 3.62       nan       
 3.63       nan       
 3.64       nan       
 3.65       nan       
 3.66       nan       
 3.67       nan       
 3.68       nan       
 3.69       nan       
 3.70       nan       
 3.71       nan       
 3.72       nan       
 3.73       nan       
 3.74       nan       
 3.75       nan       
 3.76       nan       
 3.77       nan       
 3.78       nan       
 3.79       nan       
 3.80       nan       
 3.81       nan       
 3.82       nan       
 3.83       nan       
 3.84       nan       
 3.85       nan       
 3.86       nan       
 3.87       nan       
 3.88       nan       
 3.89       nan       
 3.90       nan       
 3.91       nan       
 3.92       nan       
 3.93       nan       
 3.94       nan       
 3.95       nan       
 3.96       nan       
 3.97       nan       
 3.98       nan       
 3.99       nan       
 4.00       nan       
 4.01       nan       
 4.02       nan       
 4.03       nan       
 4.04       nan       
 4.05       nan       
 4.06       nan       
 4.07       nan       
 4.08       nan       
 4.09       nan       
 4.10       nan       
 4.11       nan       
 4.12       nan       
 4.13       nan       
 4.14       nan       
 4.15       nan       
 4.16       nan       
 4.17       nan       
 4.18       nan       
 4.19       nan       
 4.20       nan       
 4.21       nan       
 4.22       nan       
 4.23       nan       
 4.24       nan       
 4.25       nan       
 4.26       nan       
 4.27       nan       
 4.28       nan       
 4.29       nan       
 4.30       nan       
 4.31       nan       
 4.32       nan       
 4.33       nan       
 4.34       nan       
 4.35       nan       
 4.36       nan       
 4.37       nan       
 4.38       nan       
 4.39       nan       
 4.40       nan       
 4.41       nan       
 4.42       nan       
 4.43       nan       
 4.44       nan       
 4.45       nan       
 4.46       nan       
 4.47       nan       
 4.48       nan       
 4.49       nan       
 4.50       nan       
 4.51       nan       
 4.52       nan       
 4.53       nan       
 4.54       nan       
 4.55       nan       
 4.56       nan       
 4.57       nan       
 4.58       nan       
 4.59       nan       
 4.60       nan       
 4.61       nan       
 4.62       nan       
 4.63       nan       
 4.64       nan       
 4.65       nan       
 4.66       nan       
 4.67       nan       
 4.68       nan       
 4.69       nan       
 4.70       nan       
 4.71       nan       
 4.72       nan       
 4.73       nan       
 4.74       nan       
 4.75       nan       
 4.76       nan       
 4.77       nan       
 4.78       nan       
 4.79       nan       
 4.80       nan       
 4.81       nan       
 4.82       nan       
 4.83       nan       
 4.84       nan       
 4.85       nan       
 4.86       nan       
 4.87       nan       
 4.88       nan       
 4.89       nan       
 4.90       nan       
 4.91       nan       
 4.92       nan       
 4.93       nan       
 4.94       nan       
 4.95       nan       
 4.96       nan       
 4.97       nan       
 4.98       nan       
 4.99       nan       
 5.00       nan       
 5.01       nan       
 5.02       nan       
 5.03       nan       
 5.04       nan       
 5.05       nan       
 5.06       nan       
 5.07       nan       
 5.08       nan       
 5.09       nan       
 5.10       nan       
 5.11       nan       
 5.12       nan       
 5.13       nan       
 5.14       nan       
 5.15       nan       
 5.16       nan       
 5.17       nan       
 5.18       nan       
 5.19       nan       
 5.20       nan       
 5.21       nan       
 5.22       nan       
 5.23       nan       
 5.24       nan       
 5.25       nan       
 5.26       nan       
 5.27       nan       
 5.28       nan       
 5.29       nan       
 5.30       nan       
 5.31       nan       
 5.32       nan       
 5.33       nan       
 5.34       nan       
 5.35       nan       
 5.36       nan       
 5.37       nan       
 5.38       nan       
 5.39       nan       
 5.40       nan       
 5.41       nan       
 5.42       nan       
 5.43       nan       
 5.44       nan       
 5.45       nan       
 5.46       nan       
 5.47       nan       
 5.48       nan       
 5.49       nan       
 5.50       nan       
 5.51       nan       
 5.52       nan       
 5.53       nan       
 5.54       nan       
 5.55       nan       
 5.56       nan       
 5.57       nan       
 5.58       nan       
 5.59       nan       
 5.60       nan       
 5.61       nan       
 5.62       nan       
 5.63       nan       
 5.64       nan       
 5.65       nan       
 5.66       nan       
 5.67       nan       
 5.68       nan       
 5.69       nan       
 5.70       nan       
 5.71       nan       
 5.72       nan       
 5.73       nan       
 5.74       nan       
 5.75       nan       
 5.76       nan       
 5.77       nan       
 5.78       nan       
 5.79       nan       
 5.80       nan       
 5.81       nan       
 5.82       nan       
 5.83       nan       
 5.84       nan       
 5.85       nan       
 5.86       nan       
 5.87       nan       
 5.88       nan       
 5.89       nan       
 5.90       nan       
 5.91       nan       
 5.92       nan       
 5.93       nan       
 5.94       nan       
 5.95       nan       
 5.96       nan       
 5.97       nan       
 5.98       nan       
 5.99       nan       
 6.00       nan       
 6.01       1.1320615683831688e-21
 6.02       1.2869467753444722e-20
 6.03       5.326570565524949e-20
 6.04       1.45907241561526e-19
 6.05       3.188102609011649e-19
 6.06       6.038379190445246e-19
 6.07       1.0362704794962572e-18
 6.08       1.6545536154648885e-18
 6.09       2.5000412603516844e-18
 6.10       3.616827993772716e-18
 6.11       5.05163072252854e-18
 6.12       6.853622879156073e-18
 6.13       9.074356261947525e-18
 6.14       1.1767654303916776e-17
 6.15       1.4989570001029733e-17
 6.16       1.8798263229158864e-17
 6.17       2.3253970908011435e-17
 6.18       2.8418942941286085e-17
 6.19       3.4357381127212644e-17
 6.20       4.1135431578887135e-17
 6.21       4.882108706774596e-17
 6.22       5.748418349448222e-17
 6.23       6.71963557195313e-17
 6.24       7.803100454049127e-17
 6.25       9.006326607605598e-17
 6.26       1.0336996693971728e-16
 6.27       1.1802966088407898e-16
 6.28       1.341225124117549e-16
 6.29       1.5173033262473352e-16
 6.30       1.709365431322903e-16
 6.31       1.9182615556335758e-16
 6.32       2.1448575227179643e-16
 6.33       2.390034681356818e-16
 6.34       2.6546897336315567e-16
 6.35       2.939734572264648e-16
 6.36       3.2460961265419512e-16
 6.37       3.5747162161870025e-16
 6.38       3.926551412619503e-16
 6.39       4.302572907086457e-16
 6.40       4.703766385199146e-16
 6.41       5.131131907453963e-16
 6.42       5.58568379535217e-16
 6.43       6.068450522766229e-16
 6.44       6.580474612230925e-16
 6.45       7.12281253586321e-16
 6.46       7.696534620640734e-16
 6.47       8.302724957785692e-16
 6.48       8.942481316026593e-16
 6.49       9.61691505852225e-16
 6.50       1.0327151063250625e-15
 6.51       1.1074327646680434e-15
 6.52       1.1859596490552526e-15
 6.53       1.2684122571616552e-15
 6.54       1.354908409417023e-15
 6.55       1.4455672425268994e-15
 6.56       1.5405092032472359e-15
 6.57       1.6398560424010606e-15
 6.58       1.7437308091255328e-15
 6.59       1.852257845339282e-15
 6.60       1.9655627804195172e-15
 6.61       2.0837725260802565e-15
 6.62       2.2070152714422316e-15
 6.63       2.335420478286862e-15
 6.64       2.46911887648584e-15
 6.65       2.60824245959967e-15
 6.66       2.752924480637717e-15
 6.67       2.903299447973316e-15
 6.68       3.0595031214080457e-15
 6.69       3.2216725083788755e-15
 6.70       3.3899458603026877e-15
 6.71       3.564462669053501e-15
 6.72       3.745363663566378e-15
 6.73       3.932790806563946e-15
 6.74       4.12688729140116e-15
 6.75       4.327797539023197e-15
 6.76       4.535667195033439e-15
 6.77       4.750643126866693e-15
 6.78       4.972873421064467e-15
 6.79       5.20250738064877e-15
 6.80       5.439695522591024e-15
 6.81       5.684589575372309e-15
 6.82       5.937342476632983e-15
 6.83       6.1981083709075675e-15
 6.84       6.467042607442774e-15
 6.85       6.744301738096197e-15
 6.86       7.0300435153117905e-15
 6.87       7.324426890171619e-15
 6.88       7.627612010519708e-15
 6.89       7.939760219157013e-15
 6.90       8.26103405210447e-15
 6.91       8.591597236932387e-15
 6.92       8.931614691154595e-15
 6.93       9.281252520684349e-15
 6.94       9.640678018351506e-15
 6.95       1.0010059662477998e-14
 6.96       1.0389567115510366e-14
 6.97       1.0779371222708111e-14
 6.98       1.1179644010885644e-14
 6.99       1.1590558687206408e-14
 7.00       1.2012289638028574e-14
 7.01       1.2445012427799017e-14
 7.02       1.2888903797996444e-14
 7.03       1.3344141666120867e-14
 7.04       1.3810905124728657e-14
 7.05       1.4289374440511706e-14
 7.06       1.477973105342003e-14
 7.07       1.5282157575826003e-14
 7.08       1.5796837791729798e-14
 7.09       1.6323956656004553e-14
 7.10       1.6863700293679836e-14
 7.11       1.7416255999264162e-14
 7.12       1.7981812236102476e-14
 7.13       1.856055863577155e-14
 7.14       1.9152685997508728e-14
 7.15       1.975838628767618e-14
 7.16       2.03778526392573e-14
 7.17       2.1011279351386333e-14
 7.18       2.1658861888909858e-14
 7.19       2.2320796881978092e-14
 7.20       2.299728212566809e-14
 7.21       2.368851657963445e-14
 7.22       2.439470036779139e-14
 7.23       2.5116034778020043e-14
 7.24       2.5852722261905317e-14
 7.25       2.6604966434499065e-14
 7.26       2.7372972074108713e-14
 7.27       2.8156945122112993e-14
 7.28       2.895709268280098e-14
 7.29       2.977362302323758e-14
 7.30       3.0606745573150684e-14
 7.31       3.145667092484385e-14
 7.32       3.232361083313101e-14
 7.33       3.3207778215292725e-14
 7.34       3.410938715105595e-14
 7.35       3.502865288259471e-14
 7.36       3.596579181455041e-14
 7.37       3.692102151407486e-14
 7.38       3.789456071089174e-14
 7.39       3.888662929737855e-14
 7.40       3.98974483286678e-14
 7.41       4.0927240022766684e-14
 7.42       4.197622776069479e-14
 7.43       4.304463608664215e-14
 7.44       4.4132690708141696e-14
 7.45       4.524061849626191e-14
 7.46       4.636864748581453e-14
 7.47       4.751700687558075e-14
 7.48       4.8685927028552063e-14
 7.49       4.987563947218828e-14
 7.50       5.108637689868985e-14
 7.51       5.231837316528874e-14
 7.52       5.35718632945495e-14
 7.53       5.484708347468984e-14
 7.54       5.614427105991253e-14
 7.55       5.746366457075457e-14
 7.56       5.880550369444566e-14
 7.57       6.017002928528605e-14
 7.58       6.155748336503311e-14
 7.59       6.296810912330401e-14
 7.60       6.440215091798977e-14
 7.61       6.585985427568324e-14
 7.62       6.734146589211818e-14
 7.63       6.884723363262182e-14
 7.64       7.037740653257847e-14
 7.65       7.193223479790595e-14
 7.66       7.351196980554288e-14
 7.67       7.511686410394665e-14
 7.68       7.674717141360522e-14
 7.69       7.840314662755671e-14
 7.70       8.008504581192127e-14
 7.71       8.179312620644402e-14
 7.72       8.352764622504756e-14
 7.73       8.528886545639528e-14
 7.74       8.707704466446387e-14
 7.75       8.889244578912634e-14
 7.76       9.073533194674538e-14
 7.77       9.260596743077465e-14
 7.78       9.450461771237153e-14
 7.79       9.643154944101608e-14
 7.80       9.838703044514249e-14
 7.81       1.0037132973277772e-13
 7.82       1.0238471749218774e-13
 7.83       1.0442746509253534e-13
 7.84       1.0649984508454358e-13
 7.85       1.0860213120116934e-13
 7.86       1.107345983582844e-13
 7.87       1.1289752265536386e-13
 7.88       1.1509118137618585e-13
 7.89       1.1731585298953216e-13
 7.90       1.195718171499055e-13
 7.91       1.2185935469824626e-13
 7.92       1.241787476626623e-13
 7.93       1.2653027925916292e-13
 7.94       1.2891423389240135e-13
 7.95       1.3133089715642343e-13
 7.96       1.3378055583542472e-13
 7.97       1.3626349790451414e-13
 7.98       1.38780012530481e-13
 7.99       1.413303900725749e-13
 8.00       1.4391492208328738e-13
 8.01       1.465339013091413e-13
 8.02       1.4918762169148648e-13
 8.03       1.5187637836730342e-13
 8.04       1.5460046767000982e-13
 8.05       1.573601871302767e-13
 8.06       1.6015583547684647e-13
 8.07       1.6298771263736233e-13
 8.08       1.6585611973919782e-13
 8.09       1.6876135911029572e-13
 8.10       1.7170373428001256e-13
 8.11       1.7468354997996412e-13
 8.12       1.7770111214488415e-13
 8.13       1.8075672791348242e-13
 8.14       1.8385070562930907e-13
 8.15       1.869833548416273e-13
 8.16       1.9015498630628548e-13
 8.17       1.9336591198660228e-13
 8.18       1.9661644505424897e-13
 8.19       1.9990689989014167e-13
 8.20       2.03237592085336e-13
 8.21       2.0660883844192898e-13
 8.22       2.1002095697396236e-13
 8.23       2.1347426690833287e-13
 8.24       2.1696908868570778e-13
 8.25       2.205057439614424e-13
 8.26       2.2408455560650424e-13
 8.27       2.2770584770840095e-13
 8.28       2.3136994557211084e-13
 8.29       2.350771757210233e-13
 8.30       2.388278658978748e-13
 8.31       2.426223450656966e-13
 8.32       2.4646094340876445e-13
 8.33       2.503439923335495e-13
 8.34       2.5427182446967593e-13
 8.35       2.5824477367088433e-13
 8.36       2.6226317501599426e-13
 8.37       2.663273648098738e-13
 8.38       2.704376805844129e-13
 8.39       2.745944610994994e-13
 8.40       2.787980463439984e-13
 8.41       2.830487775367379e-13
 8.42       2.873469971274953e-13
 8.43       2.9169304879798816e-13
 8.44       2.96087277462869e-13
 8.45       3.0053002927072355e-13
 8.46       3.0502165160507263e-13
 8.47       3.095624930853758e-13
 8.48       3.1415290356804093e-13
 8.49       3.1879323414743405e-13
 8.50       3.2348383715689725e-13
 8.51       3.282250661697609e-13
 8.52       3.3301727600052647e-13
 8.53       3.378608227051308e-13
 8.54       3.427560635834558e-13
 8.55       3.477033571789067e-13
 8.56       3.527030632801564e-13
 8.57       3.5775554292204424e-13
 8.58       3.6286115838661297e-13
 8.59       3.680202732041565e-13
 8.60       3.732332521542565e-13
 8.61       3.7850046126684003e-13
 8.62       3.8382226782322523e-13
 8.63       3.8919904035717387e-13
 8.64       3.946311486559526e-13
 8.65       4.0011896376138735e-13
 8.66       4.0566285797092886e-13
 8.67       4.1126320483871526e-13
 8.68       4.169203791766386e-13
 8.69       4.226347570554176e-13
 8.70       4.284067158056671e-13
 8.71       4.3423663401897266e-13
 8.72       4.401248915489712e-13
 8.73       4.4607186951242773e-13
 8.74       4.5207795029031804e-13
 8.75       4.581435175289155e-13
 8.76       4.642689561408752e-13
 8.77       4.704546523063252e-13
 8.78       4.767009934739584e-13
 8.79       4.830083683621241e-13
 8.80       4.893771669599264e-13
 8.81       4.958077805283258e-13
 8.82       5.023006016012338e-13
 8.83       5.088560239866205e-13
 8.84       5.154744427676158e-13
 8.85       5.221562543036221e-13
 8.86       5.289018562314205e-13
 8.87       5.357116474662818e-13
 8.88       5.425860282030801e-13
 8.89       5.495253999174142e-13
 8.90       5.565301653667154e-13
 8.91       5.636007285913761e-13
 8.92       5.707374949158679e-13
 8.93       5.779408709498651e-13
 8.94       5.852112645893709e-13
 8.95       5.925490850178465e-13
 8.96       5.999547427073382e-13
 8.97       6.074286494196109e-13
 8.98       6.149712182072797e-13
 8.99       6.225828634149482e-13
 9.00       6.302640006803397e-13
 9.01       6.380150469354446e-13
 9.02       6.458364204076521e-13
 9.03       6.537285406208968e-13
 9.04       6.616918283968063e-13
 9.05       6.697267058558388e-13
 9.06       6.778335964184382e-13
 9.07       6.86012924806183e-13
 9.08       6.942651170429295e-13
 9.09       7.025906004559721e-13
 9.10       7.109898036771985e-13
 9.11       7.194631566442367e-13
 9.12       7.280110906016226e-13
 9.13       7.366340381019562e-13
 9.14       7.453324330070577e-13
 9.15       7.541067104891341e-13
 9.16       7.629573070319452e-13
 9.17       7.718846604319612e-13
 9.18       7.808892097995404e-13
 9.19       7.899713955600857e-13
 9.20       7.991316594552236e-13
 9.21       8.083704445439752e-13
 9.22       8.176881952039219e-13
 9.23       8.270853571323882e-13
 9.24       8.365623773476101e-13
 9.25       8.461197041899173e-13
 9.26       8.557577873229113e-13
 9.27       8.654770777346449e-13
 9.28       8.752780277387978e-13
 9.29       8.851610909758732e-13
 9.30       8.951267224143659e-13
 9.31       9.051753783519558e-13
 9.32       9.153075164166966e-13
 9.33       9.255235955682013e-13
 9.34       9.358240760988283e-13
 9.35       9.462094196348788e-13
 9.36       9.566800891377814e-13
 9.37       9.672365489052885e-13
 9.38       9.778792645726768e-13
 9.39       9.886087031139348e-13
 9.40       9.994253328429562e-13
 9.41       1.0103296234147542e-12
 9.42       1.021322045826641e-12
 9.43       1.0324030724194458e-12
 9.44       1.0435731768787043e-12
 9.45       1.0548328342358688e-12
 9.46       1.066182520869508e-12
 9.47       1.0776227145065101e-12
 9.48       1.0891538942233015e-12
 9.49       1.1007765404470376e-12
 9.50       1.1124911349568248e-12
 9.51       1.1242981608849207e-12
 9.52       1.1361981027179516e-12
 9.53       1.1481914462981196e-12
 9.54       1.1602786788244227e-12
 9.55       1.1724602888538574e-12
 9.56       1.1847367663026432e-12
 9.57       1.1971086024474426e-12
 9.58       1.209576289926561e-12
 9.59       1.2221403227411756e-12
 9.60       1.2348011962565663e-12
 9.61       1.2475594072033162e-12
 9.62       1.2604154536785412e-12
 9.63       1.2733698351471156e-12
 9.64       1.2864230524428916e-12
 9.65       1.2995756077699198e-12
 9.66       1.3128280047036822e-12
 9.67       1.3261807481923183e-12
 9.68       1.3396343445578397e-12
 9.69       1.3531893014973777e-12
 9.70       1.366846128084397e-12
 9.71       1.3806053347699268e-12
 9.72       1.3944674333838056e-12
 9.73       1.4084329371358985e-12
 9.74       1.4225023606173282e-12
 9.75       1.4366762198017286e-12
 9.76       1.4509550320464516e-12
 9.77       1.4653393160938274e-12
 9.78       1.4798295920723856e-12
 9.79       1.4944263814980997e-12
 9.80       1.5091302072756124e-12
 9.81       1.5239415936995016e-12
 9.82       1.538861066455488e-12
 9.83       1.5538891526216985e-12
 9.84       1.5690263806698976e-12
 9.85       1.584273280466735e-12
 9.86       1.5996303832749769e-12
 9.87       1.6150982217547708e-12
 9.88       1.6306773299648626e-12
 9.89       1.6463682433638787e-12
 9.90       1.6621714988115275e-12
 9.91       1.6780876345698882e-12
 9.92       1.6941171903046298e-12
 9.93       1.7102607070862772e-12
 9.94       1.7265187273914489e-12
 9.95       1.742891795104115e-12
 9.96       1.7593804555168399e-12
 9.97       1.7759852553320505e-12
 9.98       1.7927067426632722e-12
 9.99       1.8095454670363794e-12
