0.041	0.0287920150691289
0.04141	0.02848888036171949
0.0418241	0.028370976296730518
0.042242341	0.02860350692632974
0.04266476441	0.028819197217771375
0.0430914120541	0.028260255089081615
0.043522326174640996	0.027695723539104964
0.043957549436387404	0.027152407050183635
0.04439712493075128	0.026615202051843676
0.04484109618005879	0.026265842636894344
0.04528950714185938	0.026234305404908054
0.04574240221327797	0.026190111643392366
0.04619982623541075	0.025917843983648874
0.04666182449776486	0.025642853647307944
0.04712844274274251	0.025374540421134635
0.047599727170169935	0.02510709659706403
0.04807572444187164	0.02475191582827757
0.048556481686290356	0.02426649100237153
0.04904204650315326	0.02377882975074884
0.04953246696818479	0.023316902259175046
0.05002779163786664	0.022850355492685513
0.05052806955424531	0.022876026895247297
0.051033350249787765	0.02306365681979453
0.05154368375228564	0.023068375591811702
0.0520591205898085	0.022826710171459486
0.052579711795706585	0.022583831947382796
0.053105508913663654	0.0223487985093914
0.05363656400280029	0.022111414737020087
0.0541729296428283	0.021880393321390548
0.05471465893925658	0.021649524030854534
0.05526180552864915	0.021511381456562253
0.055814423583935645	0.021485529865348303
0.056372567819775	0.021408377028611394
0.05693629349797275	0.020991858779199943
0.05750565643295248	0.020571175347294374
0.05808071299728201	0.020470073733420212
0.058661520127254826	0.020445377032857488
0.05924813532852737	0.02024180943812154
0.05984061668181265	0.019843898671257246
0.06043902284863077	0.019502500535256866
0.06104341307711708	0.019479140729962388
0.06165384720788825	0.019455547326614964
0.062270385679967136	0.019137446638801337
0.06289308953676681	0.018757312086209028
0.06352202043213448	0.018558463156077325
0.06415724063645582	0.0185361469237114
0.06479881304282038	0.018482318640116836
0.06544680117324858	0.01828965783959977
0.06610126918498106	0.018095070431077536
0.06676228187683088	0.01790642785181266
0.06742990469559919	0.017717180471909583
0.06810420374255519	0.0175308307804113
0.06878524577998074	0.017346776883645037
0.06947309823778056	0.01716272723367294
0.07016782922015836	0.01698372429618339
0.07086950751235994	0.01680293132931894
0.07157820258748354	0.016627889351588154
0.07229398461335838	0.01645205785486474
0.07301692445949197	0.016279140690242402
0.07374709370408689	0.016108134506892496
0.07448456464112775	0.015937348936378888
0.07522941028753903	0.0157710356461616
0.07598170439041442	0.015603059223042138
0.07674152143431856	0.015440637499686542
0.07750893664866175	0.015277270824513365
0.07828402601514836	0.01519913634246406
0.07906686627529985	0.01518084335730886
0.07985753493805285	0.015089625213643727
0.08065611028743339	0.014794890468293574
0.08146267139030772	0.014497208375489923
0.08227729810421079	0.014338154670131682
0.0831000710852529	0.014186369176323823
0.08393107179610543	0.01403748269778333
0.08477038251406649	0.01388986262704715
0.08561808633920716	0.013779743626800438
0.08647426720259924	0.013763213867841172
0.08733900987462523	0.01374651881129231
0.08821239997337148	0.013488234203899519
0.08909452397310519	0.013219245124272418
0.08998546921283625	0.013112713629840633
0.09088532390496461	0.013096922319200946
0.09179417714401425	0.013005484810753684
0.09271211891545439	0.012751056794732903
0.09363924010460893	0.012494084498551912
0.09457563250565502	0.012477951696883717
0.09552138883071158	0.012462865845218609
0.0964766027190187	0.012296335672511908
0.09744136874620889	0.012053273940859926
0.09841578243367098	0.011888166963932427
0.09939994025800769	0.011873897747819794
0.10039393966058777	0.011857184058392173
0.10139787905719365	0.011733994867944226
0.10241185784776559	0.0116095737855918
0.10343597642624325	0.01148799628511686
0.10447033619050568	0.011366989669022219
0.10551503955241073	0.011246901531619542
0.10657018994793484	0.011129215679175398
0.10763589184741419	0.01101062091364103
0.10871225076588834	0.010896164693704429
0.10979937327354722	0.010780563911568465
0.1108973670062827	0.010667750890597771
0.11200634067634552	0.010555322520745269
0.11312640408310898	0.010443889738993196
0.11425766812394007	0.010334546721462232
0.11540024480517948	0.010224497989599896
0.11655424725323127	0.010118155653599963
0.11771978972576358	0.010010749894240029
0.11889698762302121	0.00990606966310155
0.12008595749925143	0.009801611421431503
0.12128681707424394	0.009736253513049596
0.12249968524498638	0.00972455680034988
0.12372468209743624	0.009694977482988254
0.12496192891841061	0.009506521219030464
0.12621154820759473	0.009316180392433098
0.12747366368967067	0.009264949166425028
0.12874840032656737	0.009253774991159692
0.13003588432983304	0.00920427854234573
0.13133624317313136	0.009107809500599187
0.13264960560486266	0.009010959712988098
0.13397610166091128	0.008917138054480283
0.1353158626775204	0.008822378179387387
0.13666902130429562	0.008666672750443107
0.13803571151733857	0.008494678515654984
0.13941606863251196	0.008399735107332298
0.14081022931883708	0.008389637989659209
0.14221833161202546	0.008367602394750808
0.14364051492814572	0.008280431821245621
0.14507692007742717	0.008192389542005385
0.14652768927820145	0.00810691158998679
0.14799296617098345	0.008021285439798354
0.1494728958326933	0.007900610039168615
0.15096762479102024	0.007745194002949919
0.15247730103893045	0.007615310707818842
0.15400207404931976	0.007606186832196376
0.15554209478981296	0.007596971717817685
0.15709751573771108	0.007528070571704322
0.1586684908950882	0.0074485145210260485
0.16025517580403909	0.007370163385899947
0.16185772756207947	0.00729279057816981
0.16347630483770026	0.007215406658569062
0.16511106788607727	0.00714015717942819
0.16676217856493805	0.007064155205495908
0.16842980035058744	0.006990558255820365
0.1701140983540933	0.006916641990922358
0.17181523933763423	0.006843938578611245
0.17353339173101057	0.006772050784995011
0.17526872564832066	0.006700243753224
0.17702141290480386	0.0066303287639027444
0.1787916270338519	0.006559714624688278
0.18057954330419043	0.0064914238885536435
0.18238533873723234	0.0064227476009565574
0.18420919212460465	0.006355284899196564
0.1860512840458507	0.0062884932830898355
0.1879117968863092	0.006221861309797747
0.1897909148551723	0.006156902644467447
0.19168882400372403	0.006091294392483843
0.19360571224376127	0.006027927386283577
0.19554176936619888	0.005964119610219299
0.19749718705986088	0.005901519932581131
0.1994721589304595	0.005839463222286718
0.2014668805197641	0.00577763342505724
0.20348154932496176	0.005717279726337428
0.2055163648182114	0.005656322490630418
0.2075715284663935	0.005613441690683745
0.20964724375105745	0.005570819024329877
0.21174371618856802	0.0008919502342002301
0.2138611533504537	0.00012734485156859726
0.21599976488395822	0.00002143847449464467
0.2181597625327978	9.700713419990886e-6
0.2203413601581258	6.089255970576077e-6
0.222692107899 3.74357593622e-06
0.224621365783 3.08481321686e-06
0.226520809485 2.53318384237e-06
0.228773510626 2.10035595883e-06
0.230936479623 1.75317514334e-06
0.233296245498 1.48944669369e-06
0.236116166334 1.25883277107e-06
0.239154293641 1.07853601129e-06
0.243653543156 9.09375936808e-07
0.247969919088 7.7040803138e-07
0.252829668146 6.52009113789e-07
0.258023018483 5.60673645773e-07
0.26332304494 4.8797524681e-07
0.268731938739 4.31680977819e-07
0.274251936115 3.84323973354e-07
0.279368447232 3.4267440119e-07
0.279691380265 2.81884823063e-07
0.279959236117 2.33924886415e-07
0.280847762818 1.9662649147e-07
0.280633600855 1.59233867457e-07
0.282252086106 1.37912385667e-07
0.283244576863 1.14907741033e-07
0.285898527521 9.65275165702e-08
0.289230866524 7.92954170109e-08
0.293289323012 6.60044619092e-08
0.298867219209 5.73063667232e-08
0.304724460654 4.9415073281e-08
0.310983777024 4.32216264847e-08
0.31737166542 3.8480053741e-08
0.323890766828 3.43315476858e-08
0.330543776483 3.16674978521e-08
0.337333444981 2.86769856835e-08
0.344262579419 2.64329814443e-08
0.351334044552 2.44510426412e-08
0.358550763983 2.25856806339e-08
0.365915721367 2.1055680966e-08
0.373431961644 1.96015298466e-08
0.381102592303 1.82348808006e-08
0.388930784663 1.69635166446e-08
0.396919775182 1.58255828573e-08
0.405072866801 1.47953991868e-08
0.413393430305 1.38126888241e-08
0.421884905718 1.29501877665e-08
0.430550803726 1.22105613858e-08
0.439394707127 1.15295041335e-08
0.448420272312 1.08710175102e-08
0.457631230779 1.02574043829e-08
0.467031390674 9.69902117489e-09
0.476624638366 9.14507925086e-09
0.486414940053 8.68408768693e-09
0.496406343402 8.24049330059e-09
0.506602979224 7.8361974318e-09
0.517009063179 7.44118489989e-09
0.527628897523 7.09451231916e-09
0.53846687288 6.73847848161e-09
0.549527470066 6.40787460723e-09
0.560815261935 6.08917488399e-09
0.57233491527 5.78632589439e-09
0.584091192716 5.50243662111e-09
0.596088954747 5.22876943257e-09
0.608333161675 4.98988148514e-09
0.620828875701 4.74843071653e-09
0.63358126301 4.51546275553e-09
0.646595595901 4.30001386006e-09
0.659877254975 4.08614993307e-09
0.673431731355 3.91330427812e-09
0.687264628953 3.70027539526e-09
0.701381666795 3.49141384619e-09
0.715788681378 3.30135144919e-09
0.730491629087 3.0886340095e-09
0.745496588656 2.88757599165e-09
0.760809763683 2.70151952922e-09
0.776437485192 2.47955911384e-09
0.792386214253 2.29201778063e-09
0.808662544652 2.09033018952e-09
0.825273205616 1.8996483861e-09
0.842225064598 1.70448295971e-09
0.859525130114 1.4919079975e-09
0.877180554643 1.29203916719e-09
0.89519863758 1.11657054772e-09
0.906717236533 9.40130389349e-10
0.92222445409 7.91851734902e-10
0.932352729022 6.93587035739e-10
0.946617194599 5.79379419108e-10
0.956955928747 4.74086332932e-10
0.967303081185 3.98253206845e-10
0.977559915115 3.31681457926e-10
0.995103289659 2.81330761054e-10
1.01235812344 3.38918049795e-10
1.00948332327 2.6857720184e-10
1.0226299432 4.21419884939e-10
1.03212507898 5.00157855711e-10
1.04106673149 5.93967158671e-10
1.05300141198 6.99592018034e-10
1.0676353215 8.36075881464e-10
1.08394091051 9.94008184837e-10
1.10518413565 1.16423705135e-09
1.12788561861 1.31792813457e-09
1.15105341059 1.45227489945e-09
1.17469709 1.56222501198e-09
1.19882643199 1.63817601758e-09
1.22345141252 1.6674524782e-09
1.24858221245 1.67218502486e-09
1.27422922177 1.6533350498e-09
1.30040304388 1.60031668514e-09
1.3271145 1.53588394645e-09
1.35437463362 1.49614231561e-09
1.38219471507 1.50038865151e-09
1.41058624619 1.52395984623e-09
1.43956096506 1.54352054152e-09
1.4691308509 1.5833983651e-09
1.49930812897 1.60827364735e-09
1.53010527566 1.62085745406e-09
1.56153502364 1.6162701725e-09
1.59361036709 1.60258607731e-09
1.62634456715 1.59805050662e-09
1.65975115732 1.62430645731e-09
1.69384394911 1.66273332539e-09
1.72863703771 1.71295784884e-09
1.76414480786 1.75845869309e-09
1.80038193976 1.77096236387e-09
1.83736341517 1.77096236387e-09
1.87510452357 1.77096236387e-09
1.91362086851 1.77096236387e-09
1.95292837406 1.74728088718e-09
1.98019087146 1.74697140892e-09
2.00783394798 1.70086371209e-09
2.0490766755 1.64398989613e-09
2.09116656598 1.5845206676e-09
2.13412102094 1.5250400191e-09
2.17795779929 1.4677921894e-09
2.22269502477 1.41269336168e-09
2.26835119338 1.3577374723e-09
2.31494518103 1.30307157737e-09
2.36249625138 1.24618396692e-09
2.41102406378 1.19009221613e-09
2.46054868139 1.12930077259e-09
2.5110905795 1.06631280202e-09
2.56267065395 1.00755169384e-09
2.61531022985 9.58119096477e-10
2.66903107031 9.15641920455e-10
2.72385538548 8.75047924186e-10
2.77980584172 8.40411569976e-10
2.83690557101 8.11159425691e-10
2.89517818044 7.812630184e-10
2.95464776204 7.55674229266e-10
3.0153389027 7.32478875923e-10
3.07727669435 7.104987421e-10
3.14048674432 6.90155501661e-10
3.20499518597 6.71821260731e-10
3.27082868942 6.5351087155e-10
3.33801447265 6.37503765258e-10
3.40658031271 6.20128694344e-10
3.47655455721 6.07516476813e-10
3.54796613607 5.86370695068e-10
3.61415785903 5.08103360803e-10
3.65536495758 4.28708163201e-10
3.70799205387 3.61719097676e-10
3.75373667687 3.03261171545e-10
3.79209328354 2.54912111431e-10
3.82730293179 2.14912496048e-10
3.86348866658 1.81510668525e-10
3.90869704805 1.51590247611e-10
3.95678644456 1.26106099985e-10
4.00930414274 1.05959649422e-10
4.06641845466 9.02962981219e-11
4.14392360583 7.7043616559e-11
4.21733412095 6.57295098574e-11
4.29998602323 5.61069451065e-11
4.38831163007 4.83499743073e-11
4.47845152485 4.24100489859e-11
4.57044297471 3.76506496134e-11
4.66432401224 3.36869002288e-11
4.7601334513 3.04193504155e-11
4.85791090301 2.7742579947e-11
4.95769679211 2.54271549289e-11
5.05953237374 2.34208528097e-11
5.16345975043 2.16954852823e-11
5.25007711546 2.04460367729e-11
6.3096 1.33375764263e-11
7.9433 8.22064778375e-12
10 5.67378846493e-12
11.22 4.04870723333e-12
12.589 2.34047139229e-12
14.125 1.52129164572e-12
15.849 1.08560179292e-12
17.783 8.24581408171e-13
19.953 6.53328641586e-13
22.387 5.33176942443e-13
25.119 4.44414963487e-13
28.184 3.76256429224e-13
31.623 3.22283449375e-13
39.811 2.42295064528e-13
50.119 1.86065640334e-13
55.0 1.67920777171e-13
60.0 1.52773343433e-13
63.096 1.44729367979e-13
79.43 1.13471179197e-13
101 8.84833837003e-14