0.14 1e-2
0.14400301456067885 4.69114159905508e-05
0.14567050765217548 3.968581957808075e-05
0.14735730959785595 3.357315575170906e-05
0.14906364398596292 2.8692170063663217e-05
0.1507897369937947 3.1924985229808586e-05
0.15253581741768604 3.552204938357953e-05
0.1543021167033347 3.950698538905212e-05
0.15608886897648036 4.388994356133348e-05
0.15789631107393814 4.875915301679414e-05
0.15972468257499206 5.02386166339097e-05
0.161574225833151 5.029329188125047e-05
0.16344518600827404 4.9832068050886805e-05
0.1653378110990657 4.8412724758380186e-05
0.16725235197594918 4.721806502967911e-05
0.16918906241431947 4.726133972723709e-05
0.17114819912818174 4.709992567687894e-05
0.1731300218041789 3.9484182109463214e-05
0.17513479313601435 3.328172624369446e-05
0.17716277885927112 3.8327265550200726e-05
0.1792142477866365 4.276103596196832e-05
0.1812894718435333 4.000119062240312e-05
0.183388726104164 3.8933290881165395e-05
0.1855122888279719 4.049045253855846e-05
0.1876604414965261 3.932757241066496e-05
0.1898334688508306 3.723013927830517e-05
0.19203165892906826 3.9071951062810834e-05
0.1942553031047805 3.586453388773869e-05
0.1965046961254892 2.9213122045581933e-05
0.19878013615176585 2.6431784449966327e-05
0.20108192479675396 2.322274917183971e-05
0.2034103671661472 2.1092797843789056e-05
0.20576577189863224 2.2045491689295442e-05
0.2081484512067995 2.384802344684839e-05
0.21055872091852698 3.060569087919845e-05
0.21299690051884387 3.801071335041634e-05
0.2154633131922793 4.040736301932712e-05
0.2179582858657 3.930652051807497e-05
0.2204821492516457 3.150847689610224e-05
0.22303523789216528 2.6379007724745996e-05
0.22561789020316106 2.4700045878774776e-05
0.22823044851924584 2.3675849818320497e-05
0.23087325913912116 2.5705638771193812e-05
0.233546672371478 2.471261883417603e-05
0.2362510425814319 2.8688814843047942e-05
0.2389867282374944 2.962912262898514e-05
0.2417540919590885 3.10965214691132e-05
0.24455350056461406 2.7594112234148025e-05
0.24738532512007136 2.310930019609623e-05
0.250249940988245 2.291113988699e-05
0.2531477278784597 2.5215147204234264e-05
0.2560790698969112 2.7622116020357795e-05
0.25904435559758 3.0138999377130247e-05
0.2620439780337347 3.344337879153078e-05
0.26507833481003273 2.7815740777273002e-05
0.2681478281352222 2.2238285091384652e-05
0.2712528648754558 2.3947941788265632e-05
0.2743938566082219 2.836076799762678e-05
0.2775712196768994 2.870457302712551e-05
0.2807853752459447 2.8755427270399984e-05
0.2840367493567177 2.831661356129014e-05
0.2873257729839551 2.5894952806955933e-05
0.29065288209289525 2.6433885697181452e-05
0.294018517697067 2.562452091747732e-05
0.29742312591674663 2.7160609691818002e-05
0.3008671580380918 2.493010426231532e-05
0.3043510705729595 3.128704227816264e-05
0.3078753253194195 2.2774726730280713e-05
0.31144038942296354 2.957603662592792e-05
0.3150467354384282 2.5378884340202375e-05
0.3186948413926323 2.5456335264541747e-05
0.32238519084773964 3.567960580368724e-05
0.32611827296535645 2.2767433209381837e-05
0.3298945825713709 2.130250504167789e-05
0.333714620221542 3.092065648851349e-05
0.3375788922678495 2.778377550076505e-05
0.3414879109256119 2.0147445071475574e-05
0.3454421943413811 4.442609358629274e-05
0.34944226666162354 1.9224452945980586e-05
0.3534886581021975 2.1825169697085992e-05
0.3575819050186324 5.0964571939942735e-05
0.3617225499772247 3.366594055853715e-05
0.3659111418269558 2.9042930892880372e-05
0.3701482357722425 4.211464396081196e-05
0.37443439344653023 3.158211595756608e-05
0.3787701829867397 4.3788544716251524e-05
0.383156179108572 3.097207639567009e-05
0.3875929631826899 2.9092936279831634e-05
0.3920811233117788 3.4258260661808344e-05
0.39662125440850055 2.6493845285943588e-05
0.4012139582743503 3.3594172911660925e-05
0.4058598436794269 3.706235025125577e-05
0.4105595264431247 3.624142640499554e-05
0.4153136295157625 4.326271064249804e-05
0.4201227830611566 4.308675037766775e-05
0.4249876245401495 5.885145892292545e-05
0.4299087987951064 4.935018132506061e-05
0.43488695813539147 6.0429628858282234e-05
0.4399227624238301 6.670746086389011e-05
0.445016879164176 0.00010366493256741153
0.4501699835895905 0.00011097574531113845
0.4553827587521444 9.540910665640655e-05
0.46065589561335796 0.00024779640665625554
0.467 1e-2