0.0001 0 
2 0 
2.0000000001 0.4530953884351478
2.0628389523224877 0.46265129925052945
2.1191502969796105 0.47301775802819235
2.1769988278206203 0.4831183045207757
2.236426506929326 0.4966233269161273
2.297476441869829 0.5110322985353023
2.3601929169558233 0.5264015945109121
2.4246214253734895 0.5439122985691719
2.4908087021812753 0.5657831900685132
2.558802758210504 0.5871702917222663
2.6286529148914037 0.6040507189643308
2.7004098400298138 0.6187003844398663
2.774125584560525 0.6307730242265587
2.849853620303913 0.6407656110818388
2.927648878753248 0.6494087747893484
3.007567790920823 0.6564748295370788
3.089668328271801 0.6629341531062064
3.174010044775472 0.6685951056491705
3.260654120104422 0.6729158663367151
3.3496634040129623 0.6779629423190661
3.441102461926989 0.6805883347593161
3.5350376217783586 0.6769156232452701
3.631537022117749 0.5747462202725228
3.7306706615409033 0.4202560380579317
3.8325104494641073 0.2757735019336151
3.9371302582857415 0.18635800381708997
4.044605976971733 0.13553015174205588
4.155015566103782 0.10531321567756241
4.268439114430304 0.0857401558816784
4.38495889696108 0.07227574392339858
4.504659434647791 0.06259659192990717
4.627627555693702 0.05534278981510759
4.75395245853698 0.049858628443910404
4.883725776553326 0.045523805948912345
5.017041644524864 0.04206145948614512
5.1539967669234885 0.03930554708289449
5.294690488058222 0.03704385301102021
5.439224864137439 0.035201352930931636
5.587704737298257 0.03371875666184308
5.740237811656769 0.03250733180687227
5.896934731434305 0.031533833379221166
6.057909161216375 0.030755456399869825
6.223277868402523 0.030143504421445602
6.3931608079069 0.02975764718799762
6.567681209170961 0.02952850774464803
6.746965665551499 0.029414600530778313
6.931144226148725 0.029475296255764467
7.120350490141103 0.02964285606100214
7.314721703695328 0.030027224837166955
7.514398859521758 0.030565851853684448
7.719526799147492 0.03133943021089822
7.93025431798132 0.032390278484006066
8.146734273246715 0.03380575053358277
8.369123694861182 0.03599009679627386
8.597583899342402 0.039325807725769955
8.832280606823769 0.04271678107650504
9.073384061264221 0.04575901040332809
9.321069153939561 0.048515287337839504
9.575515550304832 0.0508053265805429
10 0.05282099799849541
