0.1 0
0.2797708403657143 0
0.28114416349787347 0.5756354635672746
0.28881883236683337 0.7193556334934245
0.2967030042235678 0.7695950022062772
0.3048023980772792 0.7931492014920448
0.31312288905459135 0.8080010187501804
0.3216705126612405 0.8186890129315577
0.3304514691601019 0.8239797475966951
0.3394721280687273 0.8333746198393643
0.34873903277965623 0.8378962240935607
0.35825890530685334 0.8428766107639107
0.36803865116171247 0.84701316371958
0.3780853643621669 0.8507314949703654
0.38840633257853757 0.8551269059637552
0.39900904241985335 0.8599880919743541
0.40990118486447613 0.8628735903570072
0.42109066083897195 0.8693454076993504
0.43258558694927357 0.8704661341675207
0.44439430136829244 0.8747380871605421
0.4565253698842505 0.8781254858189032
0.46898759211411933 0.8810718401844383
0.48179000788667337 0.8840280803854121
0.49494190379978836 0.8881377182510264
0.50845281995674 0.8897410653357074
0.5223325568863895 0.8913473069285497
0.5365911826522789 0.8947990243236668
0.551239040155787 0.8968764674581748
0.5662867546386485 0.8936469692225094
0.5817452413902772 0.8897410653357074
0.5976257136654816 0.8897410653357074
0.6139396908183209 0.8897410653357074
0.6306990066579964 0.8890535624599153
0.6479158180328436 0.8883665908175602
0.6656026136486486 0.8897410653357074
0.6837722231276883 0.8897410653357074
0.7024378263150625 0.8901996959187746
0.7216129628390716 0.893186562605399
0.7413115419325723 0.8959525646096923
0.7615478525224367 0.8982641083973874
0.7823365735944338 0.9036033168378549
0.803692784841051 0.9082718967317155
0.8256319775999786 0.91484845942732
0.8481700660911959 0.921710104274844
0.871323398960804 0.930539386428024
0.8951087711399828 0.9396953429404687
0.9195434360276746 0.9513896427788104
0.9446451180058296 0.9617414759588893
0.9704320252962921 0.973208479893114
0.9898749953188163 0.9856452554969115
1.0024074307009787 1.0786536356130088
1.0033576286611747 0.8522419221296401
1.0131003689572422 0.7078077523492754
1.0241368475086594 0.6103086511413192
1.0520937187569894 0.4782789662059081
1.0694342428450154 0.4000761239414627
1.0808137562285607 0.3548996611966914
1.093469147615753 0.3113988367175234
1.1103177928227037 0.2621245152487083
1.1256326542771242 0.22715027562342732
1.1406272301349 0.1898475805727316
1.154271961383711 0.15773682096695066
1.1717640539810423 0.13469462088270567
1.1824967002496773 0.116095663080553
1.2037508503454726 0.0997739443554496
1.2125827909670128 0.09097149271613876
1.2366108217643716 0.08231966464949564
1.2703678041563817 0.07983386106416736
1.3050462841126682 0.08306540713163553
1.3406714166589715 0.08516767476997186
1.377269043502521 0.08030838700909176
1.4148657117770553 0.07011129919182978
1.4346113666970914 0.06274948472308313
1.4534886932995448 0.05252242096128707
1.4768092945946012 0.04347687513669159
1.4931660043525827 0.031460791273607604
1.5027215229806363 0.02564171889912062
1.5339264260067946 0.023266508312128
1.561943689055467 0.02829437258261218
1.5757995249980112 0.03380575053358277
1.5878145991994288 0.041388706649017434
1.6188156751743443 0.050844614211350024
1.6313629581392504 0.05648618680954605
1.663006079528724 0.06084730634427675
1.7084027928328815 0.05715430193363839
1.7354399173228534 0.05107609278259796
1.7550387448891933 0.045700095608020914
1.7795944614970867 0.04029229124682047
1.8029477644172527 0.03564861020906518
1.852164603592499 0.031258783033150946
1.902724963254699 0.030011754821059243
1.9546655188045714 0.030197922220558296
2 0.03077130976828308
2.0000000001 0
10 0