0.0001 0 
2 0 
2.0000000001 0.42334307154520906
2.0527624690837913 0.41669775671958703
2.1087987460629725 0.40840657699153826
2.1663647004329754 0.3995590493603657
2.198423939425867 0.39781267825672795
2.2758459260747874 0.3787359729445497
2.3834209481377755 0.35996497917823306
2.448483534978346 0.3456046477499683
2.515322199271661 0.3275697184331907
2.565075322495249 0.31908913785620696
2.635383218390562 0.3031270955078631
2.7673418145439084 0.28282580338856506
2.8428846670421133 0.2754894183020147
2.9204896871170067 0.26820508563283707
2.9965426032669362 0.26278047877190286
3.1335147694170318 0.2536619455757802
3.2927441136940288 0.24583504277031773
3.3826293897332365 0.24262566354914147
3.474968352597073 0.23933481403442733
3.5654605320112065 0.23421635260199758
3.6111382072473064 0.2110902066758703
3.667277090051249 0.1732524947212359
3.7079268793976676 0.1511472976426824
3.7673863612760066 0.12180920284003215
3.7890440781673376 0.10408978794797465
3.8702284137820966 0.07817492824663261
3.9093563826527364 0.06520987177380222
3.9758778469891363 0.052653405467962246
4.043199270324841 0.04416392851624025
4.084411296730503 0.03934303748332778
4.195907490843324 0.031066075524790467
4.252604268416105 0.02751408823752658
4.31950271133906 0.024578227957203172
4.428113827754434 0.021167170397829498
4.521233440813998 0.019268009702524708
4.5927398524858996 0.01714125253291316
4.707622012364349 0.01539793860546479
4.836130602603665 0.013918633592620012
4.931789362291139 0.013155647334009944
5.032159359259993 0.012070394653553328
5.204720246666913 0.010865702394655967
5.346798616538681 0.010145923982297227
5.492755439473964 0.009530137610347999
5.661401773396006 0.008788346197806902
5.925881268053081 0.008054275922803606
6.087645879927813 0.00768924964101822
6.253826339584722 0.00734833641518189
6.377527149199636 0.007164735374604192
6.571570523448126 0.006802813862193665
6.897287216351067 0.006367529340822291
7.085569252232651 0.00617206782838561
7.278991008111929 0.005982606320157635
7.459407044752461 0.005834431322244922
7.720328075073534 0.00562967804822866
8.146734273246715 0.0053166594728329165
8.369123694861182 0.0051947849515798375
8.597583899342402 0.005063947277014443
8.821474889361317 0.004959353107212404
9.223851039358477 0.00479035285861843
9.66975376794707 0.004591620964167155
10 0.004524210434915673
