0.9 1
0.9 0.02476356290740047
1.0214820919452867 0.02476356290740047
1.1998760421875083 0.024446601604004428
1.4013702750678607 0.02448220470614606
1.7335896472348877 0.024886665647975342
2.0718497605223503 0.02528962852818847
2.475978138073705 0.024613193602786236
3.027988321213288 0.025379754222488386
3.7891466636729336 0.025801824520969928
4.660474199263188 0.025851939074679964
5.899338836487328 0.025909132547916346
6.89001013215899 0.02594686562458061
8.425506913300962 0.025258296345953384
10.18577333194997 0.025303263336156484
11.96420997535856 0.024270669379198848
11.96420997535856 0.024270669379198848
13.891495987642388 0.02197555557641594
16.411918568815928 0.02200993248797397
19.952246746342603 0.01965232848511483
23.031014739302073 0.016321056812936857
26.431500941013795 0.013169187575860303
28.47096359814766 0.009464803714519403
28.95380347834357 0.006701624369633234
29.961408485161616 0.00532499693764327
30.65181700684453 0.004481383580388321
31.012992522239497 0.0053267193231718805
31.197975578657655 0.006240710356759579
31.747590670777566 0.0074183125979244485
32.30804925533691 0.009075621591065525
33.64509364634122 0.011595553468260895
34.83723204254168 0.015029109567552993
36.695875299009394 0.018129877857082886
40.24465719240889 0.02351097995219211
44.387134318703815 0.028373938747852708
48.39369217456938 0.03279227037289445
51.55957951885947 0.036289375271366005
55.2493132736206 0.0401615907214922
56.85753356381107 0.03847492032371236
58.186530999766624 0.04195384816371998
60.23308759786123 0.04445417407500486
62.34378510871691 0.042589523136337015
62.328105513158036 0.03481783423394328
65.26533928600064 0.036369659980661995
68.3287137110616 0.032898492430277815
70.33660789526877 0.03911054945506378
71.16667459532098 0.04716194259115864
74.10519662884755 0.05607333963292725
79.86764746472032 0.06295950699270907
87.58203991953526 0.0748922248708054
97.14356168902951 0.08291032125987673
100 0.08291032125987673
100 1
