1.0810656100866662 0.0017178684374234672
1.2640616527025275 0.0018496979545783148
1.4868449518839968 0.0020659449539779393
1.74889613676969 0.0023113475467994886
2.0571329198329074 0.0025859002060095865
2.4197561644765138 0.002951897031616032
2.846217741854541 0.003291474961886231
3.3476993374653063 0.0035490191858605744
3.937554612768511 0.0038395762309851485
4.631418340115041 0.004210046240793153
5.447700916559701 0.004718043615901582
6.408080586581226 0.005440300173964417
7.537876888003708 0.006347223931909313
8.866958245652716 0.007467713851819732
10.430405585848607 0.008800758301166457
12.269498718151121 0.010354376240254759
14.433100264661958 0.01234478570976631
16.977614632510146 0.014295998172795095
19.970383613926238 0.01633399816565579
23.490732951446287 0.01867714644489031
27.629560900630608 0.02010479908493576
32.49257192402708 0.019114994539623217
36.546643148796 0.014129524147647511
38.74800130861303 0.009560118501737712
40.97535786128675 0.005778759750253856
41.562965198009714 0.003836206396510984
43.212533193548026 0.002803441924651832
45.303205687759586 0.0036245391930066883
46.11042485233499 0.005047481179532903
47.273882701627095 0.008339999618816296
48.716476773419224 0.01317168870478476
52.088419179994744 0.020886700476135674
57.78214716871862 0.031843253280302526
66.99301375799587 0.0461990980628809
78.81614178369361 0.060718843778337826
85.09407160086559 0.07068371993934366
95.48410923371902 0.08409853792826516
