0.1 0.0017444714232119532
0.11197917631460227 0.0013858353531363572
0.12446173606563567 0.001118560560419442
0.14456362658582989 0.0008273679773179095
0.14799022619479862 0.0005972990563961067
0.15328728860374422 0.00041772799070490815
0.16254589303407802 0.00026984109309407926
0.17389058250469594 0.00018138319204332498
0.19440330928545785 0.00011534169219282909
0.21354777834295427 0.00008805435617384696
0.2338900164113291 0.00006775841155909932
0.2554213543474592 0.000054687070859375964
0.2797542968459072 0.00004344162064120431
0.30911802452821513 0.000035062677586779895
0.3548571315963432 0.000028303580686530612
0.38980871709315174 0.000023210052740994575
0.455434314435936 0.000017168175316093053
0.5182370090116805 0.000013858213020191188
0.6108537338009796 0.000011187760649273248
0.7136978209579745 0.000008542798538512137
0.8511745287137333 0.000006420716484971131
0.9742526198045507 0.000005141894326465125
1.1382847616978842 0.000004021026031393782
1.3575571008090537 0.0000031198175690499435
1.6286098068424009 0.0000024399592178182682
1.9084238350449598 0.000001969743583707407
2.078014192285087 0.0000016541998211629544
2.364556613185115 0.000001314215453977749
2.7465086395122036 0.000001
0.1 0.000001