0.14 1e-2
0.1401107522254141 0.0006783220672708085
0.1417331745899253 0.000641012379505943
0.14337438390894966 0.0006057548331474639
0.14503459772735566 0.0005724365544458406
0.14671403610908776 0.000540950878036258
0.14841292166633702 0.0005111970054593768
0.15013147958904746 0.00048288463333911563
0.15186993767476634 0.0004539094005911133
0.15362852635883856 0.00042667281110246607
0.15540747874495145 0.00040107053851936637
0.15720703063603286 0.00037700451653476744
0.1590274205655077 0.0003543825632576345
0.1608688898289152 0.00033490317133427246
0.1627316825158934 0.0003184045677481045
0.1646160455425336 0.00030271874810545383
0.16652222868410946 0.00028780567157890195
0.16845048460818488 0.0002736272699044334
0.17040106890810625 0.0002603560600807931
0.1723742401368806 0.0002485016928579061
0.17437025984144805 0.00023718707117507506
0.17638939259734995 0.0002263876196802343
0.17843190604379888 0.00021607988197068408
0.1804980709191544 0.00020660379404976775
0.1825881610968106 0.00019864428202236048
0.18470245362149731 0.0001909914140815528
0.1868412287460038 0.00018363337661420848
0.18900476996832608 0.00017655881113240462
0.19119336406924534 0.00017002821961039795
0.19340730115034094 0.0001639587496847162
0.19564687467244454 0.0001581059406478155
0.1979123814945378 0.00015246205839090243
0.2002041219131019 0.00014702969477316995
0.20252239970192265 0.0001418906225696864
0.2048675221523556 0.00013693117437449157
0.2072398001140583 0.00013214507185891554
0.20963954803619447 0.0001275262561382873
0.21206708400911348 0.00012381633145446368
0.21452272980651466 0.00012034206509933603
0.2170068109280986 0.00011696528609958867
0.21951965664271272 0.00011368325897570206
0.2220616000319964 0.00011143945620340451
0.22463297803453106 0.0001094584276985652
0.22723413149050303 0.00010751261539156709
0.22986540518688095 0.00010560139325376527
0.2325271479031189 0.00010131365122390916
0.2352197124573872 9.707765163258514e-05
0.23794345575333914 9.301876235483625e-05
0.2406987388274188 8.943583985156526e-05
0.24348592689671825 8.686854644373867e-05
0.24630538940738564 8.437494827322211e-05
0.2491575000835975 8.195292988722533e-05
0.2520426369770957 7.971622055997853e-05
0.2549611825172989 7.758732574992996e-05
0.2579135235619944 7.551528502905469e-05
0.2609000514486169 7.360376848061971e-05
0.2639211620461201 7.198025262198534e-05
0.2669772558074506 7.039254748062348e-05
0.27006873782262786 6.8834308227466e-05
0.2731960178724402 6.707075231526834e-05
0.2763595104827611 6.535237924191305e-05
0.27955963497949665 6.367803140932643e-05
0.282796815544166 6.20275362641463e-05
0.2860714812701285 6.0416883683275784e-05
0.28938406621946056 5.8848054490734255e-05
0.2927350094804909 5.750420973161538e-05
0.29612475522600223 5.623191289065263e-05
0.2995537527721086 5.4987765975739915e-05
0.30302245663781063 5.396830310924448e-05
0.30653132660524435 5.2996535724565646e-05
0.3100808277806253 5.2040437830032723e-05
0.3136714306558997 5.102415495572313e-05
0.31730361117110784 5.0027718779936484e-05
0.3209778507774725 4.879645458701832e-05
0.324694636501214 4.6914324284758204e-05
0.3284544610081075 4.510478971726338e-05
0.33225782266878634 4.404236608481096e-05
0.33610522562480194 4.3466295120583035e-05
0.33999717985544803 4.289775912291861e-05
0.3439342012453606 4.189071642924126e-05
0.3479168116528975 4.0907002177180406e-05
0.3519455389793125 3.976424655232782e-05
0.3560209172387292 3.846364227997802e-05
0.3601434866289257 3.721745439058929e-05
0.3643137936029379 3.6333639844015966e-05
0.36853239094149465 3.547081351830634e-05
0.37279983782628706 3.5051525869802985e-05
0.3771166999140904 3.4859643003539275e-05
0.3814835494117429 3.439360472975727e-05
0.3859009651519921 3.340924413968935e-05
0.3903695326702202 3.2495227275395924e-05
0.3948898442820585 3.2067453233693906e-05
0.39946249916189824 3.1645310499913e-05
0.40408810342231294 3.135501113513281e-05
0.4087672701943999 3.1083959424718024e-05
0.4135006197090511 3.072122744983651e-05
0.4182887793791655 3.0329883779894506e-05
0.42313238388281577 3.012706380973142e-05
0.4280320752473725 3.0026247085321533e-05
0.4329885029346082 2.994913202280378e-05
0.438002323926784 2.9887659473976415e-05
0.4430742028137334 3.0248305851244185e-05
0.4482048118809551 3.0895694362566077e-05
0.4533948311987246 3.120219208300615e-05
0.4586449487122408 3.132282878491877e-05
0.4639558603328113 3.23012993146671e-05
0.4693282700300981 3.362049466728482e-05
0.4747628899254301 3.5657165405389005e-05
0.4802604403861953 3.8084764699581174e-05
0.4858216501213261 4.4450094050335814e-05
0.49 1e-2
