0.739072203352578 0.13311891628259412
0.7742636826811272 0.1183815443360062
0.8111308307896873 0.1044526695470719
0.8497534359086445 0.08885137323305475
0.8902150854450388 0.07308706172435651
0.93260334688322 0.06203310226160546
0.9770099572992254 0.05409321932593123
1.0235310218990263 0.04371300257392988
1.0722672220103238 0.03816843686979989
1.1233240329780276 0.03220792082453476
1.1768119524349985 0.027909277036790116
1.2328467394420666 0.02442142264581038
1.291549665014884 0.021075977163016665
1.3530477745798075 0.01806883278422267
1.4174741629268055 0.015635534311237976
1.484968262254465 0.013471305184201716
1.5556761439304725 0.011483130557535257
1.6297508346206444 0.009704278587319743
1.7073526474706913 0.008239396872501744
1.7886495290574351 0.006704691411248865
1.873817422860385 0.005376152988562154
1.9630406500402715 0.0029556083625494416
1.9630406500402715 0.0006100927515237079
1.873817422860385 0.00021169515387795866
1.7886495290574351 0.0001622148910490455
1.7073526474706913 0.00014805922694476165
1.6297508346206444 0.00014217936602021987
1.5556761439304725 0.00014213513912361938
1.484968262254465 0.00014476381351530458
1.4174741629268055 0.000148814157483943
1.3530477745798075 0.00015538080641862377
1.291549665014884 0.00016254715792231246
1.2328467394420666 0.00017359607317191488
1.1768119524349985 0.00018543547724104891
1.1233240329780276 0.00019810093455542547
1.0722672220103238 0.00021163546205641394
1.0235310218990263 0.00022768221433123605
0.9770099572992254 0.00024500796388234524
0.93260334688322 0.0002631990044363494
0.8902150854450388 0.00028262835911732756
0.8497534359086445 0.0003044265308517503
0.8111308307896873 0.00032821800354154766
0.7742636826811272 0.00035381121497776664
0.739072203352578 0.0003775047263472673
0.7054802310718644 0.0004027848837385902
0.6734150657750824 0.0004300490504365704
0.6428073117284322 0.00046039785834484646
0.6135907273413174 0.000492888382185959
0.5857020818056667 0.0005273670130717965
0.5590810182512224 0.000563639055494003
0.533669923120631 0.0006024058304997597
0.5094138014816381 0.0006439071597978599
0.4862601580065355 0.0006895676895127859
0.464158883361278 0.0007384670531584414
0.4430621457583881 0.0007907643501005535
0.4229242874389499 0.0008448016934889144
0.4037017258596554 0.0009025216411864514
0.3853528593710529 0.0009641851627064809
0.3678379771828634 0.0010293906878829481
0.3511191734215131 0.0010987215216135473
0.3351602650938842 0.001172721802534306
0.3199267137797383 0.0012517060137277227
0.3053855508833415 0.0013449531967118123
0.2915053062825177 0.0014476744364421018
0.2782559402207124 0.001558240917832665
0.2656087782946686 0.001679928503296673
0.2535364493970112 0.0018273752530743813
0.2420128264794382 0.001987763148374793
0.2310129700083159 0.002158281346878316
0.2205130739903045 0.0023091563202466913
0.2104904144512021 0.0024705780571574517
0.2009233002565046 0.002643283806254758
0.1917910261672488 0.00282806235108322
0.1830738280295368 0.0030583701323737343
0.1747528400007683 0.0033172690772575427
0.1668100537200058 0.0035980841359942663
0.1592282793341092 0.0038575361059026638
0.1519911082952934 0.004122466889927036
0.1450828778495939 0.004405592494930683
0.1384886371393873 0.004750014287677441
0.1321941148466029 0.005228863388301906
0.126185688306602 0.005749828887370456
0.1204503540258782 0.0060423091224067514
0.1149756995397735 0.006347279302362805
0.1097498765493056 0.006667641806395833
0.1047615752789664 0.007004173495498406
