0.09999 0.000001
0.1 0.0030105072983598255
0.1047128548050899 0.0026831018198581738
0.1096478196143185 0.0023913037689632325
0.1148153621496883 0.0021312177350124545
0.1202264434617412 0.001899298448786872
0.1258925411794167 0.0016923260289055343
0.1318256738556407 0.0015074273635277092
0.1380384264602885 0.0013020444143262658
0.1445439770745927 0.0009028351286939763
0.1513561248436208 0.0005842787748452043
0.1584893192461113 0.00041230396661966093
0.165958690743756 0.00031182805550459105
0.1737800828749375 0.0002471951427950479
0.1819700858609983 0.00020246320093353774
0.1905460717963247 0.0001697837879049183
0.1995262314968879 0.00014491501011718296
0.2089296130854039 0.00012538271910814743
0.2187761623949553 0.0001096529473204038
0.2290867652767773 9.672637358165561e-05
0.239883291901949 8.592505291453788e-05
0.251188643150958 7.677335798493772e-05
0.2630267991895381 6.89279700121582e-05
0.2754228703338166 6.213496042352509e-05
0.2884031503126605 5.620251423592406e-05
0.3019951720402016 5.098304296504914e-05
0.3162277660168379 4.636112956570759e-05
0.3311311214825911 4.224520596360629e-05
0.3467368504525316 3.856168361020592e-05
0.3630780547701014 3.5250734548146744e-05
0.3801893963205611 3.226320664914711e-05
0.3981071705534972 2.955833310589373e-05
0.4168693834703354 2.7102007722949358e-05
0.436515832240166 2.48654695578196e-05
0.4570881896148751 2.282428792876863e-05
0.4786300923226384 2.0957570676933748e-05
0.5011872336272724 1.9246921839883557e-05
0.5248074602497725 1.767244833532873e-05
0.5495408738576245 1.6221825156532993e-05
0.5754399373371569 1.4854054004742949e-05
0.6025595860743578 1.3561371734509012e-05
0.6309573444801934 1.2357310957495432e-05
0.6606934480075961 1.1246918848932656e-05
0.6918309709189364 1.02296561733941e-05
0.72443596007499 9.301611097774944e-06
0.7585775750291838 8.457052808518067e-06
0.7943282347242815 7.657453915035988e-06
0.8317637711026711 6.7948739370057486e-06
0.8709635899560808 5.973704457142709e-06
0.9120108393559097 5.248375383152073e-06
0.954992586021436 4.6245815287598365e-06
1.0 4.516797879009716e-06
1.0471285480508996 4.021067577147889e-06
1.096478196143185 3.580064307849325e-06
1.1481536214968828 3.187691204987292e-06
1.2022644346174132 2.838539844923207e-06
1.2589254117941675 2.5278110459776593e-06
1.3182567385564077 2.2512449939785172e-06
1.3803842646028852 2.005059566037877e-06
1.4454397707459272 1.7858958676819654e-06
1.513561248436208 1.5907701211099538e-06
1.5848931924611134 1.4170310617790535e-06
1.6595869074375604 1.2623175159116521e-06
1.7378008287493754 1.1244916691103074e-06
1.819700858609984 1.0016208749809694e-06
1.9054607179632472 8.919911967603854e-07
1.99526231496888 7.940974631825029e-07
2.08929613085404 7.06625242664747e-07
2.187761623949553 6.28432077535813e-07
2.2908676527677736 5.585264101737394e-07
2.3988329190194912 4.960452080479436e-07
2.511886431509581 4.402323122784247e-07
2.6302679918953813 3.9041915978790194e-07
2.7542287033381663 3.4600878663643605e-07
2.884031503126605 3.064633278927923e-07
3.019951720402016 2.7129473075125993e-07
3.1622776601683795 2.4005688992632967e-07
3.311311214825911 2.1233860232555703e-07
3.4673685045253166 1.8776561552703787e-07
3.630780547701014 1.6599978505490885e-07
3.801893963205613 1.4673557818651687e-07
3.981071705534973 1.296969828211684e-07
4.168693834703355 1.1463562230157655e-07
4.365158322401661 1.0132851610848622e-07
4.570881896148752 8.957586685326987e-08
4.786300923226383 7.919901324540957e-08
5.011872336272722 7.003853913925378e-08
5.248074602497725 6.195251393776035e-08
5.495408738576246 5.481484586087155e-08
5.7543993733715695 4.851373893978219e-08
6.025595860743578 4.29502509448433e-08
6.309573444801933 3.803695121853381e-08
6.606934480075961 3.369667869816246e-08
6.918309709189366 2.9861414402724394e-08
7.2443596007499025 2.6471250730047377e-08
7.58577575029184 2.3473455248661663e-08
7.943282347242818 2.0821628807278025e-08
8.317637711026709 1.8474952974962788e-08
8.709635899560805 1.6397520493955325e-08
9.120108393559097 1.4557740985721806e-08
9.549925860214358 1.2927702164534525e-08
10.0 1.1482615483415369e-08
10.0001 0.000000001
