0.499835373776772 0.9568187881730821
0.5056232528375065 0.017751598891158515
0.5114781530531636 0.0174944502320523
0.5174008504999467 0.017241026613900742
0.5233921302406884 0.01699127407597091
0.5294527864289117 0.016745139439202045
0.5355836224140975 0.0165025702948822
0.5417854508481676 0.016265930805930664
0.5480590937932049 0.016134863632318745
0.554405382830418 0.01600485256820364
0.560825159170369 0.01587588910369504
0.5673192737644767 0.015747964797473424
0.5738885874178136 0.015587242011326012
0.5805339709032039 0.01532327633056495
0.5872563050766478 0.015063780836419906
0.5940564809940798 0.014808679827503012
0.6009354000294798 0.014557898884408711
0.6078939739943504 0.014343322037270408
0.6149331252585823 0.014169035132681989
0.6220537868727115 0.013996866002834465
0.6292569026915993 0.013826788914470005
0.6365434274995412 0.013658778447017721
0.643914327136825 0.013496098444313024
0.6513705786277534 0.013336900963378263
0.6589131703101536 0.013179581346482535
0.6665431019663783 0.013024117442688984
0.6742613849558315 0.012870487362349105
0.6820690423490248 0.012716620468250743
0.6899671090631869 0.01256435845478797
0.6979566319994437 0.012413919545254566
0.7060386701815883 0.012265281910778924
0.7142142948964526 0.012119421623893682
0.7224845898359112 0.011982924545222954
0.7308506512405252 0.011847964788469377
0.7393135880448506 0.01171452503927942
0.7478745220244292 0.01158258817830545
0.7565345879444838 0.011452137279009404
0.7652949337103296 0.011323155605491332
0.774156720519533 0.01119562661034221
0.7831211230158297 0.011069533932521088
0.7921893294448258 0.01094486139525605
0.8013625418115007 0.010820520808982806
0.8106419760395375 0.010696729519926918
0.8200288621324916 0.010574354455054377
0.829524444336832 0.010453379412167497
0.8391299813068681 0.010333788374428514
0.8488467462715855 0.010221219797855292
0.8586760272034142 0.010111553850289296
0.8686191269889546 0.010003064535287053
0.878677363601672 0.009895739228472268
0.8888520702765998 0.00978956544091863
0.8991445956870603 0.009682811113523834
0.9095563041234342 0.009577199873192176
0.9200885756739984 0.009472740543597353
0.9307428064078616 0.009369420560751452
0.9415204085600116 0.009268257692557959
0.952422810718512 0.009172113766220645
0.9634514580138624 0.009076967185326041
0.9746078123105532 0.008982807603948316
0.9858933524008376 0.008889624783484694
0.9973095742007508 0.00879807990363121
1.0088579909483908 0.008708378861095507
1.020540133404504 0.008619592367770561
1.0323575500553894 0.008531711099347129
1.0443118073181523 0.008444725826582225
1.056404489748335 0.008359593367897657
1.068637200249955 0.008275850681822142
1.0810115602879675 0.008192946892707583
1.0935292101031986 0.008110873596857558
1.1061918089297564 0.008029622474760138
1.1190010352149693 0.007949185290244565
1.1319585868418645 0.007869553889646374
1.1450661813542249 0.007790720200980885
1.1583255561842571 0.007712676233124947
1.1717384688828822 0.007635959032552397
1.1853066973527084 0.007566263913990575
1.1990320400836934 0.007497204918478995
1.2129163163915353 0.007428776239979261
1.2269613666588266 0.007360972125445992
1.2411690525790042 0.00729456772945605
1.2555412574031108 0.007230588029364659
1.2700798861894302 0.007167169486860071
1.2847868660560031 0.007104307180102426
1.2996641464360692 0.007041996230420702
1.314713699336468 0.006980879443074591
1.3299375195990344 0.0069208952366295986
1.3453376251650129 0.006861426453069672
1.3609160573425407 0.006802468663549856
1.3766748810772291 0.006744017477280659
1.3926161852258718 0.006688717347348451
1.4087420828333266 0.006634821183134702
1.4250547114126075 0.006581359301962995
1.4415562332282077 0.0065283282044792685
1.4582488355827163 0.006475724419526486
1.4751347311067475 0.006429048041341413
1.4922161580522284 0.006382979536763969
1.5094953805890805 0.006337241144374264
1.5269746891053455 0.006291830498693809
1.544656400510772 0.0062480898686328055
1.5625428585439296 0.006211129895852069
1.5806364340828742 0.006174388556224285
1.5989395254594123 0.006137864556446145
1.6174545587770013 0.006101556610864732
1.6361839882323403 0.006065038881281769
1.6551302964406671 0.006028077861889191
1.6742959947648408 0.005991342087046775
1.6936836236482242 0.005954830184089263
1.713295752951422 0.005918540788716563
1.7331349822929227 0.005888902701143649
1.7532039413936835 0.005863547496631423
1.7735052904256985 0.005838301461251118
1.7940417203646108 0.005813164124965139
1.8148159533464083 0.005788135019759681
1.8358307430282441 0.005780385749041565
1.8570888749534369 0.00577626606618937
1.8785931669207088 0.005772149319436514
1.9003464693576733 0.005768035506690443
1.9223516656986752 0.005763924625860089
1.9446116727669915 0.005759816674855873
1.96712944116146 0.0057557116515897155
1.9899079556475847 0.005545447253261467
2.0129502355531788 0.0052273350060660796
2.0362593351685696 0.005221197689971251
2.0598383441514567 0.005215067579584257
2.083690387936451 0.005208944666445026
2.107818628149352 0.005202828942103391
2.1322262630262285 0.00519672039811913
2.1569165278373568 0.005199938490020261
2.181892695316046 0.005213240626401998
2.207158076092456 0.00522657679142324
2.2327160191324213 0.005239947072133785
2.2585699121813643 0.005253351555806118
2.2847231822133445 0.005277919385622811
2.3111792958853066 0.005307417440686337
2.337941759996604 0.005337080359058479
2.365014121953812 0.0053669090621528935
2.3923999702409544 0.005396904476532961
2.4201029348951604 0.005456405951610011
2.4481266879878283 0.005519234291303487
2.476474944111368 0.005582786074286114
2.5051514608715784 0.005647069630719035
2.5341600393857155 0.005716791720356996
2.5635045247863455 0.005817697956776885
2.593188806731016 0.005920385274097828
2.6232168199178383 0.006024885109912668
2.6535925446070405 0.006131229456714499
2.6843200071485604 0.006264809058906754
2.715403280515732 0.006448798322250001
2.746846484845176 0.00663819111005941
2.778653787982924 0.006833146116794238
2.8108294060368784 0.00703382669756283
2.8433776039356564 0.00731908824125163
2.876302695993928 0.007677616039460933
2.9096090464842645 0.008053706432607156
2.9433010702156435 0.008448219729828026
2.9773832331186374 0.008862058382770073
3.0118600528373745 0.009440409384874714
3.0467360993283616 0.010097520634895822
3.0820159954662487 0.010800370917759799
3.1177044176565807 0.01155214395483086
3.153806096455675 0.012356245074295622
3.1903258171976585 0.01372884472177099
3.2272684206287745 0.015701368082050648
3.2646388035490266 0.01795729827558525
3.259005781079064 0.022608009904010563
3.221699879474926 0.028998079956274566
3.1848210192410664 0.0319999105901801
3.1483643120267395 0.0353124854929559
3.1123249254382475 0.03896797236905006
3.076698082398386 0.04300186886754179
3.0414790605132542 0.047321689518420945
3.0066631914462825 0.05075883273548847
2.9722458602994384 0.054445627932755
2.938222505001515 0.05840020822463587
2.9045886157034277 0.06264202379836942
2.8713397341804083 0.06698217875595495
2.838471453241085 0.07114038783143103
2.8059794161432845 0.0755567357587108
2.7738593160165466 0.08024724762590335
2.7421068952912386 0.08522894334792168
2.7107179451342107 0.09034608640471085
2.679688304890901 0.0956103028221936
2.6490138615338483 0.10118125056134038
2.6186905491174897 0.1070768020073703
2.5887143482392214 0.11331587091992647
2.5590812855066183 0.11931941789372202
2.529787433010756 0.1254346428408909
2.500828907805552 0.13186327843667559
2.472201871393089 0.13862138725203824
2.443902529214806 0.1457258550788086
2.415927130148529 0.15298059513748966
2.3882719660112484 0.1605898431484213
2.3609333710676 0.16857757481762156
2.333907721543956 0.17696261590545234
2.3071914351480998 0.1856192209826137
2.2807809705943844 0.19404784434791297
2.2546728271343217 0.20285919581355655
2.228863544092563 0.21207065435027858
2.203349700408177 0.22170038807552853
2.178127914181177 0.23155604446740674
2.153194842224255 0.24152966614591959
2.128547179619631 0.2519328733686789
2.1041816592809823 0.2627841693179564
2.0800950515203858 0.2740388688969393
2.05628416362022 0.2848505605954746
2.032745839409956 0.2960888073949524
2.009476958847817 0.30777043823012235
1.9864744376072017 0.31991294598992104
1.9637352266678545 0.3325345137125434
1.9412563119117119 0.3457471761719484
1.9190347137233819 0.3595026569903526
1.8970674865951795 0.3738053968048849
1.875351718736708 0.38867716820297976
1.8538845316888903 0.40411779626731037
1.8326630799424253 0.41981798167604745
1.811684550560612 0.4361281274085948
1.7909461628064889 0.4530719307390236
1.7704451677742414 0.47067400959276445
1.7501788480248366 0.48888580450067803
1.7301445172258159 0.5076054145637547
1.7103395197952211 0.5270418051053964
1.69076123054959 0.5472224219031983
1.6714070543559891 0.5681757616432666
1.6522744257880146 0.5896136631542717
1.6333608087857543 0.6115301517741177
1.6146636963196204 0.6342612966738985
1.59618061005804 0.6578373793857492
1.5779091000389498 0.682289807034538
1.55984674434505 0.7078178922296957
1.5419911487827742 0.7343691439509884
1.5243399465649323 0.7619163707326858
1.506890797996997 0.7904969330100439
1.4896413901669674 0.8201495926611652
1.4725894366387904 0.850914565577105
1.4557326771492904 0.8844496180978649
1.4390688773085691 0.920368207571685
1.4225958283038278 0.9577454952498938
1.4063113466065944 0.9905400072924724
1.3902132736832882 0.9905862397939225
1.3742994757091025 0.9906324744532299
1.358567843285165 0.9906787112704957
1.3430162911589345 0.9907249502458204
1.3276427579477903 0.9907711913793048
1.312445205865803 0.9908174346710495
1.2974216204536162 0.9908636801211556
1.282570010311428 0.9909099277297234
1.2678884068350285 0.9909561774968538
1.253374863954859 0.9910024294226476
1.2390274578780531 0.9910486835072054
1.2248442868334408 0.9910949397506282
1.2108234708194634 0.9911411981530167
1.1969631513549746 0.9911874587144716
1.183261491232898 0.9912337214350935
1.1697166742767031 0.9912799863149835
1.1563269050996638 0.9913262533542422
1.1430904088668823 0.9913725225529705
1.1300054310600305 0.991418793911269
1.1170702372447838 0.9914650674292387
1.1042831128409214 0.9915113431069801
1.0916423628950556 0.9915576209445944
1.0791463118559599 0.9916039009421822
1.066793303352478 0.9916501830998444
1.0545816999739643 0.9916964674176818
1.0425098830532449 0.9917427538957951
1.0305762524520592 0.9917890425342853
1.0187792263489621 0.991835333333253
1.0071172410296445 0.9918816262927993
0.9955887506796696 0.9919279214130249
0.9841922271795654 0.9919742186940306
0.972926159902274 0.9920205181359174
0.9617890555129138 0.9920668197387861
0.9507794377708372 0.9921131235027376
0.9398958473339486 0.9921594294278726
0.9291368415652724 0.9922057375142922
0.9185009943417256 0.9922520477620971
0.9079868958650822 0.9922983601713882
0.8975931524751045 0.9923446747422665
0.887318386464811 0.9923909914748328
0.8771612358978553 0.992437310369188
0.8671203544280057 0.992483631425433
0.8571944111206804 0.9925299546436688
0.8473820902765311 0.9925762800239961
0.8376820912570454 0.992622607566516
0.8280931283121457 0.9926689372713293
0.8186139304097575 0.992715269138537
0.8092432410673374 0.9927616031682401
0.7999798181853208 0.9928079393605393
0.790822433882481 0.9928542777155358
0.7817698743331707 0.9929006182333304
0.7728209396064291 0.992946960914024
0.7639744435069257 0.9929933057577177
0.7552292134177329 0.9930396527645123
0.7465840901448912 0.993086001934509
0.7380379277637559 0.9931323532678084
0.7295895934671043 0.9931787067645118
0.7212379674149789 0.9932250624247199
0.7129819425862532 0.9932714202485339
0.7048204246318901 0.9933177802360548
0.6967523317298892 0.9933641423873834
0.6887765944418863 0.9934105067026207
0.6808921555713991 0.9934568731818679
0.6730979700236934 0.9935032418252259
0.6653930046672549 0.9935496126327957
0.657776238196844 0.9935959856046783
0.6502466609981234 0.9936423607409747
0.6428032750138299 0.9936887380417859
0.6354450936114809 0.993735117507213
0.628171141452595 0.993781499137357
0.6209804543634091 0.993827882932319
0.6138720792070742 0.9938742688922001
0.6068450737573188 0.9939206570171012
0.5998985065735531 0.9939670473071232
0.5930314568774055 0.9940134397623673
0.5862430144306721 0.9940598343829348
0.5795322794146633 0.9941062311689266
0.5728983623109303 0.9941526301204435
0.5663403837833602 0.9941990312375869
0.5598574745616169 0.9942454345204579
0.553448775325919 0.9942918399691574
0.5471134365931343 0.9943382475837864
0.5408506186041814 0.9943846573644463
0.5346594912127153 0.994431069311238
0.5285392337750939 0.9944774834242628
0.5224890350415982 0.9945238997036214
0.5165080930488997 0.9945703181494152
0.5105956150137599 0.9946167387617454
0.5047508172279459 0.994663161540713
