11.185185185185183 0.0005827887956711886
11.170966671661605 0.0005831305113526219
11.166666666666666 0.0005832388997251447
11.148148148148149 0.0005837227190985486
11.12962962962963 0.0005842209648336235
11.11111111111111 0.0005847333397409665
11.092592592592592 0.0005852595521866595
11.074074074074074 0.0005857993159658297
11.055555555555555 0.0005863523501831079
11.037037037037036 0.0005869183791395828
11.018518518518515 0.000587497132225871
11.0 0.0005880883438209465
10.98148148148148 0.0005886917531963945
10.965894863030574 0.0005892102187612295
10.96296296296296 0.000589312414172164
10.944444444444445 0.0005899737357135521
10.925925925925926 0.000590646978353701
10.907407407407408 0.0005913318822304067
10.88888888888889 0.0005920281922299177
10.87037037037037 0.0005927356579117882
10.851851851851851 0.0005934540334376425
10.833333333333332 0.0005941830775036201
10.814814814814817 0.0005949225532762856
10.804205221667484 0.0005953533130814369
10.796296296296296 0.0005956895556744315
10.777777777777777 0.0005964903422804878
10.75925925925926 0.0005973012155688065
10.74074074074074 0.0005981219394770409
10.72222222222222 0.000598952282375636
10.703703703703702 0.0005997920170167294
10.685185185185183 0.0006006409204855012
10.666666666666666 0.000601498774153827
10.66535728721932 0.0006015604551839561
10.648148148148149 0.0006024087713821677
10.62962962962963 0.0006033308630819225
10.61111111111111 0.000604261493169485
10.592592592592592 0.0006052004442450479
10.574074074074074 0.0006061475032208724
10.555555555555555 0.0006071024612831069
10.541540534907451 0.0006078323128297232
10.537037037037036 0.0006080781485681097
10.518518518518515 0.0006091025472364362
10.5 0.000610134545631388
10.48148148148148 0.0006111739432345337
10.462962962962962 0.0006122205439647685
10.444444444444445 0.0006132741561470398
10.428826322839202 0.0006141695607417379
10.425925925925926 0.0006143458731959498
10.407407407407408 0.000615485981989287
10.38888888888889 0.0006166331529323637
10.37037037037037 0.0006177871991837739
10.351851851851851 0.0006189479383559745
10.333333333333332 0.0006201151924934671
10.326144799445396 0.0006205728806776501
10.314814814814817 0.0006213393463342052
10.296296296296296 0.0006226025040035835
10.277777777777777 0.000623872182364165
10.25925925925926 0.0006251482074466485
10.24074074074074 0.0006264304099688335
10.231970508591642 0.0006270429615030991
10.22222222222222 0.0006277668667529666
10.203703703703702 0.0006291533870087241
10.185185185185183 0.0006305460852513191
10.166666666666666 0.0006319447980739554
10.148148148148149 0.0006333368875949404
10.144863804581052 0.0006335804992658254
10.12962962962963 0.000634744486609541
10.11111111111111 0.0006361103238090402
10.092592592592592 0.0006374250003725331
10.074074074074074 0.0006386909376610497
10.055555555555555 0.000639922923855283
10.051640175729318 0.0006401861972705489
10.037037037037036 0.0006412056697779399
10.018518518518515 0.0006425082967003917
10.0 0.0006438168400097151
9.98148148148148 0.0006451777950472503
9.962962962962962 0.0006466334689754399
9.960268263237744 0.0006468607661546321
9.944444444444445 0.0006482455795118833
9.925925925925926 0.0006499551985804299
9.907407407407408 0.0006517337254610522
9.88888888888889 0.0006535426472160804
9.888253018133756 0.0006536049239645289
9.87037037037037 0.0006554258922423296
9.851851851851851 0.0006573123132760637
9.833333333333332 0.0006591998406581822
9.821383791554782 0.0006604193962330305
9.814814814814817 0.0006611158119133863
9.796296296296296 0.0006630809119858124
9.777777777777777 0.0006650460426373961
9.75925925925926 0.000667011839243747
9.756502221620606 0.0006673049160573194
9.74074074074074 0.0006690429277105333
9.72222222222222 0.0006710844110364545
9.703703703703702 0.0006731255700931667
9.693396973744075 0.0006742622241778343
9.685185185185183 0.0006752008050567677
9.666666666666666 0.0006773171479818237
9.648148148148149 0.000679433481516778
9.631861571437662 0.0006812920690579609
9.62962962962963 0.0006815559903612457
9.61111111111111 0.000683750015578402
9.592592592592592 0.000685948403387165
9.574074074074074 0.0006881318546506235
9.571850561762078 0.0006883952069645496
9.555555555555555 0.000690407144704465
9.537037037037036 0.000692686783692284
9.518518518518515 0.0006949561097869504
9.51350238700791 0.0006955724020492731
9.5 0.0006973009651688248
9.48148148148148 0.000699665867613951
9.462962962962962 0.0007020179758789983
9.456620937832046 0.0007028244264308353
9.444444444444445 0.0007044369612918089
9.425925925925926 0.000706883173934204
9.407407407407408 0.0007093139970945728
9.401025634214417 0.0007101520602780337
9.38888888888889 0.0007118111201390511
9.37037037037037 0.0007143342878327458
9.351851851851851 0.0007168394709001881
9.346556708829738 0.0007175560918936921
9.333333333333332 0.0007194180648234228
9.314814814814811 0.0007220135685346079
9.296296296296296 0.0007245885084973957
9.293071891055677 0.0007250373177994647
9.27777777777778 0.0007272512192367295
9.25925925925926 0.0007299142172994742
9.24074074074074 0.0007325541035903291
9.240443710042932 0.000732596542821523
9.22222222222222 0.0007353028830068485
9.203703703703702 0.0007380283526884835
9.18860296401527 0.0007402345801771417
9.185185185185183 0.0007407535293119778
9.166666666666666 0.0007435643125951902
9.148148148148149 0.0007463470913425464
9.137410273588742 0.0007479522515621822
9.12962962962963 0.0007491605366904283
9.11111111111111 0.0007520258067193034
9.092592592592592 0.0007548606325107532
9.086764790105793 0.0007557503872394921
9.074074074074073 0.000757762440125172
9.055555555555555 0.0007606767943214509
9.037037037037036 0.0007635583446124812
9.036577811470096 0.0007636298261282241
9.01851851851852 0.0007665479207454858
9.0 0.0007695059233772339
8.986833512298066 0.0007715914158940838
8.981481481481481 0.0007724712655453379
8.962962962962962 0.0007755049304899859
8.944444444444443 0.0007785011489414429
8.937396020691724 0.0007796360130405237
8.925925925925926 0.0007815521627078653
8.907407407407407 0.0007846207804342317
8.88888888888889 0.0007876498189537175
8.888187134974668 0.0007877644830008839
8.87037037037037 0.0007907840951935008
8.851851851851851 0.0007938822257954049
8.839206522822534 0.0007959777002314978
8.833333333333332 0.0007969870592174411
8.814814814814813 0.0008001532515585496
8.796296296296296 0.0008032755463559289
8.790326950099491 0.0008042765483057628
8.777777777777779 0.000806458421350151
8.75925925925926 0.0008096453934113731
8.741484996366244 0.0008126619200091946
8.74074074074074 0.0008127928672875122
8.722222222222221 0.0008160433900544345
8.703703703703702 0.0008192459267360224
8.692674990642404 0.0008211347174354735
8.685185185185185 0.0008224642328862306
8.666666666666666 0.0008257269204198737
8.648148148148149 0.0008289399657987499
8.643767484671747 0.0008296958520834907
8.62962962962963 0.0008322238691528506
8.61111111111111 0.0008354937138890091
8.594723635084573 0.0008383462449554086
8.592592592592592 0.0008387306281996241
8.574074074074073 0.000842056081992148
8.555555555555555 0.0008453282685576304
8.545500721569303 0.0008470868266557402
8.537037037037036 0.000848620492226731
8.518518518518519 0.0008519450027102074
8.5 0.0008552149201710855
8.4959897503525 0.0008559185374914618
8.481481481481481 0.0008585555791818929
8.462962962962962 0.0008618746224532839
8.44614175969769 0.0008648423275731727
8.444444444444443 0.0008651525402264858
8.425925925925926 0.0008685195412317143
8.407407407407408 0.0008718288164446232
8.395904166660845 0.0008738591569173056
8.38888888888889 0.0008751417652184403
8.37037037037037 0.0008784959244751967
8.351851851851851 0.0008817913577146292
8.345166330582943 0.0008829699955494083
8.333333333333332 0.000885130820736677
8.314814814814815 0.0008884681747473066
8.296296296296296 0.0008917459200583313
8.293851037884693 0.0008921758236084958
8.277777777777779 0.0008951028152153164
8.25925925925926 0.0008984196322469367
8.241883140085289 0.0009014776314524918
8.24074074074074 0.0009016858905617975
8.222222222222221 0.0009050407383592416
8.203703703703702 0.0009083335147357871
8.18917287506069 0.0009108764197647732
8.185185185185185 0.0009115993154627254
8.166666666666666 0.0009149274351167117
8.148148148148149 0.0009181928890281899
8.135597961706283 0.0009203731996618221
8.12962962962963 0.0009214473409029978
8.11111111111111 0.0009247455674797479
8.092592592592592 0.0009279806304406414
8.081043649872038 0.0009299689928020024
8.074074074074073 0.0009312121854271019
8.055555555555555 0.0009344775637225743
8.037037037037036 0.0009376793697928864
8.025380050480738 0.0009396648314954692
8.018518518518519 0.0009408757827013993
8.0 0.0009441055545886185
7.981481481481481 0.0009472714274484849
7.968458829532189 0.0009494617588152204
7.962962962962963 0.0009504197061523182
7.944444444444443 0.000953611295807556
7.925925925925926 0.0009567387337497653
7.910109175127257 0.0009593608287093146
7.907407407407407 0.0009598250791109609
7.888888888888888 0.0009629760761629284
7.87037037037037 0.0009660621430321533
7.851851851851851 0.0009690796812673246
7.850080856447266 0.0009693631061142512
7.833333333333332 0.0009721439514219852
7.814814814814815 0.0009751363657335735
7.796296296296296 0.0009780438729380416
7.786985507363224 0.0009794696670695395
7.777777777777779 0.0009809334054819083
7.7592592592592595 0.0009838024665536364
7.74074074074074 0.000986583547683819
7.722222222222221 0.000989277077775394
7.719368333207219 0.0009896815988334523
7.703703703703703 0.0009919882935992465
7.685185185185185 0.0009946275987075916
7.666666666666666 0.0009971761130490048
7.648148148148148 0.000999634208266312
7.645305766558854 0.001
7.629629629629628 0.0010020976309531022
7.611111111111111 0.0010044842102968814
7.5925925925925934 0.001006776805450829
7.5740740740740735 0.0010089756828276137
7.561343955234001 0.0010104259806171098
7.555555555555556 0.0010111123267878813
7.537037037037036 0.001013220294146139
7.518518518518517 0.0010152304672132904
7.5 0.0010171429526576721
7.481481481481481 0.001018894668484221
7.462962962962963 0.0010204291746539397
7.45556396511223 0.0010209606623060464
7.444444444444444 0.0010217940249510307
7.425925925925925 0.0010229760584072242
7.407407407407407 0.0010239587538382789
7.388888888888889 0.001024750495366134
7.37037037037037 0.001025359218920716
7.351851851851851 0.0010257924597136755
7.333333333333334 0.0010260573959949117
7.314814814814815 0.0010261608895100545
7.296296296296296 0.0010261095230231691
7.277777777777778 0.0010259096352222099
7.259259259259259 0.0010255673532839945
7.24074074074074 0.0010250886233397149
7.222222222222221 0.0010244792390505042
7.203703703703704 0.0010237448684746171
7.185185185185185 0.0010228910793828193
7.166666666666666 0.0010219233631561621
7.150096323676435 0.0010209606623060464
7.148148148148148 0.0010208523573722904
7.12962962962963 0.0010197271483986994
7.111111111111111 0.0010185088381510687
7.0925925925925934 0.001017202601732751
7.0740740740740735 0.0010158136382220006
7.055555555555555 0.0010143471868225566
7.037037037037035 0.0010128126434616645
7.018518518518517 0.0010112211447786557
7.009427153720378 0.0010104259806171098
7.0 0.001009636509773078
6.981481481481481 0.0010080623160257463
6.962962962962962 0.0010064609890953887
6.944444444444443 0.0010048355221513939
6.925925925925926 0.0010031890354349573
6.907407407407407 0.0010015247750915105
6.8905743549058025 0.001
6.888888888888888 0.0009998539326856461
6.87037037037037 0.0009982503950299118
6.851851851851851 0.000996640249311677
6.833333333333333 0.0009950270551305335
6.814814814814815 0.000993414474896052
6.796296296296295 0.0009918062687925468
6.777777777777778 0.0009902062890737146
6.771632112777492 0.0009896815988334523
6.759259259259259 0.0009886726903189941
6.7407407407407405 0.0009871815106262357
6.722222222222221 0.0009857099396358682
6.703703703703704 0.0009842619217294679
6.685185185185185 0.0009828414483315589
6.666666666666666 0.0009814525484771728
6.648148148148148 0.000980099278785431
6.639251868900778 0.0009794696670695398
6.62962962962963 0.0009788208228039919
6.611111111111111 0.0009776164866937683
6.5925925925925934 0.0009764578882222518
6.5740740740740735 0.0009753488613265822
6.555555555555555 0.0009742932073594521
6.537037037037036 0.0009732946828785289
6.518518518518519 0.0009723569871648518
6.5 0.0009714837495284003
6.481481481481481 0.0009706785164633929
6.462962962962964 0.0009699447387198749
6.446616836534783 0.0009693631061142512
6.444444444444444 0.0009692897989810763
6.425925925925926 0.0009687392853964748
6.407407407407407 0.000968265791342664
6.388888888888888 0.000967872065351176
6.37037037037037 0.0009675607028556658
6.351851851851851 0.0009673341351770134
6.333333333333333 0.0009671946189486315
6.314814814814815 0.0009671442260532166
6.296296296296296 0.0009671848341402118
6.277777777777778 0.0009673181177905314
6.259259259259259 0.0009675455403916389
6.2407407407407405 0.0009678683467819079
6.222222222222222 0.0009682875567183408
6.203703703703703 0.0009688039592162476
6.18685246736043 0.0009693631061142512
6.185185185185185 0.0009694212717939769
6.166666666666666 0.0009701745827601175
6.148148148148148 0.0009710319495487194
6.12962962962963 0.0009719932399972922
6.111111111111111 0.000973058062573767
6.0925925925925934 0.0009742257664375421
6.0740740740740735 0.0009754954425993257
6.055555555555555 0.0009768659261711224
6.037037037037037 0.000978335799689475
6.023680540800431 0.0009794696670695395
6.018518518518519 0.0009799292378053338
6.000000000000001 0.0009816920923113165
5.981481481481481 0.0009835547658500695
5.962962962962963 0.0009855147848640484
5.944444444444445 0.000987569440335001
5.9262247419109775 0.0009896815988334523
5.925925925925926 0.000989717879586713
5.907407407407407 0.000992089211485402
5.888888888888888 0.000994551631519721
5.87037037037037 0.0009971014119744528
5.851851851851851 0.0009997346327437603
5.850065379261635 0.001
5.833333333333333 0.0010025992450491648
5.814814814814815 0.0010055608330047446
5.796296296296296 0.0010085982916350834
5.785484835642139 0.0010104259806171096
5.777777777777778 0.0010117875669926168
5.759259259259259 0.0010151629658400388
5.7407407407407405 0.0010186041854387412
5.728354628071343 0.0010209606623060464
5.722222222222222 0.0010221789880316074
5.703703703703704 0.001025963367161282
5.685185185185185 0.0010298010946415122
5.676679255914959 0.0010316051783820807
5.666666666666666 0.0010338209570977352
5.648148148148148 0.0010380023896791916
5.62962962962963 0.001042222414566177
5.62904013771511 0.0010423606739764012
5.611111111111111 0.00104674431790143
5.592592592592593 0.0010513037305495245
5.584916258419554 0.0010532283061593165
5.5740740740740735 0.0010560608051547304
5.555555555555555 0.0010609621178785534
5.543412140225346 0.0010642092440647246
5.537037037037037 0.001065984718982979
5.518518518518518 0.0010712283233327829
5.504195076463489 0.001075304669015891
5.5 0.0010765475133472405
5.481481481481481 0.0010821315465036122
5.466978742788859 0.0010865157746525384
5.462962962962963 0.001087778874813727
5.444444444444445 0.0010936991078183281
5.43151400560701 0.0010978437670592484
5.425925925925926 0.0010997063772996852
5.407407407407407 0.0011059561283368379
5.397581836412163 0.0011092898648952228
5.388888888888889 0.001112355152610298
5.37037037037037 0.001118925228030554
5.3649878074113015 0.0011208552995253765
5.351851851851851 0.0011257475838828915
5.333568874343652 0.0011325413151528115
5.333333333333333 0.001132632214785178
5.314814814814815 0.0011399030286716547
5.3034726705290005 0.0011443491689526704
5.296296296296296 0.0011472688983718555
5.277777777777778 0.0011548375777674408
5.274284683006064 0.0011562801312073752
5.25925925925926 0.0011627159277368777
5.24612348968083 0.0011683354854432923
5.2407407407407405 0.0011707149133808813
5.222222222222221 0.0011789389496581022
5.218696629392656 0.0011805165285688056
5.203703703703703 0.0011873682321709806
5.191732459564208 0.0011928245710138403
5.185185185185185 0.001195871012570736
5.166666666666666 0.0012044909677063297
5.165028205824842 0.0012052609368708425
5.148148148148148 0.0012133544732862381
5.138791885584426 0.0012178269640372161
5.12962962962963 0.0012222952168395053
5.112703491324065 0.0012305240043592616
5.111111111111111 0.0012313152472857125
5.092592592592592 0.001240634444573508
5.0872221426414 0.0012433534237775994
5.074074074074074 0.0012501703618886127
5.06225920688673 0.0012563166024741202
5.055555555555555 0.0012598862481847048
5.037725456664944 0.0012694149350204683
5.037037037037036 0.001269791347800381
5.018518518518518 0.0012800559895808417
5.013864657944684 0.00128264983052806
5.0 0.001290547422165197
4.990570527870194 0.0012960227127996845
4.981481481481481 0.001301411283411289
4.968195397625625 0.0013095350204826678
4.962962962962963 0.0013127971174733872
4.9467206580451615 0.0013231882072236461
4.944444444444445 0.0013246719550457317
4.925925925925926 0.0013369728752865117
4.925909908885116 0.0013369837418249467
4.907407407407407 0.0013497513995580758
4.90573356628877 0.0013509231084026028
4.888888888888889 0.00136290508207303
4.885969797325666 0.001365007806546014
4.87037037037037 0.0013764162302625665
4.866552039276001 0.0013792393514792658
4.851851851851851 0.0013902653360794539
4.847421541656042 0.0013936192742241434
4.833333333333333 0.0014044312665673806
4.828525844968932 0.0014081491217648335
4.814814814814815 0.0014188914462884034
4.809817545650738 0.001422830457214352
4.796296296296296 0.00143362202790624
4.791253271978724 0.001437664859982702
4.777777777777778 0.0014485980476938915
4.772792814393345 0.0014526539259467814
4.75925925925926 0.0014637935631978299
4.754398366695758 0.0014677992676220704
4.7407407407407405 0.001479181770727537
4.736033843588875 0.0014831025143361043
4.722222222222221 0.001494735100731823
4.717664246126932 0.0014985653124037577
4.703703703703704 0.0015104252894588507
4.699255050537918 0.001514189325304352
4.685185185185185 0.0015262234255650426
4.680771598032134 0.0015299762338606094
4.666666666666666 0.0015420999705316998
4.662178463863341 0.0015459277364194785
4.648148148148148 0.001558024751861937
4.643438783168476 0.0015620455490348384
4.62962962962963 0.001573966928060386
4.6245135089455545 0.0015783314056521166
4.611111111111111 0.0015898949243408986
4.605360573769548 0.0015947870582948209
4.592592592592593 0.0016057763378597028
4.585934279473835 0.0016114142772530198
4.574074074074074 0.0016215825158547629
4.566198902658542 0.0016282148512737934
4.555555555555555 0.0016372983873063184
4.546095029255478 0.0016451905877536625
4.537037037037036 0.0016527163531553691
4.522391083194215 0.0016623433129330316
4.518518518518518 0.0016647918355772507
4.5 0.0016753676469413083
4.493437116408111 0.0016796748720926532
4.481481481481481 0.0016874943858848222
4.469142864653692 0.0016971871297521372
4.462962962962962 0.001702012959377666
4.4475515482955945 0.0017148819698705408
4.444444444444445 0.0017175132946642385
4.426407471750802 0.00173276129604904
4.425925925925926 0.0017331742300243087
4.407407407407407 0.001749087398283194
4.405379660818714 0.0017508270317357236
4.388888888888889 0.0017651701439275248
4.384377321407762 0.0017690811204325117
4.37037037037037 0.0017813915584004429
4.363363340934793 0.0017875255259042354
4.351851851851851 0.0017977428543106582
4.342322129280868 0.0018061622323899016
4.333333333333333 0.0018142148695992363
4.3212381352401685 0.0018249932448161524
4.314814814814815 0.001830798050152155
4.300095750690295 0.0018440205890129595
4.296296296296296 0.001847482428426132
4.278879214301392 0.0018632463119315596
4.277777777777778 0.0018642575978352947
4.25925925925926 0.0018812024488717714
4.257644742125471 0.0018826724818646592
4.2407407407407405 0.0018982839268762034
4.236354586047712 0.0019023011886689458
4.222222222222221 0.0019154334850355467
4.214945077866393 0.0019221345439899109
4.203703703703704 0.0019326397445740614
4.193399335739501 0.0019421746814890246
4.185185185185185 0.0019498907621714344
4.17169978977064 0.00196242375707327
4.166666666666666 0.0019671739783530553
4.149828059389248 0.0019828839491270716
4.148148148148148 0.0019844761596354353
4.12962962962963 0.0020018897182189814
4.127840755930888 0.002003557458746648
4.111111111111111 0.002019405423324558
4.105716831654277 0.002024446509976804
4.092592592592593 0.0020369145184753593
4.083366194810372 0.002045553350050195
4.074074074074074 0.0020544019906295966
4.060766230175054 0.0020668802496290823
4.055555555555555 0.002071851872665311
4.037892718716956 0.0020884295030496013
4.037037037037036 0.002089247146008567
4.018518518518518 0.0021067952532724584
4.014865627534496 0.0021102034285685966
4.0 0.002124346896442699
3.991618048019217 0.002132204368613009
3.981481481481482 0.0021418527358190356
3.968147341440956 0.002154434690031882
3.962962962962963 0.0021594672163342235
3.9445556476176327 0.0021768967843509832
3.944444444444444 0.0021770049731406364
3.9259259259259256 0.002194867076547034
3.920952818326795 0.0021995930680300748
3.907407407407408 0.002212766816077626
3.8972239343841055 0.0022225259827228848
3.888888888888888 0.002230704543773524
3.8733887195206185 0.002245697995539774
3.87037037037037 0.0022486886622808556
3.851851851851852 0.0022668972811126465
3.849587406741108 0.002269111599313151
3.833333333333333 0.0022853985400772023
3.82588257571457 0.0022927693128656492
3.814814814814815 0.0023039921099905353
3.802154316216754 0.0023166736812810897
3.796296296296296 0.0023226897525548693
3.7784282687416457 0.0023408272761782944
3.7777777777777777 0.0023415044108773216
3.759259259259259 0.002360793583952779
3.7549597520154494 0.0023652326959877285
3.740740740740741 0.0023802882173527703
3.7315803846611546 0.002389892566231048
3.7222222222222223 0.002399955788000327
3.708282339268835 0.0024148095398035473
3.703703703703704 0.002419813656643125
3.685185185185185 0.0024398883327536717
3.685095189839896 0.00243998629725955
3.666666666666667 0.0024605573693089527
3.662274565703621 0.0024654255471007916
3.648148148148148 0.0024814808060649044
3.639604604776392 0.0024911300260677884
3.629629629629629 0.0025026808301994914
3.617107025930267 0.0025171024994342685
3.611111111111111 0.002524181292085965
3.5948027344050018 0.0025433457613046485
3.592592592592593 0.00254600775622078
3.574074074074074 0.0025683092836519283
3.5727878348742426 0.0025698626349146183
3.555555555555556 0.0025911795004442653
3.5511186006276967 0.0025966559729348722
3.5370370370370368 0.0026144538668388226
3.529689321060439 0.0026237286577779906
3.5185185185185186 0.0026381627277202125
3.508515182954832 0.002651083601908536
3.5 0.0026623381018045615
3.487610027605142 0.002678723748156372
3.481481481481482 0.0026870136623742503
3.46698627192716 0.0027066520700332413
3.462962962962963 0.0027122247022621894
3.446654838275167 0.0027348715720526672
3.4444444444444446 0.002738008081954403
3.426625093278512 0.00276338529005317
3.4259259259259256 0.002764402159806308
3.4074074074074074 0.002791501071420139
3.4069358643116523 0.002792196291524867
3.388888888888889 0.0028193367794012414
3.387586952752599 0.002821307675939471
3.3703703703703702 0.0028478748978324705
3.368539129729517 0.002850722575083718
3.351851851851852 0.0028771558434162996
3.349794228879797 0.002880444153396298
3.333333333333333 0.0029072208934947134
3.3313524387682545 0.0029104756083082714
3.314814814814815 0.0029381120222159805
3.3132123062847336 0.0029408201705870608
3.2962962962962963 0.0029698717200125134
3.295370749885344 0.0029714811046840065
3.277826358275857 0.00300246170908555
3.2777777777777777 0.0030025490665631614
3.260658610573956 0.003033765316668089
3.259259259259259 0.0030363534385009646
3.243794063494796 0.003065395295056527
3.240740740740741 0.0030712054003399665
3.227223705351977 0.0030973550469865652
3.2222222222222223 0.0031071497488028292
3.210936998950152 0.003129648010670751
3.203703703703704 0.0031442305183367486
3.194921948962235 0.0031622776601683794
3.185185185185185 0.0031824907111740928
3.1791823721426007 0.0031952475057592136
3.166666666666667 0.0032220226390262474
3.1637028644730694 0.003228561094321124
3.14852831659293 0.00326222200971167
3.148148148148148 0.003263078537627281
3.1339276081333334 0.003296233873153629
3.1296296296296298 0.0033062739563651583
3.119595400639666 0.003330600343624589
3.1111111111111107 0.0033511651337570867
3.1054983295290444 0.0033653251182505575
3.092592592592593 0.003397804818895436
3.0916001819677663 0.003400411932703706
3.078273532851913 0.0034358645616042634
3.074074074074073 0.0034470295898256283
3.0652159516511235 0.0034716868189265597
3.055555555555556 0.0034983773211143695
3.0522792849752567 0.003507882558409363
3.039693144907522 0.0035444556739704356
3.037037037037037 0.0035522133747517806
3.0275462058246267 0.003581410100125452
3.018518518518518 0.003608823886629761
3.0154245175169145 0.0036187498124112803
3.0036803036600004 0.0036564788278136452
3.0 0.0036682958952175796
2.992367650036868 0.003694601205199303
2.9814814814814814 0.0037313742906170196
2.9810065221122857 0.00373312104575266
2.9705718917604784 0.003772042493416997
2.962962962962963 0.003799780783587093
2.9600480044866155 0.0038113697353402767
2.950050168076977 0.003851107002325569
2.9444444444444446 0.003873080248221894
2.9402004501482786 0.0038912585692862304
2.930640531380891 0.003931828755705771
2.9259259259259256 0.00395163292686024
2.9213199979357 0.0039728219261025485
2.912199638903483 0.004014242490499322
2.9074074074074074 0.00403574851936109
2.9032776009213177 0.004056094904897642
2.894598237897077 0.0040983836717572615
2.888888888888889 0.004125679054468498
2.8859558210794227 0.004141113340480481
2.877718131006197 0.004184288507901581
2.8703703703703702 0.0042216138077689515
2.8692466906849545 0.004227913818781357
2.861450177902019 0.004271993966306777
2.8532550080421712 0.004316533692595901
2.8518518518518525 0.004324215601401175
2.845693024255794 0.004361537789208006
2.837960286026185 0.004407011097659076
2.833333333333333 0.004433804027244874
2.8303539748249533 0.004452958509942656
2.8230967458648024 0.004499384969056106
2.8154899593937337 0.0045462954695324
2.814814814814815 0.004550519196510331
2.808618383155103 0.004593695057977397
2.801524956489604 0.004641588833612777
2.7962962962962963 0.0046761933145202635
2.7944314607025627 0.004689981948824616
2.7878409053549 0.004738879609717651
2.780939579617588 0.0047882870766753835
2.7777777777777777 0.004810814659423027
2.7743470814147204 0.004838209664925958
2.767961866124674 0.004888652745113983
2.761280552469548 0.004939621743878321
2.759259259259259 0.004955102843816761
2.755076359253836 0.004991122144435849
2.7489216669775645 0.005043159487171359
2.742487099099076 0.0050957393702336
2.7407407407407405 0.0051100983255346665
2.7365601678152576 0.005148867450137492
2.73065957098711 0.005202549442372692
2.724496615073235 0.005256791122018425
2.7222222222222223 0.005276843431692204
2.7187381504001213 0.005311598324364777
2.713113039438234 0.005366976945540476
2.707244106347538 0.00542293294314715
2.703703703703704 0.005456369495911376
2.7015484008559136 0.005479472336900286
2.6962175118659903 0.005536601209276798
2.6906620749017307 0.005594325706169377
2.685185185185185 0.005649686544080347
2.684927495694228 0.005652652037547698
2.6799065397973267 0.005711586478126429
2.6746807609979646 0.005771135368040321
2.669245291977244 0.005831305113526225
2.6666666666666665 0.005859831016014841
2.664112196842418 0.005892102187612295
2.6592286632089053 0.00595353313081437
2.6541564876606203 0.006015604551839555
2.648892234566598 0.0060783231282972305
2.648148148148148 0.0060873422396029945
2.644233265244176 0.006141695607417386
2.6395330553753023 0.0062057288067765
2.634662733420054 0.0062704296150309915
2.6296296296296298 0.006335689927425716
2.62962190477978 0.006335804992658248
2.625298288774175 0.006401861972705489
2.6208259721112803 0.006468607661546328
2.616203978978032 0.006536049239645289
2.6114317230095216 0.006604193962330305
2.6111111111111107 0.00660888183053637
2.6073019116584537 0.006673049160573186
2.6030992886032163 0.006742622241778342
2.598766792300565 0.006812920690579616
2.5943014180179604 0.0068839520696454964
2.592592592592593 0.006911560914938292
2.590214444317408 0.006955724020492732
2.586247803540731 0.0070282442643083455
2.582161435618568 0.007101520602780336
2.577942092346849 0.007175560918936928
2.574074074074074 0.00724209890099812
2.573654878911815 0.007250373177994647
2.569859072844949 0.00732596542821523
2.5659400809795634 0.00740234580177141
2.56189025228194 0.007479522515621821
2.557701924233712 0.007557503872394929
2.555555555555556 0.0075972591748981405
2.553730157092304 0.007636298261282241
2.5499957365017174 0.007715914158940838
2.546139657031835 0.007796360130405229
2.54215546089218 0.007877644830008839
2.538036769849118 0.007959777002314986
2.537037037037037 0.007979841921635318
2.5343377578613704 0.008042765483057629
2.5306985361848366 0.008126619200091945
2.526943318478754 0.008211347174354728
2.523067046664049 0.008296958520834907
2.5190648446956705 0.008383462449554093
2.518518518518518 0.008395422512442522
2.515567719886457 0.008470868266557402
2.5120644333964424 0.008559185374914619
2.508455017527261 0.008648423275731726
2.5047359926715327 0.008738591569173056
2.5009041658669555 0.008829699955494092
2.5 0.008851445972117455
2.497509746920099 0.008921758236084957
2.494188779315512 0.009014776314524917
2.490775616026643 0.009108764197647733
2.4872684796934688 0.009203731996618222
2.4836659758789947 0.009299689928020034
2.4814814814814814 0.009357884958197345
2.480247957495904 0.009396648314954691
2.4771594381701947 0.009494617588152203
2.4739963393352267 0.009593608287093148
2.4707586297364017 0.009693631061142512
2.467446738339765 0.009794696670695397
2.464061591477706 0.009896815988334523
2.462962962962963 0.009930487423475921
2.46104994122124 0.01
2.458191330966792 0.01010425980617086
2.455280447970378 0.0102096066230585
2.452319461603991 0.010316051783817295
2.4493119140917945 0.010423606739761435
2.446267110643598 0.010532283061592106
2.4444444444444446 0.010598610180306662
2.443440944010917 0.010642092440643429
2.440952825507314 0.010753046690157166
2.438458727495779 0.010865157746521676
2.435963783753018 0.010978437670588653
2.4334733949401373 0.01109289864895105
2.430993218995068 0.011208552995253224
2.4285291596116285 0.01132541315152785
2.426087352774359 0.011443491689523789
2.4259259259259256 0.011451707874033462
2.424102442014916 0.011562801312069666
2.422175306178719 0.011683354854432865
2.420280600032088 0.011805165285687449
2.4184238694328584 0.011928245710136927
2.416610783088698 0.012052609368705185
2.4148471133485776 0.012178269640371739
2.4131387155617725 0.012305240043591185
2.411491506078208 0.012433534237774069
2.4099114389792886 0.012563166024740738
2.4084044816436903 0.012694149350204605
2.4074074074074074 0.01278718547694136
2.407057596257175 0.012826498305278022
2.4059665009286832 0.012960227127994323
2.404948146872391 0.013095350204824613
2.404007283749305 0.013231882072233716
2.403148578409115 0.013369837418248586
2.402379449848536 0.01350923108402547
2.4017279482526908 0.013650078065458088
2.401201532704629 0.01379239351478923
2.400801017041545 0.013936192742241333
2.4005267144780005 0.01408149121764808
2.400378454509454 0.014228304572140702
2.400355603060242 0.014376648599826734
2.400457085530193 0.01452653925946576
2.40068141238058 0.014677992676217685
2.4010267068923143 0.014831025143360793
2.401490734727085 0.014985653124035
2.4020709349249727 0.015141893253041378
2.402764451979732 0.015299762338605133
2.4035681686447603 0.015459277364194614
2.404478739138433 0.015620455490346625
2.4054926224363444 0.015783314056518675
2.406606115359592 0.015947870582946177
2.4074074074074074 0.016058013343293747
2.4079034319088337 0.01611414277252749
2.409483810596904 0.016282148512736273
2.411168457604822 0.01645190587753589
2.4129521796190745 0.016623433129329814
2.4148297831781225 0.016796748720925132
2.416796108617962 0.016971871297520494
2.4188460620246457 0.017148819698705214
2.4209746451005407 0.017327612960488816
2.423176982883253 0.01750827031735574
2.425448349286601 0.017690811204322993
2.4259259259259256 0.017728274738724577
2.428162060730923 0.017875255259041756
2.431040825060127 0.01806162232389715
2.4339818078590416 0.018249932448159912
2.4369800732166023 0.01844020589012769
2.4400309140637257 0.0186324631193141
2.4431271166453694 0.018826724818645436
2.4444444444444446 0.01890853122410358
2.4466205186614025 0.01902301188668871
2.4504217249678417 0.01922134543989832
2.454278967363408 0.019421746814890263
2.4581975923012207 0.01962423757073125
2.462183179813145 0.019828839491268773
2.462962962962963 0.019868149096803154
2.4668529719532715 0.020035574587465667
2.471754398158496 0.020244465099767392
2.4767487404157054 0.020455533500500542
2.4814814814814814 0.020653424917538497
2.481909690182696 0.020668802496288944
2.488051555716096 0.020884295030496002
2.4943245072071947 0.021102034285684402
2.5 0.021296289584563786
2.500871750830742 0.02132204368612915
2.508600395461309 0.021544346900317028
2.516524030764515 0.021768967843508336
2.518518518518518 0.021823911037781474
2.525733255775177 0.02199593068029857
2.5355706163499194 0.022225259827228117
2.537037037037037 0.022258274013440483
2.5472444548504294 0.02245697995539694
2.555555555555556 0.022613562619616133
2.5603470078989443 0.02269111599313044
2.574074074074073 0.022903167205057032
2.575941190527601 0.02292769312865557
2.592592592592593 0.023135487453972092
2.595537252987848 0.02316673681280987
2.611111111111111 0.023323333028533892
2.621082613307158 0.02340827276178232
2.6296296296296298 0.023477035752737185
2.648148148148148 0.02360186687639984
2.6572062432335093 0.023652326959876485
2.6666666666666665 0.0237018156446463
2.685185185185185 0.023780060775265063
2.703703703703704 0.023841357991240767
2.7222222222222223 0.023887127082493617
2.729127301441908 0.023898925662309594
2.7407407407407405 0.023917393922097782
2.759259259259259 0.0239347466700381
2.7777777777777777 0.023941998212185633
2.7962962962962963 0.023942265600471063
2.814814814814815 0.023935556178338535
2.833333333333333 0.023921713304554504
2.851851851851852 0.02390062698507719
2.852947014690914 0.023898925662309594
2.8703703703703702 0.023870378300879524
2.8888888888888884 0.023832182449200913
2.9074074074074074 0.023786212719365395
2.9259259259259256 0.023732590730065693
2.9444444444444446 0.023671507004924718
2.949543807395785 0.023652326959876485
2.962962962962963 0.02359975396097807
2.9814814814814814 0.023519263172495433
3.0 0.02343181077020297
3.0043627441952365 0.02340827276178232
3.018518518518518 0.023329506182819214
3.037037037037037 0.02321355608995959
3.043732958732148 0.02316673681280987
3.055555555555556 0.023082339681388453
3.074074074074074 0.022939865571962273
3.075517717986047 0.02292769312865557
3.092592592592593 0.0227820622162964
3.102682535919068 0.02269111599313044
3.1111111111111107 0.022614593412363177
3.127612108934541 0.02245697995539694
3.1296296296296298 0.02243764712259064
3.148148148148148 0.02224977882866704
3.1504427892312155 0.022225259827228117
3.1666666666666665 0.022052658318148403
3.171773960179918 0.02199593068029857
3.185185185185185 0.021848121566139272
3.192073610591007 0.021768967843508336
3.203703703703704 0.021636783546493225
3.211512485324528 0.021544346900317028
3.2222222222222223 0.02141932385074515
3.230229868525328 0.02132204368612915
3.2407407407407405 0.021196469109601723
3.248340923391333 0.021102034285684402
3.259259259259259 0.02096889624683188
3.265906759368027 0.020884295030496002
3.2777777777777777 0.02073612414557986
3.282929698845252 0.020668802496288944
3.2962962962962967 0.020497787591435324
3.299443321393856 0.020455533500500542
3.314814814814815 0.020253818235935167
3.315492219497 0.020244465099767392
3.330804778886775 0.020035574587465667
3.333333333333333 0.020001795957543412
3.345586409361526 0.019828839491268773
3.351851851851852 0.019742734299090892
3.359987059540255 0.01962423757073125
3.3703703703703702 0.019477300113822243
3.374062139702088 0.019421746814890263
3.387714945530821 0.01922134543989832
3.388888888888889 0.019204283913994296
3.4005572693157937 0.01902301188668871
3.4074074074074074 0.018920111485311072
3.413201659131885 0.018826724818645436
3.425679642153733 0.0186324631193141
3.425925925925926 0.01862863564624098
3.437159519784696 0.01844020589012769
3.4444444444444446 0.018322663462706505
3.448603318648044 0.018249932448159912
3.459612670883085 0.01806162232389715
3.462962962962963 0.018005220430863934
3.4700382019640967 0.017875255259041756
3.4804725238144645 0.017690811204322993
3.481481481481481 0.017672983232284244
3.4899640899309112 0.01750827031735574
3.499699867815859 0.017327612960488816
3.5 0.01732204228906915
3.508505977835332 0.017148819698705214
3.5179326351692506 0.016971871297520494
3.5185185185185186 0.016961130567559463
3.526719565457195 0.016796748720925132
3.536091902729024 0.016623433129329814
3.5370370370370368 0.016606403024556522
3.544874213677719 0.01645190587753589
3.554188118245773 0.016282148512736273
3.555555555555556 0.01625793101768795
3.562971876465657 0.01611414277252749
3.572223275551402 0.015947870582946177
3.574074074074074 0.015915654176539524
3.5810144638034296 0.015783314056518675
3.590199331572998 0.015620455490346625
3.592592592592593 0.01557951023823278
3.599003848110576 0.015459277364194614
3.608118212813441 0.015299762338605133
3.611111111111111 0.01524943528632454
3.6169418698587217 0.015141893253041378
3.625981820987702 0.014985653124035
3.629629629629629 0.014925363963856962
3.634830342453688 0.014831025143360793
3.643792037892256 0.014677992676217685
3.648148148148148 0.01460722966343379
3.65267105645155 0.01452653925946576
3.66155072957601 0.014376648599826734
3.666666666666667 0.014294964696878408
3.670465783167957 0.014228304572140702
3.679259749873444 0.01408149121764808
3.685185185185185 0.01398850044662043
3.688216277733543 0.013936192742241333
3.696920943354165 0.01379239351478923
3.7037037037037033 0.013687767500933087
3.705924316995712 0.013650078065458088
3.714542391032291 0.01350923108402547
3.7222222222222223 0.013393121308212661
3.723633635175718 0.013369837418248586
3.7322852551280654 0.013231882072233716
3.740740740740741 0.013108139360344015
3.741547186902437 0.013095350204824613
3.750309531918476 0.012960227127994323
3.759259259259259 0.012833932775038212
3.759748833075033 0.012826498305278022
3.768680428525216 0.012694149350204605
3.7777777777777777 0.012570772681987372
3.778303067792649 0.012563166024740738
3.787472773420292 0.012433534237774069
3.796296296296296 0.012318942319878765
3.797293017285369 0.012305240043591185
3.806782992538384 0.012178269640371739
3.814814814814815 0.012078767086387584
3.816828866542662 0.012052609368705185
3.826738642298509 0.011928245710136927
3.833333333333333 0.011850645841438348
3.837060043555109 0.011805165285687449
3.847512213388909 0.011683354854432865
3.851851851851852 0.011635084726520044
3.858193379771979 0.011562801312069666
3.869341712105255 0.011443491689523789
3.87037037037037 0.011432735048827991
3.8805210088856046 0.01132541315152785
3.888888888888889 0.011242348769198543
3.892306331996793 0.011208552995253224
3.9044646231202993 0.01109289864895105
3.907407407407407 0.011065821868343083
3.9171048033602505 0.010978437670588653
3.9259259259259256 0.010902713933058136
3.930479935766048 0.010865157746521676
3.944444444444444 0.01075456687878689
3.9446487720416914 0.010753046690157166
3.9598105073586254 0.010642092440643429
3.962962962962963 0.010619710102677003
3.9764265219452857 0.010532283061592106
3.9814814814814814 0.010500172050318985
3.995091808870831 0.010423606739761435
4.0 0.010396324073926322
4.014992483958584 0.010316051783817295
4.018518518518518 0.010297347823104742
4.03409017024294 0.0102096066230585
4.037037037037036 0.010193227976804012
4.05231922531201 0.01010425980617086
4.055555555555555 0.010085735620548458
4.070046002354902 0.01
4.074074074074074 0.009976617191563472
4.087550841145594 0.009896815988334523
4.092592592592593 0.009867554108974726
4.10486025510863 0.009794696670695395
4.111111111111111 0.009758038805697847
4.121260391025577 0.009693631061142512
4.12962962962963 0.009640985426862321
4.136484021175494 0.009593608287093148
4.148148148148148 0.009513728239771466
4.150655057795393 0.009494617588152203
4.163475259809788 0.009396648314954691
4.166666666666666 0.009372257891021009
4.175039658967312 0.009299689928020034
4.185185185185185 0.009212840146425632
4.186124324915355 0.009203731996618222
4.196050046320823 0.009108764197647733
4.203703703703704 0.009041472152871212
4.2068897776611145 0.009014776314524917
4.218895617568904 0.008921758236084957
4.222222222222221 0.008897747702241042
4.232323195844703 0.008829699955494092
4.2407407407407405 0.008777077708879795
4.247414851319941 0.008738591569173056
4.25925925925926 0.008673950598676518
4.264372691864319 0.008648423275731726
4.277777777777778 0.008583970141404114
4.283438110634265 0.008559185374914619
4.296296296296296 0.008504115780255504
4.304821049274838 0.008470868266557402
4.314814814814815 0.008432225372715364
4.328597899359018 0.008383462449554093
4.333333333333333 0.008366656580285141
4.351851851851851 0.008305502399125397
4.354646979356163 0.008296958520834907
4.37037037037037 0.008248006499178643
4.383867504883969 0.008211347174354728
4.388888888888889 0.008197373432817094
4.407407407407407 0.008154479463498003
4.423775913082733 0.008126619200091945
4.425925925925926 0.008122803644447967
4.444444444444445 0.008103021267252368
4.462962962962963 0.008098829493353393
4.481481481481481 0.008112681468285081
4.488962491611421 0.008126619200091945
4.5 0.008146639366641147
4.518518518518518 0.008193297796748454
4.525250008052918 0.008211347174354726
4.537037037037036 0.00824248276454054
4.555555555555555 0.008295236143361567
4.556134960739075 0.008296958520834907
4.574074074074074 0.00834965392980982
4.584827715401515 0.008383462449554093
4.592592592592593 0.008407618024708493
4.611111111111111 0.008468875183180227
4.611691531337972 0.008470868266557404
4.62962962962963 0.008531990330531656
4.637218557808376 0.008559185374914619
4.648148148148148 0.008598175295259573
4.662026647683966 0.008648423275731726
4.666666666666666 0.008665227783765534
4.685185185185185 0.008732032425354258
4.687048208112349 0.008738591569173056
4.703703703703704 0.008797551995157317
4.712879940492025 0.008829699955494092
4.722222222222221 0.008862681832139159
4.739207832655044 0.008921758236084957
4.7407407407407405 0.008927143148829305
4.75925925925926 0.008988924202705776
4.7673248313277465 0.009014776314524917
4.777777777777778 0.00904878931940485
4.796296296296296 0.009106489319196012
4.797115153290331 0.009108764197647733
4.814814814814815 0.009158969350474874
4.8318184790166105 0.009203731996618222
4.833333333333333 0.009207817205170044
4.851851851851851 0.009248724987036806
4.87037037037037 0.009281813700584651
4.8814719332490455 0.009299689928020034
4.888888888888889 0.009311473944301436
4.907407407407407 0.009348391971347894
4.925925925925926 0.00939435437649715
4.926713437996055 0.009396648314954691
4.944444444444445 0.009448296153502579
4.957639459465048 0.009494617588152203
4.962962962962963 0.009513350679657468
4.981481481481481 0.009592624246470978
4.981676249779232 0.009593608287093148
5.0 0.009687571116268645
5.001096573337538 0.009693631061142512
5.018518518518518 0.00979171004208904
5.019055227042455 0.009794696670695397
5.037037037037037 0.00989660433358029
5.037074823123509 0.009896815988334525
5.05518888613443 0.01
5.055555555555555 0.01000212662516827
5.073377255929068 0.01010425980617086
5.074074074074074 0.010108324908875851
5.091645335292436 0.0102096066230585
5.092592592592593 0.010215162959424583
5.110001280335664 0.010316051783817295
5.111111111111111 0.01032259478574549
5.1284476941941 0.010423606739761435
5.12962962962963 0.01043062401002452
5.146861801124789 0.010532283061592106
5.148148148148148 0.010540034176362997
5.1651995681358445 0.010642092440643429
5.166666666666666 0.010651060247111552
5.183489073376584 0.010753046690157166
5.185185185185185 0.010763269365922234
5.203006002218609 0.010865157746521676
5.203703703703703 0.010868950930600432
5.222222222222221 0.01096379002043089
5.225246362371273 0.010978437670588653
5.2407407407407405 0.011049836623860101
5.250562288716596 0.01109289864895105
5.25925925925926 0.011129381589733546
5.277777777777778 0.011203664968482411
5.279066037967105 0.011208552995253224
5.296296296296296 0.011271046420315196
5.311913361444345 0.01132541315152785
5.314814814814815 0.011335040369098824
5.333333333333333 0.011393028893630525
5.350168094584282 0.011443491689523789
5.351851851851851 0.011448281416902713
5.37037037037037 0.01149770898698519
5.388888888888889 0.011544767400207767
5.39644687761159 0.011562801312069666
5.407407407407407 0.011587476760925995
5.425925925925926 0.011626561395786805
5.444444444444445 0.011663258344227826
5.455363110978579 0.011683354854432865
5.462962962962964 0.011696475331949365
5.481481481481481 0.011725912303420148
5.5 0.011753013689130972
5.518518518518518 0.011777752620215794
5.537037037037037 0.011800109047657145
5.541749509170195 0.011805165285687449
5.555555555555555 0.011819024133924933
5.5740740740740735 0.011835308544034667
5.592592592592593 0.011849327977016249
5.611111111111111 0.011861104610106936
5.62962962962963 0.011870664416219506
5.648148148148148 0.011878037158419737
5.666666666666666 0.011883256349978317
5.685185185185185 0.011886359182483087
5.703703703703703 0.01188738642431548
5.722222222222223 0.011886382108038595
5.7407407407407405 0.011883386469256144
5.75925925925926 0.011878448089317055
5.777777777777778 0.011871624119175944
5.796296296296296 0.011862975881805543
5.814814814814815 0.01185256853205667
5.833333333333333 0.011840470704781968
5.851851851851851 0.011826754153646722
5.87037037037037 0.011811493383006232
5.877314679571093 0.011805165285687449
5.888888888888888 0.011793889534530158
5.907407407407408 0.011774243440671676
5.925925925925926 0.011753173832795123
5.944444444444445 0.011730768912044939
5.962962962962963 0.011707117924600401
5.980687833188918 0.011683354854432865
5.981481481481481 0.011682224207431563
6.0 0.011654202017856049
6.018518518518518 0.01162511539770251
6.037037037037037 0.01159506122902333
6.055555555555555 0.011564135638036247
6.056317606205367 0.011562801312069666
6.074074074074074 0.011529953210850425
6.092592592592593 0.011494914271633348
6.111111111111111 0.011459226975197759
6.119033359541842 0.011443491689523789
6.12962962962963 0.01142134399163251
6.148148148148148 0.011381697782760708
6.166666666666666 0.011341647933536819
6.17398890938994 0.01132541315152785
6.185185185185185 0.011299390608917811
6.203703703703703 0.011255614503309003
6.222222222222222 0.011211693640097378
6.223507110422962 0.011208552995253224
6.2407407407407405 0.011164560738649774
6.25925925925926 0.011117213558486676
6.268642204742483 0.01109289864895105
6.277777777777779 0.011068247362130103
6.296296296296296 0.011017648928773325
6.310622777724065 0.010978437670588653
6.314814814814815 0.010966524728249145
6.333333333333333 0.010912884507063198
6.349898996685301 0.010865157746521676
6.351851851851851 0.010859332352713955
6.37037037037037 0.01080289073741376
6.386854991548036 0.010753046690157166
6.388888888888888 0.010746696729060517
6.407407407407407 0.01068772113982209
6.421825015125492 0.010642092440643429
6.425925925925926 0.01062872760423843
6.444444444444443 0.010567508258279243
6.455104493105669 0.010532283061592106
6.462962962962964 0.010505612905371109
6.481481481481481 0.010442458359782912
6.486957613245085 0.010423606739761435
6.5 0.010377612522314561
6.517564228175219 0.010316051783817295
6.518518518518518 0.010312631986588099
6.537037037037036 0.010245051156617033
6.546774221757167 0.0102096066230585
6.555555555555555 0.01017700498600153
6.5740740740740735 0.010108310447364583
6.575147482658079 0.01010425980617086
6.592592592592593 0.010037281508989374
6.602322370151409 0.01
6.611111111111112 0.009965798758008166
6.628853492288944 0.009896815988334523
6.62962962962963 0.009893756639024594
6.648148148148148 0.00981955993109328
6.654338423799695 0.009794696670695397
6.666666666666666 0.00974461237088678
6.679195008257665 0.009693631061142512
6.685185185185186 0.009669017402947802
6.703488084926147 0.009593608287093148
6.703703703703703 0.009592712736791346
6.722222222222223 0.009514512268741272
6.726911570439508 0.009494617588152203
6.7407407407407405 0.009435603126143215
6.7498228960320805 0.009396648314954691
6.759259259259259 0.009356001824601532
6.77225371799115 0.009299689928020034
6.777777777777779 0.00927568679011092
6.794222480498099 0.009203731996618222
6.796296296296296 0.00919464739169799
6.814814814814815 0.009112676068246554
6.815686612475715 0.009108764197647733
6.833333333333334 0.0090298279308423
6.836684936749644 0.009014776314524917
6.851851851851851 0.008947086648537583
6.857508339730933 0.008921758236084957
6.87037037037037 0.008864544417953153
6.878180652464046 0.008829699955494092
6.888888888888888 0.00878225739634143
6.89871970963909 0.008738591569173056
6.907407407407407 0.008700281789708065
6.919142910052497 0.008648423275731726
6.925925925925926 0.008618673669026009
6.939467317660045 0.008559185374914619
6.944444444444444 0.008537488811147919
6.959709760590284 0.008470868266557402
6.962962962962963 0.008456782564220238
6.979886930122634 0.008383462449554095
6.981481481481481 0.008376609737269234
7.0 0.008297021375903987
7.000014566123326 0.008296958520834907
7.018518518518518 0.008217760747347721
7.020019078596079 0.008211347174354728
7.037037037037036 0.0081392039522281
7.040011921189928 0.008126619200091945
7.055555555555555 0.008061400100298403
7.060009493355089 0.008042765483057629
7.074074074074074 0.007984397615160092
7.080028662562112 0.007959777002314986
7.092592592592592 0.007908244256850702
7.100086907630397 0.007877644830008839
7.111111111111111 0.007832987163666682
7.1202024783064894 0.00779636013040523
7.12962962962963 0.00775867291264557
7.140394574427958 0.007715914158940838
7.148148148148147 0.007685347598174968
7.160683548585142 0.007636298261282241
7.166666666666666 0.007613056928251988
7.1810911369170825 0.007557503872394929
7.185185185185185 0.00754184633798629
7.201640723584474 0.007479522515621821
7.203703703703703 0.0074717611200210785
7.222222222222222 0.007402823004610555
7.22235122736349 0.00740234580177141
7.24074074074074 0.007334716874941593
7.243153161045846 0.00732596542821523
7.259259259259259 0.007267852189985324
7.2641772844610015 0.007250373177994647
7.277777777777777 0.007202272992522432
7.285457252458951 0.007175560918936928
7.296296296296296 0.00713802409162998
7.3070306813843215 0.007101520602780337
7.314814814814816 0.0070751512862579306
7.328939866033565 0.0070282442643083455
7.333333333333333 0.00701370160619243
7.351232636576288 0.0069557240204927324
7.351851851851852 0.006953723571102015
7.37037037037037 0.006894738558246999
7.37383862572552 0.0068839520696454964
7.388888888888887 0.006837198436052768
7.396922713497438 0.006812920690579615
7.4074074074074066 0.006781249282068444
7.420581478431377 0.006742622241778342
7.425925925925925 0.006726946106767934
7.444444444444444 0.0066742862420966125
7.444888720132948 0.006673049160573186
7.462962962962962 0.006622612192259496
7.469812755952611 0.006604193962330305
7.481481481481481 0.0065727219117619065
7.495631531320731 0.006536049239645289
7.5 0.006524682177232575
7.518518518518518 0.006477523391338939
7.522048944644771 0.006468607661546328
7.537037037037036 0.006430579859005115
7.548571802222639 0.006401861972705489
7.555555555555555 0.006384392501297692
7.5740740740740735 0.006338821226744931
7.575304222546779 0.006335804992658248
7.592592592592593 0.0062932035302891405
7.602022669372776 0.006270429615030991
7.61111111111111 0.006248369405675252
7.629043533945651 0.0062057288067765
7.629629629629629 0.006204327964228332
7.648148148148148 0.006160180439541028
7.656060103388039 0.006141695607417386
7.666666666666666 0.0061167787642322155
7.683400555805146 0.0060783231282972305
7.685185185185185 0.006074198839615373
7.703703703703703 0.006031660137148403
7.710827461897081 0.006015604551839555
7.722222222222221 0.005989767921033738
7.738584149398614 0.00595353313081437
7.74074074074074 0.005948727653879369
7.759259259259259 0.00590777659458673
7.766489895047574 0.005892102187612295
7.777777777777779 0.005867469838276266
7.794775250724398 0.005831305113526225
7.796296296296295 0.005828046764730142
7.814814814814815 0.005788652482822016
7.823242579030463 0.005771135368040321
7.833333333333332 0.005750007522832201
7.851851851851851 0.005712247053414589
7.852177616746199 0.005711586478126429
7.87037037037037 0.005674403707779587
7.8813214280262756 0.005652652037547698
7.888888888888888 0.005637498707157085
7.907407407407407 0.005601203578017853
7.910964596715891 0.005594325706169377
7.925925925925926 0.005565144193033121
7.941017268712253 0.005536601209276798
7.944444444444444 0.005530060781784786
7.962962962962963 0.005495183043166306
7.971516327654344 0.005479472336900286
7.98148148148148 0.005460987389467026
8.0 0.00542746637934262
8.002521282896774 0.00542293294314715
8.018518518518519 0.005393749560887593
8.03357281802749 0.005366976945540476
8.037037037037036 0.005360721350198397
8.055555555555555 0.005327502243602767
8.064579676980127 0.005311598324364777
8.074074074074073 0.005294585614082923
8.092592592592592 0.005261973983028562
8.095550471899204 0.005256791122018425
8.11111111111111 0.005229035307604081
8.126285417915145 0.005202549442372692
8.12962962962963 0.005196603746625022
8.148148148148149 0.005163815991475623
8.156709999639267 0.005148867450137492
8.166666666666666 0.0051311411823771035
8.185185185185185 0.005098675742600974
8.186860623191228 0.0050957393702336
8.203703703703702 0.005065608199939936
8.216463078754234 0.005043159487171359
8.222222222222221 0.005032811670083614
8.24074074074074 0.0049997402415537006
8.245588392743224 0.0049911221444358484
8.25925925925926 0.004966278614918009
8.274115747822314 0.00493962174387832
8.277777777777779 0.004932901836778575
8.296296296296296 0.004898946766455629
8.301934117763363 0.004888652745113983
8.314814814814815 0.004864577716024899
8.329040297111254 0.004838209664925958
8.333333333333332 0.004830059604304357
8.351851851851851 0.004794908368640125
8.355335516393028 0.0047882870766753835
8.37037037037037 0.004758989554223232
8.380726507243853 0.004738879609717651
8.38888888888889 0.004722618732904499
8.40528979605363 0.004689981948824616
8.407407407407408 0.0046857057325987075
8.425925925925926 0.004648468453537228
8.429382200053881 0.004641588833612777
8.444444444444443 0.004611948497164579
8.453862871093676 0.004593695057977397
8.462962962962962 0.004576243160162149
8.478826357917322 0.0045462954695324
8.481481481481481 0.004541331104371505
8.5 0.00450697154235496
8.504134527655683 0.004499384969056106
8.518518518518519 0.0044732115093641285
8.529837652949501 0.004452958509942656
8.537037037037036 0.0044401738848026985
8.555555555555555 0.004407819481743463
8.556019768274803 0.004407011097659076
8.574074074074073 0.004375770738017419
8.582447145666318 0.004361537789208006
8.592592592592592 0.004344388571608005
8.609372663911982 0.004316533692595901
8.61111111111111 0.004313661925294555
8.62962962962963 0.00428322281502914
8.636566590403593 0.004271993966306777
8.648148148148149 0.004253317888181995
8.66420231290584 0.004227913818781357
8.666666666666666 0.004224026380010497
8.685185185185185 0.004194988774951832
8.692110679587596 0.004184288507901581
8.703703703703702 0.004166414271539218
8.72043731311298 0.004141113340480482
8.722222222222221 0.004138418594579165
8.74074074074074 0.004110583629720965
8.748993737895209 0.0040983836717572615
8.75925925925926 0.004083216843792856
8.777777777777779 0.004056389613756508
8.777981547340678 0.004056094904897642
8.796296296296296 0.004029596594431214
8.807126682690473 0.004014242490499322
8.814814814814813 0.004003333209772473
8.833333333333332 0.003977432509821526
8.836652973801181 0.0039728219261025485
8.851851851851851 0.003951675409140783
8.86641423811574 0.003931828755705771
8.87037037037037 0.003926424984784712
8.88888888888889 0.003901317013548558
8.896412196271882 0.0038912585692862304
8.907407407407407 0.003876513834226968
8.925925925925926 0.003852158194638863
8.92672682559943 0.003851107002325569
8.944444444444443 0.0038277645837250167
8.957152173344932 0.0038113697353402767
8.962962962962962 0.0038038416173202002
8.981481481481481 0.003780088997630814
8.987825884283128 0.0037720424934169976
9.0 0.0037565270411443323
9.01851851851852 0.0037334058387382056
9.018746770082725 0.00373312104575266
9.037037037037036 0.0037101737983395973
9.0497119180931 0.003694601205199302
9.055555555555555 0.0036873795111737845
9.074074074074073 0.0036647090251741036
9.080873666004274 0.0036564788278136452
9.092592592592592 0.003642201327486247
9.11111111111111 0.003620063680187827
9.112212106601444 0.0036187498124112803
9.12962962962963 0.003597811794229329
9.143561672215789 0.003581410100125452
9.148148148148149 0.0035759700476467493
9.166666666666666 0.0035541623570431286
9.175021787553485 0.0035444556739704356
9.185185185185183 0.0035325581300336864
9.203703703703702 0.003511227150741969
9.206621277150209 0.003507882558409363
9.22222222222222 0.0034898580147271875
9.23828855080795 0.0034716868189265597
9.24074074074074 0.0034688914119746727
9.25925925925926 0.0034478710932907453
9.270028234547858 0.0034358645616042634
9.27777777777778 0.003427153802721622
9.296296296296296 0.003406606174608688
9.301935732171978 0.003400411932703706
9.314814814814811 0.003386146275229356
9.333333333333332 0.003366067080177923
9.334019444078006 0.0033653251182505575
9.351851851851851 0.0033458726609428787
9.36617729528437 0.003330600343624589
9.37037037037037 0.0033260907425730034
9.38888888888889 0.0033063363645786615
9.39852251794261 0.003296233873153629
9.407407407407408 0.003286831696767189
9.425925925925926 0.0032675404690681153
9.431085373448711 0.00326222200971167
9.444444444444445 0.003248321492642448
9.462962962962962 0.0032294878399540695
9.463878217839763 0.003228561094321124
9.48148148148148 0.0032105631424137085
9.49683853286867 0.003195247505759213
9.5 0.003192063580293359
9.518518518518515 0.003173559587638357
9.530047062236775 0.0031622776601683794
9.537037037037036 0.003155367671264722
9.555555555555555 0.0031373138047826126
9.563544836034168 0.0031296480106707504
9.574074074074074 0.0031194388440063297
9.592592592592592 0.0031018289110983695
9.597351953575416 0.0030973550469865652
9.61111111111111 0.003084280521847388
9.62962962962963 0.0030671082711484395
9.631491309305272 0.003065395295056527
9.648148148148143 0.003049896425547956
9.665974878028646 0.003033765316668089
9.666666666666666 0.0030331322221580797
9.685185185185183 0.003016290683308518
9.700818631079365 0.003002461709085549
9.703703703703702 0.002999879672917767
9.72222222222222 0.002983467942510918
9.736097767748 0.0029714811046840065
9.74074074074074 0.0029674214056678834
9.75925925925926 0.0029514334836980324
9.771852108330275 0.0029408201705870608
9.777777777777777 0.002935763259085539
9.796296296296296 0.0029201933373506684
9.808127755609624 0.0029104756083082714
9.814814814814817 0.0029049118860078886
9.833333333333332 0.0028897544040726347
9.844978272617473 0.002880444153396298
9.851851851851851 0.002874874877499515
9.87037037037037 0.002860124578849144
9.882466113776394 0.002850722575083718
9.88888888888889 0.0028456608913834235
9.907407407407408 0.0028313128800997026
9.920664375617005 0.002821307675939471
9.925925925925924 0.002817279785988559
9.944444444444445 0.0028033295843047966
9.959658953515303 0.002792196291524867
9.962962962962962 0.0027897427599263966
9.98148148148148 0.0027761863670461937
9.999551218382916 0.00276338529005317
10.0 0.002763062498771419
10.01851851851852 0.0027497637846836927
10.037037037037036 0.0027366471049521494
10.0395311222763 0.0027348715720526677
10.055555555555555 0.0027232911593210686
10.074074074074074 0.002710066309576965
10.078848760519184 0.0027066520700332413
10.092592592592592 0.002696678272867641
10.11111111111111 0.0026833748038973385
10.117596876369948 0.002678723748156372
10.12962962962963 0.002669968814108946
10.148148148148149 0.002656615333896261
10.15585195997759 0.002651083601908536
10.166666666666666 0.002643206326731138
10.185185185185183 0.0026298304235839415
10.193684822266317 0.0026237286577779906
10.203703703703702 0.002616434038287274
10.22222222222222 0.0026030622194359483
10.23116160099787 0.0025966559729348722
10.24074074074074 0.0025896947166707146
10.25925925925926 0.0025763523616807132
10.268344659415805 0.0025698626349146183
10.27777777777778 0.002563030553585035
10.296296296296296 0.002549741881860462
10.305293412191777 0.0025433457613046485
10.314814814814817 0.0025364830743374854
10.333333333333332 0.0025232711259459023
10.342065108681682 0.0025171024994342685
10.351851851851851 0.0025100930731576806
10.37037037037037 0.002496979661058705
10.378699422113948 0.0024911300260677884
10.38888888888889 0.0024838592560508734
10.407407407407408 0.00247072790073515
10.414906700111338 0.0024654255471007916
10.425925925925924 0.0024574986410478765
10.444444444444445 0.002444257567321957
10.450417839614063 0.00243998629725955
10.462962962962962 0.002430851404502401
10.48148148148148 0.002417456108078909
10.485126219676498 0.0024148095398035473
10.5 0.0024038015887548557
10.518518518518515 0.0023902062016656106
10.518942071008528 0.002389892566231048
10.537037037037036 0.0023762242921065084
10.55167755050546 0.0023652326959877285
10.555555555555555 0.002362261209213445
10.574074074074074 0.0023479828916377027
10.583349285869868 0.0023408272761782944
10.592592592592592 0.002333542855274416
10.61111111111111 0.0023189255611400492
10.61393904400784 0.0023166736812810897
10.62962962962963 0.002303898609803976
10.64328336568665 0.0022927693128656492
10.648148148148149 0.0022887122735367822
10.666666666666666 0.002273139455490199
10.671414557087868 0.0022691115993131515
10.685185185185183 0.0022572087250278573
10.698585658064122 0.002245697995539774
10.703703703703702 0.0022413219607092284
10.72222222222222 0.0022256005925786818
10.725862530381422 0.0022225259827228848
10.74074074074074 0.0022100221980636426
10.753308326676471 0.0021995930680300748
10.75925925925926 0.002194677688589211
10.777777777777777 0.0021795026461654313
10.7809709166876 0.002176896784350983
10.796296296296296 0.00216444164906494
10.808766518335911 0.002154434690031882
10.814814814814817 0.002149599757345585
10.833333333333332 0.0021349095484039255
10.836757542540788 0.002132204368613009
10.851851851851851 0.0021203195749823146
10.864863398671805 0.0021102034285685966
10.87037037037037 0.0021059351122666476
10.88888888888889 0.002091675269315487
10.893124806721524 0.0020884295030496013
10.907407407407408 0.0020775142608649537
10.921497525684444 0.0020668802496290823
10.925925925925926 0.002063546060012165
10.944444444444445 0.0020496681745365256
10.949970356717216 0.002045553350050195
10.962962962962962 0.0020358975244049063
10.978562598856858 0.002024446509976804
10.98148148148148 0.0020223076297942446
11.0 0.0020087685282398336
11.007186953814982 0.002003557458746648
11.018518518518515 0.001995352364632456
11.03594742512043 0.0019828839491270716
11.037037037037036 0.001982105357955217
11.055555555555555 0.00196886639506525
11.064662556747864 0.00196242375707327
11.074074074074074 0.0019557709827274054
11.092592592592592 0.0019428176277049357
11.093511065770576 0.0019421746814890244
11.11111111111111 0.0019298431651136034
11.122241184180751 0.0019221345439899107
11.12962962962963 0.0019169868051438523
11.148148148148149 0.0019041839466881092
11.15087596736192 0.0019023011886689458
11.166666666666666 0.001891333532852235
11.179279025501948 0.0018826724818646592
11.185185185185183 0.001878591212264501
11.203703703703702 0.001865871808770071
11.207539380260725 0.00186324631193156
11.22222222222222 0.0018531339703158262
11.235603942129806 0.0018440205890129595
11.24074074074074 0.0018405007682010671
11.25925925925926 0.0018278788461649782
11.263511114248836 0.0018249932448161524
11.277777777777777 0.0018152522661003868
11.291239602819164 0.0018061622323899016
11.296296296296296 0.0018027270874599517
11.314814814814817 0.0017902160988252243
11.318814263321954 0.0017875255259042354
11.333333333333332 0.0017776997272310258
11.346209316637022 0.0017690811204325117
11.351851851851851 0.0017652817075930138
11.37037037037037 0.0017528945345466266
11.373471472633812 0.0017508270317357236
11.388888888888888 0.0017404875121456239
11.400535881550717 0.00173276129604904
11.407407407407405 0.0017281759411371855
11.425925925925926 0.0017159249076931613
11.427504789833044 0.0017148819698705408
11.444444444444445 0.0017036264928025299
11.454241431435424 0.0016971871297521372
11.462962962962962 0.001691420741027466
11.48092109807544 0.0016796748720926532
11.48148148148148 0.0016793061581648959
11.5 0.001667127129937198
11.507347281554908 0.0016623433129330316
11.518518518518515 0.001655026578959929
11.533698710844211 0.0016451905877536623
11.537037037037036 0.0016430145562982494
11.555555555555555 0.001630999360899892
11.559873772213782 0.0016282148512737934
11.574074074074073 0.0016190033360514759
11.585899821551664 0.0016114142772530198
11.59259259259259 0.001607093218599251
11.61111111111111 0.0015952524993898224
11.611840109896171 0.0015947870582948209
11.62962962962963 0.0015833602050262826
11.637543460749722 0.0015783314056521166
11.648148148148149 0.001571551177526631
11.663176565659771 0.0015620455490348384
11.666666666666666 0.001559824159716355
11.685185185185183 0.001548105603052691
11.688647272643664 0.0015459277364194785
11.703703703703702 0.0015363966259749904
11.713956616681914 0.0015299762338606094
11.72222222222222 0.0015247669615968986
11.739188835743208 0.001514189325304352
11.74074074074074 0.0015132154278951738
11.75925925925926 0.001501636840763487
11.764214858389888 0.0014985653124037577
11.777777777777777 0.001490103075132966
11.789121545140606 0.0014831025143361043
11.796296296296296 0.0014786445829200756
11.813943774920553 0.0014677992676220704
11.814814814814817 0.0014672602119947264
11.833333333333332 0.0014558383948351406
11.838547471223077 0.0014526539259467814
11.851851851851851 0.001444470885989123
11.863041317415702 0.001437664859982702
11.870370370370372 0.0014331743581705986
11.887442730915286 0.001422830457214352
11.888888888888888 0.0014219476306990264
11.907407407407408 0.0014106985978685534
11.9116433079301 0.0014081491217648335
11.925925925925926 0.001399487036407812
11.935711948470503 0.0013936192742241434
11.944444444444445 0.0013883417021757654
11.9596792869958 0.0013792393514792658
11.962962962962962 0.0013772613083748821
11.98148148148148 0.0013662005970458558
11.983492087921029 0.001365007806546014
12.0 0.00135513270432381
12.007120152201436 0.0013509231084026028
12.018518518518515 0.0013441255569752132
12.03063682343223 0.0013369837418249467
12.037037037037036 0.0013331776563356651
12.054037087172937 0.0013231882072236461
12.055555555555555 0.0013222874948647528
12.074074074074073 0.001311381506877838
12.077240525632078 0.0013095350204826678
12.092592592592592 0.0013004964442270494
12.100285439242032 0.0012960227127996845
12.11111111111111 0.001289663706381345
12.123201476196533 0.00128264983052806
12.12962962962963 0.0012788813717149873
12.145982578248672 0.0012694149350204683
12.148148148148149 0.001268147441307923
12.166666666666666 0.0012574139480357814
12.16857798502509 0.0012563166024741202
12.185185185185183 0.0012466742664057294
12.19098019636312 0.0012433534237775994
12.203703703703702 0.0012359756372050386
12.213231447594511 0.0012305240043592616
12.22222222222222 0.0012253153062999457
12.235324135947163 0.0012178269640372161
12.24074074074074 0.0012146903114230267
12.257250136085313 0.0012052609368708425
12.25925925925926 0.001204097443344523
12.277777777777777 0.001193501548764558
12.27897377089026 0.0011928245710138403
12.296296296296296 0.001182879918416677
12.300472898950796 0.0011805165285688056
12.314814814814817 0.0011722788267524928
12.321782111683795 0.0011683354854432923
12.333333333333332 0.0011616934796113954
12.342890661886248 0.0011562801312073752
12.351851851851851 0.001151118525153205
12.363786902543726 0.0011443491689526704
12.37037037037037 0.0011405479446237703
12.384458172933858 0.0011325413151528113
12.388888888888888 0.0011299749201463827
12.404890669145278 0.0011208552995253765
12.407407407407408 0.0011193940985882004
12.425074402465633 0.0011092898648952228
12.425925925925926 0.001108794782832304
12.444444444444445 0.0010981720691980402
12.44502453441868 0.0010978437670592484
12.462962962962962 0.0010876074613985064
12.46490434013899 0.0010865157746525384
12.48148148148148 0.0010772007100572408
12.484831378103715 0.001075304669015891
12.5 0.0010665229002419516
12.504003842341625 0.0010642092440647246
12.518518518518515 0.0010556277238359358
12.522614119033294 0.0010532283061593165
12.537037037037038 0.0010445755830591403
12.540761759751504 0.0010423606739764012
12.555555555555555 0.0010333435588163783
12.558432055077931 0.0010316051783820807
12.574074074074073 0.0010219055217397805
12.575610393360066 0.0010209606623060464
12.592279740175217 0.0010104259806171098
12.592592592592592 0.0010102222781855508
12.608411714702816 0.001
12.61111111111111 0.0009982029366439368
12.624004792717278 0.0009896815988334523
12.62962962962963 0.0009858456900089909
12.639044887378528 0.0009794696670695395
12.648148148148149 0.0009730970800115639
12.65351807228097 0.0009693631061142512
12.666666666666664 0.0009598931924020496
12.66741059727238 0.0009593608287093146
12.680674824308374 0.0009494617588152204
12.685185185185183 0.0009459547510200842
12.693321882485712 0.0009396648314954692
12.703703703703702 0.0009312857726684071
12.705344284279777 0.0009299689928020025
12.71668859863745 0.0009203731996618221
12.72222222222222 0.0009154398362374925
12.727366365935222 0.0009108764197647733
12.73735296685481 0.0009014776314524918
12.74074074074074 0.0008980672212777973
12.746618912894627 0.0008921758236084958
12.755160600434632 0.0008829699955494083
12.75925925925926 0.0008781665276112961
12.762948890511748 0.0008738591569173056
12.769960053951593 0.0008648423275731727
12.776195319404025 0.0008559185374914618
12.777777777777777 0.0008533279873393365
12.78160217770413 0.0008470868266557403
12.786175130121643 0.0008383462449554085
12.789897960071992 0.0008296958520834907
12.792743979141724 0.0008211347174354734
12.794686605366389 0.0008126619200091946
12.795699316863136 0.0008042765483057628
12.795755598135589 0.0007959777002314977
12.794828878632476 0.0007877644830008839
12.792892463096749 0.0007796360130405237
12.789919453189254 0.0007715914158940838
12.785882659809642 0.0007636298261282241
12.78075450546554 0.0007557503872394921
12.777777777777777 0.0007520227430187111
12.774489911538485 0.0007479522515621822
12.7670570369097 0.0007402345801771417
12.75925925925926 0.0007333169657727844
12.758438607392645 0.000732596542821523
12.748566343131989 0.0007250373177994647
12.74074074074074 0.0007197635802274411
12.737433438337058 0.0007175560918936921
12.724984074146915 0.0007101520602780337
12.72222222222222 0.0007086760302743935
12.711176409849418 0.0007028244264308353
12.703703703703702 0.0006992438140251355
12.69597805495549 0.0006955724020492731
12.685185185185183 0.0006909032347374094
12.679342941632244 0.0006883952069645496
12.666666666666666 0.0006834144873176885
12.661225982941946 0.0006812920690579609
12.648148148148149 0.0006766013097122039
12.64158307994989 0.0006742622241778343
12.62962962962963 0.0006703310492861668
12.620371119636015 0.0006673049160573194
12.61111111111111 0.0006645018241052497
12.597547963311484 0.0006604193962330305
12.592592592592592 0.000659033994197871
12.57407407407407 0.0006538828956941171
12.573070452127952 0.0006536049239645289
12.555555555555555 0.0006490864987865826
12.546889763367789 0.0006468607661546321
12.537037037037036 0.0006444985563577936
12.518979280202434 0.0006401861972705489
12.518518518518515 0.0006400832867071558
12.5 0.0006359582749573243
12.489137465731313 0.0006335804992658254
12.48148148148148 0.0006320104564618413
12.462962962962962 0.0006283320515989261
12.456260133249254 0.0006270429615030991
12.444444444444445 0.0006249118278712962
12.425925925925924 0.0006216816235919756
12.419353060509495 0.0006205728806776501
12.407407407407408 0.0006186814402456607
12.38888888888889 0.0006158496581839538
12.377505538473734 0.000614169560741738
12.37037037037037 0.000613180345224372
12.351851851851851 0.0006107031207780907
12.333333333333332 0.0006083182930408415
12.329418465796303 0.0006078323128297232
12.314814814814817 0.000606128720515612
12.296296296296296 0.0006040516695661517
12.277777777777777 0.0006020577368285467
12.272973372938758 0.0006015604551839561
12.25925925925926 0.0006002261260270203
12.24074074074074 0.0005984987052487999
12.22222222222222 0.0005968458158571525
12.204729663878144 0.000595353313081437
12.203703703703702 0.0005952710108039969
12.185185185185183 0.0005938481181242894
12.166666666666666 0.0005924918059479661
12.148148148148143 0.0005912007562835974
12.12962962962963 0.000589973645099512
12.117507623133168 0.0005892102187612295
12.11111111111111 0.0005888315620151075
12.092592592592592 0.0005877900754100863
12.074074074074073 0.0005868052785636014
12.055555555555555 0.0005858758990813603
12.037037037037038 0.0005850006639491368
12.01851851851852 0.0005841783005113148
11.999999999999998 0.0005834075374435926
11.992902413985032 0.0005831305113526219
11.98148148148148 0.0005827117814627764
11.962962962962962 0.0005820778349770016
11.944444444444445 0.0005814890966410876
11.925925925925926 0.0005809443724931056
11.907407407407408 0.0005804424745567632
11.888888888888888 0.0005799822216622023
11.87037037037037 0.0005795624402423756
11.851851851851851 0.000579181965103396
11.83333333333333 0.0005788396401674341
11.814814814814811 0.0005785343191869168
11.796296296296294 0.0005782648664289565
11.77777777777778 0.0005780301573291083
11.75925925925926 0.0005778290791137202
11.74074074074074 0.0005776593137836059
11.72222222222222 0.0005775166100140138
11.703703703703702 0.000577399951090028
11.685185185185183 0.0005773087786695925
11.666666666666666 0.0005772425509946185
11.648148148148149 0.0005772007410724993
11.62962962962963 0.0005771828360117918
11.611111111111107 0.0005771883363976872
11.592592592592592 0.0005772167557047066
11.574074074074073 0.0005772676197442324
11.555555555555555 0.0005773404661446656
11.537037037037036 0.0005774348438621423
11.518518518518515 0.0005775503127198929
11.5 0.0005776864429744539
11.481481481481485 0.0005778428149070672
11.462962962962962 0.0005780190184387113
11.444444444444445 0.0005782146527673139
11.425925925925924 0.0005784293260257909
11.407407407407408 0.0005786626549596458
11.388888888888888 0.0005789142646229471
11.37037037037037 0.0005791837880915746
11.351851851851851 0.0005794708661927024
11.333333333333332 0.0005797751472495458
11.314814814814817 0.0005800962868404652
11.296296296296296 0.0005804339475715761
11.277777777777777 0.0005807877988620668
11.25925925925926 0.0005811575167414759
11.24074074074074 0.0005815427836582279
11.22222222222222 0.0005819432882987685
11.203703703703702 0.0005823587254166782
11.185185185185183 0.0005827887956711886
