0.1 0.003353465465013614
0.1047128548050899 0.002988767557241845
0.1096478196143185 0.002663731896498941
0.1148153621496883 0.0023740240267332625
0.1202264434617412 0.0021157131283132936
0.1258925411794167 0.0018852403737740979
0.1318256738556407 0.0016794306822823842
0.1380384264602885 0.0014406792850581607
0.1445439770745927 0.0010164247232115225
0.1513561248436208 0.0006957023129685662
0.1584893192461113 0.0005077123045187523
0.16595869074375597 0.0003915627161964739
0.1737800828749375 0.000314211582589351
0.1819700858609983 0.0002594473290265259
0.1905460717963247 0.0002188019078810638
0.1995262314968879 0.00018751264311758182
0.2089296130854039 0.00016272199017619522
0.2187761623949553 0.00014262062749191033
0.2290867652767773 0.00012600972019603218
0.239883291901949 0.000112065125773752
0.251188643150958 9.789784478122735e-05
0.2630267991895381 8.626818543421152e-05
0.2754228703338166 7.6685638931511e-05
0.2884031503126605 6.856983902229871e-05
0.3019951720402016 6.160002990497649e-05
0.3162277660168379 5.555178353299613e-05
0.3311311214825911 5.025801067459118e-05
0.3467368504525316 4.559059490824277e-05
0.3630780547701014 4.144935940951094e-05
0.3801893963205611 3.775475398854327e-05
0.3981071705534972 3.4442770114126495e-05
0.4168693834703354 3.146130148839046e-05
0.436515832240166 2.8767484599107388e-05
0.4570881896148751 2.6325722605904915e-05
0.4786300923226384 2.4106195693230967e-05
0.5011872336272724 2.2083512893979205e-05
0.5248074602497725 2.0234091030063268e-05
0.5495408738576245 1.853989431454634e-05
0.5754399373371569 1.6939545970909973e-05
0.6025595860743578 1.54199782337323e-05
0.6309573444801934 1.4001517960898129e-05
0.6606934480075961 1.2699433855221082e-05
0.6918309709189364 1.1512486423407662e-05
0.7244359600749899 1.043556576424987e-05
0.7585775750291838 9.461024796863959e-06
0.7943282347242815 8.56102302079992e-06
0.8317637711026711 7.662996442021225e-06
0.8709635899560808 6.82322135948813e-06
0.9120108393559097 5.952018197978019e-06
0.9549925860214359 5.236328981744662e-06
1.0 5.116717272672713e-06
1.0471285480508996 4.5512456554437765e-06
1.096478196143185 4.048919221661172e-06
1.1481536214968828 3.6025715360860765e-06
1.2022644346174132 3.205869300959233e-06
1.2589254117941675 2.853212219918031e-06
1.3182567385564077 2.539645410796177e-06
1.3803842646028852 2.260782717850801e-06
1.4454397707459272 2.0127395051885003e-06
1.513561248436208 1.7920737080855356e-06
1.5848931924611134 1.595734036412857e-06
1.6595869074375604 1.4210121497025964e-06
1.7378008287493754 1.2654822064807147e-06
1.819700858609984 1.126940214443005e-06
1.9054607179632472 1.0034282182067617e-06
1.9952623149688797 8.932190164348061e-07
2.08929613085404 7.947849795785822e-07
2.1877616239495534 7.067902153215763e-07
2.2908676527677736 6.280800221473419e-07
2.3988329190194912 5.576615547081569e-07
2.511886431509581 4.946795715973808e-07
2.6302679918953813 4.3839125863551866e-07
2.7542287033381663 3.8814318986735825e-07
2.884031503126605 3.433522046181165e-07
3.019951720402016 3.0349081734623967e-07
3.1622776601683795 2.680752185556773e-07
3.3113112148259107 2.3665527927947432e-07
3.4673685045253166 2.0881470694843912e-07
3.6307805477010135 1.841580063373702e-07
3.8018939632056137 1.6233219071931375e-07
3.981071705534973 1.4302635451224385e-07
4.168693834703355 1.2596693889111648e-07
4.365158322401661 1.1091051683748136e-07
4.570881896148752 9.763802835479437e-08
4.786300923226383 8.595113951676683e-08
5.011872336272722 7.56700742136206e-08
5.2480746024977245 6.663225034523834e-08
5.495408738576247 5.869125527715894e-08
5.7543993733715695 5.171589805780204e-08
6.025595860743578 4.558922149020715e-08
6.3095734448019325 4.020744452235672e-08
6.606934480075961 3.547884996149307e-08
6.918309709189366 3.132266324011742e-08
7.2443596007499025 2.7667944226214587e-08
7.58577575029184 2.445251843767965e-08
7.943282347242818 2.1621977263277417e-08
8.317637711026709 1.9128751995119994e-08
8.709635899560805 1.6931291485840838e-08
9.120108393559097 1.4993305457217954e-08
9.549925860214357 1.3282972553895128e-08
10.0 1.1772257156591133e-08
