0.215958860348905  1
0.2140845954143097  0.00014231095201942544
0.2177090289818702  0.0002137220174600269
0.22348029077341988  0.00019075645174597246
0.23140498968627993  0.00023657013491763
0.24260428490147776  0.00020738724959816956
0.2551201178494916  0.00021623530812723532
0.2705022489817644  0.0002587052969019413
0.27908690198867175  0.00021109137565229999
0.2889715327450522  0.00025713369749036933
0.2999649980289641  0.0002985839113255023
0.3135534667991691  0.00022811322720491008
0.3333750383830013  0.0002862901210283094
0.34949977738265803  0.00024798973909547325
0.3674949808976746  0.0002479685041546906
0.3898238049902929  0.00035924587599480074
0.4128513948184223  0.0002600695693941343
0.42761451744481466  0.00036569200164873685
0.4377677617326906  0.0003186822095780961
0.45329117855608075  0.0003952196249494892
0.46414964873495884  0.00037674001105310106
0.4869739163113519  0.00045616616747927625
0.4945797523971351  0.00039046231475927166
0.5186226793824201  0.00037442267819847065
0.5268529864043376  0.00035692031032954455
0.5275332467911189  1
0.5755921501176776  1
0.5725582159789393  0.0006223978449750447
0.592283821303619  0.0005048169165311184
0.6292244204060532  0.0004478587177414423
0.6448813138189017  0.0006335372821650614
0.6725279364901944  0.0005553902179172903
0.6994993232081644  0.0004839815880687328
0.7205948536302887  1
0.7359699439501259  1
0.7486867387334493  0.0011046382109003146
0.7437596554744232  0.006221202006978355
0.8288321071012015  0.00610944662747596
0.8243388677919343  0.0005720506364093009
0.8394867078926112  0.000504516681759146
0.8603755251106331  0.0007136851750492292
0.9255581225639664  0.0004694987062784663
0.9687086734623721  0.0006218398776694913
0.963615857908272  1
1.18 1
1.18 0.0009820006793908474
1.2291056342361872 0.0009415807513873636
1.2838960463822138 0.0009598040107344468
1.3349371639328662 0.0009662607801885202
1.3881286374500879 0.001061325938166247
1.4413578117954862 0.0011331655893054753
1.4984463261354137 0.001224847128283899
1.5622739729847277 0.0012525633635768931
1.624883802880192 0.00125533330306876
1.6905891450934325 0.0012513649553630977
1.7576621606927976 0.0012351617916466367
1.828023840908225 0.0012104025965147616
1.8877396869688885 0.0012095116748353724
1.9775593011225574 0.0012415445906373943
2.056833873567385 0.0012511806866648848
2.1393556466621204 0.0012824272139773452
2.22509829487256 0.001286967792880578
2.3143846604986664 0.0013231937962508496
2.407271786978279 0.0013657590203519905
2.5039362921293846 0.0014243005618795174
2.6043613078853323 0.0014496942325364717
2.7 0.0014690361574748146
2.7 1
3.32 1
3.32 0.002022352391688591
3.3699562149491644 0.001926177181993934
3.4993102117128894 0.002096780040420862
3.54  0.0022572474740618713
3.54  1
3.95  1
3.95  0.0022685500904838516
4.02979669139228 0.0021686881583420476
4.191174143094792 0.002140922394127449
4.359041757516197 0.002120526774002737
4.549630709994127 0.002046888703918601
4.731502183374756 0.0019497935265191506
4.900938401690608 0.0018626967647482659
5.117629050405349 0.0018209675423986429
5.322607713161977 0.0018043424082796287
5.53581038991311 0.0017902192534023087
5.757752925081486 0.0018087180423756845
5.988315549902904 0.001783589942647402
6.2284617452485955 0.0018113836133404873
6.47775473618071 0.001769201968521159
6.736949707694553 0.001717853555439447
7.017040910401831 0.0017322703127369138
7.288028255295782 0.0017601064751943158
7.580381557744881 0.0017980949264781013
7.842071229082952 0.0018051423572394225
8.201177215881273 0.001929436380782706
8.531834671170163 0.0021839669559051327
8.827515483739397 0.002346355344280932
8.9 0.002557461535688751
8.9 1
10.7 1
10.7 0.001857720943355754
10.873969795258137 0.0018533602283314396
11.251714759429083 0.001816535455970551
11.761333014828 0.0017281298484488413
12.231886853143331 0.0016741477046071768
12.721340341169865 0.0016267554777514188
13.212788580649178 0.0015881422274579384
13.761066175140513 0.0016124449448405376
14.341121774882563 0.0016240958303729782
14.88610519472548 0.00161720107978982
15.45520727604528 0.0016290729136882035
16.103598413571852 0.001647246411171203
16.74889686445728 0.001647246411171203
17.468477768065306 0.0016454280523980301
18.085696177461248 0.0016434301760312423
18.84410239276145 0.0016460916649112876
19.424469349388566 0.0016233651899677994
20.38471915720512 0.0016514970667298036
21.201604208695507 0.0016529163879979941
22.050455438129813 0.0016244470342849776
22.923019564327976 0.001649240252694894
23.88430460237264 0.0017281439870095213
24.813224943115326 0.0017796543852879674
25.762529699243213 0.0018177970223283448
26.8449931755024 0.0018980890552788158
27.922408835481722 0.0019591478255290874
29.043741323177578 0.002046888703918601
30.288708818186212 0.0020506323562388385
31.44768436931757 0.0021011955528365245
32.7964808708876 0.0021314847685298607
34.11194075930562 0.0021726839834087883
35.47928880297784 0.0021863249401596714
36.90154979353632 0.0022032938329642872
38.458120170402495 0.0022525977261937252
39.92035617381037 0.0022658133479200623
41.521202239304976 0.002299427753160633
43.18426667257265 0.002278360775270404
44.91732756802394 0.0023481917226987233
46.720794859479334 0.002443440540446238
48.5923943542704 0.0024281953835515162
50.540748601840704 0.0024578763478487176
52.59221818498575 0.002592121710367787
54.840586427189336 0.002582807336553506
56.64936213897884 0.002801181847007657
59.158664231519374 0.0028520423713950696
60.98228165437562 0.0028522173792787813
63.99712721796841 0.002905980167334032
67.28888576718289 0.003146079146978588
69.24358899219138 0.0032483396578849074
69.44966938739074 1