0.0100  10
0.0100  0.0000080259
0.011428 0.0000080259
0.013060 0.0000080259
0.015431 0.0000081304
0.018437 0.0000081304
0.021070 0.0000082363
0.026320 0.0000083435
0.031799 0.0000084521
0.039283 0.0000086737
0.044893 0.0000087866
0.051877 0.0000089010
0.066261 0.0000090169
0.077426 0.0000090169
0.089473 0.0000090169
0.10225 0.0000090169
0.12353 0.0000089010
0.14275 0.0000087866
0.16496 0.0000086737
0.18437 0.0000084521
0.20379 0.0000083435
0.22525 0.0000082363
0.25456 0.0000081304
0.28452 0.0000081304
0.31799 0.0000082363
0.34374 0.0000087866
0.37573 0.0000097446
0.40616 0.000010807
0.43419 0.000011831
0.46211	0.00001232302916430509
0.5467937936306256	0.00001232389201888948
0.6919082241484181	0.000012324927950946729
0.8755347924955005	0.000012326151402535217
1.1078942930814293	0.000012327562753324818
1.401920032376908	0.000012329134884076708
1.77397770658542	0.000012330790661267438
2.244776328737125	0.000012332366145711992
2.8405209080996374	0.000012333551995181167
3.594371040918104	0.000012333801341265412
4.548286598754202	0.000012332188079288294
5.755363246840272	0.000012327194740585344
7.282787789175967	0.00001231640870845184
9.215577837122504	0.000012296113751062808
11.661313954291769	0.000012260816314569172
14.756127672512896	0.000012202865306482672
18.672278676397674	0.000012112648277794167
23.62774290835894	0.000011980477584924301
29.89834527529712	0.00001180253955808494
37.83311227263426	0.000011595783096863557
47.87369906442176	0.000011434171245385742
60.578972345571486	0.00001155926511780174
76.65611728701391	0.000013001747345437884
97.	0.0000785177748138777
100.43767099078165 10
