0.10000460532227984 0.15198598615533845
0.10116261572228076 0.1517722920342747
0.10233403538560697 0.1515588983697104
0.10351901958577152 0.15134580473920028
0.10471772539428806 0.1511330107208927
0.10593031170149092 0.15092051589352937
0.10715693923759624 0.1507083198364442
0.10839777059400736 0.15049642212956266
0.10965297024486592 0.15028482235340074
0.11092270456885364 0.15007352008906424
0.112207141871246 0.14986251491824804
0.11350645240622124 0.149651806423235
0.11482080839942785 0.1494413941868954
0.11615038407081373 0.14923127779268608
0.11749535565771857 0.14902145682464932
0.11885590143823505 0.14881193086741246
0.12023220175483952 0.1486026995061867
0.12162443903829685 0.1483937623267666
0.12303279783184165 0.14818511891552896
0.12445746481564045 0.14797676885943226
0.12589862883153552 0.1477687117460155
0.12735648090807675 0.14756094716339788
0.12883121428584265 0.14735347470027754
0.1303230244430546 0.14714629394593096
0.13183210912148785 0.14693940449021214
0.13335866835268284 0.14673280592355167
0.134902904484459 0.14652649783695607
0.13646502220773676 0.14632047982200683
0.1380452285836696 0.1461147514708598
0.1396437330710902 0.14590931237624413
0.14126074755427453 0.14570416213146178
0.1428964863710279 0.14549930033038627
0.14455116634109494 0.14529472656746237
0.1462250067949001 0.14509044043770497
0.14791822960261986 0.14488644153669838
0.14963105920359218 0.14468272946059552
0.15136372263606604 0.14447930380611718
0.15311644956729634 0.14427616417055106
0.15488947232398576 0.14407331015175112
0.15668302592308053 0.1438707413481368
0.15849734810292235 0.1436684573586921
0.16033267935476078 0.14346645778296493
0.16218926295463085 0.14326474222106614
0.16406734499559944 0.14306331027366895
0.16596717442038608 0.14286216154200784
0.16788900305435953 0.14266129562787816
0.16983308563891844 0.1424607121336351
0.17179967986525752 0.1422604106621928
0.1737890464085248 0.14206039081702393
0.17580144896237454 0.14186065220215854
0.17783715427392088 0.14166119442218342
0.17989643217909435 0.14146201708224132
0.18197955563841006 0.14126311978803024
0.18408680077314865 0.1410645021458025
0.18621844690195646 0.14086616376236405
0.18837477657787016 0.14066810424507373
0.19055607562576932 0.1404703232018423
0.19276263318026265 0.14027282024113194
0.19499474172401365 0.14007559497195526
0.1972526971265094 0.1398786470038747
0.19953679868327875 0.13968197594700155
0.2018473491555641 0.13853632114253342
0.2041846548104536 0.13716364881993712
0.20654902546147624 0.13580457747425198
0.2089407745096689 0.13445897234165285
0.21136021898511775 0.13312669999360746
0.21380767958898167 0.13180762832364595
0.21628348073600065 0.1305016265342613
0.21878795059749892 0.12920856512393938
0.22132142114488326 0.12792831587431808
0.2238842281936468 0.12666075183747347
0.2264767114478821 0.1254057473233312
0.2290992145453092 0.12416317788720381
0.2317520851028252 0.12293292031745069
0.23443567476258234 0.12171485262326029
0.2371503392385974 0.1205088540225544
0.2398964383639029 0.11931480493001087
0.2426743361382436 0.11813258694520602
0.24548440077632475 0.11696208284087406
0.2483270047566198 0.11580317655128312
0.2512025248707437 0.11465575316072596
0.2541113422733959 0.11351969889212563
0.2570538425328837 0.11239490109575302
0.26003041568223 0.11128124823805689
0.2630414562708727 0.11017862989060424
0.2660873634169626 0.10908693671913046
0.2691685408602679 0.10800606047269755
0.27228539701568955 0.10693589397296062
0.2754383450273977 0.10587633110353988
0.2786278028235949 0.10482726679949832
0.2818541931719126 0.10378859703692357
0.28511794373544985 0.10276021882261328
0.2884194871294616 0.10174203018386188
0.2917592609787009 0.10073393015834976
0.2951377079754277 0.09973581878413147
0.2985552759380887 0.09874759708972398
0.30201241787067545 0.09662779515596097
0.3055095920227714 0.09375517767880491
0.3090472619502941 0.09096795934748172
0.31262589657693873 0.08826360135751572
0.31624597025633605 0.0856396403797544
0.3199079628349281 0.08309368631658656
0.32361235971557273 0.080623420124865
0.3273596519218845 0.07822659170355004
0.3311503361633205 0.07590101784415201
0.3349849149010207 0.07364458024210234
0.33886389641440884 0.07145522356724651
0.34278779486856625 0.06933095359169672
0.3467571303823853 0.06726983537334175
0.3507724290975116 0.06526999149335884
0.3548342232480853 0.06332960034612191
0.35894305123128994 0.06144689447994783
0.3630994576787168 0.05962015898717186
0.3673039935285569 0.05784772994208234
0.3715572160986296 0.05612799288529416
0.3758596891602551 0.054459381353179966
0.3802119830129831 0.05284037545101951
0.3846146745601883 0.051269500468566424
0.3890683473855381 0.049745325536774125
0.3935735918303481 0.04826646232445387
0.3981310050718333 0.046831563773680314
0.4027411912022642 0.045351041020026434
0.4074047613090404 0.04385879334076642
0.41212233355569217 0.04241564713935932
0.4168945332638171 0.04101998676234447
0.4217219929959688 0.039670249718329095
0.4266053526395035 0.03836492492872382
0.43154525949139866 0.0371025510360364
0.4365423683440521 0.03588171476783029
0.4415973415720782 0.034701049354515415
0.4467108492201034 0.033559232999201744
0.4518835690915838 0.03245498739790022
0.4571161868386488 0.03138707630841613
0.4624093960529846 0.03035430416633207
0.4677638983577714 0.029355514746531114
0.473180403500686 0.028389589868761406
0.4786596294479769 0.02745544814579416
0.4842023024796342 0.026552043772771792
0.4898091572856586 0.025678365356392424
0.4954809370634456 0.024833434782619054
0.5012183936162968 0.024196675824727582
0.507022287453075 0.024243574308910148
0.5128933878890077 0.024290563692678856
0.5188324731476628 0.02433764415221711
0.5248403304641029 0.024384815864049822
0.5309177561892355 0.024432079005044016
0.5370655558953682 0.024479433752409515
0.5432845444829922 0.024526880283699662
0.5495755462887949 0.024574418776811883
0.5559393951949295 0.024622049409988453
0.5623769347395461 0.02466977236181709
0.5688890182286045 0.02471758781123165
0.5754765088489809 0.024765495937512833
0.5821402797828868 0.024813496920288815
0.5888812143236067 0.024861590939535914
0.5957002059925831 0.024909778175579277
0.6025981586578532 0.02485311705204856
0.6095759866538577 0.024623282887829077
0.6166346149026375 0.024395574160951405
0.6237749790364352 0.02416997121600915
0.6309980255217116 0.023946454579363254
0.6383047117846029 0.02372500495746103
0.6456960063378296 0.023505603235170754
0.6531728889090733 0.02328823047413171
0.6607363505708417 0.023072867911119448
0.6683873938718361 0.022859496956426206
0.6761270329698431 0.022648099192256216
0.6839562937661597 0.022438656371135984
0.6918762140415796 0.022231150414339183
0.6998878435939528 0.022025563410326087
0.707992244377338 0.0218076032132877
0.7161904906427649 0.021591600490583875
0.7244836690806312 0.02137773725912808
0.7328728789647412 0.021165992327415204
0.7413592322980181 0.020956344713840475
0.7499438539599019 0.020748773644620373
0.7586278818554538 0.020543258551734205
0.7674124670661859 0.02033977907088601
0.7762987740026427 0.020138315039486675
0.7852879805587405 0.019938846494656107
0.7943812782679024 0.019741353671245084
0.8035798724609972 0.018903012038316517
0.8128849824261071 0.01716957371519298
0.8222978415701467 0.01559509463168613
0.8318196975823556 0.014164997955425945
0.8414518125996765 0.012866043574339455
0.8511954633740569 0.011686205517127716
0.8610519414416841 0.01061456061449394
0.8710225532941792 0.009641187370326019
0.8811086205517757 0.008757074106563607
0.8913114801385041 0.007954035531336515
0.9016324844593986 0.00736814728115068
0.912073001579764 0.007583254258818409
0.922634415406514 0.0078046411071341715
0.9333181258716106 0.00803249116173769
0.9441255491176258 0.00826699311060131
0.9550581176854576 0.00850834115028703
0.9661172807042095 0.008756735146765114
0.9773045040832794 0.009012380800927885
0.9886212707066664 0.009275489818935397
1.0000690806295298 0.009542401538993155
1.0116494512770229 0.009177847835305872
1.023363917645433 0.008827221380679396
1.035214032505644 0.008489990104627467
1.0472013666089601 0.008165642263650203
1.059327508895311 0.007853685664670878
1.0715940667038697 0.0075536469181402156
1.0840026659861044 0.007265070719674711
1.0965549515213082 0.006987519159138812
1.109252587134608 0.006204231368032816
1.1220972559175126 0.005346278163079108
1.1350906604510085 0.004606967165068722
1.148234523031238 0.003969891915948789
1.1615305858977938 0.0034209147275484648
1.1749806114646577 0.00294785294434418
1.1885863825538054 0.002540208591433108
1.202349702631527 0.0023031722135298444
1.2162723960474782 0.0026774479105460157
1.2303563082765006 0.003112545067874211
1.2446033061632404 0.0036183474424987994
1.259015278169608 0.004206344945739071
1.273594134625088 0.004889894650450091
1.2883418079799611 0.005684524213051481
1.29 1e-2
