1.291549665014884 0.005872658506728202
1.2328467394420666 0.0031962437176054712
1.1768119524349985 0.002889500093550569
1.1233240329780276 0.00527226611496698
1.0722672220103238 0.007537746050116465
1.0235310218990263 0.008822525277715512
0.9770099572992254 0.009005672012425602
0.93260334688322 0.008017201124453891
0.8902150854450388 0.00803746237179063
0.8497534359086445 0.011854818820197127
0.8111308307896873 0.017485180173052263
0.7742636826811272 0.020184128340973755
0.739072203352578 0.021012461081524932
0.7054802310718644 0.021874786982569682
0.6734150657750824 0.02272173097987475
0.6428073117284322 0.02359086729518438
0.6135907273413174 0.024493248589713454
0.5857020818056667 0.02483896328045919
0.5590810182512224 0.024645393117469234
0.533669923120631 0.024453331481309452
0.5094138014816381 0.02426276661550368
0.4862601580065355 0.026227250327138758
0.464158883361278 0.030023459721412855
0.4430621457583881 0.03436913515884565
0.4229242874389499 0.039343805504108265
0.4037017258596554 0.04503851032508069
0.3853528593710529 0.051012644868568616
0.3678379771828634 0.057627922251923154
0.3511191734215131 0.06510127188270826
0.3351602650938842 0.07354393618278124
0.3199267137797383 0.08308147169018433
0.3053855508833415 0.0938558625800802
0.2915053062825177 0.10080998641202268
0.2782559402207124 0.10494861462006966
0.2656087782946686 0.10925714588331739
0.2535364493970112 0.113742555098456
0.2420128264794382 0.11841210349166761
0.2310129700083159 0.12327335037263407
0.2205130739903045 0.12833416537104686
0.2104904144512021 0.13360274117542012
0.2009233002565046 0.13908760679483056
0.1917910261672488 0.14035949763035205
0.1830738280295368 0.14115968517731187
0.1747528400007683 0.14196443431659989
0.1668100537200058 0.14277377105071576
0.1592282793341092 0.1435877215303732
0.1519911082952934 0.144406312055343
0.1450828778495939 0.1452295690753047
0.1384886371393873 0.1460575191906983
0.1321941148466029 0.14689018915358643
0.126185688306602 0.14772760586851633
0.1204503540258782 0.1485697963933898
0.1149756995397735 0.14941678794033755
0.1097498765493056 0.15026860787659777
0.1047615752789664 0.1511252837254005
