0.001 
0.0010115795707234 
0.001023293227905 
0.0010351425242084 
0.0010471290302763 
0.001059254334939 
0.0010715200454245 
0.0010839277875721 
0.0010964792060474 
0.0011091759645607 
0.0011220197460871 
0.0011350122530899998 
0.0011481552077466 
0.0011614503521762 
0.0011748994486711 
0.0011885042799299 
0.0012022666492945 
0.0012161883809884 
0.0012302713203591 
0.0012445173341223 
0.0012589283106093 
0.0012735061600178 
0.0012882528146645 
0.0013031702292416 
0.0013182603810758 
0.0013335252703904 
0.0013489669205704 
0.0013645873784308 
0.0013803887144876 
0.0013963730232329 
0.0014125424234118 
0.0014288990583035 
0.0014454450960059 
0.0014621827297219 
0.0014791141780514 
0.0014962416852842 
0.0015135675216983 
0.0015310939838605 
0.0015488233949309 
0.0015667581049707 
0.0015849004912537 
0.0016032529585819 
0.0016218179396033 
0.0016405978951356 
0.0016595953144910003 
0.0016788127158075 
0.0016982526463816 
0.0017179176830067 
0.0017378104323142 
0.0017579335311191 
0.0017782896467699 
0.0017988814775014 
0.0018197117527933 
0.001840783233731 
0.0018620987133726 
0.0018836610171182 
0.0019054730030849 
0.0019275375624858 
0.0019498576200127 
0.0019724361342243 
0.0019952760979381 
0.002018380538627 
0.0020417525188208 
0.0020653951365123 
0.0020893115255675 
0.0021135048561411 
0.0021379783350972 
0.0021627352064336 
0.0021877787517127 
0.0022131122904954 
0.0022387391807821 
0.0022646628194574 
0.0022908866427401 
0.0023174141266391 
0.0023442487874141 
0.0023713941820413 
0.0023988539086855 
0.0024266316071763 
0.0024547309594914 
0.0024831556902439 
0.0025119095671764 
0.0025409964016605 
0.0025704200492016 
0.0026001844099503 
0.0026302934292194 
0.0026607510980064 
0.0026915614535233 
0.0027227285797309 
0.0027542566078807 
0.0027861497170622 
0.0028184121347571 
0.0028510481373994 
0.0028840620509424 
0.0029174582514321 
0.0029512411655873 
0.0029854152713862 
0.0030199850986601 
0.0030549552296938 
0.0030903302998331 
0.0031261149980988 
0.0031623140678090004 
0.003198932307207 
0.0032359745700978 
0.0032734457664916 
0.0033113508632541 
0.0033496948847653 
0.0033884829135855 
0.0034277200911286 
0.0034674116183440002 
0.0035075627564059996 
0.0035481788274107 
0.0035892652150822 
0.0036308273654855 
0.0036728707877488 
0.0037154010547937 
0.0037584238040737 
0.0038019447383217 
0.0038459696263058 
0.0038905043035938 
0.0039355546733272 
0.0039811267070031 
0.0040272264452658 
0.0040738599987082 
0.0041210335486807 
0.0041687533481114 
0.0042170257223345 
0.0042658570699289 
0.0043152538635663 
0.0043652226508692 
0.0044157700552786 
0.0044669027769322 
0.0045186275935525 
0.004570951361345 
0.0046238810159072 
0.0046774235731477 
0.0047315861302166 
0.0047863758664455 
0.0048418000443001 
0.0048978660103419 
0.0049545811962027 
0.0050119531195692 
0.00506998938518 
0.0051286976858328 
0.0051880858034052 
0.0052481616098851 
0.0053089330684149 
0.0053704082343467 
0.0054325952563102 
0.0054955023772925 
0.0055591379357313 
0.0056235103666196 
0.005688628202624001 
0.0057545000752157 
0.0058211347158148 
0.0058885409569474 
0.0059567277334163 
0.0060257040834858 
0.0060954791500792 
0.0061660621819909 
0.0062374625351125 
0.0063096896736727 
0.0063827531714921 
0.0064566627132518 
0.0065314280957774 
0.0066070592293376 
0.0066835661389578 
0.0067609589657488 
0.0068392479682511 
0.0069184435237947 
0.0069985561298748 
0.0070795964055427 
0.0071615750928143 
0.0072445030580929 
0.0073283912936104 
0.0074132509188839 
0.0074990931821899 
0.0075859294620548 
0.0076737712687639 
0.0077626302458862 
0.0078525181718185 
0.0079434469613463 
0.0080354286672232 
0.0081284754817686 
0.0082225997384837 
0.0083178139136861 
0.0084141306281642 
0.0085115626488495 
0.008610122890509 
0.0087098244174573 
0.0088106804452882 
0.0089127043426262 
0.0090159096328989 
0.0091203099961293 
0.0092259192707494 
0.0093327514554339 
0.0094408207109566 
0.0095501413620666 
0.0096607278993877 
0.0097725949813388 
0.0098857574360769 
0.0100002302634629 
0.0101160286370495 
0.0102331679060928 
0.0103516635975864 
0.0104715314183201 
0.0105927872569615 
0.010715447186161998 
0.0108395274646876 
0.0109650445395739 
0.0110920150483057 
0.0112204558210232 
0.0113503838827522 
0.011481816455661 
0.0116147709613431 
0.0117492650231267 
0.0118853164684106 
0.0120229433310273 
0.0121621638536331 
0.0123029964901265 
0.0124454599080944 
0.0125895729912861 
0.0127353548421169 
0.0128828247841995 
0.0130320023649061 
0.0131829073579588 
0.0133355597660511 
0.0134899798234989 
0.0136461879989232 
0.0138042049979623 
0.0139640517660173 
0.014125749491028 
0.0142893196062812 
0.0144547837932522 
0.0146221639844785 
0.0147914823664668 
0.0149627613826341 
0.0151360237362825 
0.0153112923936087 
0.0154885905867481 
0.015667941816854 
0.0158493698572133 
0.0160328987563972 
0.0162185528414489 
0.0164063567211086 
0.016596335289075 
0.0167885137273051 
0.0169829175093522 
0.0171795724037424 
0.0173785044773903 
0.0175797400990541 
0.0177833059428312 
0.0179892289916931 
0.0181975365410629 
0.0184082562024328 
0.0186214159070245 
0.0188370439094908 
0.0190551687916616 
0.0192758194663321 
0.0194990251810951 
0.0197248155222181 
0.0199532204185648 
0.0201842701455623 
0.0204179953292143 
0.0206544269501601 
0.020893596347781998 
0.0211355352243586 
0.0213802756492672 
0.0216278500632349 
0.0218782912826385 
0.0221316325038542 
0.0223879073076582 
0.0226471496636774 
0.0229093939348928 
0.0231746748821934 
0.0234430276689849 
0.0237144878658499 
0.0239890914552631 
0.0242668748363609 
0.0245478748297658 
0.0248321286824677 
0.0251196740727604 
0.0254105491152361 
0.0257047923658379 
0.0260024428269699 
0.0263035399526675 
0.0266081236538268 
0.0269162343034948 
0.0272279127422213 
0.027543200283471996 
0.0278621387191048 
0.0281847703249095 
0.0285111378662112 
0.0288412846035393 
0.0291752542983614 
0.0295130912188841 
0.0298548401459211 
0.0302005463788283 
0.0305502557415091 
0.0309040145884876 
0.0312618698110538 
0.0316238688434784 
0.0319900596693009 
0.0323604908276892 
0.0327352114198743 
0.033114271115658 
0.0334977201599976 
0.0338856093796649 
0.0342779901899842 
0.0346749146016472 
0.0350764352276068 
0.0354826052900517 
0.0358934786274604 
0.0363091097017381 
0.0367295536054351 
0.0371548660690503 
0.0375851034684175 
0.0380203228321786 
0.0384605818493425 
0.0389059388769323 
0.0393564529477203 
0.0398121837780529 
0.0402731917757662 
0.0407395380481931 
0.0412112844102632 
0.0416884933926964 
0.0421712282502915 
0.0426595529703109 
0.0431535322809617 
0.0436532316599762 
0.0441587173432904 
0.0446700563338242 
0.0451873164103626 
0.0457105661365397 
0.0462398748699271 
0.0467753127712273 
0.0473169508135736 
0.0478648607919378 
0.0484191153326465 
0.0489797879030082 
0.0495469528210511 
0.0501206852653743 
0.0507010612851129 
0.0512881578100183 
0.0518820526606553 
0.0524828245587175 
0.0530905531374621 
0.0537053189522648 
0.0543272034912985 
0.0549562891863337 
0.0555926594236657 
0.0562363985551671 
0.0568875919094693 
0.0575463258032723 
0.0582126875527864 
0.0588867654853065 
0.0595686489509193 
0.0602584283343473 
0.0609561950669294 
0.0616620416387398 
0.0623760616108484 
0.0630983496277221 
0.0638290014297698 
0.0645681138660335 
0.0653157849070256 
0.0660721136577147 
0.0668372003706626 
0.0676111464593126 
0.0683940545114324 
0.0691860283027115 
0.069987172810518 
0.0707975942278123 
0.07161739997722401 
0.0724466987252905 
0.0732856003968611 
0.0741342161896676 
0.07499265858906401 
0.0758610413829363 
0.0767394796767852 
0.0776280899089839 
0.078526989866212 
0.0794362986990681 
0.0803561369378637 
0.0812866265085996 
0.0822278907491273 
0.0831800544254977 
0.0841432437484988 
0.0851175863903858 
0.0861032115018033 
0.0871002497289054 
0.0881088332306721 
0.0891290956964281 
0.0901611723635628 
0.0912052000354566 
0.0922613170996143 
0.0933296635460088 
0.0944103809856363 
0.0955036126692882 
0.096609503506538 
0.0977282000849501 
0.0988598506895101 
0.1000046053222798 
0.1011626157222807 
0.1023340353856069 0.017781640896077304
0.1035190195857715 0.01766065348005776
0.104717725394288 0.017540488826767266
0.1059303117014909 0.017421142777536088
0.1071569392375962 0.017302608444318066
0.1083977705940073 0.017184880244913124
0.1096529702448659 0.017067952564448083
0.1109227045688536 0.016951806170858185
0.1122071418712459 0.016836447896191993
0.1135064524062212 0.016721871958438037
0.1148208083994278 0.016608072188832805
0.1161503840708137 0.01649496539746851
0.1174953556577185 0.01638261545822929
0.118855901438235 0.016271014713454438
0.1202322017548395 0.016160154188016976
0.1216244390382968 0.016049863100582384
0.1230327978318416 0.015927953259553488
0.1244574648156404 0.01577613270839248
0.1258986288315355 0.015625697587561185
0.1273564809080767 0.015476428945203265
0.1288312142858426 0.01532849277172103
0.1303230244430546 0.015181859471492674
0.1318321091214878 0.015036523524843273
0.1333586683526828 0.014899584562054568
0.134902904484459 0.014764874253517
0.1364650222077367 0.014632617389985843
0.1380452285836696 0.014503040135054364
0.1396437330710902 0.014352460160671066
0.1412607475542745 0.01419915955069453
0.1428964863710279 0.014040655416482748
0.1445511663410949 0.013871961388262827
0.1462250067949001 0.013697065014208323
0.1479182296026198 0.013509436916511321
0.1496310592035921 0.013300227484095362
0.151363722636066 0.013051705296391025
0.1531164495672963 0.012895888371436846
0.1548894723239857 0.01273250441210049
0.1566830259230805 0.012556949980577943
0.1584973481029223 0.012361055043547346
0.1603326793547607 0.012222292200553148
0.1621892629546308 0.012079725914748988
0.1640673449955994 0.011899455441178463
0.165967174420386 0.01168807387161186
0.1678890030543595 0.011509506309693305
0.1698330856389184 0.011330550488257428
0.1717996798652575 0.011150168578404743
0.1737890464085248 0.010966854112561954
0.1758014489623745 0.01080283645453291
0.1778371542739208 0.01063936180530476
0.1798964321790943 0.010475869415545251
0.18197955563841 0.010311600121386412
0.1840868007731486 0.010159625327178897
0.1862184469019565 0.010008659394311961
0.1883747765778701 0.009858372768279566
0.1905560756257693 0.009708344252928052
0.1927626331802626 0.009566731141688429
0.1949947417240136 0.009406294777670394
0.1972526971265094 0.009228448608949008
0.1995367986832787 0.009052693878169316
0.2018473491555641 0.00888427851038616
0.2041846548104536 0.008718429873584873
0.2065490254614762 0.008554986434718838
0.2089407745096688 0.008393766155956568
0.2113602189851177 0.008238277168360978
0.2138076795889816 0.008085268082188535
0.2162834807360006 0.00793461883142505
0.2187879505974989 0.007786198871503802
0.2213214211448832 0.007642425499262879
0.2238842281936468 0.0075010156641204225
0.2264767114478821 0.007361875503616427
0.2290992145453091 0.0072249057401289184
0.2317520851028251 0.007091816205637306
0.2344356747625823 0.006960960452194183
0.2371503392385974 0.006832262027319756
0.2398964383639029 0.006705570805304393
0.2426743361382436 0.006551505832592878
0.2454844007763247 0.006381523064215954
0.2483270047566198 0.006213362525429483
0.2512025248707437 0.006046594679467145
0.2541113422733959 0.005894282050892601
0.2570538425328836 0.005744244562639648
0.26003041568223 0.005596195922869308
0.2630414562708727 0.005449840217960781
0.2660873634169626 0.0053152990258788
0.2691685408602679 0.005183060125770048
0.2722853970156895 0.0050529262622627195
0.2754383450273977 0.0049246967968891164
0.2786278028235949 0.004804519774009295
0.2818541931719126 0.004686546342807318
0.2851179437354498 0.004560729731452683
0.2884194871294616 0.004413584580409142
0.2917592609787008 0.004274497117711848
0.2951377079754277 0.004139270780709499
0.2985552759380886 0.004009519578103506
0.3020124178706754 0.003941387934741374
0.3055095920227714 0.0038768357387637654
0.3090472619502941 0.0038129466984406263
0.3126258965769387 0.0037496555471890035
0.316245970256336 0.003686896643999535
0.3199079628349281 0.003627046882216909
0.3236123597155727 0.003567864716176296
0.3273596519218845 0.003509298476787509
0.3311503361633204 0.0034512968261283133
0.3349849149010207 0.0033956950690223657
0.3388638964144088 0.00334075388673541
0.3427877948685662 0.003286431770468138
0.3467571303823852 0.0032326879028322744
0.3507724290975116 0.0031809477909564344
0.3548342232480853 0.0031298537384876605
0.35894305123128994 0.003078713468865197
0.3630994576787167 0.0030266692737322943
0.3673039935285569 0.002976384964808342
0.3715572160986296 0.0029267958339447035
0.3758596891602551 0.0028778727948614836
0.3802119830129831 0.0028295877346936303
0.3846146745601883 0.002782801928014882
0.3890683473855381 0.0027366823906250955
0.3935735918303479 0.0026912048696121154
0.3981310050718332 0.002646346049998089
0.4027411912022642 0.002602774456414833
0.4074047613090403 0.0025598390040565944
0.4121223335556921 0.0025175193062381214
0.4168945332638171 0.002475829946127295
0.4217219929959687 0.0024352873118672377
0.4266053526395035 0.002395348065646072
0.4315452594913986 0.002355995004097253
0.4365423683440521 0.0023172117136393286
0.4415973415720782 0.0022793940072637644
0.4467108492201034 0.0022421495918769634
0.4518835690915838 0.002205463831358742
0.4571161868386487 0.0021693227963153748
0.4624093960529846 0.0021340257160912222
0.4677638983577714 0.002099272395136676
0.4731804035006859 0.0020649254927594374
0.4786596294479768 0.002030852353277433
0.4842023024796342 0.001997530213804037
0.4898091572856586 0.001964734832027112
0.4954809370634456 0.0019324551844626613
0.5012183936162968 0.0019006806798102292
0.507022287453075 0.001869546915867223
0.5128933878890077 0.0018389095151592181
0.5188324731476628 0.0018087587255329086
0.5248403304641029 0.0017793576807804412
0.5309177561892355 0.0017514411029326815
0.5370655558953682 0.0017239545777963051
0.5432845444829922 0.001696890400086564
0.5495755462887949 0.0016702438762068266
0.5559393951949295 0.0016445856881144305
0.5623769347395461 0.0016193692382159622
0.5688890182286045 0.0015945938652864036
0.5754765088489809 0.0015702620932554604
0.5821402797828868 0.0015467010774628902
0.5888812143236067 0.0015236005403786732
0.5957002059925831 0.0015031885710155742
0.6025981586578532 0.0014835065883829635
0.6095759866538577 0.0014639723398992125
0.6166346149026375 0.0014448277899492244
0.6237749790364352 0.0014260874354519823
0.6309980255217116 0.0014077677402434508
0.6383047117846029 0.0013893641773756373
0.6456960063378296 0.0013713435876481054
0.6531728889090733 0.0013537224680089776
0.6607363505708417 0.0013365188652668938
0.6683873938718361 0.001319057768281854
0.6761270329698431 0.0013019618757887375
0.6839562937661597 0.001285247249132957
0.6918762140415796 0.0012685911886872378
0.6998878435939528 0.0012510147397688327
0.707992244377338 0.0012338059901778591
0.7161904906427649 0.0012169784784943195
0.7244836690806312 0.001200546558257363
0.7328728789647412 0.0011838340917750111
0.7413592322980181 0.0011674624870673636
0.7499438539599019 0.0011514431292810592
0.7586278818554538 0.0011357873496214944
0.7674124670661859 0.001119782345405118
0.7762987740026427 0.001104084365247325
0.7852879805587405 0.0010887013399054927
0.7943812782679024 0.0010742132457648228
0.8035798724609972 0.0010627234638692152
0.8128849824261071 0.0010513757014755
0.8222978415701467 0.001040171722839325
0.8318196975823556 0.0010291120683131728
0.8414518125996765 0.0010178222352323595
0.8511954633740569 0.0010066398383484817
0.8610519414416841 0.0009955607852690528
0.8710225532941792 0.0009845691015850687
0.8811086205517757 0.0009716999573899509
0.8913114801385041 0.0009632745411249582
0.9016324844593986 0.0009577910620235467
0.912073001579764 0.0009519101963136944
0.9226344154065141 0.0009477486864351435
0.9333181258716106 0.0009434063965135865
0.9441255491176258 0.0009388444068937935
0.9550581176854576 0.0009360900125665328
0.9661172807042095 0.000949732165696173
0.9773045040832794 0.0009635128488382164
0.9886212707066664 0.0009774301592634673
1.0000690806295298 0.0009940038499770142
1.0116494512770229 0.0010318929043091544
1.023363917645433 0.0010712197258869916
1.035214032505644 0.001112037254069434
1.0472013666089601 0.0011486186014014281
1.059327508895311 0.0011437297998347475
1.0715940667038697 0.0011388555604731735
1.0840026659861044 0.0011339946067166148
1.0965549515213082 0.0011291455270432647
1.109252587134608 0.0011243440110818485
1.1220972559175126 0.0011220171295883107
1.1350906604510085 0.0011203271559680115
1.148234523031238 0.001118631750490571
1.1615305858977938 0.0011169630962286224
1.1749806114646577 0.0011152918874728361
1.1885863825538054 0.001113617118565993
1.202349702631527 0.0011172831916745913
1.2162723960474782 0.0011229029101974069
1.2303563082765006 0.0011285462580903553
1.2446033061632404 0.0011342123604102647
1.259015278169608 0.0011399002096843306
1.2735941346250879 0.001145637031820123
1.2883418079799611 0.001151398426651128
1.3032602530614537 0.0011594165002407314
1.3183514473328517 0.0011699196647009986
1.3336173911556148 0.0011805371198213932
1.3490601080545357 0.001191246888682867
1.3646816449859498 0.0012020489076995352
1.3804840726090706 0.0012129429919604162
1.3964694855604556 0.0012239538429313546
1.4126400027316546 0.0012550598394261822
1.4289977675500734 0.0012884560384226757
1.4455449482630818 0.0013227350512683956
1.4622837382254323 0.0013579442349809243
1.4792163561899772 0.0013940867194619088
1.4963450466017758 0.0014538856116853602
1.5136720798955983 0.0015530893700479277
1.5311997527968741 0.0016590823513653989
1.548930388626126 0.001770517404239919
1.5668663376069365 0.0018796138395755972
1.5850099771774626 0.0019954253419939595
1.6033637123055766 0.00222995749130101
1.6219299758076462 0.002669288908711668
1.6407112286710084 
1.6597099603801753 
1.6789286892468265 
1.6983699627436035 
1.718036357841791 
1.7379304813528933 
1.7580549702741737 
1.7784124921381894 
1.799005745366386 
1.8198374596267644 
1.8409103961957118 
1.8622273483240104 
1.883791141607087 
1.9056046343595487 
1.927670717994066 
1.9499923174046183 
1.9725723913542064 
1.9954139328670344 
2.0185199696252427 
2.0418935643702296 
2.06553781530863 
2.0894558565229744 
2.113650858387127 
2.1381260279865195 
2.162884609543257 
2.1879298848461413 
2.213265173685686 
2.2388938342941467 
2.2648192637906717 
2.2910448986315872 
2.3175742150659113 
2.3444107295961283 
2.3715579994443217 
2.399019623023672 
2.426799240415439 
2.4549005338514656 
2.483327228202255 
2.51208309147071 
2.5411719352916005 
2.5705976154367782 
2.6003640323262815 
2.6304751315453423 
2.6609349043673705 
2.6917473882830096 
2.7229166675353174 
2.754446873661127 
2.7863421860386954 
2.8186068324416858 
2.8512450895995687 
2.884261283764501 
2.9176597912847835 
2.9514450391849567 
2.9856215057526 
3.0201937211319416 
3.0551662679243337 
3.0905437817956893 
3.1263309520909344 
3.1625325224556087 
3.1991532914646217 
3.2361981132583217 
3.27367189818592 
3.3115796134563618 
3.349926283796741 
3.3887169921183387 
3.427956880190359 
3.4676511493214885 
3.5078050610493405 
3.5484239378378666 
3.5895131637828706 
3.63107818532568 
3.673124511975067 
3.7156577170375513 
3.7586834383561527 
3.80220737905769 
3.8462353083087413 
3.890773062080366 
3.935826543921653 
3.9814017257422596 
4.027504648603992 
4.074141423521561 
4.121318232272596 
4.169041328217077 
4.217317037126188 
4.266151758020838 
4.315551964019847 
4.365524203197976 
4.416075099453873 
4.4672113533881035 
4.518939743191297 
4.57126712554263 
4.624200436518672 
4.677746692512788 
4.73191299116516 
4.786706512303611 
4.84213451889527 
4.898204358009316 
4.954923461790838 
5.012299348445971 
5.070339623238441 
5.129051979497685 
5.1884441996385755 
5.248524156193008 
5.309299812853426 
5.370779225528408 
5.432970543410491 
5.49588201005638 
5.559521964479612 
5.623898842255925 
5.689021176641406 
5.754897599703576 
5.821536843465607 
5.888947741063732 
5.95713922791813 
6.0261203429173 
6.095900229616183 
6.16648813744817 
6.23789342295112 
6.310125551007572 
6.38319409609937 
6.457108743576715 
6.531879290942025 
6.607515649148582 
6.684027843914257 
6.7614260170504235 
6.839720427806292 
6.91892145422876 
6.999039594538058 
7.0800854685192975 
7.1620698189301475 
7.24500351292479 
7.328897543494409 
7.413763030924286 
7.499611224267835 
7.5864535028376885 
7.674301377714029 
7.763166493270396 
7.853060628717206 
7.943995699663044 
8.035983759694144 
8.129037001972087 
8.223167760850036 
8.318388513507657 
8.414711881605022 
8.512150632955596 
8.610717683218638 
8.710426097611203 
8.811289092639951 
8.913320037853007 
9.016532457612149 
9.120940032885427 
9.226556603060649 
9.333396167779783 
9.44147288879465 
9.550801091844054 
9.661395268552745 
9.77327007835224 
9.886440350423985 
10.000921085664961 
10.116727458676158 
10.233874819773844 
10.352378697024447 
10.47225479830266 
10.593519013373673 
10.716187415999348 
10.840276266068738 
10.965802011753523 
11.092781291688055 
11.221230937175028 
11.351167974416294 
11.482609626769895 
11.615573317032958 
11.750076669751046 
11.886137513554507 
12.02377388352145 
12.163004023568575 
12.303846388869186 
12.446319648299653 
12.590442686913926 
12.736234608446686 
12.883714737845766 
13.032902623833506 
13.18381804149812 
13.336480994914872 
13.490911719797538 
13.647130686180885 
13.805158601133785 
13.96501641150419 
14.126725306695446 
14.290306721475186 
14.45578233881644 
14.62317409277167 
14.792504171380385 
14.963795019609925 
15.137069342330824 
15.312350107326253 
15.489660548336381 
15.669024168138225 
15.85046474166075 
16.034006319136513 
16.21967322928932 
16.407490082559246 
16.597481774364706 
16.789673488402258 
16.98409069998501 
17.180759179419105 
17.379704995419885 
17.58095451856721 
17.784534424800853 
17.990471698956636 
18.198793638343066 
18.409527856359905 
18.622702286158084 
18.83834518434255 
19.05648513471759 
19.27715105207557 
19.500372186029896 
19.72617812489177 
19.954598799592482 
20.185664487650627 
20.41940581718536 
20.655853770976485 
20.895039690570904 
21.13699528043736 
21.38175261216858 
21.629344128732654 
21.879802648773364 
22.13316137096013 
22.38945387838891 
22.648714143033303 
22.910976530247932 
23.17627580332347 
23.44464712809441 
23.71612607760073 
23.990748636802746 
24.26855120735135 
24.54957061241273 
24.833844101549676 
25.12140935565894 
25.412304491965717 
25.706568069076532 
26.004239092089783 
26.305357017766386 
26.60996175975941 
26.918093693905053 
27.229793663574338 
27.54510298508685 
27.864063453187647 
28.186717346586747 
28.513107433563647 
28.843276977636204 
29.17726974329502 
29.515130001804966 
29.856902537072912 
30.20263265158439 
30.552366172408014 
30.906149457270388 
31.264029400700675 
31.62605344024633 
31.99226956276159 
32.3627263107675 
32.737472788886926 
33.116558670353186 
33.500034203594076 
33.88795021889291 
34.28035813512559 
34.67730996657681 
35.078858329834034 
35.48505645076251 
35.89595817156007 
36.31161795789392 
36.73209090612061 
37.1574327505885 
37.58769987102605 
38.02294930001478 
38.463238730548746 
38.908626523682436 
39.35917171626602 
39.81493402877132 
40.27597387320727 
40.74235236112821 
41.21413131173401 
41.691373260064104 
42.17414146528717 
42.66249991908556 
43.156513354138106 
43.65624725270029 
44.16176785528369 
44.67314216943695 
45.190437978627024 
45.71372385122465 
46.24306914959252 
46.77854403927996 
47.320219498323276 
47.868167326653655 
48.42246015561504 
48.98317145759079 
49.550375555743315 
50.124147633864915 
50.70456374634429 
51.29170082824725 
51.885636705514365 
52.486450105277605 
53.0942206662949 
53.709028949507115 
54.33095644871628 
54.960085601387284 
55.59649979957594 
56.24028340098182 
56.89152174013091 
57.550301139685885 
58.21670892188915 
58.89083342013724 
59.572763990689076 
60.262591024511224 
60.96040595925836 
61.666301291394284 
62.380370588452145 
63.10270850143662 
63.833410777370865 
64.57257427198695 
65.32029696256528 
66.07667796092056 
66.84181752654017 
67.61581707987332 
68.39877921577408 
69.19080771710145 
69.99200756847478 
70.80248497019072 
71.62234735229974 
72.45170338884573 
73.29066301227199 
74.13933742799169 
74.99783912912956 
75.86628191143181 
76.744780888351 
77.63345250630408 
78.53241456010701 
79.44178620858982 
80.36168799038998 
81.29224183993115 
82.2335711035852 
83.18580055602165 
84.1490564167477 
85.12346636683766 
86.10915956585849 
87.10626666898884 
88.11491984433876 
89.13525279046827 
90.16740075410877 
91.21150054809151 
92.26769056948082 
93.33611081792021 
94.416902914189 
95.51021011897369 
96.61617735185881 
97.7349512105348 
98.86667999023106 
