0.01000509370903696 0.0002397325293014764
0.03573738644412281 0.00022508715303788703
0.03977100129325914 0.00022273475994967885
0.04303743958337983 0.00022746439071363398
0.04669088762301705 0.00022746439071363398
0.04950688545007884 0.00022986673537079064
0.05258665316011038 0.00023640734047302635
0.05389408115403044 0.00024869369017883035
0.05476129041025962 0.00026161857500283867
0.054895940182744254 0.00029694642350932925
0.05482857396186315 0.0003302829069313242
0.054292611782790316 0.0003655053319675889
0.05356420787725503 0.00039237294101019635
0.05213658632929539 0.00044535729740730604
0.0505604192258963 0.0005210991700869141
0.048552603664793366 0.0006097224557587698
0.04566134212226198 0.0007619894366591339
0.04247029988737202 0.0009668672596426056
0.03840224472433918 0.0012905908060832632
0.03233685850251925 0.002099061367605351
0.021856592376304423 0.006431456253933951
0.02060559479253875 0.0075634773302260235
0.01820221227740547 0.010302550356210038
0.015177462692240228 0.01568831723425708
0.010500647122559435 0.03731139619693661
0.009985083609863478 0.04150013410484276