0.009987423563694621 0.00002871944622935751
0.012761449242796478 0.000020403527099799163
0.018431886641884807 0.000014980310840015334
0.025246585438454604 0.000011184963863864348
0.03333864657605973 0.000008706901168991364
0.04039778547871677 0.000007680795710072421
0.04693496294422641 0.000006947767122800055
0.05334612460024046 0.000006662020913786224
0.05997123717697899 0.000006659586766379801
0.0666832685268544 0.000007115550845546534
0.07227189970041825 0.000008262963484588324
0.0749647353491567 0.000009438356736219525
0.07804288363301437 0.000011912683310813035
0.078328906211366 0.00001580706389280044
0.07648832667429685 0.000020121685013953743
0.07227189970041825 0.00002604644102716611
0.06754256019286983 0.00003399855405817801
0.05899206713159062 0.00005155854809333131
0.050221355611362574 0.00007626692303522741
0.042442967386534775 0.00012466349677078497
0.03560783263942467 0.0001922473499475964
0.02623521136613222 0.0003838527504178649
0.020683095961385494 0.0006380992572904585
0.014935385146022103 0.0012635914476767241
0.009969172056455382 0.002502832292982342
