0.01 0.015
0.03974848163591801 0.0007213663829840396
0.04861279588440803 0.0004807486815717546
0.05710769669708567 0.0003529082983045106
0.06443957654531511 0.00026923696118697166
0.0722957404040077 0.00020941599941652053
0.08157756602188494 0.00016289215797874587
0.09473681610772149 0.0001219077105074265
0.110018780455162 0.00008776617196540269
0.1248598651953758 0.00006695994765648765
0.1458373972445498 0.00005011425091736715
0.16839102668135433 0.00003678405417409002
0.1922086735498262 0.000028614106576061142
0.21813683963343083 0.000021000668646902666
0.2504269447959106 0.000016023277364534473
0.28584795656268397 0.000011534583402637476
0.33195799551536104 0.000008144799290380486
0.3767377751243783 0.0000062139583160977155
0.4202436879237336 0.000004649361960495571
0.4714777811612711 0.000003546917019851064
0.5229079682314828 0.000002602815611002064
0.5900424985399108 0.000002024574306061586
0.6657962227286248 0.000001429343124237219
0.7257906196152081 0.0000011333224372372078
0.8003452616550888 8.814207034975442e-7
0.8674598853176361 6.593751453769822e-7
0.9510808254947142 5.029556432164112e-7
1.019045194302375 3.7622593650976825e-7
1.0731871393856398 2.813988772355739e-7
1.1044993576334545 1.9855594998850904e-7
1.036782003374791 1.484067813150349e-7
0.9456260431694338 1.3725920589152473e-7
0.8380335215922721 1.3194366328110456e-7
0.7341881221490865 1.3183791660174013e-7
0.6581809735864235 1.3432912663644856e-7
0.5832937059251773 1.3423082630361934e-7
0.5139622894245812 1.4215813656294274e-7
0.46608510898022326 1.448544563663359e-7
0.4251059682271866 1.5344125974132844e-7
0.4036595092251707 1.5945601912101667e-7