5.5354e-01 1.2331e-09
5.5395e-01 1.2595e-09
5.5590e-01 1.4132e-09
5.5712e-01 1.5857e-09
5.5790e-01 1.7792e-09
5.5839e-01 1.9963e-09
5.5870e-01 2.2399e-09
5.5884e-01 2.4001e-09
5.5987e-01 2.5133e-09
5.6197e-01 2.8200e-09
5.6331e-01 3.1641e-09
5.6420e-01 3.5502e-09
5.6420e-01 3.5502e-09
5.6714e-01 3.9835e-09
5.6901e-01 4.4696e-09
5.6960e-01 4.6768e-09
5.7173e-01 5.0150e-09
5.7439e-01 5.6270e-09
5.7506e-01 5.8287e-09
5.7784e-01 6.3136e-09
5.8057e-01 7.0064e-09
5.8102e-01 7.0841e-09
5.8532e-01 7.9486e-09
5.8613e-01 8.1534e-09
5.9004e-01 8.9186e-09
5.9174e-01 9.3218e-09
5.9518e-01 1.0007e-08
5.9741e-01 1.0516e-08
6.0085e-01 1.1228e-08
6.0314e-01 1.1759e-08
6.0703e-01 1.2598e-08
6.0891e-01 1.3038e-08
6.1365e-01 1.4136e-08
6.1475e-01 1.4403e-08
6.2055e-01 1.5861e-08
6.2064e-01 1.5885e-08
6.2658e-01 1.7354e-08
6.2828e-01 1.7796e-08
6.3258e-01 1.8925e-08
6.3611e-01 1.9968e-08
6.3864e-01 2.0716e-08
6.4386e-01 2.2404e-08
6.4476e-01 2.2702e-08
6.5094e-01 2.4850e-08
6.5173e-01 2.5139e-08
6.5717e-01 2.7225e-08
6.5950e-01 2.8206e-08
6.6347e-01 2.9985e-08
6.6700e-01 3.1648e-08
6.6982e-01 3.3105e-08
6.7451e-01 3.5510e-08
6.7624e-01 3.6460e-08
6.8272e-01 3.9553e-08
6.8371e-01 3.9844e-08
6.8926e-01 4.1316e-08
6.9586e-01 4.1267e-08
7.0210e-01 3.9844e-08
7.0253e-01 3.9735e-08
7.0926e-01 3.7201e-08
7.1393e-01 3.5510e-08
7.1605e-01 3.4723e-08
7.2291e-01 3.2351e-08
7.2526e-01 3.1648e-08
7.2984e-01 3.0239e-08
7.3683e-01 2.8493e-08
7.3812e-01 2.8206e-08
7.4389e-01 2.6806e-08
7.5101e-01 2.5418e-08
7.5258e-01 2.5139e-08
7.5821e-01 2.4059e-08
7.6547e-01 2.2917e-08
7.6921e-01 2.2404e-08
7.7280e-01 2.1841e-08
7.8020e-01 2.0820e-08
7.8768e-01 1.9972e-08
7.8771e-01 1.9968e-08
7.9522e-01 1.8990e-08
8.0284e-01 1.8148e-08
8.0640e-01 1.7796e-08
8.1053e-01 1.7326e-08
8.1830e-01 1.6516e-08
8.2556e-01 1.5861e-08
8.2614e-01 1.5801e-08
8.3405e-01 1.4963e-08
8.4204e-01 1.4307e-08
8.4398e-01 1.4136e-08
8.5011e-01 1.3528e-08
8.5825e-01 1.2912e-08
8.6267e-01 1.2598e-08
8.6647e-01 1.2288e-08
8.7477e-01 1.1743e-08
8.8315e-01 1.1443e-08
8.9161e-01 1.1774e-08
8.9456e-01 1.2598e-08
8.9691e-01 1.4136e-08
8.9774e-01 1.5861e-08
8.9762e-01 1.7796e-08
8.9728e-01 1.9968e-08
8.9676e-01 2.2404e-08
8.9575e-01 2.5139e-08
8.9441e-01 2.8206e-08
8.9249e-01 3.1648e-08
8.9161e-01 3.2853e-08
8.9102e-01 3.5510e-08
8.9013e-01 3.9844e-08
8.8904e-01 4.4706e-08
8.8728e-01 5.0161e-08
8.8440e-01 5.6283e-08
8.8315e-01 5.8747e-08
8.8264e-01 6.3151e-08
8.8166e-01 7.0857e-08
8.8001e-01 7.9504e-08
8.7724e-01 8.9206e-08
8.7477e-01 9.6048e-08
8.7446e-01 1.0009e-07
8.7342e-01 1.1231e-07
8.7156e-01 1.2601e-07
8.6809e-01 1.4139e-07
8.6647e-01 1.4774e-07
8.6567e-01 1.5864e-07
8.6366e-01 1.7800e-07
8.5986e-01 1.9972e-07
8.5825e-01 2.0731e-07
8.5754e-01 2.2410e-07
8.5595e-01 2.5144e-07
8.5218e-01 2.8213e-07
8.5011e-01 2.9589e-07
8.4424e-01 3.1656e-07
8.4204e-01 3.2591e-07
8.3924e-01 3.5519e-07
8.3405e-01 3.9139e-07
8.2614e-01 3.9786e-07
8.2554e-01 3.9853e-07
8.1830e-01 4.1454e-07
8.1053e-01 4.3009e-07
8.0284e-01 4.3785e-07
7.9522e-01 4.3107e-07
7.8768e-01 4.3243e-07
7.8020e-01 4.3302e-07
7.7280e-01 4.3362e-07
7.6547e-01 4.2446e-07
7.5821e-01 4.1885e-07
7.5101e-01 4.1360e-07
7.4389e-01 4.0945e-07
7.3683e-01 4.0698e-07
7.2984e-01 4.0395e-07
7.2291e-01 4.0597e-07
7.1605e-01 4.1765e-07
7.0926e-01 4.3877e-07
7.0739e-01 4.4716e-07
7.0253e-01 4.7495e-07
6.9648e-01 5.0173e-07
6.9586e-01 5.0534e-07
6.8926e-01 5.3451e-07
6.8272e-01 5.5312e-07
6.7784e-01 5.6296e-07
6.7624e-01 5.6893e-07
6.6982e-01 5.9102e-07
6.6347e-01 6.0568e-07
6.5717e-01 6.1655e-07
6.5094e-01 6.0017e-07
6.4476e-01 5.8158e-07
6.3890e-01 5.6296e-07
6.3864e-01 5.6262e-07
6.3543e-01 5.6296e-07
6.3258e-01 5.6383e-07
6.3248e-01 5.6296e-07
6.2658e-01 5.3146e-07
6.2207e-01 5.0173e-07
6.2064e-01 4.9685e-07
6.1475e-01 4.8877e-07
6.0891e-01 4.4859e-07
6.0873e-01 4.4716e-07
6.0314e-01 4.1488e-07
5.9990e-01 3.9853e-07
5.9741e-01 3.9156e-07
5.9328e-01 3.5519e-07
5.9174e-01 3.3986e-07
5.8878e-01 3.1656e-07
5.8613e-01 2.9284e-07
5.8468e-01 2.8213e-07
5.8101e-01 2.5144e-07
5.8057e-01 2.4698e-07
5.7610e-01 2.2410e-07
5.7506e-01 2.1941e-07
5.7142e-01 1.9972e-07
5.6960e-01 1.8776e-07
5.6777e-01 1.7800e-07
5.6519e-01 1.5864e-07
5.6420e-01 1.4245e-07
5.6395e-01 1.4139e-07
5.6056e-01 1.2601e-07
5.5951e-01 1.1231e-07
5.5913e-01 1.0009e-07
5.5895e-01 8.9206e-08
5.5884e-01 8.2555e-08
5.5848e-01 8.9206e-08
5.5663e-01 1.0009e-07
5.5354e-01 1.0847e-07
5.5059e-01 1.0009e-07
5.4884e-01 8.9206e-08
5.4847e-01 7.9504e-08
5.4836e-01 7.0857e-08
5.4832e-01 6.3151e-08
5.4831e-01 5.6283e-08
5.4830e-01 5.0161e-08
5.4830e-01 4.4706e-08
5.4829e-01 3.9844e-08
5.4829e-01 3.5510e-08
5.4829e-01 3.1648e-08
5.4829e-01 2.8206e-08
5.4829e-01 2.5139e-08
5.4829e-01 2.2404e-08
5.4829e-01 1.9968e-08
5.4829e-01 1.7796e-08
5.4829e-01 1.5861e-08
5.4829e-01 1.4136e-08
5.4829e-01 1.2598e-08
5.4829e-01 1.1228e-08
5.4829e-01 1.0007e-08
5.4829e-01 8.9186e-09
5.4830e-01 7.9486e-09
5.4830e-01 7.0841e-09
5.4830e-01 6.3136e-09
5.4831e-01 5.6270e-09
5.4831e-01 5.0150e-09
5.4833e-01 4.4696e-09
5.4835e-01 3.9835e-09
5.4838e-01 3.5502e-09
5.4842e-01 3.1641e-09
5.4850e-01 2.8200e-09
5.4861e-01 2.5133e-09
5.4879e-01 2.2399e-09
5.4908e-01 1.9963e-09
5.4953e-01 1.7792e-09
5.5025e-01 1.5857e-09
5.5137e-01 1.4132e-09
5.5317e-01 1.2595e-09
5.5354e-01 1.2331e-09